0.0001085444069779 -0.0000000000090761 0.0000568067107528 0.0000000000000021 0.9999999999771034 0.9999999999801438
0.0001519964823368 -0.0000000000177991 0.0000568067107471 0.0000000000000058 0.9999999999549141 0.9999999999610603
0.0002058482755822 -0.0000000000326473 0.0000568067107376 0.0000000000000145 0.9999999999171435 0.9999999999285762
0.0002711388984161 -0.0000000000566434 0.0000568067107221 0.0000000000000332 0.9999999998561034 0.9999999998760791
0.0003488431176223 -0.0000000000937634 0.0000568067106981 0.0000000000000707 0.9999999997616797 0.9999999997948703
0.0004399269871672 -0.0000000001491210 0.0000568067106624 0.0000000000001418 0.9999999996208645 0.9999999996737624
0.0005453001444667 -0.0000000002291140 0.0000568067106108 0.0000000000002701 0.9999999994173835 0.9999999994987586
0.0006658422524750 -0.0000000003416056 0.0000568067105383 0.0000000000004917 0.9999999991312347 0.9999999992526565
0.0008024148847320 -0.0000000004961139 0.0000568067104386 0.0000000000008606 0.9999999987382068 0.9999999989146328
0.0009558185610347 -0.0000000007039393 0.0000568067103046 0.0000000000014546 0.9999999982095547 0.9999999984599653
0.0011268655599453 -0.0000000009784284 0.0000568067101275 0.0000000000023837 0.9999999975113278 0.9999999978594550
0.0013163207506040 -0.0000000013350844 0.0000568067098975 0.0000000000037994 0.9999999966040908 0.9999999970791853
0.0015249294827959 -0.0000000017917816 0.0000568067096029 0.0000000000059071 0.9999999954423757 0.9999999960800514
0.0017534335930742 -0.0000000023689964 0.0000568067092306 0.0000000000089804 0.9999999939740961 0.9999999948172567
0.0020025263529746 -0.0000000030898856 0.0000568067087656 0.0000000000133771 0.9999999921403478 0.9999999932401401
0.0022729093400440 -0.0000000039806159 0.0000568067081911 0.0000000000195602 0.9999999898745696 0.9999999912914558
0.0025652529499923 -0.0000000050704503 0.0000568067074881 0.0000000000281202 0.9999999871023239 0.9999999889071838
0.0028802118784321 -0.0000000063919752 0.0000568067066357 0.0000000000398016 0.9999999837407200 0.9999999860160336
0.0032184390974306 -0.0000000079813591 0.0000568067056105 0.0000000000555346 0.9999999796977548 0.9999999825388782
0.0035805566089116 -0.0000000098784178 0.0000568067043869 0.0000000000764679 0.9999999748721479 0.9999999783886110
0.0039671745731107 -0.0000000121268766 0.0000568067029366 0.0000000001040091 0.9999999691526734 0.9999999734695725
0.0043788995860850 -0.0000000147746204 0.0000568067012288 0.0000000001398693 0.9999999624175255 0.9999999676770029
0.0048163113808100 -0.0000000178737423 0.0000568066992298 0.0000000001861106 0.9999999545341933 0.9999999608969364
0.0052800004173560 -0.0000000214809907 0.0000568066969031 0.0000000002452050 0.9999999453583238 0.9999999530052224
0.0057705290402238 -0.0000000256576968 0.0000568066942091 0.0000000003200916 0.9999999347339078 0.9999999438676842
0.0062884657003420 -0.0000000304702353 0.0000568066911049 0.0000000004142490 0.9999999224921050 0.9999999333391112
0.0068343454181238 -0.0000000359898696 0.0000568066875447 0.0000000005317630 0.9999999084516412 0.9999999212635982
0.0074087281677498 -0.0000000422935119 0.0000568066834787 0.0000000006774205 0.9999998924168720 0.9999999074728809
0.0080121341528020 -0.0000000494632736 0.0000568066788541 0.0000000008567853 0.9999998741789288 0.9999998917873214
0.0086450775915496 -0.0000000575869695 0.0000568066736142 0.0000000010763017 0.9999998535144344 0.9999998740148042
0.0093080822214158 -0.0000000667585440 0.0000568066676984 0.0000000013434082 0.9999998301844193 0.9999998539498031
0.0100016530338574 -0.0000000770779229 0.0000568066610423 0.0000000016666434 0.9999998039346997 0.9999998313737067
0.0107262926332034 -0.0000000886514237 0.0000568066535772 0.0000000020557782 0.9999997744948325 0.9999998060539205
0.0114824931695176 -0.0000001015918388 0.0000568066452305 0.0000000025219468 0.9999997415779047 0.9999997777436840
0.0122707570740388 -0.0000001160190066 0.0000568066359248 0.0000000030778071 0.9999997048790800 0.9999997461808223
0.0130915404979690 -0.0000001320589769 0.0000568066255788 0.0000000037376580 0.9999996640777223 0.9999997110895718
0.0139453214946351 -0.0000001498454213 0.0000568066141063 0.0000000045176532 0.9999996188338071 0.9999996721774934
0.0148325431094052 -0.0000001695187132 0.0000568066014167 0.0000000054359335 0.9999995687902634 0.9999996291374875
0.0157537154622259 -0.0000001912284016 0.0000568065874137 0.0000000065129277 0.9999995135666794 0.9999995816423800
0.0167092543858172 -0.0000002151297802 0.0000568065719970 0.0000000077713857 0.9999994527680308 0.9999995293524289
0.0176996313064853 -0.0000002413875247 0.0000568065550604 0.0000000092367650 0.9999993859754281 0.9999994719073669
0.0187252877562195 -0.0000002701738868 0.0000568065364928 0.0000000109373652 0.9999993127507102 0.9999994089303524
0.0197866660077607 -0.0000003016696391 0.0000568065161776 0.0000000129046153 0.9999992326340430 0.9999993400259030
0.0208841812546624 -0.0000003360634265 0.0000568064939931 0.0000000151732821 0.9999991451455652 0.9999992647813123
0.0220182807631597 -0.0000003735537828 0.0000568064698113 0.0000000177818671 0.9999990497802635 0.9999991827622410
0.0231893949410078 -0.0000004143479034 0.0000568064434986 0.0000000207728158 0.9999989460110907 0.9999990935154000
0.0243979420103380 -0.0000004586619176 0.0000568064149154 0.0000000241928300 0.9999988332882754 0.9999989965679548
0.0256443375138172 -0.0000005067213945 0.0000568063839164 0.0000000280932193 0.9999987110380333 0.9999988914264195
0.0269289972892845 -0.0000005587616823 0.0000568063503498 0.0000000325302627 0.9999985786617062 0.9999987775759139
0.0282523039966563 -0.0000006150266980 0.0000568063140581 0.0000000375654501 0.9999984355388397 0.9999986544828122
0.0296146879273957 -0.0000006757725129 0.0000568062748763 0.0000000432661674 0.9999982810180628 0.9999985215868973
0.0310165397426344 -0.0000007412639256 0.0000568062326334 0.0000000497057852 0.9999981144258043 0.9999983783088593
0.0324582549399414 -0.0000008117765067 0.0000568061871519 0.0000000569642464 0.9999979350610948 0.9999982240458225
0.0339402389974141 -0.0000008875971612 0.0000568061382466 0.0000000651285626 0.9999977421941324 0.9999980581701141
0.0354628966129391 -0.0000009690239020 0.0000568060857254 0.0000000742932519 0.9999975350668614 0.9999978800297600
0.0370265599805462 -0.0000010563620012 0.0000568060293912 0.0000000845603531 0.9999973129027625 0.9999976889569057
0.0386316556038953 -0.0000011499332783 0.0000568059690365 0.0000000960409822 0.9999970748832243 0.9999974842474942
0.0402785597446797 -0.0000012500685359 0.0000568059044481 0.0000001088549952 0.9999968201667870 0.9999972651778167
0.0419676343151020 -0.0000013571095007 0.0000568058354054 0.0000001231317241 0.9999965478842048 0.9999970310002655
0.0436992720726022 -0.0000014714119187 0.0000568057616789 0.0000001390109546 0.9999962571305721 0.9999967809365619
0.0454738025985602 -0.0000015933396244 0.0000568056830341 0.0000001566426975 0.9999959469804097 0.9999965141907317
0.0472916448541505 -0.0000017232750331 0.0000568055992242 0.0000001761892915 0.9999956164609772 0.9999962299261513
0.0491531326557810 -0.0000018616074211 0.0000568055099983 0.0000001978243577 0.9999952645820832 0.9999959272911868
0.0510586144423603 -0.0000020087398072 0.0000568054150962 0.0000002217344319 0.9999948903185824 0.9999956054041396
0.0530084831664585 -0.0000021650918388 0.0000568053142474 0.0000002481201809 0.9999944926030333 0.9999952633469319
0.0550030710722383 -0.0000023310917946 0.0000568052071756 0.0000002771958119 0.9999940703460425 0.9999949001826033
0.0570427379941587 -0.0000025071836620 0.0000568050935945 0.0000003091909832 0.9999936224182600 0.9999945149398263
0.0591278453146915 -0.0000026938254379 0.0000568049732086 0.0000003443513316 0.9999931476547054 0.9999941066166256
0.0612587231649315 -0.0000028914863074 0.0000568048457153 0.0000003829387344 0.9999926448619414 0.9999936741865481
0.0634357311060005 -0.0000031006523065 0.0000568047108012 0.0000004252332213 0.9999921128036712 0.9999932165862756
0.0656591988498477 -0.0000033218210617 0.0000568045681452 0.0000004715328231 0.9999915502141203 0.9999927327271340
0.0679294888149185 -0.0000035555080722 0.0000568044174149 0.0000005221557629 0.9999909557820564 0.9999922214813474
0.0702469147687147 -0.0000038022387242 0.0000568042582714 0.0000005774396976 0.9999903281711036 0.9999916816995108
0.0726118261925011 -0.0000040625571061 0.0000568040903638 0.0000006377445830 0.9999896659973176 0.9999911121913032
0.0750245650063175 -0.0000043370218985 0.0000568039133318 0.0000007034528223 0.9999889678396443 0.9999905117344805
0.0774854421366519 -0.0000046262036886 0.0000568037268072 0.0000007749696114 0.9999882322467490 0.9999898790807498
0.0799948101410400 -0.0000049306935771 0.0000568035304090 0.0000008527261093 0.9999874577151252 0.9999892129369408
0.0825529713494065 -0.0000052510925432 0.0000568033237494 0.0000009371779048 0.9999866427161458 0.9999885119882713
0.0851602570007707 -0.0000055880210859 0.0000568031064282 0.0000010288085841 0.9999857856715416 0.9999877748772557
0.0878170088105426 -0.0000059421175488 0.0000568028780338 0.0000011281305886 0.9999848849576611 0.9999870002073692
0.0905235347567556 -0.0000063140324220 0.0000568026381466 0.0000012356848427 0.9999839389199670 0.9999861865555140
0.0932801418789086 -0.0000067044326016 0.0000568023863364 0.0000013520431212 0.9999829458622010 0.9999853324627005
0.0960871721187248 -0.0000071140069131 0.0000568021221591 0.0000014778110647 0.9999819040323368 0.9999844364219641
0.0989449261766424 -0.0000075434555068 0.0000568018451630 0.0000016136263580 0.9999808116495528 0.9999834969015645
0.1018537187951369 -0.0000079934978774 0.0000568015548841 0.0000017601625041 0.9999796668838369 0.9999825123274415
0.1048138686405864 -0.0000084648717852 0.0000568012508466 0.0000019181299869 0.9999784678587300 0.9999814810855751
0.1078256452976424 -0.0000089583247877 0.0000568009325683 0.0000020882748244 0.9999772126728688 0.9999804015405123
0.1108894267967889 -0.0000094746402519 0.0000568005995440 0.0000022713890534 0.9999758993338190 0.9999792719784584
0.1140054623798269 -0.0000100145984946 0.0000568002512705 0.0000024682988215 0.9999745258569248 0.9999780906922927
0.1171740958736150 -0.0000105790142754 0.0000567998872223 0.0000026798791771 0.9999730901699386 0.9999768558995432
0.1203956037325478 -0.0000111687092970 0.0000567995068694 0.0000029070458164 0.9999715901829743 0.9999755658025491
0.1236702909723571 -0.0000117845290671 0.0000567991096665 0.0000031507629469 0.9999700237456165 0.9999742185515709
0.1269984624625076 -0.0000124273382378 0.0000567986950561 0.0000034120433868 0.9999683886587774 0.9999728122549870
0.1303804298406157 -0.0000130980222415 0.0000567982624671 0.0000036919510695 0.9999666826705379 0.9999713449757154
0.1338164532223373 -0.0000137974757006 0.0000567978113225 0.0000039915979589 0.9999649035056304 0.9999698147565684
0.1373068723532533 -0.0000145266290520 0.0000567973410223 0.0000043121572344 0.9999630487977181 0.9999682195620082
0.1408519408777395 -0.0000152864149649 0.0000567968509650 0.0000046548508267 0.9999611161748178 0.9999665573516128
0.1444519783459528 -0.0000160778000753 0.0000567963405272 0.0000050209652807 0.9999591031785806 0.9999648260106515
0.1481072405389094 -0.0000169017574591 0.0000567958090815 0.0000054118414066 0.9999570073343135 0.9999630234103063
0.1518180388818139 -0.0000177592930161 0.0000567952559790 0.0000058288885652 0.9999548260838690 0.9999611473499497
0.1555846776603508 -0.0000186514322499 0.0000567946805586 0.0000062735809087 0.9999525568192764 0.9999591955860677
0.1594074258941318 -0.0000195792134146 0.0000567940821506 0.0000067474560071 0.9999501969001755 0.9999571658472530
0.1632865726100314 -0.0000205437006307 0.0000567934600689 0.0000072521235719 0.9999477436204580 0.9999550558055111
0.1672223691341636 -0.0000215459698531 0.0000567928136196 0.0000077892604844 0.9999451942439621 0.9999528631069581
0.1712151348629847 -0.0000225871358690 0.0000567921420838 0.0000083606275733 0.9999425459358033 0.9999505853127569
0.1752651431523791 -0.0000236683238215 0.0000567914447361 0.0000089680570090 0.9999397958348107 0.9999482199614163
0.1793726364384360 -0.0000247906722125 0.0000567907208423 0.0000096134558287 0.9999369410458927 0.9999457645622215
0.1835379513310952 -0.0000259553675304 0.0000567899696372 0.0000102988285424 0.9999339785519601 0.9999432165194778
0.1877613177768430 -0.0000271635894193 0.0000567891903603 0.0000110262481376 0.9999309053533977 0.9999405732524655
0.1920430352084338 -0.0000284165595887 0.0000567883822238 0.0000117978872451 0.9999277183436633 0.9999378320884401
0.1963833835703360 -0.0000297155174156 0.0000567875444286 0.0000126160067149 0.9999244143713478 0.9999349903160066
0.2007826017320501 -0.0000310617128743 0.0000567866761687 0.0000134829534921 0.9999209902581638 0.9999320452005888
0.2052410121363168 -0.0000324564447995 0.0000567857766066 0.0000144011880876 0.9999174427016264 0.9999289939007194
0.2097588554119255 -0.0000339010105528 0.0000567848449059 0.0000153732551627 0.9999137684030822 0.9999258335781563
0.2143363790175961 -0.0000353967327086 0.0000567838802138 0.0000164018032904 0.9999099639998382 0.9999225613395016
0.2189738687586232 -0.0000369449701514 0.0000567828816542 0.0000174895960353 0.9999060260369401 0.9999191742119236
0.2236715885628209 -0.0000385470989330 0.0000567818483400 0.0000186395021721 0.9999019510158684 0.9999156691850356
0.2284298170985292 -0.0000402045246227 0.0000567807793649 0.0000198545075506 0.9998977353631304 0.9999120431838784
0.2332488125508820 -0.0000419186704384 0.0000567796738114 0.0000211377098346 0.9998933754604553 0.9999082930948857
0.2381288193006038 -0.0000436909791853 0.0000567785307494 0.0000224923228481 0.9998888676398684 0.9999044157616430
0.2430701412520701 -0.0000455229404359 0.0000567773492185 0.0000239217010384 0.9998842081145658 0.9999004079254256
0.2480729736543852 -0.0000474160287643 0.0000567761282683 0.0000254292950754 0.9998793931360201 0.9998962663603246
0.2531376051076444 -0.0000493717785873 0.0000567748669094 0.0000270187136243 0.9998744188036318 0.9998919877095162
0.2582643069453538 -0.0000513917440130 0.0000567735641401 0.0000286936962148 0.9998692811668600 0.9998875685731019
0.2634533489452788 -0.0000534775048010 0.0000567722189421 0.0000304581216154 0.9998639762100703 0.9998830054950688
0.2687049521758969 -0.0000556306470339 0.0000567708302930 0.0000323159948226 0.9998584999017027 0.9998782950055761
0.2740194351287888 -0.0000578528230817 0.0000567693971277 0.0000342715025711 0.9998528480417659 0.9998734334897695
0.2793969668687246 -0.0000601456495758 0.0000567679184042 0.0000363289283522 0.9998470165213386 0.9998684174109866
0.2848378577057846 -0.0000625108290271 0.0000567663930252 0.0000384927633903 0.9998410010132543 0.9998632430446888
0.2903423476920096 -0.0000649500613560 0.0000567648198949 0.0000407676327125 0.9998347971971273 0.9998579066720119
0.2959106702032012 -0.0000674650701684 0.0000567631979027 0.0000431583219909 0.9998284006925267 0.9998524045222795
0.3015431188308627 -0.0000700576337798 0.0000567615259023 0.0000456698118768 0.9998218069800868 0.9998467327051331
0.3072398745275619 -0.0000727295062531 0.0000567598027633 0.0000483072062517 0.9998150116023408 0.9998408873832786
0.3130012217587227 -0.0000754825169333 0.0000567580273069 0.0000510758329491 0.9998080099105832 0.9998348645547321
0.3188274196318556 -0.0000783185119605 0.0000567561983433 0.0000539811922885 0.9998007972136332 0.9998286601807752
0.3247186856088977 -0.0000812393452496 0.0000567543146778 0.0000570289512112 0.9997933688007857 0.9998222702056877
0.3306752657498710 -0.0000842469126249 0.0000567523750890 0.0000602249826796 0.9997857198550086 0.9998156904820713
0.3366974406622890 -0.0000873431564475 0.0000567503783251 0.0000635753768617 0.9997778454411893 0.9998089167607273
0.3427854381309797 -0.0000905300213336 0.0000567483231332 0.0000670863986138 0.9997697406187643 0.9998019447875319
0.3489394861026223 -0.0000938094804176 0.0000567462082421 0.0000707645196111 0.9997614003749403 0.9997947702459817
0.3551598462911508 -0.0000971835539759 0.0000567440323502 0.0000746164448458 0.9997528195773432 0.9997873887164493
0.3614467373831584 -0.0001006542685229 0.0000567417941517 0.0000786490717028 0.9997439930780585 0.9997797957656707
0.3678004216747870 -0.0001042237040644 0.0000567394923069 0.0000828695492533 0.9997349155934745 0.9997719868433684
0.3742210977177510 -0.0001078939345763 0.0000567371254795 0.0000872852138809 0.9997255818556656 0.9997639574124683
0.3807090593808659 -0.0001116671183849 0.0000567346922794 0.0000919037026025 0.9997159863825642 0.9997557027513732
0.3872644806037577 -0.0001155453747496 0.0000567321913415 0.0000967328093941 0.9997061237918360 0.9997472182239656
0.3938876514509947 -0.0001195309212979 0.0000567296212373 0.0001017806590414 0.9996959884513913 0.9997384989789400
0.4005787825019741 -0.0001236259594601 0.0000567269805489 0.0001070555713955 0.9996855747707473 0.9997295402004382
0.4073381261723162 -0.0001278327467682 0.0000567242678225 0.0001125661576870 0.9996748770171894 0.9997203369498829
0.4141658747908559 -0.0001321535342342 0.0000567214816084 0.0001183212451695 0.9996638894750346 0.9997108843029751
0.4210622519348395 -0.0001365906226684 0.0000567186204250 0.0001243299559211 0.9996526063024334 0.9997011772264861
0.4280275575935191 -0.0001411463943344 0.0000567156827382 0.0001306017589983 0.9996410214508996 0.9996912105090080
0.4350619968117940 -0.0001458232024636 0.0000567126670327 0.0001371463265440 0.9996291289462845 0.9996809790026634
0.4421657773169420 -0.0001506234328780 0.0000567095717725 0.0001439736216404 0.9996169227320946 0.9996704774882936
0.4493391501081718 -0.0001555495324479 0.0000567063953821 0.0001510939463165 0.9996043965971521 0.9996597006132025
0.4565823374960281 -0.0001606039611028 0.0000567031362780 0.0001585178804713 0.9995915442976469 0.9996486429961433
0.4638955599256462 -0.0001657892096478 0.0000566997928567 0.0001662563131380 0.9995783595118559 0.9996372991883429
0.4712790600757780 -0.0001711078173847 0.0000566963634836 0.0001743204760296 0.9995648357953600 0.9996256636349512
0.4787330627252485 -0.0001765623440207 0.0000566928465112 0.0001827219087574 0.9995509666525023 0.9996137307365003
0.4862577986197367 -0.0001821553867634 0.0000566892402678 0.0001914724913273 0.9995367454929422 0.9996014948115042
0.4938534498149652 -0.0001878895393248 0.0000566855430843 0.0002005843861809 0.9995221657359230 0.9995889501861485
0.5015202533756700 -0.0001937674694056 0.0000566817532438 0.0002100701669000 0.9995072206132818 0.9995760910247773
0.5092584330687377 -0.0001997918685761 0.0000566778690146 0.0002199427478253 0.9994919032969162 0.9995629114395416
0.5170682424616846 -0.0002059654860555 0.0000566738886275 0.0002302154469568 0.9994762068129284 0.9995494054164999
0.5249498646391599 -0.0002122910496634 0.0000566698103275 0.0002409018620390 0.9994601242426372 0.9995355669885553
0.5329035787217841 -0.0002187713984670 0.0000566656322883 0.0002520161003880 0.9994436483853552 0.9995213899452627
0.5409295554537735 -0.0002254093185829 0.0000566613527176 0.0002635725086714 0.9994267721758898 0.9995068681920485
0.5490280252664601 -0.0002322076788525 0.0000566569697700 0.0002755859110243 0.9994094883396268 0.9994919954533925
0.5571991853448335 -0.0002391693550126 0.0000566524815960 0.0002880714863899 0.9993917895853554 0.9994767654387228
0.5654432619555813 -0.0002462972821180 0.0000566478863081 0.0003010448691039 0.9993736684720274 0.9994611717277321
0.5737604851297723 -0.0002535944342371 0.0000566431819936 0.0003145221226576 0.9993551174604157 0.9994452078147985
0.5821510499259972 -0.0002610637902040 0.0000566383667373 0.0003285196840087 0.9993361290002186 0.9994288671839120
0.5906151783099918 -0.0002687083878786 0.0000566334385860 0.0003430544718608 0.9993166953921543 0.9994121431899700
0.5991531028434929 -0.0002765313110701 0.0000566283955572 0.0003581438731248 0.9992968088212494 0.9993950290873875
0.6077650261569342 -0.0002845356525411 0.0000566232356628 0.0003738056802385 0.9992764614509269 0.9993775181110346
0.6164511569732037 -0.0002927245464607 0.0000566179568882 0.0003900581611846 0.9992556453405462 0.9993596034052394
0.6252117072429179 -0.0003011011662743 0.0000566125571942 0.0004069200649334 0.9992343524508654 0.9993412780284517
0.6340468708192004 -0.0003096687043232 0.0000566070345290 0.0004244105891217 0.9992125746958888 0.9993225349978296
0.6429569078548235 -0.0003184304544039 0.0000566013867764 0.0004425495589071 0.9991903037330597 0.9993033671086288
0.6519419687433001 -0.0003273896397889 0.0000565956118655 0.0004613570822480 0.9991675314004550 0.9992837673104389
0.6610022962235723 -0.0003365496115994 0.0000565897076435 0.0004808539689376 0.9991442492126004 0.9992637282732111
0.6701381073569861 -0.0003459137336496 0.0000565836719497 0.0005010615033732 0.9991204486532315 0.9992432426391835
0.6793495796357323 -0.0003554853663596 0.0000565775026259 0.0005220014153451 0.9990961212162250 0.9992223030580760
0.6886369396304554 -0.0003652679581733 0.0000565711974576 0.0005436960879607 0.9990712581732996 0.9992009019871005
0.6980004140161609 -0.0003752649966413 0.0000565647542053 0.0005661684645851 0.9990458506984065 0.9991790317979785
0.7074401519257544 -0.0003854799240892 0.0000565581706592 0.0005894418658686 0.9990198900821080 0.9991566849614324
0.7169563801856295 -0.0003959163035738 0.0000565514445320 0.0006135403730697 0.9989933673098581 0.9991338536841313
0.7265493368672601 -0.0004065777504302 0.0000565445735031 0.0006384886899668 0.9989662732360458 0.9991105300584471
0.7362191896526717 -0.0004174678408124 0.0000565375552775 0.0006643119374039 0.9989385988164777 0.9990867062625376
0.7459661253363143 -0.0004285902094844 0.0000565303875230 0.0006910358883632 0.9989103348599162 0.9990623743464170
0.7557903829385759 -0.0004399485899762 0.0000565230678441 0.0007186870803138 0.9988814719261083 0.9990375261441103
0.7656921469954683 -0.0004515466929562 0.0000565155938604 0.0007472925338640 0.9988520006349318 0.9990121535397372
0.7756716529633026 -0.0004633883281967 0.0000565079631284 0.0007768800607273 0.9988219113565335 0.9989862482006956
0.7857290293177769 -0.0004754772176924 0.0000565001732612 0.0008074778086810 0.9987911946862629 0.9989598019864975
0.7958645320059827 -0.0004878172748609 0.0000564922217494 0.0008391149726119 0.9987598407353051 0.9989328063379785
0.8060783233634898 -0.0005004123403165 0.0000564841061310 0.0008718211405158 0.9987278398021364 0.9989052528553362
0.8163706425496470 -0.0005132663889562 0.0000564758238579 0.0009056268347008 0.9986951818464270 0.9988771328451033
0.8267416907645504 -0.0005263833901629 0.0000564673723860 0.0009405631647126 0.9986618568443143 0.9988484376259759
0.8371916165314979 -0.0005397672860558 0.0000564587491895 0.0009766617727224 0.9986278548437237 0.9988191585763987
0.8477206018708261 -0.0005534220999023 0.0000564499516910 0.0010139551321174 0.9985931656890099 0.9987892868974020
0.8583288842311462 -0.0005673519679796 0.0000564409772406 0.0010524766552979 0.9985577789401207 0.9987588135429055
0.8690166661401575 -0.0005815610234613 0.0000564318231911 0.0010922603915009 0.9985216841676665 0.9987277294737366
0.8797841144253420 -0.0005960533927371 0.0000564224869006 0.0011333410213852 0.9984848709623395 0.9986960256656842
0.8906314132843351 -0.0006108332654124 0.0000564129656866 0.0011757540635180 0.9984473287571808 0.9986636929563721
0.9015587496396215 -0.0006259048756195 0.0000564032568392 0.0012195358364677 0.9984090468751508 0.9986307220861477
0.9125663450320468 -0.0006412725472411 0.0000563933575908 0.0012647236061735 0.9983700144143640 0.9985971035991543
0.9236543743530028 -0.0006569405815301 0.0000563832651895 0.0013113552713043 0.9983302205336299 0.9985628280891831
0.9348230454214248 -0.0006729133678417 0.0000563729768272 0.0013594697006424 0.9982896541712976 0.9985278859574379
0.9460725386114019 -0.0006891952987610 0.0000563624896946 0.0014091064946746 0.9982483042609217 0.9984922675982094
0.9574030318916817 -0.0007057908048353 0.0000563518009586 0.0014603060999895 0.9982061596431465 0.9984559633229003
0.9688147183860476 -0.0007227043807352 0.0000563409077457 0.0015131099044371 0.9981632089993765 0.9984189633028002
0.9803077602915516 -0.0007399405172656 0.0000563298071856 0.0015675600390594 0.9981194410245429 0.9983812577178264
0.9918823736229948 -0.0007575038281695 0.0000563184963299 0.0016236997912330 0.9980748441052137 0.9983428364791334
1.0035387359168950 -0.0007753989125892 0.0000563069722402 0.0016815731865983 0.9980294066689719 0.9983036895299996
1.0152770384422070 -0.0007936304333992 0.0000562952319382 0.0017412252504754 0.9979831169856206 0.9982638066744743
1.0270974572429377 -0.0008122030728761 0.0000562832724339 0.0018027018788106 0.9979359632798593 0.9982231776743592
1.0390001726142533 -0.0008311215626475 0.0000562710907066 0.0018660499492274 0.9978879336553674 0.9981817921837021
1.0509853955950197 -0.0008503907271032 0.0000562586836766 0.0019313174849524 0.9978390159847276 0.9981396396538387
1.0630533107369753 -0.0008700153928319 0.0000562460482641 0.0019985533674505 0.9977891981394782 0.9980967095315147
1.0752040091625026 -0.0008900002756550 0.0000562331814615 0.0020678069499389 0.9977384682769718 0.9980529915060132
1.0874377601090126 -0.0009103504263048 0.0000562200800466 0.0021391296129876 0.9976868137091817 0.9980084745342167
1.0997547000982479 -0.0009310707214823 0.0000562067409105 0.0022125730235997 0.9976342221947682 0.9979631479539557
1.1121550399749340 -0.0009521662057281 0.0000561931608372 0.0022881903398134 0.9975806810714271 0.9979170007361585
1.1246389091398670 -0.0009736418292124 0.0000561793366726 0.0023660352956021 0.9975261779215602 0.9978700220584551
1.1372065162492135 -0.0009955027211977 0.0000561652651488 0.0024461631967042 0.9974706998783665 0.9978222007069780
1.1498580704625796 -0.0010177540585709 0.0000561509429682 0.0025286304742089 0.9974142339596933 0.9977735253639644
1.1625937193337632 -0.0010404009550641 0.0000561363668750 0.0026134942842556 0.9973567673492895 0.9977239848500972
1.1754136346535748 -0.0010634486106003 0.0000561215335597 0.0027008130712013 0.9972982870179586 0.9976735677978199
1.1883179969600695 -0.0010869022855260 0.0000561064396746 0.0027906464935390 0.9972387797891256 0.9976222627077140
1.2013069601742021 -0.0011107672363278 0.0000560910818764 0.0028830551936720 0.9971782325021022 0.9975700580891317
1.2143807278178869 -0.0011350488554739 0.0000560754567354 0.0029781013548938 0.9971166316574639 0.9975169421543042
1.2275394563727475 -0.0011597524941567 0.0000560595608500 0.0030758480326065 0.9970539638669422 0.9974629032061059
1.2407833177229313 -0.0011848835768595 0.0000560433907728 0.0031763596138639 0.9969902155629335 0.9974079293874513
1.2541124508894674 -0.0012104475100193 0.0000560269430696 0.0032797014695463 0.9969253732303698 0.9973520088811086
1.2675270904391160 -0.0012364499290456 0.0000560102141605 0.0033859409727766 0.9968594227803560 0.9972951293693656
1.2810273690965812 -0.0012628963196047 0.0000559932005634 0.0034951459844652 0.9967923505109593 0.9972372788624755
1.2946134498333639 -0.0012897922701521 0.0000559758987318 0.0036073858879943 0.9967241424668464 0.9971784451462631
1.3082855011398169 -0.0013171434254872 0.0000559583050846 0.0037227314228006 0.9966547845573018 0.9971186158837392
1.3220436840327110 -0.0013449554610898 0.0000559404160228 0.0038412545949610 0.9965842626215099 0.9970577786712532
1.3358881855343421 -0.0013732341512319 0.0000559222278853 0.0039630289869755 0.9965125622560606 0.9969959208895208
1.3498192001662104 -0.0014019853335089 0.0000559037369725 0.0040881296330241 0.9964396689051270 0.9969330297812279
1.3638368357968667 -0.0014312147124958 0.0000558849396719 0.0042166321740314 0.9963655683584408 0.9968690928805346
1.3779412519726240 -0.0014609281435123 0.0000558658322761 0.0043486141026990 0.9962902460320446 0.9968040973923770
1.3921326759091406 -0.0014911316725160 0.0000558464109571 0.0044841549860919 0.9962136868674938 0.9967380301052272
1.4064111800241317 -0.0015218310628913 0.0000558266720704 0.0046233343618078 0.9961358765315750 0.9966708784262186
1.4207769772881786 -0.0015530324234194 0.0000558066117517 0.0047662345718740 0.9960567998247626 0.9966026290075400
1.4352302726614496 -0.0015847418962475 0.0000557862261172 0.0049129394006207 0.9959764414724651 0.9965332684289989
1.4497711951719603 -0.0016169655049418 0.0000557655113616 0.0050635333778282 0.9958947865102800 0.9964627835304055
1.4643998651565100 -0.0016497092974715 0.0000557444636661 0.0052181024380451 0.9958118199218020 0.9963911610988317
1.4791164513850068 -0.0016829794751214 0.0000557230791155 0.0053767345527448 0.9957275263122523 0.9963183875866566
1.4939211334972411 -0.0017167823118647 0.0000557013537504 0.0055395193854592 0.9956418901131001 0.9962444492879547
1.5088140642120351 -0.0017511240681806 0.0000556792836222 0.0057065478970651 0.9955548958006645 0.9961693325270309
1.5237954160809011 -0.0017860110975557 0.0000556568647253 0.0058779128774044 0.9954665276265677 0.9960930234254914
1.5388652863359562 -0.0018214496240406 0.0000556340931394 0.0060537078681670 0.9953767701814366 0.9960155083888249
1.5540238827366657 -0.0018574461771729 0.0000556109647508 0.0062340293298255 0.9952856072935742 0.9959367731551153
1.5692713262857421 -0.0018940071295318 0.0000555874755489 0.0064189743750939 0.9951930232005461 0.9958568038065839
1.5846078290112930 -0.0019311391193146 0.0000555636213556 0.0066086429086729 0.9950990014792884 0.9957755858453179
1.6000334515574464 -0.0019688484656806 0.0000555393982001 0.0068031346726242 0.9950035265268612 0.9956931054721082
1.6155484200192058 -0.0020071419368090 0.0000555148018261 0.0070025531952743 0.9949065816159802 0.9956093479065268
1.6311528258427752 -0.0020460260181922 0.0000554898281618 0.0072070020476469 0.9948081507479513 0.9955242989873975
1.6468468702548655 -0.0020855075145988 0.0000554644729333 0.0074165879926700 0.9947082171290083 0.9954379438561832
1.6626307001283978 -0.0021255931444891 0.0000554387319251 0.0076314188918639 0.9946067641974137 0.9953502678441352
1.6785044087243368 -0.0021662895355470 0.0000554126009831 0.0078516036690461 0.9945037756349351 0.9952612564820946
1.6944681809979121 -0.0022076035960971 0.0000553860757762 0.0080772543349314 0.9943992344272171 0.9951708946881611
1.7105221774883119 -0.0022495422216081 0.0000553591519846 0.0083084844435670 0.9942931236069747 0.9950791674096754
1.7266665455981083 -0.0022921123217370 0.0000553318252829 0.0085454092504446 0.9941854261858525 0.9949860595641039
1.7429013891173386 -0.0023353207373508 0.0000553040913933 0.0087881452580288 0.9940761253646334 0.9948915562205644
1.7592268874144528 -0.0023791745568757 0.0000552759458824 0.0090368120098908 0.9939652037333288 0.9947956419079612
1.7756431745479007 -0.0024236807965303 0.0000552473843668 0.0092915303276079 0.9938526440804939 0.9946983013144121
1.7921503443538447 -0.0024688464087776 0.0000552184025074 0.0095524223510838 0.9937384293720704 0.9945995192687980
1.8087485740551075 -0.0025146786202197 0.0000551889957933 0.0098196135105942 0.9936225418972878 0.9944992800017968
1.8254380112390545 -0.0025611846258277 0.0000551591597374 0.0100932308033831 0.9935049640423932 0.9943975678146895
1.8422188406764468 -0.0026083717740541 0.0000551288897580 0.0103734038999228 0.9933856778230127 0.9942943666745527
1.8590911001610042 -0.0026562470467831 0.0000550981815128 0.0106602620660888 0.9932646661991429 0.9941896613516868
1.8760550101482938 -0.0027048179886259 0.0000550670303024 0.0109539397180393 0.9931419107264376 0.9940834353872471
1.8931106405423139 -0.0027540917635457 0.0000550354316755 0.0112545708051536 0.9930173939412111 0.9939756731565048
1.9102581775352980 -0.0028040759167700 0.0000550033809410 0.0115622934278146 0.9928910974351856 0.9938663582025767
1.9274977302084308 -0.0028547778186680 0.0000549708735239 0.0118772464836055 0.9927630032613587 0.9937554744527336
1.9448294400311739 -0.0029062049811184 0.0000549379047629 0.0121995716213752 0.9926330931349772 0.9936430055265609
1.9622534133348544 -0.0029583648587954 0.0000549044700382 0.0125294120294774 0.9925013489360172 0.9935289351706019
1.9797698278651024 -0.0030112651678008 0.0000548705645668 0.0128669144724629 0.9923677519048395 0.9934132465615925
1.9973788113151540 -0.0030649135235426 0.0000548361836351 0.0132122270349448 0.9922322835573583 0.9932959230984677
2.0150804580260666 -0.0031193174857103 0.0000548013225698 0.0135654993976521 0.9920949255717304 0.9931769483040596
2.0328749075864825 -0.0031744847985873 0.0000547659765847 0.0139268844136293 0.9919556591820574 0.9930563052996298
2.0507622955512699 -0.0032304232424134 0.0000547301408752 0.0142965371857775 0.9918144655542670 0.9929339771300012
2.0687427201960933 -0.0032871405275950 0.0000546938106869 0.0146746143803210 0.9916713260535722 0.9928099469949724
2.0868163677886273 -0.0033446446899652 0.0000546569810619 0.0150612768870657 0.9915262212474575 0.9926841973850344
2.1049833215145326 -0.0034029434870990 0.0000546196472262 0.0154566858135719 0.9913791324297064 0.9925567114015938
2.1232437041751409 -0.0034620448480501 0.0000545818043013 0.0158610055051640 0.9912300404859025 0.9924274717735633
2.1415976300854189 -0.0035219567211593 0.0000545434474021 0.0162744025520213 0.9910789262780395 0.9922964611902576
2.1600451945531547 -0.0035826870381425 0.0000545045716597 0.0166970455553726 0.9909257707355863 0.9921636623800064
2.1785865934522963 -0.0036442441101245 0.0000544651719684 0.0171291079254851 0.9907705538574006 0.9920290572442452
2.1972218965268939 -0.0037066358796185 0.0000544252434643 0.0175707626893325 0.9906132565986544 0.9918926284932945
2.2159512452401060 -0.0037698705736301 0.0000543847811076 0.0180221870738956 0.9904538592244425 0.9917543582183228
2.2347747161902216 -0.0038339562468673 0.0000543437799748 0.0184835593011156 0.9902923424620149 0.9916142288902814
2.2536924531137035 -0.0038989012276115 0.0000543022349740 0.0189550617979549 0.9901286863774716 0.9914722223850559
2.2727045916589272 -0.0039647138658396 0.0000542601410059 0.0194368794396796 0.9899628710114013 0.9913283205343401
2.2918112446540899 -0.0040314024804984 0.0000542174929974 0.0199291991777105 0.9897948765122681 0.9911825052410225
2.3110124834620529 -0.0040989752903788 0.0000541742859466 0.0204322095253501 0.9896246833109809 0.9910347586304281
2.3303084217438710 -0.0041674407065455 0.0000541305147353 0.0209461027425360 0.9894522713848823 0.9908850624110322
2.3496991769516380 -0.0042368072001674 0.0000540861742141 0.0214710739028440 0.9892776205914678 0.9907333981635738
2.3691849110456955 -0.0043070834505469 0.0000540412591076 0.0220073220583998 0.9891007102964815 0.9905797470175329
2.3887656508973092 -0.0043782776960559 0.0000539957644297 0.0225550453034953 0.9889215210084513 0.9904240910703552
2.4084415394199423 -0.0044503986384670 0.0000539496849056 0.0231144476906471 0.9887400321027850 0.9902664114103557
2.4282126873239531 -0.0045234549101202 0.0000539030153125 0.0236857352053396 0.9885562231639057 0.9901066892818381
2.4480792003119700 -0.0045974551708842 0.0000538557504180 0.0242691165237360 0.9883700737418243 0.9899449058732316
2.4680411585116828 -0.0046724080298898 0.0000538078850298 0.0248648024090587 0.9881815635496516 0.9897810424883330
2.4848305448843950 -0.0047359117758750 0.0000537673373812 0.0253732438188049 0.9880218764419585 0.9896422114789771
2.5016199312571072 -0.0047998369455198 0.0000537265254638 0.0258885191311180 0.9878611514170789 0.9895024575129838
2.5219024437536111 -0.0048776259965034 0.0000536768701568 0.0265201775810594 0.9876656036192294 0.9893323964943720
2.5422159048438395 -0.0049561520515338 0.0000536267531179 0.0271629379336811 0.9874682421280370 0.9891607271198586
2.5626254628756642 -0.0050356725092623 0.0000535760103683 0.0278190351652112 0.9872684213518564 0.9889868868060993
2.5831310970586596 -0.0051161958451225 0.0000535246368478 0.0284886935637158 0.9870661215476427 0.9888108571707775
2.6037328453512272 -0.0051977307981224 0.0000534726273369 0.0291721421606127 0.9868613223497835 0.9886326192606598
2.6244307755743708 -0.0052802862641200 0.0000534199765249 0.0298696139237854 0.9866540030394589 0.9884521537851039
2.6452250377429385 -0.0053638715115487 0.0000533666788731 0.0305813476654699 0.9864441420041898 0.9882694406446959
2.6661156563244930 -0.0054484953494454 0.0000533127291455 0.0313075810111383 0.9862317188277683 0.9880844607500970
2.6871027969469381 -0.0055341672007307 0.0000532581217242 0.0320485595766598 0.9860167115964860 0.9878971936761014
2.7081865174612747 -0.0056208960964012 0.0000532028512512 0.0328045283860309 0.9857990994249787 0.9877076198604448
2.7293668731966019 -0.0057086910965206 0.0000531469123604 0.0335757354637273 0.9855788613999600 0.9875157196837230
2.7506440506130851 -0.0057975618501226 0.0000530902993203 0.0343624368317714 0.9853559751770133 0.9873214722458091
2.7720180516226418 -0.0058875172824405 0.0000530330068717 0.0351648849675796 0.9851304202743534 0.9871248582354571
2.7934889346710499 -0.0059785665916544 0.0000529750295916 0.0359833375625368 0.9849021755731705 0.9869258577518345
2.8150568084933667 -0.0060707192310614 0.0000529163619060 0.0368180574651453 0.9846712193639219 0.9867244503437649
2.8367217821394304 -0.0061639847011872 0.0000528569982217 0.0376693108765430 0.9844375298687591 0.9865206154643501
2.8584839438939733 -0.0062583724580684 0.0000527969329856 0.0385373665325740 0.9842010854722634 0.9863143326716509
2.8803433203433149 -0.0063538917303424 0.0000527361608005 0.0394224939992305 0.9839618651802129 0.9861055820286373
2.9023000477042786 -0.0064505522661870 0.0000526746759509 0.0403249706048846 0.9837198467498059 0.9858943424710390
2.9243541484516822 -0.0065483633568612 0.0000526124730237 0.0412450724148335 0.9834750091361187 0.9856805939415784
2.9465056938905581 -0.0066473345470504 0.0000525495464569 0.0421830808396109 0.9832273307141404 0.9854643158378198
2.9687547775682916 -0.0067474755227172 0.0000524858906113 0.0431392816613515 0.9829767895610521 0.9852454872575621
2.9911014680384258 -0.0068487958997904 0.0000524214999048 0.0441139630556209 0.9827233639861048 0.9850240874608827
3.0135458571209242 -0.0069513054412038 0.0000523563686751 0.0451074176894392 0.9824670319887010 0.9848000953961441
3.0360880009339848 -0.0070550137884581 0.0000522904913501 0.0461199401553189 0.9822077719308444 0.9845734902868537
3.0587279520084327 -0.0071599306049690 0.0000522238623574 0.0471518283542899 0.9819455621795125 0.9843442513187037
3.0814657635250216 -0.0072660655952468 0.0000521564761120 0.0482033837059032 0.9816803810598215 0.9841123575979668
3.1043015658631039 -0.0073734288661260 0.0000520883267876 0.0492749147927970 0.9814122059540255 0.9838777873625967
3.1272353407594093 -0.0074820298665136 0.0000520194089896 0.0503667268211293 0.9811410159511808 0.9836405202990317
3.1502672014172997 -0.0075918787028268 0.0000519497169208 0.0514791347604668 0.9808667885624689 0.9834005346685092
3.1733971777779373 -0.0077029851261798 0.0000518792450241 0.0526124532279553 0.9805895022519232 0.9831578095201952
3.1966252956421810 -0.0078153589022373 0.0000518079877479 0.0537670001822368 0.9803091355136023 0.9829123238834433
3.2199516831326185 -0.0079290103309456 0.0000517359392175 0.0549431023370736 0.9800256655766162 0.9826640556328226
3.2433763484881122 -0.0080439491699780 0.0000516630939172 0.0561410841102517 0.9797390710921930 0.9824129838402530
3.2668993624400611 -0.0081601855183157 0.0000515894461312 0.0573612767407805 0.9794493299306199 0.9821590868451717
3.2905207031665271 -0.0082777290527790 0.0000515149904267 0.0586040103267169 0.9791564210859145 0.9819023439226050
3.3142404969387389 -0.0083965902219072 0.0000514397208990 0.0598696264339312 0.9788603217017052 0.9816427326758059
3.3380588160043407 -0.0085167792483397 0.0000513636318029 0.0611584676620900 0.9785610095594847 0.9813802312157932
3.3619756077398528 -0.0086383057580978 0.0000512867177880 0.0624708735525648 0.9782584640017232 0.9811148189712893
3.3859909868921019 -0.0087611802589023 0.0000512089729632 0.0638071965050837 0.9779526622521494 0.9808464734604392
3.4101049548525482 -0.0088854127184137 0.0000511303917964 0.0651677864985488 0.9776435829572223 0.9805751733964099
3.4343176030251072 -0.0090110136026555 0.0000510509684586 0.0665530023866357 0.9773312036029768 0.9803008964200040
3.4586289592593356 -0.0091379930871373 0.0000509706973226 0.0679632033077212 0.9770155024794080 0.9800236208229089
3.4830390518920007 -0.0092663613833943 0.0000508895727569 0.0693987522469973 0.9766964578691303 0.9797433248350244
3.5075479162222725 -0.0093961287733943 0.0000508075891045 0.0708600164484637 0.9763740479633921 0.9794599865498219
3.5321555873060180 -0.0095273055721727 0.0000507247407064 0.0723473670263572 0.9760482509565201 0.9791735840064357
3.5568620904559469 -0.0096599020765648 0.0000506410219350 0.0738611783997937 0.9757190451747053 0.9788840953020977
3.5756441201312117 -0.0097613009631003 0.0000505770185678 0.0750258010046906 0.9754673753702676 0.9786627274555830
3.5944261498064765 -0.0098632113067866 0.0000505127050025 0.0762024187508207 0.9752144933215463 0.9784402402317538
3.6179112970919167 -0.0099913661592611 0.0000504318509191 0.0776906308326859 0.9748965853488745 0.9781604672113705
3.6429630555585009 -0.0101289587221259 0.0000503450700085 0.0792990116626803 0.9745553884411213 0.9778601051457254
3.6681101354544321 -0.0102679971488594 0.0000502574061627 0.0809353376355785 0.9742107354672819 0.9775566019853152
3.6933561508894317 -0.0104085115486532 0.0000501688413641 0.0826002334329280 0.9738625560944961 0.9772498926700853
3.7187011645507293 -0.0105505126278920 0.0000500793698563 0.0842941013928846 0.9735108282104498 0.9769399545187285
3.7441451826906613 -0.0106940108113790 0.0000499889860825 0.0860173441636481 0.9731555304986627 0.9766267654867983
3.7696882326435994 -0.0108390166733207 0.0000498976844144 0.0877703698254953 0.9727966413722129 0.9763103032265846
3.7953303076523413 -0.0109855406248826 0.0000498054593490 0.0895535881429573 0.9724341397488833 0.9759905457696423
3.8210714494646005 -0.0111335933843649 0.0000497123052132 0.0913674162848396 0.9720680038894380 0.9756674705013493
3.8469116579949834 -0.0112831854615559 0.0000496182164888 0.0932122725752951 0.9716982126752063 0.9753410552868701
3.8728509013256947 -0.0114343272082841 0.0000495231877808 0.0950885770448811 0.9713247454837911 0.9750112783613869
3.8988892118069796 -0.0115870293777294 0.0000494272134660 0.0969967583836702 0.9709475808087351 0.9746781171104142
3.9250266133579381 -0.0117413027060337 0.0000493302879570 0.0989372488315955 0.9705666972960399 0.9743415489835048
3.9512630591310369 -0.0118971575391912 0.0000492324059365 0.1009104794379468 0.9701820746663806 0.9740015523088592
3.9775986071882783 -0.0120546048731490 0.0000491335617047 0.1029168932025512 0.9697936911496479 0.9736581040250217
4.0040332053246486 -0.0122136550750059 0.0000490337499825 0.1049569288943177 0.9694015266426257 0.9733111824713263
4.0305668790962912 -0.0123743190039981 0.0000489329652085 0.1070310353125378 0.9690055599452273 0.9729607649433423
4.0571995979099524 -0.0125366072078051 0.0000488312020433 0.1091396610198723 0.9686057707444371 0.9726068294467374
4.0839313736283911 -0.0127005305182648 0.0000487284549969 0.1112832620308364 0.9682021381479058 0.9722493533987746
4.1107621449560376 -0.0128660993438562 0.0000486247188722 0.1134622925930222 0.9677946424283489 0.9718883151720952
4.1376919128708121 -0.0130333244990892 0.0000485199882457 0.1156772160320347 0.9673832629831570 0.9715236922868483
4.1647206862685673 -0.0132022168758513 0.0000484142576740 0.1179285005303910 0.9669679791465738 0.9711554621283930
4.1918484238807459 -0.0133727870786078 0.0000483075219231 0.1202166142536797 0.9665487710884567 0.9707836027435017
4.2190751969478608 -0.0135450464469672 0.0000481997753283 0.1225420390779676 0.9661256173032300 0.9704080906119785
4.2464008746027551 -0.0137190050686906 0.0000480910130382 0.1249052438270237 0.9656984994937452 0.9700289049791740
4.2738254511685954 -0.0138946738428805 0.0000479812297242 0.1273067120313038 0.9652673975037666 0.9696460233591279
4.3013489064669805 -0.0140720636015321 0.0000478704201304 0.1297469301534987 0.9648322914790989 0.9692594234506361
4.3289712301388956 -0.0142511852648690 0.0000477585789776 0.1322263897168203 0.9643931614885408 0.9688690827996713
4.3566923287706958 -0.0144320492355075 0.0000476457013416 0.1347455788781929 0.9639499890106514 0.9684749801205162
4.3749188164516637 -0.0145515674801433 0.0000475711381056 0.1364188624600566 0.9636572589031127 0.9682145691898582
4.3931453041326316 -0.0146715554308122 0.0000474963005607 0.1381056331265556 0.9633634628147885 0.9679531354606548
4.4106562028591370 -0.0147872790588122 0.0000474241430735 0.1397389273241632 0.9630801991329955 0.9677010032159908
4.4386907011366681 -0.0149734643065233 0.0000473080949260 0.1423799063119051 0.9626246604174969 0.9672953835811334
4.4668004942587194 -0.0151612794995745 0.0000471910865206 0.1450604120999211 0.9621653817057778 0.9668862514747855
4.4950089187738991 -0.0153508902657628 0.0000470730163170 0.1477831468380042 0.9617019652853142 0.9664732476154697
4.5233159538093997 -0.0155423076023217 0.0000469538792132 0.1505486299259650 0.9612343920339039 0.9660563496590786
4.5517215127345398 -0.0157355420821079 0.0000468336704065 0.1533573784594964 0.9607626440223169 0.9656355362333143
4.5802254688197639 -0.0159306040164112 0.0000467123852924 0.1562099094266694 0.9602867041165576 0.9652107865838834
4.6088278273681471 -0.0161275046352594 0.0000465900187313 0.1591067570035846 0.9598065531009384 0.9647820780056527
4.6375285560028203 -0.0163262549356800 0.0000464665657658 0.1620484558578339 0.9593221724930182 0.9643493883521771
4.6663275823102932 -0.0165268656576384 0.0000463420216359 0.1650355406801075 0.9588335446029870 0.9639126960890551
4.6952247438502965 -0.0167293469245961 0.0000462163820017 0.1680685406628092 0.9583406534089661 0.9634719810771950
4.7242200060220974 -0.0169337097650580 0.0000460896420000 0.1711480022120259 0.9578434808544322 0.9630272212621430
4.7533133622331718 -0.0171399654291680 0.0000459617966698 0.1742744789542708 0.9573420085183793 0.9625783941635669
4.7825046934713500 -0.0173481243903649 0.0000458328415712 0.1774485165601822 0.9568362200445841 0.9621254790489822
4.8117939397556047 -0.0175581975554568 0.0000457027720362 0.1806706710006856 0.9563260982008053 0.9616684543016933
4.8411810324674063 -0.0177701957874128 0.0000455715834648 0.1839415013479105 0.9558116260423439 0.9612072984607611
4.8706658540333514 -0.0179841296103204 0.0000454392715081 0.1872615651525916 0.9552927876296397 0.9607419908640502
4.9002483366304537 -0.0182000099216453 0.0000453058316281 0.1906314294293439 0.9547695663025292 0.9602725101003354
4.9299283924036583 -0.0184178474891443 0.0000451712594099 0.1940516628920934 0.9542419459039463 0.9597988351051676
4.9597058779128167 -0.0186376526836257 0.0000450355507268 0.1975228316496901 0.9537099114282216 0.9593209457431764
4.9895806855031388 -0.0188594361476129 0.0000448987013278 0.2010455096617485 0.9531734474037075 0.9588388213555366
5.0195528476452758 -0.0190832095842451 0.0000447607063523 0.2046202914867060 0.9526325359913825 0.9583524390473344
5.0496221204624527 -0.0193089707931162 0.0000446215627144 0.2082477427076031 0.9520871644554320 0.9578617804252657
5.0772957632089826 -0.0195178638812180 0.0000444928855416 0.2116227304212423 0.9515828543467564 0.9574078259048041
5.1075564542959935 -0.0197475206659660 0.0000443515014783 0.2153534984570908 0.9510287875779267 0.9569088188592214
5.1379086120970241 -0.0199791672771781 0.0000442089811544 0.2191380012764584 0.9504703147705391 0.9564055632933007
5.1683575505503265 -0.0202128554566379 0.0000440652952731 0.2229775002057774 0.9499073224286735 0.9558979496414231
5.1989031385576716 -0.0204485957468195 0.0000439204399570 0.2268725926691268 0.9493397966994420 0.9553859579423820
5.2295451112418201 -0.0206863976578387 0.0000437744120109 0.2308238623440121 0.9487677264267314 0.9548695705567105
5.2602834655049735 -0.0209262727342039 0.0000436272070393 0.2348319300436996 0.9481910957755599 0.9543487655088118
5.2911179880064330 -0.0211682308974032 0.0000434788216931 0.2388973930198501 0.9476098930353409 0.9538235244312203
5.3220485846910384 -0.0214122830079439 0.0000433292520976 0.2430208675890767 0.9470241044610272 0.9532938270032945
5.3530751058966421 -0.0216584395001364 0.0000431784946911 0.2472029662897474 0.9464337175578084 0.9527596539171725
5.3841974062183677 -0.0219067108491800 0.0000430265459384 0.2514443056586419 0.9458387199612950 0.9522209858655738
5.4154153483166514 -0.0221571076030265 0.0000428734023125 0.2557455067728647 0.9452390993647113 0.9516778034747215
5.4467287279694334 -0.0224096397784037 0.0000427190606647 0.2601071847969006 0.9446348449673129 0.9511300886163214
5.4781374559618898 -0.0226643183253382 0.0000425635173295 0.2645299742059888 0.9440259439723642 0.9505778212330148
5.5096413069010151 -0.0229211530994538 0.0000424067693648 0.2690144936969822 0.9434123864413646 0.9500209837381353
5.5412401619044918 -0.0231801548269404 0.0000422488133520 0.2735613802292267 0.9427941605982044 0.9494595567565687
5.5729337822752871 -0.0234413332583350 0.0000420896465239 0.2781712567319008 0.9421712572422927 0.9488935231295005
5.5860226630499534 -0.0235496040085997 0.0000420236988054 0.2800895229226624 0.9419131873480917 0.9486589087365390
5.5991115438246197 -0.0236581059569543 0.0000419576261420 0.2820162713126773 0.9416546379662801 0.9484237962582501
5.6127532582453794 -0.0237714404662557 0.0000418886298512 0.2840334431020543 0.9413846588486453 0.9481782236308893
5.6446964782755487 -0.0240378369479600 0.0000417265389706 0.2887930291302533 0.9407504511534583 0.9476010815805407
5.6766973492600883 -0.0243061387838863 0.0000415634126289 0.2936122667432770 0.9401122574174972 0.9470199324978671
5.7087922862258047 -0.0245766605918017 0.0000413990627256 0.2984972241127263 0.9394693433730785 0.9464340990862102
5.7409810379702320 -0.0248494120122943 0.0000412334868544 0.3034485377226810 0.9388217013772456 0.9458435649544836
5.7732633859357101 -0.0251244029581328 0.0000410666825036 0.3084668516484442 0.9381693234025492 0.9452483132362232
5.8056391588005747 -0.0254016437473212 0.0000408986469763 0.3135528200943224 0.9375122007280151 0.9446483263046702
5.8381080754383197 -0.0256811437588559 0.0000407293782063 0.3187070826937450 0.9368503271286925 0.9440435886842994
5.8706699524523263 -0.0259629132090520 0.0000405588736822 0.3239302970292570 0.9361836946682068 0.9434340832089144
5.9033245663233043 -0.0262469619719008 0.0000403871311630 0.3292231169543887 0.9355122964983126 0.9428197935770527
5.9360716421505018 -0.0265332994718651 0.0000402141487427 0.3345861903712688 0.9348361271116059 0.9422007045853741
5.9689109405416563 -0.0268219354384565 0.0000400399243950 0.3400201732101584 0.9341551805605548 0.9415768004991294
6.0018423184758873 -0.0271128804539860 0.0000398644556444 0.3455257399209541 0.9334694491739967 0.9409480638719890
6.0348654407886633 -0.0274061434074370 0.0000396877411029 0.3511035352875887 0.9327789295626649 0.9403144810511276
6.0679800316274921 -0.0277017337015220 0.0000395097791382 0.3567542158571519 0.9320836174140594 0.9396760374087445
6.0768720830269292 -0.0277813649939703 0.0000394618632839 0.3582813824251664 0.9318964202770167 0.9395040712288801
6.0857641344263662 -0.0278610984883192 0.0000394138932856 0.3598127170149686 0.9317090164527446 0.9393318813260678
6.0953707999218363 -0.0279473597685920 0.0000393620071702 0.3614718070788617 0.9315063198762030 0.9391456020055000
6.1286998856339192 -0.0282476205764928 0.0000391815040959 0.3672656412229634 0.9308012273452823 0.9384973084603264
6.1620717703972927 -0.0285498039560566 0.0000390000081685 0.3731259447650782 0.9300923425805837 0.9378450426281227
6.1955341828269459 -0.0288543506571561 0.0000388172585840 0.3790616848290504 0.9293786489382488 0.9371878589373911
6.2290866965069753 -0.0291612686783732 0.0000386332548712 0.3850735005206623 0.9286601467964886 0.9365257464420869
6.2627290959973756 -0.0294705679325325 0.0000384479954805 0.3911620699837664 0.9279368323549863 0.9358586902161025
6.2964610175655524 -0.0297822569683049 0.0000382614797506 0.3973280462587834 0.9272087053165302 0.9351866784294034
6.3302821692712801 -0.0300963449855091 0.0000380737067015 0.4035720967197905 0.9264757641732334 0.9345096980034504
6.3641921796523118 -0.0304128404367984 0.0000378846758714 0.4098948753270012 0.9257380094759478 0.9338277376287333
6.3981907744477642 -0.0307317526717067 0.0000376943863357 0.4162970552832929 0.9249954400022623 0.9331407842244009
6.4322775660751121 -0.0310530899706828 0.0000375028378810 0.4227792896523866 0.9242480573415791 0.9324488271770390
6.4664522233919408 -0.0313768611316629 0.0000373100300588 0.4293422430083647 0.9234958622008135 0.9317518549251640
6.5007144533795023 -0.0317030753093607 0.0000371159622832 0.4359865883394004 0.9227388547873953 0.9310498553098262
6.5350637652160923 -0.0320317138596075 0.0000369206362267 0.4427129609316193 0.9219770399123215 0.9303428203923814
6.5664384466206176 -0.0323332936213436 0.0000367415588153 0.4489140279885690 0.9212786885706117 0.9296941754565065
6.6009591358415989 -0.0326666765048757 0.0000365437924668 0.4558002026331626 0.9205075593723866 0.9289773643183746
6.6355601900345027 -0.0330024785855750 0.0000363447993043 0.4627692060225830 0.9197317570049179 0.9282556054827568
6.6702468006190276 -0.0333407617659875 0.0000361445477962 0.4698228020299012 0.9189511611790138 0.9275287741860015
6.7050185840894070 -0.0336815342293912 0.0000359430383726 0.4769616480334152 0.9181657762753427 0.9267968613733916
6.7398751297048127 -0.0340248038794643 0.0000357402717074 0.4841863959052338 0.9173756076626842 0.9260598587799055
6.7748159442535947 -0.0343705777868522 0.0000355362490446 0.4914976800660071 0.9165806629689279 0.9253177601198577
6.8098405696649706 -0.0347188633427357 0.0000353309715168 0.4988961415578234 0.9157809494252834 0.9245705586123066
6.8449486129899535 -0.0350696685685684 0.0000351244399649 0.5063824347439468 0.9149764731642719 0.9238182463214419
6.8801394901389630 -0.0354229995536770 0.0000349166564468 0.5139571724753289 0.9141672450971141 0.9230608196543639
6.8965747124322645 -0.0355885983782632 0.0000348193540337 0.5175191513442277 0.9137883369809986 0.9227059349132021
6.9057835236110083 -0.0356815470605230 0.0000347647621176 0.5195217501691000 0.9135757611480452 0.9225067718694442
6.9149923347897522 -0.0357746013682329 0.0000347101187062 0.5215292296452786 0.9133629917490343 0.9223073807832517
6.9250740318741046 -0.0358766070003901 0.0000346502363798 0.5237325958298042 0.9131298327888652 0.9220888284519122
6.9604973685316791 -0.0362361225529078 0.0000344393405850 0.5315209123299570 0.9123087687210930 0.9213187532828887
6.9959563013868218 -0.0365977234190368 0.0000342274696026 0.5393897519099196 0.9114840400068919 0.9205445368235332
7.0314959685013694 -0.0369618784739582 0.0000340143541874 0.5473497275986478 0.9106546013886724 0.9197651848328052
7.0671157455235827 -0.0373285932076275 0.0000337999971576 0.5554014351725773 0.9098204669325504 0.9189806960475198
7.1028150031586685 -0.0376978730121049 0.0000335844014670 0.5635454667143813 0.9089816512716398 0.9181910696265605
7.1385932250633504 -0.0380697244095989 0.0000333675694907 0.5717824377351389 0.9081381668234705 0.9173963025293915
7.1744497771371716 -0.0384441526665128 0.0000331495044175 0.5801129344303451 0.9072900292113923 0.9165963946208002
7.2103840190587238 -0.0388211629385852 0.0000329302095809 0.5885375386182201 0.9064372546588301 0.9157913462232191
7.2463953177582301 -0.0392007604128269 0.0000327096883766 0.5970568307821256 0.9055798596696423 0.9149811578164310
7.2640212961482726 -0.0393872062121217 0.0000326014781889 0.6012546881983737 0.9051591890078188 0.9145833623857439
7.2816472745383152 -0.0395740521062167 0.0000324930893613 0.6054710056090837 0.9047378556945820 0.9141847512333838
7.3023292673492506 -0.0397938364403483 0.0000323656794897 0.6104419288217883 0.9042426293482864 0.9137159895375297
7.3385606630727782 -0.0401802776287612 0.0000321418864387 0.6192116420436656 0.9033728956424276 0.9128920982375364
7.3748403258998776 -0.0405690402867926 0.0000319170435997 0.6280716821367469 0.9024992395846876 0.9120636732897398
7.4111938818110810 -0.0409604087781953 0.0000316909929419 0.6370289404989377 0.9016210504345342 0.9112301208258071
7.4476205799817414 -0.0413543867285262 0.0000314637391985 0.6460839480303590 0.9007383500982583 0.9103914458933139
7.4841196719537484 -0.0417509777292816 0.0000312352872012 0.6552372315688889 0.8998511609032365 0.9095476538496863
7.5206903121457618 -0.0421501842511317 0.0000310056425059 0.6644892885319237 0.8989595080246164 0.9086987526752932
7.5573316746690171 -0.0425520089046242 0.0000307748106643 0.6738406156746806 0.8980634166581304 0.9078447502911793
7.5732250974806856 -0.0427268777364899 0.0000306744558121 0.6779222005924868 0.8976738918841219 0.9074732468253059
7.5891185202923541 -0.0429020945027131 0.0000305739623016 0.6820191736870522 0.8972838616456826 0.9071010942540947
7.6022232522259277 -0.0430468113249783 0.0000304909983027 0.6854088722098852 0.8969618877866548 0.9067937525484074
7.6140394651134731 -0.0431774980061921 0.0000304161114532 0.6884742686707321 0.8966712790497855 0.9065162525209784
7.6508947049928713 -0.0435863504771624 0.0000301820482968 0.6980902062040363 0.8957630828104017 0.9056484219998481
7.6877801061989830 -0.0439974118155957 0.0000299470572481 0.7077973519973046 0.8948514670737961 0.9047764056369966
7.7247322545570407 -0.0444110983401614 0.0000297109071810 0.7176058937447891 0.8939355387595322 0.9038993340289078
7.7617501257267936 -0.0448274099893781 0.0000294736055813 0.7275162406229787 0.8930153307560008 0.9030172220728721
7.7988326448388481 -0.0452463460238751 0.0000292351603900 0.7375287800180014 0.8920908777485416 0.9021300863434097
7.8359788174705445 -0.0456679065041851 0.0000289955791614 0.7476439126326343 0.8911622129542589 0.9012379419635288
7.8731876181528841 -0.0460920910384962 0.0000287548697764 0.7578620225389929 0.8902293708886699 0.9003408052596955
7.8841802905090450 -0.0462177754098527 0.0000286836185374 0.7608972686264182 0.8899532825565336 0.9000750956690329
7.8919653225806616 -0.0463068865305356 0.0000286331203376 0.7630513909629072 0.8897576197651225 0.8998867359451314
7.8997503546522783 -0.0463960686632160 0.0000285825912842 0.7652092926397552 0.8895618439583555 0.8996982240185616
7.9103715961638787 -0.0465178754189470 0.0000285136031885 0.7681594509485770 0.8892945621330816 0.8994407889062364
7.9477461038672192 -0.0469477366298414 0.0000282703824102 0.7785966381341842 0.8883523776996463 0.8985326665456046
7.9851363420965642 -0.0473797157371568 0.0000280263426312 0.7891257153025336 0.8874072255570773 0.8976206661107292
8.0225846693389880 -0.0478143097140919 0.0000277812103479 0.7997590935603827 0.8864580501927088 0.8967037537903126
8.0600898081054684 -0.0482515146332258 0.0000275349957470 0.8104970377886124 0.8855048951915375 0.8957819545493498
8.0976504202238946 -0.0486913257043015 0.0000272877095556 0.8213397837723859 0.8845478062540405 0.8948552954055172
8.1352652655467175 -0.0491337391298967 0.0000270393619962 0.8322875837180161 0.8835868271502603 0.8939238015182053
8.1509353251513712 -0.0493186266537360 0.0000269356955400 0.8368748041252665 0.8831857554307939 0.8935347180443370
8.1666053847560249 -0.0495038564005864 0.0000268319080333 0.8414776044023554 0.8827842538253169 0.8931450297134051
8.1769935792051687 -0.0496268278594446 0.0000267630378809 0.8445375464553035 0.8825178490944779 0.8928863595340855
8.1873817736543124 -0.0497499427067615 0.0000266941151031 0.8476043469627011 0.8822512566107114 0.8926274240371297
8.2251631712643487 -0.0501989750564542 0.0000264430014890 0.8588160664481543 0.8812800966284550 0.8916834533363492
8.2629517333049893 -0.0506500859192584 0.0000261911466610 0.8701209340152862 0.8803062989757667 0.8907358059983289
8.3007884077473211 -0.0511037710540739 0.0000259382814434 0.8815316145441010 0.8793288268331492 0.8897834575867879
8.3386715043591462 -0.0515600203529012 0.0000256844198220 0.8930481547390323 0.8783477386225516 0.8888264477023957
8.3765994912042370 -0.0520188253933254 0.0000254295748758 0.9046706334454256 0.8773630892722241 0.8878648126155676
8.4145707614103689 -0.0524801766408734 0.0000251737603342 0.9163990910987990 0.8763749362347312 0.8868985911364589
8.4273825253308523 -0.0526362968126382 0.0000250872944751 0.9203773198358679 0.8760409936534325 0.8865717956167226
8.4401942892513357 -0.0527926247702005 0.0000250007530994 0.9243661413994844 0.8757067835010550 0.8862446042228325
8.4542704680332559 -0.0529646455857057 0.0000249055829098 0.9287608485859015 0.8753392823186070 0.8858846657942194
8.4923536545603788 -0.0534314467851873 0.0000246476398156 0.9407149816460350 0.8743434026007481 0.8849084612203424
8.5304467026090531 -0.0539004134181999 0.0000243889628123 0.9527661967212789 0.8733449425192671 0.8839285221620046
8.5685759556929817 -0.0543718768236676 0.0000241293771786 0.9649232032099978 0.8723432318736968 0.8829441750271443
8.6067395809299612 -0.0548458234621190 0.0000238688989429 0.9771858818532202 0.8713383370114179 0.8819554679168923
8.6449356019974690 -0.0553222377374134 0.0000236075452688 0.9895540477159012 0.8703303286543976 0.8809624533873786
8.6628463621385094 -0.0555463490768700 0.0000234847681982 0.9953865051332494 0.8698568846581195 0.8804956201217463
8.6753245606508855 -0.0557027387254767 0.0000233991475566 0.9994623020525221 0.8695267528338544 0.8801699343596985
8.6875516773989503 -0.0558561869224207 0.0000233151833713 1.0034659713394991 0.8692030341886808 0.8798504446523311
8.7258395072177333 -0.0563380670049675 0.0000230518335296 1.0160663643619547 0.8681878851516488 0.8788477151218381
8.7641241157412360 -0.0568219928520242 0.0000227878650933 1.0287618789003312 0.8671706266466374 0.8778416166474107
8.8024327258375603 -0.0573083142947112 0.0000225230952850 1.0415618149198178 0.8661505585215219 0.8768314415976837
8.8407630691966066 -0.0577970104373544 0.0000222575440913 1.0544657797168251 0.8651277623118936 0.8758172542143083
8.8791128468395879 -0.0582880596288083 0.0000219912318756 1.0674733458010721 0.8641023209804983 0.8747991204019024
8.8906737785260841 -0.0584365051697329 0.0000219108272542 1.0714136824656753 0.8637927777406915 0.8744915217111163
8.9022347102125803 -0.0585851197007142 0.0000218303673352 1.0753628641583159 0.8634830440050596 0.8741836122702485
8.9265669544794388 -0.0588985350637272 0.0000216608404268 1.0837036117065979 0.8628305298222642 0.8735345425322354
8.9649653973109320 -0.0593948643501801 0.0000213928093467 1.0969459164298965 0.8617991108437609 0.8725074617092986
9.0033627225722643 -0.0598933035917141 0.0000211241756411 1.1102857653758937 0.8607656707231612 0.8714770033110474
9.0417692614479712 -0.0603939923794316 0.0000208548722996 1.1237269609468683 0.8597299560076173 0.8704428996700513
9.0801825658453819 -0.0608969050671692 0.0000205849215691 1.1372688877657662 0.8586920567266744 0.8694052252489420
9.0898524480920333 -0.0610238417100643 0.0000205168722751 1.1406933523843037 0.8584304711352447 0.8691434760695556
9.0964771867931091 -0.0611108830765613 0.0000204702306884 1.1430430247499073 0.8582511893811708 0.8689640308677566
9.1031019254941850 -0.0611979797797123 0.0000204235718559 1.1453956304534436 0.8580718490878445 0.8687844853219056
9.1107519288955299 -0.0612986295221586 0.0000203696703283 1.1481159831725243 0.8578646809081948 0.8685770279845031
9.1491806293383817 -0.0618055162539646 0.0000200985504260 1.1618405306837929 0.8568228308155670 0.8675328752660887
9.1875994508496088 -0.0623144226067365 0.0000198269152003 1.1756604555931645 0.8557793158471996 0.8664856301629000
9.2260147597025153 -0.0628254372151866 0.0000195547253848 1.1895781682994915 0.8547339894148162 0.8654351315536605
9.2644237915412653 -0.0633385280453327 0.0000192820062180 1.2035927992559521 0.8536869527822998 0.8643814669587307
9.2796434378859534 -0.0635424398452279 0.0000191737832407 1.2091735962193757 0.8532715479639370 0.8639630296359108
9.2877075193032752 -0.0636506197789535 0.0000191164055855 1.2121368898368150 0.8530513294937049 0.8637411104683734
9.2929393456818428 -0.0637208560401120 0.0000190791667022 1.2140617643718199 0.8529084124373721 0.8635970551447413
9.2981711720604103 -0.0637911231880758 0.0000190419177611 1.2159884845801454 0.8527654612345331 0.8634529382408618
9.3050562517105408 -0.0638836545289350 0.0000189928823148 1.2185268603236996 0.8525772857109076 0.8632631866980932
9.3434493057136265 -0.0644009136675156 0.0000187191168689 1.2327401908066775 0.8515268948529595 0.8622031292442328
9.3818217864884534 -0.0649200681437688 0.0000184449417962 1.2470454321783189 0.8504752660110382 0.8611403400590106
9.4201759247156751 -0.0654411509267846 0.0000181703473843 1.2614434252818709 0.8494223660212241 0.8600747729528669
9.4585087736517117 -0.0659641248359880 0.0000178953609466 1.2759330678716072 0.8483683037190392 0.8590065254327609
9.4705645771585605 -0.0661290533864848 0.0000178087651769 1.2805107226581309 0.8480364408056884 0.8586698837181216
9.4826203806654092 -0.0662941843834567 0.0000177221168854 1.2850982507324775 0.8477044083327727 0.8583329198281280
9.5188522836100162 -0.0667917340612588 0.0000174613916627 1.2989448486459156 0.8467055222655305 0.8573182896263161
9.5571168121179628 -0.0673193258484227 0.0000171855251144 1.3136652576281034 0.8456489673884305 0.8562435916260859
9.5953482036138880 -0.0678486519277040 0.0000169093747839 1.3284725941949700 0.8445916788507846 0.8551666062954613
9.6335435182049505 -0.0683796724685968 0.0000166329685942 1.3433655964731761 0.8435337673630915 0.8540874355743941
9.6443252661061116 -0.0685299664236791 0.0000165548521403 1.3475876273783669 0.8432348510752096 0.8537822302423983
9.6527259904506817 -0.0686471785359595 0.0000164939592214 1.3508827823854199 0.8430018591404030 0.8535442499301571
9.6604124050019529 -0.0687545138347810 0.0000164382226186 1.3539019816361122 0.8427886112925532 0.8533263699999574
9.6985314878181210 -0.0692881394932102 0.0000161615064606 1.3689348044573830 0.8417301152375466 0.8522439393532951
9.7366136442311930 -0.0698234470412561 0.0000158845590386 1.3840525004348787 0.8406711000212109 0.8511594019915693
9.7746473331605284 -0.0703602741453272 0.0000156074711304 1.3992502919868994 0.8396119163908494 0.8500731074060927
9.7987375624797455 -0.0707014371841109 0.0000154317134017 1.4089278641086396 0.8389402654208883 0.8493834398987994
9.8053382985317068 -0.0707950708272505 0.0000153835217250 1.4115864895418091 0.8387561291306380 0.8491942521211310
9.8119390345836681 -0.0708887601967228 0.0000153353159791 1.4142481123870543 0.8385719484507179 0.8490049704533140
9.8190646725869151 -0.0709899724523869 0.0000152832606207 1.4171247573172250 0.8383730717974684 0.8488005314481424
9.8569730032749074 -0.0715297287317479 0.0000150060432681 1.4324872549038505 0.8373141907923964 0.8477110820082979
9.8948312102803975 -0.0720709746174118 0.0000147287201329 1.4479282837462457 0.8362552842888706 0.8466199959281095
9.9326264665691788 -0.0726135246524801 0.0000144513923217 1.4634422974497738 0.8351967415843046 0.8455276666143561
9.9485185727274867 -0.0728423150740058 0.0000143346440545 1.4699950819964371 0.8347512357230042 0.8450674552909382
9.9556879873874689 -0.0729456574930973 0.0000142819487986 1.4729569579724040 0.8345501755124651 0.8448596638766761
9.9628574020474510 -0.0730490675817456 0.0000142292376266 1.4759223883023940 0.8343490663730506 0.8446517631075077
9.9705261732425221 -0.0731597664602148 0.0000141728369862 1.4790982989445491 0.8341338958995059 0.8444292608767394
10.0081570470087620 -0.0737042931695297 0.0000138958065276 1.4947415679920517 0.8330772479452588 0.8433356266581077
10.0457429115258172 -0.0742503707302072 0.0000136186616731 1.5104640411075687 0.8320205537182614 0.8422403065648251
10.0832515914504359 -0.0747975291842722 0.0000133416467171 1.5262518997457459 0.8309647477513616 0.8411442624853653
10.0953136925663269 -0.0749739541494082 0.0000132524713636 1.5313497374750600 0.8306249517685127 0.8407911652955065
10.1032740348318555 -0.0750905000400903 0.0000131935963625 1.5347195733028125 0.8304006336707512 0.8405579724665603
10.1104570106188998 -0.0751957457769796 0.0000131404543156 1.5377641068104428 0.8301981731790218 0.8403474377970724
10.1478340759248535 -0.0757447101390109 0.0000128636723274 1.5536644175917091 0.8291439269651822 0.8392501604803946
10.1851152976875472 -0.0762944649087894 0.0000125871790493 1.5696207796504980 0.8280911804582178 0.8381527842890139
10.2223061861041291 -0.0768450835236693 0.0000123109414750 1.5856349354349850 0.8270398100187724 0.8370551781579957
10.2294568124091896 -0.0769512021074278 0.0000122577827357 1.5887249999746162 0.8268375323161773 0.8368438134295647
10.2366074387142501 -0.0770573907827915 0.0000122046094232 1.5918186305897928 0.8266352121475112 0.8366323424418686
10.2440108010643360 -0.0771674163894919 0.0000121495409547 1.5950253625107371 0.8264256965575162 0.8364132852006969
10.2809954338804950 -0.0777183768541649 0.0000118741975568 1.6111023725632052 0.8253783578649428 0.8353172488095734
10.3179369928153246 -0.0782708824604112 0.0000115987782576 1.6272560335199246 0.8243311384798238 0.8342196637149119
10.3547753511922966 -0.0788240299214503 0.0000113237382189 1.6434595871893938 0.8232857716615188 0.8331223421154198
10.3915069044039434 -0.0793776887384963 0.0000110491151819 1.6597107339256505 0.8222423902242951 0.8320254240865103
10.4251304156965059 -0.0798864156338285 0.0000107973975630 1.6746696572330371 0.8212863984782088 0.8310188975213660
10.4616437128638928 -0.0804409490631111 0.0000105236907882 1.6910040283707224 0.8202472937841960 0.8299232482473036
10.4712940991762906 -0.0805878746890213 0.0000104512894146 1.6953367998648570 0.8199724980211957 0.8296332163930249
10.4809444854886884 -0.0807349381012627 0.0000103788632485 1.6996761102759441 0.8196976349013301 0.8293429949844425
10.4896657929164423 -0.0808679718796587 0.0000103133880999 1.7036032853028875 0.8194491763524472 0.8290805513432986
10.5258934435018023 -0.0814219200021336 0.0000100411887145 1.7199736810086663 0.8184165204110450 0.8279887269987343
10.5620795346350160 -0.0819773893251832 0.0000097689497891 1.7364174185579369 0.8173841347492606 0.8268955009045093
10.5778338428600129 -0.0822198994297011 0.0000096503165611 1.7436053038235166 0.8169343856438271 0.8264187172177062
10.5830957120544547 -0.0823009882851361 0.0000096106789787 1.7460099181295043 0.8167841340294315 0.8262593620328538
10.5883575812488964 -0.0823821143415026 0.0000095710345003 1.7484164819843082 0.8166338637115766 0.8260999510329553
10.5958807795067926 -0.0824981840181397 0.0000095143398863 1.7518606721417567 0.8164189813245015 0.8258719350167093
10.6316956187877505 -0.0830520332641930 0.0000092442373039 1.7683117144284575 0.8153955004937684 0.8247848833957123
10.6675009345240870 -0.0836078726573663 0.0000089738742230 1.7848487728019022 0.8143714566174869 0.8236955468009857
10.6836869668932994 -0.0838598475822885 0.0000088515468096 1.7923541442714723 0.8139082620819504 0.8232022623515728
10.6927248218574054 -0.0840007260998618 0.0000087832137578 1.7965529915266181 0.8136495545896149 0.8229265974352654
10.7017626768215113 -0.0841417353711168 0.0000087148602668 1.8007576055606906 0.8133907960136115 0.8226507693914797
10.7372235938454796 -0.0846963271682975 0.0000084464695391 1.8173105493659831 0.8123750444982150 0.8215669575606320
10.7726150766675310 -0.0852519506617126 0.0000081782909242 1.8339196898068149 0.8113605231778243 0.8204827735771454
10.7827027895452616 -0.0854107100592414 0.0000081017945752 1.8386700515239387 0.8110712158255029 0.8201732909209738
10.7905404516218457 -0.0855341695733588 0.0000080423437232 1.8423658209807905 0.8108463968849148 0.8199326987437816
10.7983110287868804 -0.0856566708127292 0.0000079833870649 1.8460342481633907 0.8106234669082925 0.8196940457700623
10.8333817365618064 -0.0862108320273524 0.0000077171165634 1.8626440239349136 0.8096168923213163 0.8186154550180798
10.8683652150610239 -0.0867657102197414 0.0000074512122201 1.8792992734894320 0.8086121313483650 0.8175371291908087
10.8755929061636660 -0.0868806114585404 0.0000073962390634 1.8827511077187022 0.8084044605602606 0.8173140435370428
10.8828205972663081 -0.0869955948717960 0.0000073412538264 1.8862066451647947 0.8081967612501387 0.8170908551824447
10.8895322233874161 -0.0871024453090570 0.0000072901836518 1.8894187700239833 0.8080038665260767 0.8168835108055554
10.9240982300742857 -0.0876539734099785 0.0000070269952418 1.9060123521989225 0.8070100448016675 0.8158142524847278
10.9586686811677527 -0.0882076405592991 0.0000067634934861 1.9226928696902674 0.8060154696974687 0.8147425169315348
10.9648449327415651 -0.0883067755679285 0.0000067163879031 1.9256818939559468 0.8058377174465258 0.8145507980889616
10.9710211843153775 -0.0884059678947947 0.0000066692739509 1.9286736273924601 0.8056599458158712 0.8143590048195000
10.9795029020787833 -0.0885422943663808 0.0000066045590789 1.9327865281169978 0.8054157844739159 0.8140954978957270
11.0137053726548100 -0.0890933041196350 0.0000063434300236 1.9494236391648463 0.8044308436525157 0.8130314865429142
11.0304116861357571 -0.0893631910821319 0.0000062157842063 1.9575803204878861 0.8039495388310043 0.8125109398875898
11.0471179996167042 -0.0896335681571508 0.0000060880756248 1.9657568497430342 0.8034681008200706 0.8119898517118405
11.0810234533102516 -0.0901837595933408 0.0000058287021212 1.9824121540073216 0.8024906210190090 0.8109306419346400
11.1146248310319127 -0.0907310221068248 0.0000055714045333 1.9989988207905269 0.8015213911569453 0.8098787403117342
11.1235920755379709 -0.0908774095383802 0.0000055026974777 2.0034389193560074 0.8012626467005861 0.8095976499783957
11.1325593200440291 -0.0910239288016730 0.0000054339734903 2.0078847464549976 0.8010038670066472 0.8093164048502129
11.1410992347065871 -0.0911635974487524 0.0000053685084074 2.0121240361644226 0.8007573869483438 0.8090484185233388
11.1744912755643586 -0.0917109678880033 0.0000051123819874 2.0287500414374149 0.7997933237558823 0.8079992165918721
11.1877494592763149 -0.0919288529546847 0.0000050106219637 2.0353733828190812 0.7994104169290985 0.8075820418229759
11.1951126380069201 -0.0920499957721521 0.0000049540915549 2.0390571932003914 0.7991977313877703 0.8073502106796685
11.2024758167375253 -0.0921712295129018 0.0000048975500042 2.0427448709948401 0.7989850237759191 0.8071182757951890
11.2094946045242878 -0.0922868803411876 0.0000048436425483 2.0462636693252292 0.7987822445687943 0.8068970924579878
11.2424777374336653 -0.0928315438346900 0.0000045901791708 2.0628465067568662 0.7978290704186688 0.8058564337762745
11.2552926445906571 -0.0930436921113678 0.0000044916402926 2.0693103692708279 0.7974586205552697 0.8054515479843395
11.2618131150472607 -0.0931517515181951 0.0000044414888132 2.0726038076906916 0.7972701045577647 0.8052454142954183
11.2666599986995326 -0.0932321255984595 0.0000044042038800 2.0750538979150002 0.7971299639202607 0.8050921358131959
