0.0000987712791607 -0.0000000000106761 0.0000390760131271 0.0000000000000020 0.9999999999690805 0.9999999999765312
0.0001365973518091 -0.0000000000204208 0.0000390760131216 0.0000000000000052 0.9999999999405711 0.9999999999551101
0.0001830755059409 -0.0000000000366831 0.0000390760131123 0.0000000000000125 0.9999999998929935 0.9999999999193614
0.0002390079416543 -0.0000000000625233 0.0000390760130977 0.0000000000000278 0.9999999998173957 0.9999999998625584
0.0003051719506053 -0.0000000001019325 0.0000390760130754 0.0000000000000578 0.9999999997021004 0.9999999997759271
0.0003823174024455 -0.0000000001599838 0.0000390760130426 0.0000000000001137 0.9999999995322667 0.9999999996483162
0.0004711635932479 -0.0000000002429818 0.0000390760129956 0.0000000000002127 0.9999999992894492 0.9999999994658660
0.0005723926557381 -0.0000000003586081 0.0000390760129301 0.0000000000003814 0.9999999989511752 0.9999999992116909
0.0006866716886554 -0.0000000005160970 0.0000390760128410 0.0000000000006585 0.9999999984904290 0.9999999988654913
0.0008146481010571 -0.0000000007263968 0.0000390760127220 0.0000000000010995 0.9999999978751803 0.9999999984032004
0.0009569357636626 -0.0000000010023051 0.0000390760125658 0.0000000000017822 0.9999999970679891 0.9999999977966859
0.0011141420365434 -0.0000000013586759 0.0000390760123641 0.0000000000028127 0.9999999960253988 0.9999999970132949
0.0012868582703725 -0.0000000018125771 0.0000390760121072 0.0000000000043341 0.9999999946974760 0.9999999960155082
0.0014756575362950 -0.0000000023834520 0.0000390760117841 0.0000000000065352 0.9999999930273374 0.9999999947605842
0.0016810906236189 -0.0000000030932687 0.0000390760113824 0.0000000000096622 0.9999999909507139 0.9999999932002318
0.0019036990621774 -0.0000000039667250 0.0000390760108880 0.0000000000140314 0.9999999883953502 0.9999999912801592
0.0021440070882959 -0.0000000050313905 0.0000390760102854 0.0000000000200440 0.9999999852805894 0.9999999889397617
0.0024025346181843 -0.0000000063179322 0.0000390760095573 0.0000000000282042 0.9999999815167127 0.9999999861116253
0.0026797860751980 -0.0000000078602427 0.0000390760086843 0.0000000000391386 0.9999999770045647 0.9999999827212460
0.0029762548552977 -0.0000000096956288 0.0000390760076455 0.0000000000536185 0.9999999716350018 0.9999999786866144
0.0032924226485728 -0.0000000118649780 0.0000390760064177 0.0000000000725858 0.9999999652884041 0.9999999739178493
0.0036287569960737 -0.0000000144129065 0.0000390760049756 0.0000000000971803 0.9999999578342433 0.9999999683168733
0.0039857180052607 -0.0000000173879728 0.0000390760032918 0.0000000001287729 0.9999999491304583 0.9999999617769431
0.0043637825749650 -0.0000000208430868 0.0000390760013362 0.0000000001690028 0.9999999390222571 0.9999999541817495
0.0047633733219771 -0.0000000248350524 0.0000390759990768 0.0000000002198106 0.9999999273434553 0.9999999454064235
0.0051849500430926 -0.0000000294255779 0.0000390759964787 0.0000000002834904 0.9999999139135206 0.9999999353153149
0.0056289234480544 -0.0000000346805950 0.0000390759935044 0.0000000003627277 0.9999998985395654 0.9999999237634900
0.0060957270738550 -0.0000000406711906 0.0000390759901138 0.0000000004606608 0.9999998810136185 0.9999999105946816
0.0065857823721585 -0.0000000474734299 0.0000390759862639 0.0000000005809340 0.9999998611131458 0.9999998956416799
0.0070994882835205 -0.0000000551683446 0.0000390759819087 0.0000000007277560 0.9999998386010831 0.9999998787263572
0.0076372520246981 -0.0000000638425319 0.0000390759769992 0.0000000009059746 0.9999998132240838 0.9999998596583515
0.0081994845657709 -0.0000000735883320 0.0000390759714832 0.0000000011211515 0.9999997847119990 0.9999998382346758
0.0087865711581835 -0.0000000845035025 0.0000390759653054 0.0000000013796309 0.9999997527788325 0.9999998142404352
0.0093988994962458 -0.0000000966918465 0.0000390759584070 0.0000000016886344 0.9999997171208996 0.9999997874474444
0.0100368658928580 -0.0000001102635772 0.0000390759507256 0.0000000020563592 0.9999996774157640 0.9999997576134279
0.0107008266838284 -0.0000001253344577 0.0000390759421957 0.0000000024920491 0.9999996333247517 0.9999997244839093
0.0113911630950070 -0.0000001420273408 0.0000390759327478 0.0000000030061372 0.9999995844884482 0.9999996877888280
0.0121082483520313 -0.0000001604716965 0.0000390759223086 0.0000000036103436 0.9999995305280788 0.9999996472435765
0.0128524314890695 -0.0000001808033133 0.0000390759108012 0.0000000043177794 0.9999994710463841 0.9999996025496581
0.0136240677626574 -0.0000002031652208 0.0000390758981447 0.0000000051430995 0.9999994056249213 0.9999995533926583
0.0144235375405357 -0.0000002277085488 0.0000390758842536 0.0000000061026701 0.9999993338215484 0.9999994994403560
0.0152511714235873 -0.0000002545904702 0.0000390758690388 0.0000000072146308 0.9999992551764453 0.9999994403472464
0.0161073027168880 -0.0000002839758176 0.0000390758524071 0.0000000084991001 0.9999991692073823 0.9999993757509862
0.0169922905699088 -0.0000003160381754 0.0000390758342603 0.0000000099783846 0.9999990754065256 0.9999993052699935
0.0179064858427509 -0.0000003509590097 0.0000390758144957 0.0000000116771141 0.9999989732429834 0.9999992285053605
0.0188502136279366 -0.0000003889270896 0.0000390757930064 0.0000000136223876 0.9999988621644987 0.9999991450421257
0.0198238000031209 -0.0000004301395991 0.0000390757696807 0.0000000158440095 0.9999987415941961 0.9999990544468292
0.0208275699526141 -0.0000004748022646 0.0000390757444023 0.0000000183746952 0.9999986109302086 0.9999989562672328
0.0218618662527536 -0.0000005231304606 0.0000390757170493 0.0000000212503457 0.9999984695424439 0.9999988500298892
0.0229269888984992 -0.0000005753465927 0.0000390756874958 0.0000000245101136 0.9999983167802392 0.9999987352458949
0.0240232607823809 -0.0000006316832689 0.0000390756556101 0.0000000281968170 0.9999981519630852 0.9999986114039191
0.0251510130628594 -0.0000006923829796 0.0000390756212550 0.0000000323571767 0.9999979743815604 0.9999984779709067
0.0263105239948006 -0.0000007576949008 0.0000390755842895 0.0000000370418454 0.9999977833066847 0.9999983343991055
0.0275021471499681 -0.0000008278821532 0.0000390755445646 0.0000000423061859 0.9999975779686824 0.9999981801101097
0.0287261817681032 -0.0000009032148520 0.0000390755019275 0.0000000482100658 0.9999973575773147 0.9999980145101369
0.0299829153011634 -0.0000009839724026 0.0000390754562200 0.0000000548182950 0.9999971213151653 0.9999978369849836
0.0312726606643688 -0.0000010704460967 0.0000390754072773 0.0000000622011453 0.9999968683300431 0.9999976468943155
0.0325957068533900 -0.0000011629361645 0.0000390753549294 0.0000000704344331 0.9999965977436083 0.9999974435781496
0.0339523692866453 -0.0000012617553884 0.0000390752989993 0.0000000796001701 0.9999963086407996 0.9999972263489101
0.0353428935895277 -0.0000013672222718 0.0000390752393067 0.0000000897862777 0.9999960000898180 0.9999969945064436
0.0367676316139665 -0.0000014796743523 0.0000390751756606 0.0000001010882176 0.9999956711031815 0.9999967473087557
0.0382268495054277 -0.0000015994540186 0.0000390751078673 0.0000001136080227 0.9999953206792154 0.9999964840031864
0.0397208289186243 -0.0000017269161753 0.0000390750357258 0.0000001274554154 0.9999949477796304 0.9999962038095628
0.0412498542582181 -0.0000018624275515 0.0000390749590286 0.0000001427481655 0.9999945513315451 0.9999959059217179
0.0428142116006974 -0.0000020063668621 0.0000390748775613 0.0000001596125455 0.9999941302270142 0.9999955895071366
0.0444141883498016 -0.0000021591250224 0.0000390747911027 0.0000001781838112 0.9999936833224006 0.9999952537064833
0.0460500637986837 -0.0000023211044425 0.0000390746994250 0.0000001986065829 0.9999932094404402 0.9999948976351535
0.0477220958304598 -0.0000024927177144 0.0000390746022948 0.0000002210351411 0.9999927073740826 0.9999945203861591
0.0494305717997867 -0.0000026743929376 0.0000390744994696 0.0000002456346129 0.9999921758709116 0.9999941210184221
0.0511757791578546 -0.0000028665711958 0.0000390743907000 0.0000002725812040 0.9999916136405264 0.9999936985623210
0.0529579598718208 -0.0000030697015046 0.0000390742757317 0.0000003020620034 0.9999910193693237 0.9999932520307967
0.0547774119151611 -0.0000032842523077 0.0000390741542996 0.0000003342771754 0.9999903916868642 0.9999927803940815
0.0566343858726841 -0.0000035106999923 0.0000390740261341 0.0000003694388895 0.9999897291994722 0.9999922826049438
0.0585291454017299 -0.0000037495358975 0.0000390738909572 0.0000004077729287 0.9999890304697324 0.9999917575832835
0.0604619515127707 -0.0000040012647160 0.0000390737484831 0.0000004495190815 0.9999882940211656 0.9999912042196442
0.0624330529180445 -0.0000042664033367 0.0000390735984193 0.0000004949315778 0.9999875183416159 0.9999906213777573
0.0644427444963280 -0.0000045454890395 0.0000390734404618 0.0000005442811812 0.9999867018592754 0.9999900078765280
0.0664912747140273 -0.0000048390672643 0.0000390732743019 0.0000005978537915 0.9999858429784684 0.9999893625169222
0.0685788872145347 -0.0000051476970435 0.0000390730996230 0.0000006559520250 0.9999849400637572 0.9999886840700235
0.0707058367877970 -0.0000054719535732 0.0000390729160998 0.0000007188964313 0.9999839914324218 0.9999879712713817
0.0728723920063907 -0.0000058124291068 0.0000390727233970 0.0000007870264802 0.9999829953518449 0.9999872228190482
0.0750787979869495 -0.0000061697273871 0.0000390725211729 0.0000008607002505 0.9999819500558020 0.9999864373858148
0.0773252690522746 -0.0000065444620607 0.0000390723090802 0.0000009402947911 0.9999808537490996 0.9999856136226994
0.0796121201344218 -0.0000069372790220 0.0000390720867534 0.0000010262117441 0.9999797045422095 0.9999847501098288
0.0819395696782863 -0.0000073488238103 0.0000390718538271 0.0000011188713006 0.9999785005466477 0.9999838454281064
0.0843078545513727 -0.0000077797605951 0.0000390716099254 0.0000012187170359 0.9999772398194352 0.9999828981174786
0.0867172211544618 -0.0000082307711683 0.0000390713546625 0.0000013262166709 0.9999759203660445 0.9999819066791497
0.0891679029479549 -0.0000087025510255 0.0000390710876447 0.0000014418620946 0.9999745401518675 0.9999808695841960
0.0916601733114852 -0.0000091958198400 0.0000390708084647 0.0000015661729248 0.9999730970715708 0.9999797852505402
0.0941942530695001 -0.0000097113037141 0.0000390705167116 0.0000016996931205 0.9999715890010228 0.9999786520819688
0.0967703956162729 -0.0000102497519780 0.0000390702119613 0.0000018429961830 0.9999700137481481 0.9999774684312016
0.0993888023579108 -0.0000108119199287 0.0000390698937864 0.0000019966816636 0.9999683691034260 0.9999762326378373
0.1020497349024487 -0.0000113985926113 0.0000390695617425 0.0000021613826102 0.9999666527703198 0.9999749429760755
0.1047534413904362 -0.0000120105698928 0.0000390692153770 0.0000023377627921 0.9999648624089416 0.9999735976875266
0.1075001353947517 -0.0000126486613360 0.0000390688542317 0.0000025265162220 0.9999629956510525 0.9999721949924814
0.1102900381905960 -0.0000133136955812 0.0000390684778376 0.0000027283709178 0.9999610500726165 0.9999707330692871
0.1131234057680355 -0.0000140065274741 0.0000390680857110 0.0000029440924096 0.9999590231729475 0.9999692100386770
0.1160004723279184 -0.0000147280250204 0.0000390676773606 0.0000031744810935 0.9999569124128761 0.9999676239924480
0.1189214531631673 -0.0000154790696823 0.0000390672522876 0.0000034203734123 0.9999547152138832 0.9999659729928079
0.1218865892449519 -0.0000162605678845 0.0000390668099790 0.0000036826468748 0.9999524289244393 0.9999642550470822
0.1248960808152686 -0.0000170734339106 0.0000390663499174 0.0000039622157129 0.9999500508700434 0.9999624681453112
0.1279501709483891 -0.0000179186121782 0.0000390658715682 0.0000042600397466 0.9999475782880576 0.9999606102112832
0.1310490775011121 -0.0000187970593638 0.0000390653743902 0.0000045771197456 0.9999450083800020 0.9999586791418278
0.1341930423725066 -0.0000197097582420 0.0000390648578271 0.0000049145037605 0.9999423382710707 0.9999566727763936
0.1373822655292365 -0.0000206576988969 0.0000390643213186 0.0000052732817151 0.9999395650650981 0.9999545889383493
0.1406169973903354 -0.0000216419059118 0.0000390637642850 0.0000056545970427 0.9999366857650170 0.9999524253752132
0.1438974280416268 -0.0000226634054820 0.0000390631861454 0.0000060596357249 0.9999336973690729 0.9999501798309473
0.1472237932008730 -0.0000237232576156 0.0000390625863000 0.0000064896402670 0.9999305967766204 0.9999478499751701
0.1505963192571136 -0.0000248225398888 0.0000390619641390 0.0000069459051495 0.9999273808356504 0.9999454334388662
0.1540151861489257 -0.0000259623348184 0.0000390613190498 0.0000074297729601 0.9999240463797325 0.9999429278421450
0.1574806322359235 -0.0000271437644776 0.0000390606503975 0.0000079426505562 0.9999205901267497 0.9999403307181435
0.1609928729705327 -0.0000283679642628 0.0000390599575395 0.0000084859999564 0.9999170087556448 0.9999376395706943
0.1645521317715813 -0.0000296360933627 0.0000390592398198 0.0000090613445733 0.9999132988757949 0.9999348518513095
0.1681586197439633 -0.0000309493278275 0.0000390584965730 0.0000096702679384 0.9999094570472908 0.9999319649744167
0.1718125349403968 -0.0000323088600269 0.0000390577271243 0.0000103144151018 0.9999054797825230 0.9999289763185489
0.1755140968075435 -0.0000337159115712 0.0000390569307825 0.0000109955006081 0.9999013635083861 0.9999258831979392
0.1792635334910711 -0.0000351717294113 0.0000390561068419 0.0000117153089008 0.9998971045776891 0.9999226828710926
0.1830610109433051 -0.0000366775580213 0.0000390552545984 0.0000124756823253 0.9998926993505366 0.9999193726019366
0.1869067822383975 -0.0000382346981037 0.0000390543733159 0.0000132785524573 0.9998881440225929 0.9999159495307673
0.1908010436478844 -0.0000398444503674 0.0000390534622584 0.0000141259141213 0.9998834347895599 0.9999124107978420
0.1947439888387993 -0.0000415081364439 0.0000390525206781 0.0000150198376757 0.9998785677859893 0.9999087534973966
0.1987358295723594 -0.0000432271079837 0.0000390515478101 0.0000159624761378 0.9998735390586763 0.9999049746576488
0.2027767760628849 -0.0000450027389421 0.0000390505428771 0.0000169560634538 0.9998683445892295 0.9999010712577541
0.2068670244254349 -0.0000468364200504 0.0000390495050921 0.0000180029135537 0.9998629803102483 0.9998970402399580
0.2110067910535008 -0.0000487295742774 0.0000390484336500 0.0000191054314036 0.9998574420600959 0.9998928784756059
0.2151962914171091 -0.0000506836479808 0.0000390473277324 0.0000202661105836 0.9998517256087871 0.9998885827845927
0.2194357144255119 -0.0000527000987833 0.0000390461865146 0.0000214875282922 0.9998458266934630 0.9998841499620145
0.2237252371243921 -0.0000547804017530 0.0000390450091620 0.0000227723509337 0.9998397410003096 0.9998795767645787
0.2280650705502782 -0.0000569260719325 0.0000390437948174 0.0000241233505575 0.9998334640986593 0.9998748598610774
0.2324554198111520 -0.0000591386458519 0.0000390425426114 0.0000255433964042 0.9998269914950759 0.9998699958730248
0.2368964952910702 -0.0000614196872786 0.0000390412516594 0.0000270354611543 0.9998203186165389 0.9998649813620161
0.2413884915140153 -0.0000637707765326 0.0000390399210671 0.0000286026165862 0.9998134408417042 0.9998598128532127
0.2459315941533884 -0.0000661935137011 0.0000390385499294 0.0000302480379966 0.9998063534915062 0.9998544868282750
0.2505259972811665 -0.0000686895278630 0.0000390371373245 0.0000319750130883 0.9997990518021758 0.9998489997050801
0.2551719116645567 -0.0000712604823528 0.0000390356823116 0.0000337869487880 0.9997915309098498 0.9998433478261486
0.2598695132242899 -0.0000739080465170 0.0000390341839461 0.0000356873542599 0.9997837859331959 0.9998375275207303
0.2646190006660348 -0.0000766339275131 0.0000390326412623 0.0000376798660204 0.9997758118803970 0.9998315350348977
0.2694205888238353 -0.0000794398677745 0.0000390310532744 0.0000397682498267 0.9997676036565729 0.9998253665371152
0.2742744646982304 -0.0000823276196993 0.0000390294189912 0.0000419563850170 0.9997591561378303 0.9998190181738802
0.2791807897443222 -0.0000852989457936 0.0000390277374156 0.0000442482666460 0.9997504641708478 0.9998124860694052
0.2841397807598351 -0.0000883556677927 0.0000390260075171 0.0000466480464316 0.9997415224291899 0.9998057662176285
0.2891516261352193 -0.0000914996168776 0.0000390242282597 0.0000491599981164 0.9997323255589453 0.9997988545916533
0.2942165080158320 -0.0000947326466144 0.0000390223985951 0.0000517885301675 0.9997228681408806 0.9997917471152994
0.2993346256802090 -0.0000980566481305 0.0000390205174535 0.0000545382014577 0.9997131446460553 0.9997844396297370
0.3045061618809030 -0.0001014735288584 0.0000390185837560 0.0000574137073755 0.9997031494980082 0.9997769279402122
0.3097313160751942 -0.0001049852343401 0.0000390165964021 0.0000604199013219 0.9996928770089821 0.9997692077681097
0.3150102380351776 -0.0001085937036325 0.0000390145542951 0.0000635617598568 0.9996823215103803 0.9997612748489851
0.3203431533707343 -0.0001123009546281 0.0000390124562937 0.0000668444599396 0.9996714771031947 0.9997531247449923
0.3257302487352879 -0.0001161090068673 0.0000390103012557 0.0000702733162866 0.9996603378838052 0.9997447530145697
0.3311716999630731 -0.0001200198998692 0.0000390080880274 0.0000738538000406 0.9996488978903649 0.9997361551721370
0.3366676625126230 -0.0001240356856548 0.0000390058154485 0.0000775915348961 0.9996371511246824 0.9997273267045302
0.3422183670889450 -0.0001281584993142 0.0000390034823114 0.0000814923670078 0.9996250913458088 0.9997182629158580
0.3478239852230559 -0.0001323904614901 0.0000390010874169 0.0000855622785716 0.9996127123553015 0.9997089591418824
0.3534846661541643 -0.0001367337035090 0.0000389986295595 0.0000898074131932 0.9996000079237177 0.9996994106947651
0.3592006224883043 -0.0001411904335085 0.0000389961074907 0.0000942341446565 0.9995869715971977 0.9996896127176846
0.3649720038901340 -0.0001457628397387 0.0000389935199730 0.0000988489864432 0.9995735969803276 0.9996795603974191
0.3707990318160747 -0.0001504531961100 0.0000389908657207 0.0001036587010228 0.9995598774274166 0.9996692487322995
0.3766818814477180 -0.0001552637696730 0.0000389881434517 0.0001086702115062 0.9995458063131348 0.9996586727356045
0.3826207404903672 -0.0001601968670966 0.0000389853518618 0.0001138906525367 0.9995313768965755 0.9996478273333768
0.3886157389175262 -0.0001652547759568 0.0000389824896576 0.0001193273118674 0.9995165824929975 0.9996367074934931
0.3946671018886210 -0.0001704398931757 0.0000389795554839 0.0001249877719573 0.9995014160981520 0.9996253079432851
0.4007749718927857 -0.0001757545755760 0.0000389765480081 0.0001308797541970 0.9994858708254273 0.9996136234980914
0.4069395619273274 -0.0001812012709485 0.0000389734658465 0.0001370112661585 0.9994699395224879 0.9996016487730961
0.4131610209112357 -0.0001867824013591 0.0000389703076297 0.0001433904770375 0.9994536151126158 0.9995893784398766
0.4194395191384909 -0.0001925004374151 0.0000389670719610 0.0001500258043054 0.9994368903774957 0.9995768070631200
0.4257752571806842 -0.0001983579082083 0.0000389637574108 0.0001569259318126 0.9994197579281505 0.9995639290787559
0.4321684006959212 -0.0002043573419957 0.0000389603625498 0.0001640997456216 0.9994022103784602 0.9995507389243660
0.4386191242839558 -0.0002105013060543 0.0000389568859270 0.0001715563848147 0.9993842402286055 0.9995372309515542
0.4451275904087697 -0.0002167923869863 0.0000389533260802 0.0001793052227375 0.9993658399226893 0.9995233994692412
0.4516939808021239 -0.0002232332210808 0.0000389496815194 0.0001873559091810 0.9993470017599506 0.9995092386769024
0.4583184716225993 -0.0002298264709934 0.0000389459507398 0.0001957183473779 0.9993277179629904 0.9994947427158339
0.4650012439808688 -0.0002365748362582 0.0000389421322156 0.0002044027123498 0.9993079806470452 0.9994799056460321
0.4717424546158083 -0.0002434810236012 0.0000389382244171 0.0002134194176271 0.9992877819068303 0.9994647215114552
0.4785422927190459 -0.0002505478048214 0.0000389342257780 0.0002227791954755 0.9992671136472726 0.9994491842127571
0.4854009163856726 -0.0002577779519350 0.0000389301347318 0.0002324930176950 0.9992459677732152 0.9994332876498722
0.4923184818517384 -0.0002651742665327 0.0000389259496955 0.0002425721383486 0.9992243361035746 0.9994170256574619
0.4992951736451275 -0.0002727396127459 0.0000389216690508 0.0002530281449265 0.9992022102749473 0.9994003919324230
0.5063311557673857 -0.0002804768655428 0.0000389172911731 0.0002638728939388 0.9991795818928491 0.9993833801475588
0.5134265986037984 -0.0002883889395720 0.0000389128144160 0.0002751185557910 0.9991564424473782 0.9993659838881519
0.5205816375665961 -0.0002964787427693 0.0000389082371364 0.0002867775539422 0.9991327834489180 0.9993481967539589
0.5277965188191336 -0.0003047493419993 0.0000389035576019 0.0002988628105030 0.9991085959437358 0.9993300119950037
0.5350713395347823 -0.0003132036680841 0.0000388987741568 0.0003113873249331 0.9990838713766605 0.9993114231601233
0.5424062670499100 -0.0003218447641112 0.0000388938850823 0.0003243645383630 0.9990586008649206 0.9992924235510012
0.5498014928125117 -0.0003306757358347 0.0000388888886242 0.0003378082716980 0.9990327753432287 0.9992730063312072
0.5572571922862970 -0.0003396997049757 0.0000388837830192 0.0003517326623050 0.9990063857003790 0.9992531646288665
0.5647735079710533 -0.0003489197871716 0.0000388785665078 0.0003661521337735 0.9989794228437577 0.9992328915851357
0.5723505923529445 -0.0003583391432056 0.0000388732373050 0.0003810814798235 0.9989518775495502 0.9992121802415487
0.5799886215587360 -0.0003679609973161 0.0000388677935902 0.0003965359015013 0.9989237404092318 0.9991910234997456
0.5876877580213715 -0.0003777885913876 0.0000388622335327 0.0004125309417868 0.9988950019635586 0.9991694142221853
0.5954481885609914 -0.0003878252335714 0.0000388565552646 0.0004290825711429 0.9988656525604171 0.9991473451252236
0.6032700162230852 -0.0003980741579071 0.0000388507569602 0.0004462069616095 0.9988356827653523 0.9991248090877739
0.6111534758939325 -0.0004085388054087 0.0000388448366767 0.0004639209605880 0.9988050825396465 0.9991017985332237
0.6190987064588769 -0.0004192225272453 0.0000388387925224 0.0004822416043940 0.9987738421083113 0.9990783060820860
0.6271058304485236 -0.0004301286858260 0.0000388326225994 0.0005011862881754 0.9987419516645208 0.9990543243297183
0.6351750548156982 -0.0004412607934332 0.0000388263249251 0.0005207730157157 0.9987094009642742 0.9990298455414627
0.6433065107136504 -0.0004526222945503 0.0000388198975556 0.0005410200291170 0.9986761799629229 0.9990048621312752
0.6515003575259668 -0.0004642167074743 0.0000388133385053 0.0005619460615561 0.9986422784011207 0.9989793663503167
0.6597567622418194 -0.0004760475972601 0.0000388066457625 0.0005835702991848 0.9986076858839763 0.9989533503464303
0.6680758577572896 -0.0004881185157093 0.0000387998173230 0.0006059122780594 0.9985723920565573 0.9989268062960893
0.6764578356648410 -0.0005004331356219 0.0000387928511146 0.0006289921391057 0.9985363862113945 0.9988997261091629
0.6849028502879642 -0.0005129951127083 0.0000387857450748 0.0006528303819975 0.9984996576922762 0.9988721017325545
0.6934110455441521 -0.0005258081230646 0.0000387784971298 0.0006774479390621 0.9984621957847107 0.9988439250677789
0.7019825740765103 -0.0005388758917215 0.0000387711051785 0.0007028662370262 0.9984239896324981 0.9988151879081656
0.7106175788943245 -0.0005522021651173 0.0000387635671079 0.0007291071518288 0.9983850283182554 0.9987858819993756
0.7193162535123975 -0.0005657908048724 0.0000387558807400 0.0007561932027954 0.9983453005893005 0.9987559988331618
0.7280787126194790 -0.0005796455870356 0.0000387480439454 0.0007841471627583 0.9983047954446256 0.9987255300888317
0.7369051448443371 -0.0005937704406772 0.0000387400545086 0.0008129925414259 0.9982635014373940 0.9986944671085332
0.7457957080342297 -0.0006081692845410 0.0000387319102201 0.0008427532682697 0.9982214071525523 0.9986628012564581
0.7547505420034540 -0.0006228460452823 0.0000387236088663 0.0008734537334188 0.9981785011535508 0.9986305238787184
0.7637697919546376 -0.0006378046949495 0.0000387151482080 0.0009051188722370 0.9981347718728180 0.9985976262208991
0.7728535987871921 -0.0006530492353053 0.0000387065259898 0.0009377741410548 0.9980902076576460 0.9985640994625185
0.7820021275470053 -0.0006685837461469 0.0000386977399122 0.0009714456301371 0.9980447966289926 0.9985299346107384
0.7912155097828432 -0.0006844122882654 0.0000386887876869 0.0010061598635022 0.9979985269652109 0.9984951227137617
0.8004939264698813 -0.0007005390452156 0.0000386796669564 0.0010419441168513 0.9979513864876833 0.9984596545490171
0.8098375435737964 -0.0007169682145159 0.0000386703753557 0.0010788261918331 0.9979033629789299 0.9984235208624181
0.8192464826732940 -0.0007337039537631 0.0000386609105428 0.0011168342989217 0.9978544443401656 0.9983867124868595
0.8287208789140514 -0.0007507504811144 0.0000386512701416 0.0011559972884491 0.9978046182976366 0.9983492201212013
0.8382608826965767 -0.0007681120799017 0.0000386414517397 0.0011963446734904 0.9977538723892023 0.9983110343200943
0.8478666474895686 -0.0007857930778014 0.0000386314529000 0.0012379065934858 0.9977021940252886 0.9982721455397680
0.8575383742274995 -0.0008037979304310 0.0000386212711131 0.0012807140243363 0.9976495702446234 0.9982325439541343
0.8672761551154134 -0.0008221309308134 0.0000386109039624 0.0013247980975051 0.9975959885634722 0.9981922200937949
0.8770801350613611 -0.0008407965070997 0.0000386003489550 0.0013701908103813 0.9975414361055152 0.9981511641911835
0.8869504850069196 -0.0008597991766569 0.0000385896035481 0.0014169249355307 0.9974858997361282 0.9981093662815143
0.8968873448654847 -0.0008791434373235 0.0000385786652103 0.0014650337655294 0.9974293663802736 0.9980668164419465
0.9068908550860783 -0.0008988338266957 0.0000385675313882 0.0015145512647201 0.9973718228492947 0.9980235046611570
0.9169611908037936 -0.0009188749906601 0.0000385561994676 0.0015655122545301 0.9973132556407164 0.9979794206885622
0.9270984386338178 -0.0009392714380959 0.0000385446669121 0.0016179517992194 0.9972536516551676 0.9979345545738671
0.9373027878384086 -0.0009600279222316 0.0000385329310480 0.0016719061878327 0.9971929970820039 0.9978888958281742
0.9475743478408269 -0.0009811490748594 0.0000385209892703 0.0017274120071749 0.9971312784683257 0.9978424342285724
0.9579132998857771 -0.0010026397145356 0.0000385088388693 0.0017845069524386 0.9970684818184321 0.9977951591401498
0.9683197795093930 -0.0010245046065013 0.0000384964771657 0.0018432292107206 0.9970045932954569 0.9977470600440774
0.9787938933263290 -0.0010467484935287 0.0000384839014935 0.0019036175424037 0.9969395991312900 0.9976981264697375
0.9893358401168562 -0.0010693763540344 0.0000384711090541 0.0019657119948087 0.9968734848724935 0.9976483474268750
0.9999457042203034 -0.0010923929621705 0.0000384580971648 0.0020295527152164 0.9968062366657451 0.9975977123733122
1.0106236501952954 -0.0011158033038336 0.0000384448630240 0.0020951810980770 0.9967378400424178 0.9975462102997446
1.0213698368167514 -0.0011396123944932 0.0000384314038138 0.0021626393027116 0.9966682804509633 0.9974938301304607
1.0321843535678228 -0.0011638251357435 0.0000384177167813 0.0022319698500666 0.9965975436760743 0.9974405610389057
1.0430674242319069 -0.0011884467702984 0.0000384037989814 0.0023032169341564 0.9965256145095260 0.9973863914466441
1.0540191027421322 -0.0012134821990577 0.0000383896476629 0.0023764244717820 0.9964524787454248 0.9973313105258161
1.0650395733936808 -0.0012389366581056 0.0000383752598858 0.0024516380663875 0.9963781212025228 0.9972753067096618
1.0761289607340656 -0.0012648152884044 0.0000383606327645 0.0025289037734882 0.9963025269814086 0.9972183686391956
1.0872874256622771 -0.0012911233565036 0.0000383457633432 0.0026082687606875 0.9962256808198681 0.9971604846775812
1.0985150628123119 -0.0013178660133814 0.0000383306487319 0.0026897805939086 0.9961475677974266 0.9971016434407003
1.1098120268839775 -0.0013450485920235 0.0000383152859388 0.0027734881458295 0.9960681724662268 0.9970418331423724
1.1211784657156281 -0.0013726764513453 0.0000382996719580 0.0028594411420700 0.9959874793070639 0.9969810419377213
1.1326144984032407 -0.0014007549214858 0.0000382838038006 0.0029476899982065 0.9959054728892691 0.9969192580435171
1.1441202708433824 -0.0014292894387995 0.0000382676784185 0.0030382862516247 0.9958221374765547 0.9968564694411075
1.1556959273283640 -0.0014582854777768 0.0000382512927430 0.0031312823648793 0.9957374572259875 0.9967926640261765
1.1673415902699076 -0.0014877484994065 0.0000382346437136 0.0032267315695975 0.9956514163389072 0.9967278297223364
1.1790574175080943 -0.0015176838850479 0.0000382177282024 0.0033246883453701 0.9955639986386330 0.9966619541627363
1.1908187965666182 -0.0015480330448552 0.0000382005793452 0.0034249948092982 0.9954753753863715 0.9965951662349607
1.2026752411338850 -0.0015789291880034 0.0000381831219979 0.0035281282482680 0.9953851582893344 0.9965271731281994
1.2146021596891667 -0.0016103144753889 0.0000381653888717 0.0036339370655555 0.9952935164142706 0.9964581020566505
1.2265997213782944 -0.0016421946911628 0.0000381473767276 0.0037424797793927 0.9952004330422328 0.9963879402213393
1.2386680524798879 -0.0016745755491298 0.0000381290823674 0.0038538155552346 0.9951058916652377 0.9963166749760304
1.2508073752372471 -0.0017074630652218 0.0000381105024229 0.0039680054997900 0.9950098748989151 0.9962442930074304
1.2630177659827981 -0.0017408629053797 0.0000380916337250 0.0040851104212458 0.9949123663865831 0.9961707817703679
1.2752993398233645 -0.0017747808789836 0.0000380724730245 0.0042051925313933 0.9948133493587202 0.9960961284017990
1.2876522409936919 -0.0018092229169748 0.0000380530170044 0.0043283153978796 0.9947128066970425 0.9960203197688910
1.3000766006736459 -0.0018441949564977 0.0000380332623454 0.0044545435532841 0.9946107212714403 0.9959433427228744
1.3125725122373901 -0.0018797028685783 0.0000380132057666 0.0045839422379575 0.9945070761512133 0.9958651842581987
1.3251401792266810 -0.0019157528795491 0.0000379928437877 0.0047165789528924 0.9944018533751336 0.9957858305848581
1.3377797011849271 -0.0019523509629803 0.0000379721730721 0.0048525212595128 0.9942950357265331 0.9957052684667982
1.3504911769816781 -0.0019895031290695 0.0000379511902639 0.0049918378322011 0.9941866058887021 0.9956234845848999
1.3632747441614474 -0.0020272155411915 0.0000379298919217 0.0051345989147008 0.9940765461049295 0.9955404652803617
1.3761305447521495 -0.0020654944189664 0.0000379082745737 0.0052808759821244 0.9939648384616194 0.9954561967680100
1.3890586894405774 -0.0021043459307972 0.0000378863347783 0.0054307413415771 0.9938514652020661 0.9953706653728291
1.4020593126518941 -0.0021437763574026 0.0000378640690318 0.0055842687695753 0.9937364082493998 0.9952838571699077
1.4151325383289588 -0.0021837919899429 0.0000378414738258 0.0057415331372395 0.9936196495040680 0.9951957582086577
1.4282784679517673 -0.0022243990914310 0.0000378185456693 0.0059026102655381 0.9935011709565958 0.9951063545977371
1.4414972285464569 -0.0022656040439293 0.0000377952810055 0.0060675775192291 0.9933809542582881 0.9950156321809275
1.4547889954853666 -0.0023074134242308 0.0000377716761691 0.0062365141432202 0.9932589805007030 0.9949235763704226
1.4681538258646203 -0.0023498334795683 0.0000377477276821 0.0064094991584210 0.9931352317454104 0.9948301733011619
1.4815919001945390 -0.0023928708882632 0.0000377234318249 0.0065866144520977 0.9930096888051072 0.9947354081559805
1.4951033010678321 -0.0024365320590584 0.0000376987850315 0.0067679419431262 0.9928823332878632 0.9946392667083178
1.5086881713811404 -0.0024808236351866 0.0000376737836051 0.0069535656606858 0.9927531461268927 0.9945417342122636
1.5223465752118877 -0.0025257520434650 0.0000376484239728 0.0071435698807860 0.9926221088959972 0.9944427963954067
1.5360786893111167 -0.0025713241211087 0.0000376227023315 0.0073380417792655 0.9924892019815835 0.9943424380784863
1.5498846286604058 -0.0026175465456464 0.0000375966149701 0.0075370690525774 0.9923544062456601 0.9942406444307063
1.5637644746298791 -0.0026644259214055 0.0000375701582205 0.0077407402722802 0.9922177027737156 0.9941374007792803
1.5777183935844432 -0.0027119691803969 0.0000375433282313 0.0079491466435741 0.9920790717059549 0.9940326917264974
1.5917464890365700 -0.0027601830846113 0.0000375161212490 0.0081623798662308 0.9919384936889163 0.9939265022457627
1.6058488890908518 -0.0028090745211378 0.0000374885334514 0.0083805334319059 0.9917959490151329 0.9938188170315982
1.6200256952244398 -0.0028586503259689 0.0000374605610470 0.0086037018601567 0.9916514181371175 0.9937096208876549
1.6342770382914464 -0.0029089174783700 0.0000374322001652 0.0088319815829109 0.9915048811009393 0.9935988982985524
1.6486030108702459 -0.0029598828636172 0.0000374034469907 0.0090654698894324 0.9913563182381727 0.9934866339524270
1.6630037437987164 -0.0030115535429436 0.0000373742976108 0.0093042661686221 0.9912057093792351 0.9933728121462738
1.6774793649501822 -0.0030639366095622 0.0000373447480969 0.0095484712785756 0.9910530342734105 0.9932574171030161
1.6920299487579893 -0.0031170390032288 0.0000373147946090 0.0097981866856921 0.9908982731295426 0.9931404333799770
1.7066556292057944 -0.0031708679195651 0.0000372844331650 0.0100535163916373 0.9907414054233254 0.9930218449671232
1.7213565546007981 -0.0032254306506931 0.0000372536597305 0.0103145662283408 0.9905824103621845 0.9929016356380393
1.7361327906548254 -0.0032807342232231 0.0000372224704234 0.0105814421321605 0.9904212679404222 0.9927797897474578
1.7509844605304354 -0.0033367859160453 0.0000371908612214 0.0108542526284052 0.9902579574306365 0.9926562910904596
1.7659116820430090 -0.0033935930293281 0.0000371588280926 0.0111331077535151 0.9900924580572206 0.9925311234113309
1.7809145707770127 -0.0034511628956589 0.0000371263669892 0.0114181191236766 0.9899247489642046 0.9924042703789691
1.7959932577061977 -0.0035095029481155 0.0000370934738095 0.0117094002917464 0.9897548090172950 0.9922757154368352
1.8111477984988820 -0.0035686203674453 0.0000370601445962 0.0120070649934316 0.9895826178318914 0.9921454425803768
1.8263783457799618 -0.0036285227502302 0.0000370263751604 0.0123112305094741 0.9894081538271591 0.9920134348846299
1.8416850001664808 -0.0036892175313260 0.0000369921614071 0.0126220147935234 0.9892313959087268 0.9918796757768603
1.8570678533263354 -0.0037507121482709 0.0000369574992423 0.0129395372990989 0.9890523229900677 0.9917441486742570
1.8725270252003949 -0.0038130141903767 0.0000369223844892 0.0132639197686440 0.9888709135587072 0.9916068366552993
1.8880626253671724 -0.0038761312456734 0.0000368868129749 0.0135952854686575 0.9886871461223268 0.9914677227970100
1.9036747570575736 -0.0039400709156708 0.0000368507805213 0.0139337592771702 0.9885009991661132 0.9913267901423884
1.9193635113397254 -0.0040048407901462 0.0000368142829603 0.0142794675608531 0.9883124512264947 0.9911840217559507
1.9351290034831414 -0.0040704485969863 0.0000367773160487 0.0146325389914000 0.9881214804553201 0.9910394003933980
1.9509713562228512 -0.0041369021356387 0.0000367398755063 0.0149931042228653 0.9879280648140600 0.9908929086482315
1.9668906260579266 -0.0042042089654546 0.0000367019571911 0.0153612942053428 0.9877321829812193 0.9907445296387611
1.9828869509087246 -0.0042723770262388 0.0000366635567502 0.0157372435770721 0.9875338125466487 0.9905942456400916
1.9989604564432413 -0.0043414142478967 0.0000366246698393 0.0161210885801169 0.9873329311481875 0.9904420389445524
2.0151112132548969 -0.0044113283622272 0.0000365852922295 0.0165129660088895 0.9871295170195876 0.9902878922766472
2.0313393203318921 -0.0044821272590824 0.0000365454196058 0.0169130151955749 0.9869235479545267 0.9901317880078140
2.0476449129896839 -0.0045538190260813 0.0000365050475458 0.0173213782828213 0.9867150011916908 0.9899737080687602
2.0640280359866683 -0.0046264113903376 0.0000364641718333 0.0177381970605895 0.9865038550391879 0.9898136351804148
2.0804888594132347 -0.0046999126705445 0.0000364227879230 0.0181636184257292 0.9862900861055615 0.9896515507545142
2.0970274068103469 -0.0047743305703495 0.0000363808916194 0.0185977874608907 0.9860736728098376 0.9894874375543122
2.1136438114447316 -0.0048496733194061 0.0000363384784347 0.0190408540386442 0.9858545920632802 0.9893212771783508
2.1303381790815847 -0.0049259490628664 0.0000362955439328 0.0194929693209163 0.9856328210455444 0.9891530514066847
2.1471106037030694 -0.0050031659291472 0.0000362520836907 0.0199542861560237 0.9854083370079889 0.9889827420514445
2.1639611728403341 -0.0050813320525811 0.0000362080932864 0.0204249592218931 0.9851811172082560 0.9888103309068754
2.1808899642860742 -0.0051604555567271 0.0000361635683080 0.0209051449359867 0.9849511389592362 0.9886357997861411
2.1978971285014905 -0.0052405449420315 0.0000361185041357 0.0213950038432439 0.9847183785029324 0.9884591296661616
2.2149827130092374 -0.0053216082622632 0.0000360728964056 0.0218946956202081 0.9844828134046245 0.9882803025042515
2.2321468469620633 -0.0054036539916671 0.0000360267405214 0.0224043843862908 0.9842444200331623 0.9880992993252644
2.2462931492215557 -0.0054717328294443 0.0000359884451207 0.0228302995809086 0.9840466279500339 0.9879491010641379
2.2604394514810480 -0.0055402234744750 0.0000359499198321 0.0232615262615318 0.9838476502193664 0.9877979821967924
2.2778191510956436 -0.0056249358171558 0.0000359022744017 0.0237986350953188 0.9836015710932983 0.9876110628215568
2.2952698489973415 -0.0057106226035286 0.0000358540858649 0.0243461101941701 0.9833526901544687 0.9874219835753416
2.3127995207604650 -0.0057973305742033 0.0000358053281210 0.0249043663032446 0.9831008727174789 0.9872306410159936
2.3304082652270712 -0.0058850682536523 0.0000357559965698 0.0254735787685998 0.9828460951450346 0.9870370160186142
2.3480960964816919 -0.0059738437744331 0.0000357060868362 0.0260539223487339 0.9825883349667043 0.9868410903180856
2.3658631713289391 -0.0060636660157081 0.0000356555941306 0.0266455786555358 0.9823275675736831 0.9866428439964290
2.3837095398547783 -0.0061545433544072 0.0000356045139510 0.0272487280316311 0.9820637698455728 0.9864422582389096
2.4016353257637419 -0.0062464845737474 0.0000355528415724 0.0278635555339563 0.9817969175133106 0.9862393133289008
2.4196406083558792 -0.0063394982647378 0.0000355005723831 0.0284902469994688 0.9815269868972506 0.9860339899688517
2.4377254340638523 -0.0064335928780454 0.0000354477018560 0.0291289893611759 0.9812539547569210 0.9858262691659342
2.4558899165423815 -0.0065287772440238 0.0000353942252563 0.0297799741931588 0.9809777967827000 0.9856161310840654
2.4741341714213885 -0.0066250602394773 0.0000353401378289 0.0304433955138650 0.9806984885637875 0.9854035557794598
2.4924582589391822 -0.0067224504819006 0.0000352854349703 0.0311194476792030 0.9804160064757362 0.9851885238757603
2.5108622215607079 -0.0068209565209574 0.0000352301121211 0.0318083266710918 0.9801303271253143 0.9849710161414360
2.5293462393949278 -0.0069205876755463 0.0000351741642960 0.0325102360097153 0.9798414249239314 0.9847510116414225
2.5479103050502112 -0.0070213522885914 0.0000351175870642 0.0332253745334805 0.9795492771494184 0.9845284915907767
2.5665545365918048 -0.0071232594078623 0.0000350603756055 0.0339539482167189 0.9792538590725338 0.9843034356432502
2.5852789815755108 -0.0072263177272457 0.0000350025253048 0.0346961627126978 0.9789551470275959 0.9840758242292506
2.6040837378992769 -0.0073305362451770 0.0000349440313827 0.0354522280660193 0.9786531165044144 0.9838456371018152
2.6229688690011130 -0.0074359237991817 0.0000348848891571 0.0362223553907273 0.9783477434982850 0.9836128543646382
2.6419344838166241 -0.0075424895098539 0.0000348250937938 0.0370067601189491 0.9780390032241849 0.9833774554914935
2.6609806354688734 -0.0076502422142866 0.0000347646406250 0.0378056578721434 0.9777268717592280 0.9831394205777730
2.6801074152418529 -0.0077591909921749 0.0000347035248538 0.0386192683397737 0.9774113245191671 0.9828987291784501
2.6993148821841726 -0.0078693447678848 0.0000346417417778 0.0394478123521765 0.9770923374119707 0.9826553611872088
2.7186031183958335 -0.0079807126242498 0.0000345792866134 0.0402915142359588 0.9767698859297743 0.9824092961432993
2.7379721971413016 -0.0080933036208414 0.0000345161545976 0.0411506004769428 0.9764439456761008 0.9821605136331029
2.7574222046847883 -0.0082071269202147 0.0000344523409175 0.0420253006991120 0.9761144920012500 0.9819089930112795
2.7769531986350562 -0.0083221915439962 0.0000343878408472 0.0429158458100385 0.9757815007091963 0.9816547139398516
2.7965652795200975 -0.0084385067929047 0.0000343226495126 0.0438224712592827 0.9754449468428879 0.9813976554601413
2.8162584771367016 -0.0085560815742015 0.0000342567622682 0.0447454118291221 0.9751048066313027 0.9811377974791972
2.8360328795421008 -0.0086749251652267 0.0000341901742697 0.0456849075944089 0.9747610552810410 0.9808751190825117
2.8558885674798802 -0.0087950468266856 0.0000341228806906 0.0466412009475810 0.9744136680964157 0.9806095993887430
2.8758255607170984 -0.0089164554730949 0.0000340548769075 0.0476145339546565 0.9740626214331390 0.9803412182784000
2.8958439814345085 -0.0090391606651150 0.0000339861579436 0.0486051563088088 0.9737078898298540 0.9800699542004259
2.9159438629743590 -0.0091631714459870 0.0000339167191212 0.0496133160318547 0.9733494493736334 0.9797957867444463
2.9361252947479626 -0.0092884919900216 0.0000338465557050 0.0506392666072419 0.9729872751329736 0.9795186946783812
2.9557789280314428 -0.0094113117088693 0.0000337778014923 0.0516516607717942 0.9726323815203177 0.9792471058435309
2.9761225803596929 -0.0095392538665651 0.0000337061915860 0.0527134799035386 0.9722627549182472 0.9789641717199300
2.9965466011914450 -0.0096685296887056 0.0000336338475262 0.0537937838474054 0.9718893465965232 0.9786782696365721
3.0170523794440114 -0.0097991568096235 0.0000335607598693 0.0548929042098843 0.9715121080670146 0.9783893601519796
3.0376400155046217 -0.0099311448133862 0.0000334869236881 0.0560111086467213 0.9711310141598037 0.9780974216241147
3.0583095590315490 -0.0100645029827520 0.0000334123342343 0.0571486648764351 0.9707460406344725 0.9778024330751656
3.0790610630445596 -0.0101992406408333 0.0000333369867476 0.0583058435488601 0.9703571631943284 0.9775043734361609
3.0998946016772022 -0.0103353672678532 0.0000332608763906 0.0594829192814538 0.9699643571507565 0.9772032212888767
3.1208102116082461 -0.0104728921188997 0.0000331839984628 0.0606801673781170 0.9695675985274796 0.9768989557116950
3.1418079647978887 -0.0106118246986751 0.0000331063481352 0.0618978679495057 0.9691668626918167 0.9765915552295732
3.1628879237943148 -0.0107521744700083 0.0000330279206138 0.0631363034176301 0.9687621251971098 0.9762809984591381
3.1840500892337955 -0.0108939504988105 0.0000329487113377 0.0643957553505522 0.9683533628073320 0.9759672648946979
3.2052945876134489 -0.0110371627106021 0.0000328687152779 0.0656765156300283 0.9679405498754738 0.9756503321280053
3.2266214092600696 -0.0111818201336648 0.0000327879279184 0.0669788708505374 0.9675236634099855 0.9753301797362743
3.2480306627833477 -0.0113279326122025 0.0000327063442999 0.0683031176396412 0.9671026781376829 0.9750067854912514
3.2695223750527092 -0.0114755094531286 0.0000326239597756 0.0696495505281316 0.9666775704052817 0.9746801283543414
3.2910965762758893 -0.0116245599981979 0.0000325407696921 0.0710184670709406 0.9662483165314323 0.9743501872108192
3.3127533225848915 -0.0117750937818617 0.0000324567693012 0.0724101693327773 0.9658148923537001 0.9740169405206935
3.3344926725824324 -0.0119271203719263 0.0000323719538494 0.0738249624701926 0.9653772736891821 0.9736803666717100
3.3563147260693196 -0.0120806496430767 0.0000322863184257 0.0752631573236508 0.9649354355489261 0.9733404433740880
3.3782194116963216 -0.0122356902778425 0.0000321998587977 0.0767250563425641 0.9644893564528694 0.9729971509799719
3.4002068561998740 -0.0123922523669109 0.0000321125699613 0.0782109779878020 0.9640390109482547 0.9726504667265063
3.4222770872970916 -0.0125503453164516 0.0000320244473088 0.0797212371219750 0.9635843756333349 0.9723003693696078
3.4444301536703970 -0.0127099786938804 0.0000319354861570 0.0812561529665586 0.9631254267251130 0.9719468373117729
3.4538228656941476 -0.0127779479826515 0.0000318976141138 0.0819127127124437 0.9629300493332371 0.9717963020512795
3.4632155777178983 -0.0128460814850692 0.0000318596510953 0.0825727191428557 0.9627342040307608 0.9716453855995418
3.4751222411694545 -0.0129326942224539 0.0000318113964907 0.0834143420831037 0.9624852691548090 0.9714535289512675
3.4974948881574437 -0.0130961779585988 0.0000317203309346 0.0850108255488876 0.9620154919603495 0.9710913756389740
3.5199282469959532 -0.0132610716125941 0.0000316285015760 0.0866314861493095 0.9615417877622316 0.9707260740951575
3.5424446571761430 -0.0134275472003802 0.0000315358132918 0.0882782370970257 0.9610636662553186 0.9703572428661265
3.5650440863588004 -0.0135956137388660 0.0000314422617807 0.0899514077581287 0.9605811056687107 0.9699848615714344
3.5877266132918431 -0.0137652810755217 0.0000313478422951 0.0916513386217835 0.9600940819381389 0.9696089079967459
3.6104922508384028 -0.0139365585768718 0.0000312525503717 0.0933783683091739 0.9596025724739519 0.9692293610001267
3.6333409850591907 -0.0141094554104836 0.0000311563816746 0.0951328362998587 0.9591065553520067 0.9688461998880201
3.6562729202844690 -0.0142839816460637 0.0000310593313830 0.0969150941567618 0.9586060061570011 0.9684594019755609
3.6792880562676555 -0.0144601465703856 0.0000309613951289 0.0987254884558255 0.9581009028186954 0.9680689463214618
3.7023864027432847 -0.0146379595485419 0.0000308625685188 0.1005643694767455 0.9575912231421190 0.9676748118201171
3.7255680605078076 -0.0148174306553294 0.0000307628467823 0.1024320978285868 0.9570769430006875 0.9672769758025327
3.7488329587442331 -0.0149985686440449 0.0000306622259020 0.1043290233532665 0.9565580421589349 0.9668754185395055
3.7721811944556904 -0.0151813835736676 0.0000305607011536 0.1062555124725675 0.9560344967460567 0.9664701174185898
3.7956127787466336 -0.0153658848421643 0.0000304582681990 0.1082119277067094 0.9555062848931166 0.9660610513044406
3.8191277543188313 -0.0155520821002369 0.0000303549225792 0.1101986372451275 0.9549733841172903 0.9656481985138947
3.8427260989574292 -0.0157399844874135 0.0000302506601386 0.1122160068116908 0.9544357735102301 0.9652315385104909
3.8664078950456413 -0.0159296019784354 0.0000301454762782 0.1142644140924180 0.9538934298873829 0.9648110489197849
3.8901731215438495 -0.0161209437267550 0.0000300393668748 0.1163442309611261 0.9533463325294654 0.9643867092032918
3.9069296196156755 -0.0162564807752990 0.0000299642177303 0.1178253118306329 0.9529588753064188 0.9640860895566579
3.9233643302428156 -0.0163899181237848 0.0000298902447727 0.1192897531361447 0.9525774905723994 0.9637901003231127
3.9473443033448778 -0.0165855206283709 0.0000297818369980 0.1214475790769199 0.9520185855342244 0.9633561936725116
3.9713927463591361 -0.0167827565598487 0.0000296725569914 0.1236367660783671 0.9514552034004838 0.9629186359297883
3.9955246766668719 -0.0169817573828012 0.0000295623329163 0.1258590445284859 0.9508869743871530 0.9624771352785284
4.0197401921466636 -0.0171825332128841 0.0000294511602232 0.1281148134601284 0.9503138756334408 0.9620316691014937
4.0440392641661242 -0.0173850931231124 0.0000293390349631 0.1304044633217430 0.9497358873840830 0.9615822171143388
4.0684218506284768 -0.0175894460652152 0.0000292259532767 0.1327283861367202 0.9491529903587351 0.9611287593227136
4.0928880865905786 -0.0177956024768235 0.0000291119105062 0.1350869939097909 0.9485651611717103 0.9606712724566483
4.1174378348610334 -0.0180035705040636 0.0000289969032850 0.1374806755373550 0.9479723831068976 0.9602097383538478
4.1420712071332044 -0.0182133603898668 0.0000288809271112 0.1399098469855046 0.9473746336068916 0.9597441342225659
4.1667881692110003 -0.0184249811411420 0.0000287639781912 0.1423749130833175 0.9467718937772710 0.9592744400387617
4.1915887187125351 -0.0186384420290974 0.0000286460526100 0.1448762847317750 0.9461641441116069 0.9588006352176914
4.2164729265477252 -0.0188537529560804 0.0000285271461298 0.1474143833371757 0.9455513634514842 0.9583226978005216
4.2414407270882348 -0.0190709226421962 0.0000284072551915 0.1499896194697782 0.9449335341504036 0.9578406084806634
4.2664921809199958 -0.0192899608974349 0.0000282863756608 0.1526024196355727 0.9443106356095188 0.9573543455613914
4.2769644799070958 -0.0193818640264064 0.0000282356704466 0.1537032748937429 0.9440493565564819 0.9571503139795030
4.2874367788941958 -0.0194739544095843 0.0000281848633368 0.1548092279029896 0.9437875552339744 0.9569458358378818
4.3004476485369700 -0.0195886442485629 0.0000281215980306 0.1561903885471519 0.9434615648445347 0.9566911690256352
4.3257197560802698 -0.0198122921093175 0.0000279982633608 0.1588957306038103 0.9428260720256348 0.9561945428239651
4.3510514522935111 -0.0200376262644529 0.0000278740445949 0.1616375051584935 0.9421860507155836 0.9556941460645296
4.3764667967293915 -0.0202648683264495 0.0000277488208844 0.1644187069513373 0.9415408789797299 0.9551894868363298
4.4019657775731806 -0.0204940274283658 0.0000276225886067 0.1672397710655775 0.9408905389259939 0.9546805450770592
4.4275483789786740 -0.0207251126588208 0.0000274953441927 0.1701011350696562 0.9402350129527125 0.9541673008597319
4.4532145276667663 -0.0209581325748972 0.0000273670843953 0.1730032329182666 0.9395742851320020 0.9536497354759963
4.4789642965932162 -0.0211930970519466 0.0000272378052720 0.1759465179991442 0.9389083359675778 0.9531278273288787
4.5047976340772475 -0.0214300148267738 0.0000271075035376 0.1789314325679460 0.9382371493644649 0.9526015573910511
4.5307145505654418 -0.0216688951945686 0.0000269761756308 0.1819584289000417 0.9375607078205634 0.9520709054371835
4.5567149914408809 -0.0219097468420189 0.0000268438183565 0.1850279545789716 0.9368789957351812 0.9515358526374756
4.5827989708008046 -0.0221525790807209 0.0000267104282082 0.1881404681275307 0.9361919959193918 0.9509963788192720
4.6089664519689979 -0.0223974007423426 0.0000265760019758 0.1912964249519759 0.9354996927266599 0.9504524649229894
4.6221704701814055 -0.0225213846135065 0.0000265079405223 0.1929016835110900 0.9351491829492474 0.9501769783146128
4.6340706855037359 -0.0226333838019223 0.0000264464675427 0.1943557949404473 0.9348326095632392 0.9499281032481821
4.6604283408058134 -0.0228823389027629 0.0000263098664287 0.1976014032726364 0.9341291662672329 0.9493748814431705
4.6868428232009318 -0.0231330580745976 0.0000261723573372 0.2008885645977389 0.9334210818431775 0.9488177196617614
4.7133408042441509 -0.0233858017411489 0.0000260337991030 0.2042210172072733 0.9327076302728317 0.9482560399243756
4.7399221732230146 -0.0236405779549983 0.0000258941891009 0.2075992212893822 0.9319887989986114 0.9476898251087386
4.7665869131248266 -0.0238973956461281 0.0000257535242601 0.2110236514688204 0.9312645731859390 0.9471190561991165
4.7933350185543064 -0.0241562638474717 0.0000256118014899 0.2144947867152057 0.9305349379150120 0.9465437140090902
4.8201664631350392 -0.0244171913799101 0.0000254690178525 0.2180131061168149 0.9297998790720641 0.9459637798835118
4.8470811792465174 -0.0246801866489706 0.0000253251706751 0.2215790860305816 0.9290593839234657 0.9453792361523286
4.8740792161885622 -0.0249452591918474 0.0000251802567039 0.2251932210695975 0.9283134367636638 0.9447900626940289
4.9011604343831676 -0.0252124166809951 0.0000250342737433 0.2288559833287623 0.9275620273526256 0.9441962435976259
4.9122000785889588 -0.0253216871157730 0.0000249745856378 0.2303599137056808 0.9272548100360190 0.9439533618947306
4.9232397227947500 -0.0254311529041951 0.0000249147950099 0.2318701182738141 0.9269470696697933 0.9437100108015231
4.9337202976431787 -0.0255352666911064 0.0000248579372967 0.2333096577121400 0.9266544308392795 0.9434785495819843
4.9610153232756433 -0.0258073024707779 0.0000247094267723 0.2370853571501879 0.9258900968183177 0.9428737643223520
4.9883626407577593 -0.0260811436584565 0.0000245600058598 0.2409070211113782 0.9251211201483310 0.9422649560324617
5.0157931148016921 -0.0263571061237384 0.0000244095042258 0.2447793997163700 0.9243466252903062 0.9416514238727396
5.0433065923121028 -0.0266351972906364 0.0000242579200064 0.2487029762382749 0.9235666038064527 0.9410331528049103
5.0709030337152363 -0.0269154257042135 0.0000241052507685 0.2526782523189061 0.9227810443476996 0.9404101253766129
5.0985823876922280 -0.0271977997766197 0.0000239514941942 0.2567057304532962 0.9219899361786137 0.9397823245114849
5.1263446314761048 -0.0274823281984955 0.0000237966478577 0.2607859198407070 0.9211932680285010 0.9391497325967949
5.1541896278085089 -0.0277690184698135 0.0000236407100250 0.2649193152398807 0.9203910322074285 0.9385123347521638
5.1821174350613592 -0.0280578800880673 0.0000234836779207 0.2691064428295207 0.9195832156866788 0.9378701117436548
5.1912556273667683 -0.0281526735869019 0.0000234321595379 0.2704855397568880 0.9193182000754198 0.9376593357879306
5.2003938196721773 -0.0282476019095273 0.0000233805741741 0.2718691013444195 0.9190528443249022 0.9374482468672765
5.2284937167789405 -0.0285403875683810 0.0000232215298967 0.2761515743932637 0.9182347521029214 0.9367971917098316
5.2566409381683412 -0.0288349978415242 0.0000230615855518 0.2804837841048907 0.9174120813503180 0.9361420845583093
5.2848707483775650 -0.0291318081621882 0.0000229005396842 0.2848716049265230 0.9165837971131469 0.9354820927424290
5.3131830251662251 -0.0294308260625431 0.0000227383907900 0.2893155468521101 0.9157498930002074 0.9348172017789798
5.3415776816109819 -0.0297320594241000 0.0000225751372238 0.2938161274166731 0.9149103619144278 0.9341473965090465
5.3700546339798860 -0.0300355161433570 0.0000224107773808 0.2983738667779707 0.9140651969909936 0.9334726618441611
5.3986138122682403 -0.0303412042459824 0.0000222453096361 0.3029892894294243 0.9132143912838849 0.9327929825151395
5.4272551298658120 -0.0306491315636691 0.0000220787325204 0.3076629193115932 0.9123579386697205 0.9321083437933493
5.4390529272374053 -0.0307763540954613 0.0000220099335680 0.3096011796736001 0.9120042252983565 0.9318254577910358
5.4508507246089986 -0.0309037964171502 0.0000219410281177 0.3115471113888787 0.9116499727249627 0.9315420634263584
5.4796714681244216 -0.0312160908661170 0.0000217722519933 0.3163331383373055 0.9107823128778638 0.9308476278106668
5.5085443123404580 -0.0315303229213446 0.0000216025368226 0.3211739388626142 0.9099098856895511 0.9301489081179747
5.5374990260414831 -0.0318468231277775 0.0000214317068597 0.3260749789764631 0.9090317891563047 0.9294451723876112
5.5665354517306529 -0.0321655984382368 0.0000212597613488 0.3310367803756832 0.9081480209326334 0.9287364083506543
5.5956534703087284 -0.0324866562007994 0.0000210866993743 0.3360598728768344 0.9072585778774864 0.9280226029846805
5.6248529627388422 -0.0328100037430823 0.0000209125200865 0.3411447879911811 0.9063634572129455 0.9273037434411974
5.6541338500922942 -0.0331356488191763 0.0000207372224620 0.3462920659686126 0.9054626552925193 0.9265798160552040
5.6661510538281004 -0.0332696857333464 0.0000206650962819 0.3484185683629281 0.9050920374855930 0.9262818224626752
5.6781055009097638 -0.0334032456680703 0.0000205932420410 0.3505420661432047 0.9047228267700544 0.9259848746315055
5.7075660636861398 -0.0337333805533913 0.0000204157189200 0.3558097729373051 0.9038107026646990 0.9252509069384830
5.7370757106984875 -0.0340654743342091 0.0000202372679419 0.3611356635975720 0.9028938804486180 0.9245126313164957
5.7666662878494330 -0.0343998916586172 0.0000200576963090 0.3665259663372220 0.9019713711853071 0.9237692410859161
5.7963376438372132 -0.0347366393539627 0.0000198770037598 0.3719812160702324 0.9010431752642535 0.9230207252574983
5.8260895697441457 -0.0350757235665819 0.0000196951904573 0.3775019382292401 0.9001092952815251 0.9222670745051613
5.8559219130758215 -0.0354171510566720 0.0000195122562948 0.3830886696902780 0.8991697324746762 0.9215082782911106
5.8668858292377832 -0.0355429901390612 0.0000194448671679 0.3851547782445068 0.8988236360572870 0.9212286271845826
5.8778497453997449 -0.0356689975599544 0.0000193773943576 0.3872278245719107 0.8984771164788427 0.9209485576563190
5.8961888054222023 -0.0358801958936764 0.0000192643462957 0.3907108839782220 0.8978965593466589 0.9204791587382128
5.9262298266141782 -0.0362273169189158 0.0000190786571278 0.3964585249842735 0.8969430171964300 0.9197077216481162
5.9563303910577261 -0.0365765672249738 0.0000188919729228 0.4022701025342183 0.8959844442545017 0.9189316268879073
5.9865106789400162 -0.0369281879075718 0.0000187041684258 0.4081500307001956 0.8950201991911878 0.9181503437530790
6.0167704657392482 -0.0372821847444629 0.0000185152443737 0.4140988378536375 0.8940502877194919 0.9173638647011604
6.0471095364070102 -0.0376385635938650 0.0000183252015245 0.4201170547237925 0.8930747156867359 0.9165721821849023
6.0568604974380351 -0.0377534123315724 0.0000182639899353 0.4220627755111523 0.8927605080093787 0.9163170695208258
6.0640817791938790 -0.0378385514389892 0.0000182186175071 0.4235073215055765 0.8925276088960827 0.9161279318987036
6.0708749852100734 -0.0379187135685977 0.0000181759029369 0.4248690344323184 0.8923083563389592 0.9159498444882472
6.1013914738111135 -0.0382797144707962 0.0000179836394475 0.4310196531178863 0.8913215265414864 0.9151479072631452
6.1319501730666444 -0.0386426812339438 0.0000177904891145 0.4372338425594599 0.8903302320831741 0.9143417031607783
6.1625873491926217 -0.0390080502757648 0.0000175962235257 0.4435194552412119 0.8893333026037872 0.9135302687484442
6.1933026453475000 -0.0393758256006750 0.0000174008447243 0.4498769944207134 0.8883307506804254 0.9127136014151743
6.2240958382924578 -0.0397460127716260 0.0000172043539916 0.4563069906209899 0.8873225850092522 0.9118916952827699
6.2549665854196004 -0.0401185737730221 0.0000170067546739 0.4628099492819427 0.8863088185043785 0.9110645478798455
6.2843487722816098 -0.0404745166321309 0.0000168181166189 0.4690522714826943 0.8853411104151029 0.9102743467632007
6.3153727753416904 -0.0408518021581704 0.0000166183414554 0.4756995748678261 0.8843163634283898 0.9094368928838740
6.3464706836624751 -0.0412314816828063 0.0000164174802415 0.4824207655703987 0.8832861438196228 0.9085942631094962
6.3776448235482253 -0.0416135914972651 0.0000162155183027 0.4892169152543168 0.8822503785761527 0.9077463842995724
6.3900127718183226 -0.0417656041089298 0.0000161352247419 0.4919294584539437 0.8818386196830136 0.9074091187991493
6.4023807200884200 -0.0419178524013715 0.0000160548363642 0.4946512504091089 0.8814263905740971 0.9070713544719784
6.4337225643861951 -0.0423046459331303 0.0000158507023438 0.5015900698287528 0.8803796583640963 0.9062131913646692
6.4650768210542946 -0.0426931011612172 0.0000156458850425 0.5085912702784503 0.8793295270775909 0.9053515014143109
6.4965366763647729 -0.0430843784836275 0.0000154397772451 0.5156761423911521 0.8782728856800989 0.9044837190630597
6.5280706093121159 -0.0434780959861951 0.0000152325852707 0.5228382480723749 0.8772107944604590 0.9036106999808192
6.5392673947423443 -0.0436182589471105 0.0000151588741086 0.5253959154599824 0.8768329684333723 0.9032999496412251
6.5504641801725727 -0.0437586131410736 0.0000150850882077 0.5279612503570292 0.8764547732108303 0.9029887985523926
6.5548520123015122 -0.0438136677195372 0.0000150561524178 0.5289686545391531 0.8763064644314983 0.9028667545050764
6.5592398444304516 -0.0438687444765717 0.0000150272054086 0.5299772375989780 0.8761580991939886 0.9027446490434397
6.5642048229611358 -0.0439310970225310 0.0000149944372512 0.5311199051483132 0.8759901509888678 0.9026064086158986
6.5958961376624945 -0.0443299748847626 0.0000147849359020 0.5384491322437089 0.8749164488369872 0.9017221756523208
6.6276599322592995 -0.0447312956695659 0.0000145743636991 0.5458570145154276 0.8738373726013602 0.9008327235742223
6.6594954297221172 -0.0451350572305914 0.0000143627268860 0.5533439347447012 0.8727529568060820 0.8999380664535049
6.6914020630200897 -0.0455412599866453 0.0000141500304260 0.5609103207493445 0.8716632294397838 0.8990382129155090
6.6976627076757316 -0.0456211447233570 0.0000141082271337 0.5624023622185426 0.8714490687617090 0.8988612713404006
6.7039233523313735 -0.0457010782488798 0.0000140664017716 0.5638968282621125 0.8712347980227408 0.8986842071828038
6.7099146417359945 -0.0457776233770290 0.0000140263551078 0.5653292683630908 0.8710296431183565 0.8985146462630134
6.7419792319707899 -0.0461882022764069 0.0000138116843589 0.5730332942084372 0.8699299794025031 0.8976052759640898
6.7740662004644037 -0.0466006168491718 0.0000135962834794 0.5808065552105134 0.8688266985967499 0.8966920721043551
6.8062215250661620 -0.0470154620051076 0.0000133798466539 0.5886605991373299 0.8677182367083647 0.8957737272534434
6.8206711077929096 -0.0472023855183227 0.0000132824001006 0.5922109302770507 0.8672192140299526 0.8953600143922603
6.8274996747008263 -0.0472908305312232 0.0000132363088442 0.5938932720903212 0.8669831901710815 0.8951642791043385
6.8319066757591402 -0.0473479480226411 0.0000132065489764 0.5949805618159544 0.8668307990542142 0.8950378800035566
6.8363136768174542 -0.0474050878051351 0.0000131767786393 0.5960690637735281 0.8666783556716104 0.8949114213124107
6.8418045880546901 -0.0474763168933663 0.0000131396714697 0.5974269814767972 0.8664883455447717 0.8947537765431275
6.8741342751058321 -0.0478966175632591 0.0000129208557679 0.6054604090748352 0.8653679588767427 0.8938237162304783
6.9064959204423246 -0.0483188970838340 0.0000127012556772 0.6135672899561393 0.8642436873422518 0.8928895442872956
6.9389217559208962 -0.0487435805496108 0.0000124806553867 0.6217561248833828 0.8631144286273685 0.8919503312443646
6.9528999454561617 -0.0489271369122702 0.0000123853856332 0.6253065556591350 0.8626267818465307 0.8915444729690247
6.9668781349914273 -0.0491109639068472 0.0000122900129011 0.6288692751917457 0.8621386300764012 0.8911380256971333
6.9823637708261144 -0.0493149385855045 0.0000121842349720 0.6328305689154149 0.8615972479392219 0.8906870597679377
7.0149614292903246 -0.0497454735558152 0.0000119611586976 0.6412185880279195 0.8604556234995679 0.8897354147196376
7.0475924597881914 -0.0501780267871406 0.0000117373004615 0.6496823784199328 0.8593101378838831 0.8887796167228158
7.0600570232266628 -0.0503436717395202 0.0000116516449509 0.6529331884699132 0.8588718749602269 0.8884136800831964
7.0725215866651343 -0.0505095465326106 0.0000115659097456 0.6561938324569292 0.8584332251366139 0.8880472825515333
7.0810912296216806 -0.0506237092363527 0.0000115069193496 0.6584413004272823 0.8581314207869019 0.8877951098208843
7.0894976654847222 -0.0507357953457860 0.0000114490162844 0.6606504876894711 0.8578351878212079 0.8875475286520152
7.1222971786472637 -0.0511741205093647 0.0000112227524788 0.6693129710301498 0.8566777106467983 0.8865795442039071
7.1551133249490793 -0.0516142550042880 0.0000109958324014 0.6780482347515175 0.8555170240683834 0.8856079050354428
7.1668855036417964 -0.0517725314966677 0.0000109142981426 0.6811985421199065 0.8551000161549536 0.8852585794706769
7.1786576823345136 -0.0519310119110427 0.0000108326951671 0.6843576741579348 0.8546826761206078 0.8849088494547547
7.1949519803977813 -0.0521506839449233 0.0000107196333256 0.6887449141220533 0.8541044752855594 0.8844241095250686
7.2112462784610489 -0.0523707295365470 0.0000106064415183 0.6931490864707665 0.8535256446001781 0.8839385980488705
7.2442226215891594 -0.0528172490325274 0.0000103769680058 0.7021141049545758 0.8523522976757475 0.8829536689255422
7.2772222832566813 -0.0532656799458437 0.0000101468059211 0.7111550694687795 0.8511755860437500 0.8819649042997216
7.2856134475533594 -0.0533799614229283 0.0000100881969639 0.7134651271829288 0.8508759708371482 0.8817129821275338
7.2925252510469747 -0.0534741626324864 0.0000100398958308 0.7153713109189540 0.8506290564548281 0.8815053222750902
7.2994370545405900 -0.0535684272421132 0.0000099915721643 0.7172805570114300 0.8503820328222969 0.8812975257057581
7.3325423514282591 -0.0540208920285987 0.0000097598040006 0.7264677209290017 0.8491973643703590 0.8803003566317769
7.3656532166273285 -0.0544750334365674 0.0000095274823344 0.7357268436010289 0.8480100288496877 0.8792999026533672
7.3798738480117798 -0.0546705714432129 0.0000094275470701 0.7397251466728920 0.8474993359854668 0.8788692694955622
7.3842289853627214 -0.0547305148803522 0.0000093969227102 0.7409522502362414 0.8473428443287733 0.8787372717969772
7.3885841227136630 -0.0547904773170324 0.0000093662898665 0.7421805752133882 0.8471863108059872 0.8786052206116609
7.3937031641232922 -0.0548609909510167 0.0000093302728190 0.7436259139605598 0.8470022674384109 0.8784499389202169
7.4268881967929730 -0.0553190322974953 0.0000090964952096 0.7530365262984139 0.8458077844312051 0.8774415127956019
7.4600928872203003 -0.0557789481165790 0.0000088620784011 0.7625238374960296 0.8446102038999976 0.8764294024803642
7.4785488156139781 -0.0560352656903282 0.0000087315699644 0.7678279055179298 0.8439435393584768 0.8758655194727545
7.4970047440076559 -0.0562920428408721 0.0000086009106576 0.7731540062819161 0.8432761515673380 0.8753006905707109
7.5302733031456759 -0.0567561557449125 0.0000083650043202 0.7828105209999764 0.8420713129117430 0.8742801528639420
7.5414929876824992 -0.0569130376494818 0.0000082853363274 0.7860833167011979 0.8416644659385389 0.8739352927535047
7.5527126722193225 -0.0570701019273107 0.0000082056134502 0.7893642781040869 0.8412573586920478 0.8735900867160885
7.5586015700786140 -0.0571526135290620 0.0000081637472592 0.7910896318858188 0.8410435757744474 0.8734087595313308
7.5644904679379055 -0.0572351667010716 0.0000081218663062 0.7928172369406107 0.8408297216433779 0.8732273373189769
7.5701189843773804 -0.0573141124290224 0.0000080818232607 0.7944705595192667 0.8406252568239385 0.8730538480694208
7.6033634490645552 -0.0577813347484394 0.0000078450337935 0.8042777858859850 0.8394162840793450 0.8720273806083492
7.6366546739218988 -0.0582508152051876 0.0000076074392952 0.8141708436787380 0.8382033809678376 0.8709964572179212
7.6453801647953039 -0.0583741185718306 0.0000075450897008 0.8167757084109610 0.8378851190687527 0.8707257600879719
7.6541056556687090 -0.0584975233265626 0.0000074827084297 0.8193855339367396 0.8375667066475594 0.8704548573586287
7.6873988842846828 -0.0589693990756127 0.0000072443931659 0.8293892659899663 0.8363503910306740 0.8694193098346826
7.7003489924099311 -0.0591533769905140 0.0000071515714583 0.8332999685685550 0.8358766966557705 0.8690157079214798
7.7132991005351794 -0.0593375966785466 0.0000070586808670 0.8372216231827684 0.8354026788898259 0.8686116573932521
7.7199981060868978 -0.0594329784191058 0.0000070106025254 0.8392545691802024 0.8351573463060401 0.8684024689930671
7.7266971116386163 -0.0595284194938857 0.0000069625060531 0.8412904481623036 0.8349119279300961 0.8681931609459453
7.7599513685040140 -0.0600031510132244 0.0000067234831878 0.8514401144851582 0.8336923960871232 0.8671523771704374
7.7717615360803221 -0.0601721337679986 0.0000066384877152 0.8550621579208797 0.8332587814071100 0.8667820399431084
7.7835717036566301 -0.0603413172272358 0.0000065534365312 0.8586933357346967 0.8328249064825262 0.8664113341984920
7.7915912595684729 -0.0604563035060883 0.0000064956522070 0.8611642537794517 0.8325301411370107 0.8661594011144401
7.7991861338878001 -0.0605652800154228 0.0000064409045750 0.8635082085705175 0.8322508756674256 0.8659206532041169
7.8323538344445183 -0.0610421646822019 0.0000062015491247 0.8737888629261350 0.8310300507222664 0.8648762383824825
7.8454462575888444 -0.0612308424700147 0.0000061069489866 0.8778668602056618 0.8305475986938785 0.8644631796465169
7.8532301055137594 -0.0613431338737991 0.0000060506747708 0.8802966901708362 0.8302606196496063 0.8642173915697412
7.8610139534386745 -0.0614554970209204 0.0000059943776054 0.8827305000890314 0.8299735318101094 0.8639714456917150
7.8941347283170504 -0.0619345816910197 0.0000057545694291 0.8931310414700403 0.8287507483994304 0.8629231709027121
7.9068171719732065 -0.0621184472276550 0.0000056626325583 0.8971326679326680 0.8282820136003023 0.8625210188128488
7.9136402693675914 -0.0622174615341265 0.0000056131457573 0.8992899041440181 0.8280297199757506 0.8623044910881205
7.9195583374445366 -0.0623033894908803 0.0000055702089848 0.9011634820850830 0.8278108253747154 0.8621165868937901
7.9254764055214819 -0.0623893633793398 0.0000055272591729 0.9030393660993080 0.8275918699259844 0.8619285925543210
7.9584946210421190 -0.0628699522843244 0.0000052873924061 0.9135476857132618 0.8263691608233297 0.8608780804079176
7.9741938706620772 -0.0630990071915433 0.0000051732005619 0.9185693096174621 0.8257871433136076 0.8603776125424035
7.9859316469625306 -0.0632704740008498 0.0000050877647589 0.9223344227684995 0.8253517170516994 0.8600030198818697
7.9965078777758523 -0.0634251406156370 0.0000050107403874 0.9257347351847286 0.8249591814865839 0.8596651960203143
8.0292889338765239 -0.0639055479932356 0.0000047717453069 0.9363209375853632 0.8237413344355664 0.8586163088172952
8.0356005736372218 -0.0639982129526208 0.0000047256852144 0.9383673475885785 0.8235066476342396 0.8584140451266270
8.0413726613678413 -0.0640830043369548 0.0000046835501615 0.9402411248689417 0.8232919660299920 0.8582289841104369
8.0740874102367073 -0.0645644816928613 0.0000044445154058 0.9509028571034924 0.8220741827317319 0.8571785224886097
