0.0001114891169464 -0.0000000000067914 0.0000171364988993 0.0000000000000019 0.9999999999836364 0.9999999999833697
0.0001566475663260 -0.0000000000134088 0.0000171364988960 0.0000000000000053 0.9999999999675665 0.9999999999671655
0.0002127420477421 -0.0000000000247330 0.0000171364988904 0.0000000000000134 0.9999999999400671 0.9999999999394354
0.0002808877244161 -0.0000000000431172 0.0000171364988813 0.0000000000000308 0.9999999998954234 0.9999999998944175
0.0003621226007145 -0.0000000000716647 0.0000171364988672 0.0000000000000660 0.9999999998260999 0.9999999998245123
0.0004574638358435 -0.0000000001143702 0.0000171364988461 0.0000000000001330 0.9999999997223958 0.9999999997199379
0.0005678912072261 -0.0000000001762516 0.0000171364988155 0.0000000000002544 0.9999999995721265 0.9999999995684069
0.0006943460577777 -0.0000000002634856 0.0000171364987723 0.0000000000004650 0.9999999993602920 0.9999999993547941
0.0008377368740646 -0.0000000003835496 0.0000171364987129 0.0000000000008166 0.9999999990687349 0.9999999990607892
0.0009989427130450 -0.0000000005453665 0.0000171364986329 0.0000000000013845 0.9999999986757878 0.9999999986645428
0.0011788217601345 -0.0000000007594589 0.0000171364985270 0.0000000000022753 0.9999999981558979 0.9999999981402876
0.0013781763238285 -0.0000000010380495 0.0000171364983891 0.0000000000036358 0.9999999974793843 0.9999999974580936
0.0015978342939997 -0.0000000013953151 0.0000171364982124 0.0000000000056661 0.9999999966118206 0.9999999965832453
0.0018385438812746 -0.0000000018473835 0.0000171364979888 0.0000000000086319 0.9999999955140432 0.9999999954762503
0.0021010731014175 -0.0000000024126348 0.0000171364977091 0.0000000000128828 0.9999999941414192 0.9999999940921008
0.0023861626772395 -0.0000000031117843 0.0000171364973633 0.0000000000188706 0.9999999924436440 0.9999999923800700
0.0026945070858878 -0.0000000039679679 0.0000171364969397 0.0000000000271722 0.9999999903645364 0.9999999902835046
0.0030268313290183 -0.0000000050070971 0.0000171364964257 0.0000000000385169 0.9999999878411742 0.9999999877389543
0.0033838245421429 -0.0000000062578523 0.0000171364958069 0.0000000000538158 0.9999999848039113 0.9999999846761883
0.0037661370894199 -0.0000000077517889 0.0000171364950679 0.0000000000741950 0.9999999811761209 0.9999999810179361
0.0041744441614372 -0.0000000095237292 0.0000171364941913 0.0000000001010375 0.9999999768732419 0.9999999766789267
0.0046093614342500 -0.0000000116115791 0.0000171364931585 0.0000000001360219 0.9999999718032262 0.9999999715663391
0.0050715530591496 -0.0000000140569703 0.0000171364919488 0.0000000001811797 0.9999999658649776 0.9999999655782281
0.0055616132104563 -0.0000000169048517 0.0000171364905399 0.0000000002389400 0.9999999589493449 0.9999999586045261
0.0060801664052041 -0.0000000202041576 0.0000171364889078 0.0000000003122000 0.9999999509374989 0.9999999505254057
0.0066277971465881 -0.0000000240075723 0.0000171364870263 0.0000000004043842 0.9999999417015039 0.9999999412118574
0.0072050930874018 -0.0000000283719399 0.0000171364848673 0.0000000005195236 0.9999999311033227 0.9999999305246849
0.0078126091206936 -0.0000000333581563 0.0000171364824006 0.0000000006623306 0.9999999189950799 0.9999999183147708
0.0084509329004212 -0.0000000390318521 0.0000171364795939 0.0000000008383019 0.9999999052174015 0.9999999044214029
0.0091206232142791 -0.0000000454630834 0.0000171364764124 0.0000000010538045 0.9999998896001678 0.9999998886730327
0.0098222129208558 -0.0000000527264522 0.0000171364728192 0.0000000013161777 0.9999998719622191 0.9999998708869797
0.0105562677897439 -0.0000000609018747 0.0000171364687749 0.0000000016338707 0.9999998521094920 0.9999998508675505
0.0113232938290445 -0.0000000700737597 0.0000171364642377 0.0000000020165306 0.9999998298370131 0.9999998284080506
0.0121238521535575 -0.0000000803324717 0.0000171364591627 0.0000000024751890 0.9999998049253467 0.9999998032872014
0.0129584093963294 -0.0000000917726472 0.0000171364535034 0.0000000030223277 0.9999997771446829 0.9999997752732632
0.0138275134326131 -0.0000001044956095 0.0000171364472094 0.0000000036721357 0.9999997462489748 0.9999997441181226
0.0147316486517691 -0.0000001186076139 0.0000171364402283 0.0000000044405882 0.9999997119801983 0.9999997095615889
0.0156713355567817 -0.0000001342214362 0.0000171364325042 0.0000000053456986 0.9999996740644952 0.9999996713275038
0.0166470226752707 -0.0000001514547859 0.0000171364239790 0.0000000064076110 0.9999996322160276 0.9999996291276287
0.0176592388316802 -0.0000001704330501 0.0000171364145906 0.0000000076489594 0.9999995861303131 0.9999995826549241
0.0187084520232035 -0.0000001912870462 0.0000171364042743 0.0000000090949427 0.9999995354896833 0.9999995315890530
0.0197951548059139 -0.0000002141547207 0.0000171363929618 0.0000000107736557 0.9999994799591577 0.9999994755922215
0.0209197785768639 -0.0000002391795304 0.0000171363805822 0.0000000127162080 0.9999994191903749 0.9999994143131423
0.0220827938511873 -0.0000002665126776 0.0000171363670607 0.0000000149571348 0.9999993528161658 0.9999993473815620
0.0232846917491884 -0.0000002963130749 0.0000171363523187 0.0000000175346788 0.9999992804506372 0.9999992744083455
0.0245258737014115 -0.0000003287447281 0.0000171363362750 0.0000000204908407 0.9999992016955291 0.9999991949918873
0.0258068224202124 -0.0000003639811399 0.0000171363188438 0.0000000238720597 0.9999991161295196 0.9999991087073258
0.0271279802894226 -0.0000004022024646 0.0000171362999360 0.0000000277292837 0.9999990233151347 0.9999990151135115
0.0284897538774969 -0.0000004435955595 0.0000171362794591 0.0000000321182840 0.9999989227986237 0.9999989137528813
0.0298926326947809 -0.0000004883577861 0.0000171362573156 0.0000000371004101 0.9999988141007289 0.9999988041421501
0.0313370151391857 -0.0000005366918842 0.0000171362334050 0.0000000427424158 0.9999986967291320 0.9999986857848630
0.0328233166577862 -0.0000005888093337 0.0000171362076229 0.0000000491171928 0.9999985701702923 0.9999985581631626
0.0343519876303358 -0.0000006449313501 0.0000171361798598 0.0000000563043211 0.9999984338870275 0.9999984207353524
0.0359234362159624 -0.0000007052863463 0.0000171361500026 0.0000000643901878 0.9999982873246788 0.9999982729421112
0.0375380985868373 -0.0000007701126512 0.0000171361179336 0.0000000734687832 0.9999981299045083 0.9999981141998359
0.0391963658882433 -0.0000008396558265 0.0000171360835311 0.0000000836418057 0.9999979610302159 0.9999979439072129
0.0408986451519267 -0.0000009141711775 0.0000171360466690 0.0000000950194929 0.9999977800818409 0.9999977614390690
0.0426453229317219 -0.0000009939223972 0.0000171360072167 0.0000001077209354 0.9999975864190561 0.9999975661496924
0.0444368232349671 -0.0000010791843761 0.0000171359650383 0.0000001218750625 0.9999973793743439 0.9999973573659511
0.0462735514756025 -0.0000011702409320 0.0000171359199934 0.0000001376208640 0.9999971582585092 0.9999971343928533
0.0481558709230473 -0.0000012673835875 0.0000171358719377 0.0000001551077313 0.9999969223636496 0.9999968965165403
0.0500841974708168 -0.0000013709165155 0.0000171358207209 0.0000001744969388 0.9999966709511440 0.9999966429921769
0.0520588837258546 -0.0000014811506926 0.0000171357661890 0.0000001959612223 0.9999964032658515 0.9999963730582668
0.0540803651080039 -0.0000015984120471 0.0000171357081808 0.0000002196869988 0.9999961185163256 0.9999960859167022
0.0561490004123757 -0.0000017230327887 0.0000171356465321 0.0000002458733846 0.9999958158958689 0.9999957807539939
0.0582651573794834 -0.0000018553561958 0.0000171355810729 0.0000002747338170 0.9999954945709073 0.9999954567295486
0.0604292544022453 -0.0000019957396620 0.0000171355116265 0.0000003064975215 0.9999951536735933 0.9999951129682099
0.0626416231879118 -0.0000021445460961 0.0000171354380134 0.0000003414083775 0.9999947923226886 0.9999947485813157
0.0649026140188384 -0.0000023021505391 0.0000171353600481 0.0000003797271346 0.9999944096074979 0.9999943626504965
0.0672126435020714 -0.0000024689440818 0.0000171352775370 0.0000004217332963 0.9999940045783542 0.9999939542180816
0.0695720595041676 -0.0000026453246359 0.0000171351902833 0.0000004677237551 0.9999935762690316 0.9999935223096983
0.0719812215106061 -0.0000028317025756 0.0000171350980841 0.0000005180150380 0.9999931236830440 0.9999930659204573
0.0744404695434960 -0.0000030284985533 0.0000171350007313 0.0000005729436594 0.9999926457989520 0.9999925840203020
0.0769502326373407 -0.0000032361525522 0.0000171348980072 0.0000006328696748 0.9999921415483777 0.9999920755318398
0.0795107994052139 -0.0000034551053795 0.0000171347896937 0.0000006981724313 0.9999916098609493 0.9999915393756622
0.0821225448878550 -0.0000036858172618 0.0000171346755632 0.0000007692568777 0.9999910496191420 0.9999909744248080
0.0847858348243171 -0.0000039287603928 0.0000171345553822 0.0000008465525818 0.9999904596763785 0.9999903795230135
0.0875009717847915 -0.0000041844138531 0.0000171344289136 0.0000009305131257 0.9999898388693625 0.9999897534971515
0.0902683522204144 -0.0000044532783576 0.0000171342959097 0.0000010216220291 0.9999891859822712 0.9999890951211196
0.0930882988117392 -0.0000047358608157 0.0000171341561198 0.0000011203889237 0.9999884997842462 0.9999884031536481
0.0959611630442560 -0.0000050326841592 0.0000171340092853 0.0000012273540126 0.9999877790055299 0.9999876763142346
0.0988872727606558 -0.0000053442823197 0.0000171338551421 0.0000013430875994 0.9999870223496626 0.9999869132954419
0.1018669249225472 -0.0000056711992418 0.0000171336934209 0.0000014681908817 0.9999862284958784 0.9999861127653158
0.1049005438170916 -0.0000060140067024 0.0000171335238392 0.0000016033042207 0.9999853960558368 0.9999852733237504
0.1079884018929008 -0.0000063732736821 0.0000171333461153 0.0000017490967470 0.9999845236479985 0.9999843935774890
0.1111308345019570 -0.0000067495900931 0.0000171331599575 0.0000019062768693 0.9999836098400062 0.9999834720820205
0.1143281955357168 -0.0000071435624968 0.0000171329650657 0.0000020755922919 0.9999826531590864 0.9999825073520675
0.1175807800957756 -0.0000075558046951 0.0000171327611365 0.0000022578274720 0.9999816521148973 0.9999814978846246
0.1208889678618630 -0.0000079869558245 0.0000171325478535 0.0000024538130818 0.9999806051555904 0.9999804421146513
0.1242530341590818 -0.0000084376564303 0.0000171323249000 0.0000026644169715 0.9999795107259117 0.9999793384736605
0.1276733202712184 -0.0000089085705144 0.0000171320919476 0.0000028905557083 0.9999783672136643 0.9999781853357287
0.1311501505198521 -0.0000094003750705 0.0000171318486614 0.0000031331916052 0.9999771729751206 0.9999769810431226
0.1346838328548119 -0.0000099137600531 0.0000171315947001 0.0000033933343287 0.9999759263350988 0.9999757239063742
0.1382746931780445 -0.0000104494334454 0.0000171313297136 0.0000036720452203 0.9999746255746582 0.9999744121918727
0.1419230276054378 -0.0000110081144027 0.0000171310533461 0.0000039704356225 0.9999732689477505 0.9999730441386526
0.1456291921549654 -0.0000115905471299 0.0000171307652295 0.0000042896761810 0.9999718546475225 0.9999716179244135
0.1493934284382596 -0.0000121974738370 0.0000171304649969 0.0000046309840621 0.9999703808719884 0.9999701317317442
0.1532161147111079 -0.0000128296746176 0.0000171301522623 0.0000049956469651 0.9999688457271980 0.9999685836504718
0.1570975508029376 -0.0000134879335704 0.0000171298266379 0.0000053850064850 0.9999672473095006 0.9999669717606202
0.1610380161988429 -0.0000141730475765 0.0000171294877296 0.0000058004647237 0.9999655836842372 0.9999652941109188
0.1650378338774081 -0.0000148858375626 0.0000171291351313 0.0000062434932684 0.9999638528583892 0.9999635486912208
0.1690972957204854 -0.0000156271358604 0.0000171287684316 0.0000067156278387 0.9999620528112773 0.9999617334634581
0.1732166985472389 -0.0000163977925385 0.0000171283872098 0.0000072184743391 0.9999601814791864 0.9999598463461357
0.1773963405641230 -0.0000171986750172 0.0000171279910370 0.0000077537110008 0.9999582367563048 0.9999578852152762
0.1816365554600461 -0.0000180306750641 0.0000171275794723 0.0000083230956448 0.9999562164777371 0.9999558478872889
0.1859376463669846 -0.0000188946964036 0.0000171271520686 0.0000089284599386 0.9999541184495971 0.9999537321493124
0.1902998688639318 -0.0000197916506736 0.0000171267083751 0.0000095717085433 0.9999519404588247 0.9999515357691142
0.1947235376620229 -0.0000207224791850 0.0000171262479263 0.0000102548370331 0.9999496802203541 0.9999492564418104
0.1992089743748814 -0.0000216881431688 0.0000171257702468 0.0000109799281306 0.9999473354007975 0.9999468918137464
0.2037564468770904 -0.0000226896106539 0.0000171252748580 0.0000117491444008 0.9999449036503121 0.9999444395146310
0.2083662195519263 -0.0000237278667744 0.0000171247612727 0.0000125647382290 0.9999423825775748 0.9999418971322972
0.2130385918043235 -0.0000248039228295 0.0000171242289907 0.0000134290618954 0.9999397697277853 0.9999392621905169
0.2177738759512069 -0.0000259188121075 0.0000171236775012 0.0000143445676905 0.9999370625928109 0.9999365321592288
0.2225723412103800 -0.0000270735768025 0.0000171231062887 0.0000153138000934 0.9999342586429577 0.9999337044865749
0.2274343075605618 -0.0000282692904169 0.0000171225148225 0.0000163394173249 0.9999313552725778 0.9999307765440445
0.2323600202833922 -0.0000295070274504 0.0000171219025712 0.0000174241687506 0.9999283498736724 0.9999277457006975
0.2373497451145105 -0.0000307878862698 0.0000171212689918 0.0000185709170394 0.9999252397803640 0.9999246092671635
0.2424038024835869 -0.0000321129989168 0.0000171206135245 0.0000197826508840 0.9999220222450871 0.9999213644716272
0.2475224905166148 -0.0000334835119915 0.0000171199356023 0.0000210624716496 0.9999186944850094 0.9999180085066379
0.2527060824611158 -0.0000349005855352 0.0000171192346519 0.0000224135952028 0.9999152536847489 0.9999145385318480
0.2579548140849286 -0.0000363653889741 0.0000171185100948 0.0000238393507550 0.9999116970062276 0.9999109516839452
0.2632689828832936 -0.0000378791287714 0.0000171177613348 0.0000253432110669 0.9999080215215344 0.9999072450089420
0.2686488888952115 -0.0000394430330313 0.0000171169877645 0.0000269287819889 0.9999042242503136 0.9999034154998775
0.2740948056714772 -0.0000410583430892 0.0000171161887704 0.0000285997975064 0.9999003021801887 0.9998994601174098
0.2796069712788421 -0.0000427263101803 0.0000171153637338 0.0000303601192002 0.9998962522748586 0.9998953757979765
0.2851856617457639 -0.0000444482174476 0.0000171145120205 0.0000322137628633 0.9998920714206641 0.9998911593999029
0.2908311934478340 -0.0000462253820437 0.0000171136329792 0.0000341649059084 0.9998877564214936 0.9998868076982587
0.2965438025217817 -0.0000480591175056 0.0000171127259608 0.0000362178502474 0.9998833040901435 0.9998823174769895
0.3023237899744009 -0.0000499507794004 0.0000171117902951 0.0000383770762740 0.9998787111374949 0.9998776854171471
0.3081713562486967 -0.0000519017118480 0.0000171108253177 0.0000406471864757 0.9998739743023649 0.9998729082278389
0.3140868036969242 -0.0000539133139988 0.0000171098303371 0.0000430329855728 0.9998690901901053 0.9998679824834478
0.3200704186708020 -0.0000559870022640 0.0000171088046532 0.0000455394425024 0.9998640553643144 0.9998629047161175
0.3261224558396166 -0.0000581242044209 0.0000171077475604 0.0000481716869942 0.9998588663611584 0.9998576714301902
0.3322432000281285 -0.0000603263812206 0.0000171066583366 0.0000509350402008 0.9998535196369148 0.9998522790492962
0.3384328701054360 -0.0000625949920465 0.0000171055362606 0.0000538349762341 0.9998480116513597 0.9998467240004468
0.3446917362623094 -0.0000649315370543 0.0000171043805911 0.0000568771793854 0.9998423387654648 0.9998410026108494
0.3510200516410850 -0.0000673375328800 0.0000171031905786 0.0000600675185312 0.9998364973003832 0.9998351111673918
0.3574181056055267 -0.0000698145330563 0.0000171019654554 0.0000634120790377 0.9998304834878913 0.9998290458666503
0.3638861893665729 -0.0000723641158135 0.0000171007044417 0.0000669171524888 0.9998242935000182 0.9998228028447652
0.3704244914822780 -0.0000749878420563 0.0000170994067661 0.0000705891826086 0.9998179235510783 0.9998163782803396
0.3770333101730424 -0.0000776873393701 0.0000170980716246 0.0000744348860342 0.9998113696937287 0.9998097681887417
0.3837128639295110 -0.0000804642267391 0.0000170966982171 0.0000784611528521 0.9998046280017518 0.9998029686064439
0.3904634435227552 -0.0000833201767054 0.0000170952857175 0.0000826751403201 0.9997976944191550 0.9997959754388205
0.3972852644508966 -0.0000862568541614 0.0000170938333031 0.0000870841894101 0.9997905649087824 0.9997887846100246
0.4041786526469715 -0.0000892759957738 0.0000170923401162 0.0000916959485579 0.9997832352595037 0.9997813918685100
0.4111437623132272 -0.0000923792875605 0.0000170908053238 0.0000965181936830 0.9997757013834379 0.9997737930868023
0.4181808932619762 -0.0000955685035794 0.0000170892280496 0.0001015590449861 0.9997679589792663 0.9997659839219034
0.4252903220053494 -0.0000988454331918 0.0000170876074098 0.0001068268633268 0.9997600037088326 0.9997579599934000
0.4324722610119069 -0.0001022118611249 0.0000170859425230 0.0001123302220320 0.9997518312455553 0.9997497169322842
0.4397269841926370 -0.0001056696254564 0.0000170842324814 0.0001180780060429 0.9997434371336759 0.9997412502389741
0.4470547055497424 -0.0001092205609498 0.0000170824763788 0.0001240793253688 0.9997348169258342 0.9997325554220668
0.4544557037524895 -0.0001128665587217 0.0000170806732815 0.0001303436206645 0.9997259660382345 0.9997236278522389
0.4619302355606300 -0.0001166095253436 0.0000170788222479 0.0001368806018997 0.9997168798499467 0.9997144628623934
0.4694785054281098 -0.0001204513665629 0.0000170769223372 0.0001437002242399 0.9997075537424388 0.9997050557875227
0.4771007690652770 -0.0001243940393286 0.0000170749725831 0.0001508127853404 0.9996979829732980 0.9996954018373216
0.4847972570254598 -0.0001284395136226 0.0000170729720130 0.0001582288651052 0.9996881627689056 0.9996854961896507
0.4925682657780137 -0.0001325898206227 0.0000170709196243 0.0001659594209357 0.9996780882075401 0.9996753338726090
0.5004139777689955 -0.0001368469573040 0.0000170688144311 0.0001740156178349 0.9996677544509692 0.9996649099981260
0.5083346574650850 -0.0001412129906565 0.0000170666554133 0.0001824090282232 0.9996571564914896 0.9996542195067830
0.5163305242720422 -0.0001456899897032 0.0000170644415496 0.0001911515117544 0.9996462893169633 0.9996432573342736
0.5244018646041495 -0.0001502800879545 0.0000170621717872 0.0002002553435642 0.9996351477592431 0.9996320182584848
0.5325488567950939 -0.0001549853846657 0.0000170598450900 0.0002097330269450 0.9996237267338700 0.9996204971412772
0.5407717836449765 -0.0001598080658268 0.0000170574603795 0.0002195975405964 0.9996120209464169 0.9996086886322382
0.5490708751349033 -0.0001647503146642 0.0000170550165783 0.0002298621681646 0.9996000251097502 0.9995965873878290
0.5574463456943122 -0.0001698143321579 0.0000170525126007 0.0002405405447391 0.9995877338942480 0.9995841880211489
0.5658984512509982 -0.0001750023717941 0.0000170499473348 0.0002516467379728 0.9995751418434760 0.9995714850168492
0.5744274316821253 -0.0001803167055467 0.0000170473196601 0.0002631951854708 0.9995622434567781 0.9995584728144313
0.5830334545653469 -0.0001857595874953 0.0000170446284646 0.0002752006204342 0.9995490332776056 0.9995451458973339
0.5917167999155740 -0.0001913333700505 0.0000170418725883 0.0002876783342926 0.9995355056114499 0.9995314985083573
0.6004777017716697 -0.0001970404055205 0.0000170390508710 0.0003006439712450 0.9995216547647818 0.9995175248906863
0.6093163748420015 -0.0002028830618656 0.0000170361621451 0.0003141135684936 0.9995074750068351 0.9995032192493176
0.6182330973068628 -0.0002088637778927 0.0000170332052081 0.0003281036925815 0.9994929604356839 0.9994885756159230
0.6272280729193115 -0.0002149849720323 0.0000170301788678 0.0003426312371193 0.9994781051996636 0.9994735880722133
0.6363015123509597 -0.0002212490954454 0.0000170270819158 0.0003577135518799 0.9994629033685107 0.9994582506199112
0.6454536327976597 -0.0002276586322613 0.0000170239131277 0.0003733684528282 0.9994473489328183 0.9994425571801758
0.6546846784043389 -0.0002342161146944 0.0000170206712554 0.0003896142694416 0.9994314357673840 0.9994265015565954
0.6639948508161642 -0.0002409240742055 0.0000170173550516 0.0004064697335280 0.9994151577497625 0.9994100775547727
0.6733844062791905 -0.0002477851109786 0.0000170139632349 0.0004239541613718 0.9993985085916993 0.9993932788122218
0.6828535950505497 -0.0002548018517026 0.0000170104945112 0.0004420873602182 0.9993814819416195 0.9993760989017439
0.6924025715511746 -0.0002619768814970 0.0000170069476070 0.0004608894576023 0.9993640715498472 0.9993585314981077
0.7020315952738463 -0.0002693128932061 0.0000170033211958 0.0004803812973149 0.9993462709063665 0.9993405700125209
0.7117409375809829 -0.0002768126206131 0.0000169996139313 0.0005005842821976 0.9993280734029306 0.9993222077561592
0.7215307483777501 -0.0002844787341787 0.0000169958244983 0.0005215200994185 0.9993094725860774 0.9993034381954459
0.7314012314956041 -0.0002923139748930 0.0000169919515474 0.0005432110860463 0.9992904618323799 0.9992842546243349
0.7413526255835801 -0.0003003211418525 0.0000169879937003 0.0005656802114997 0.9992710343786417 0.9992646501947384
0.7513852117336618 -0.0003085031006005 0.0000169839495465 0.0005889511168928 0.9992511833017086 0.9992446178961137
0.7614991782409266 -0.0003168626731485 0.0000169798176970 0.0006130478132081 0.9992309017853456 0.9992241508247401
0.7716947057180349 -0.0003254027048209 0.0000169755967515 0.0006379948740912 0.9992101829580903 0.9992032420200642
0.7819720025650247 -0.0003341260942909 0.0000169712852839 0.0006638175344207 0.9991890198204295 0.9991818843911717
0.7923312778262912 -0.0003430357718076 0.0000169668818525 0.0006905416396434 0.9991674052976727 0.9991600707701047
0.8027728255465120 -0.0003521347734020 0.0000169623849637 0.0007181938837177 0.9991453320599856 0.9991377937301915
0.8132968202787314 -0.0003614260642365 0.0000169577931592 0.0007468012876157 0.9991227929509839 0.9991150460185517
0.8239034098814645 -0.0003709126154783 0.0000169531049780 0.0007763914313848 0.9990997808012773 0.9990918203678927
0.8345929095381501 -0.0003805975798100 0.0000169483188699 0.0008069930182741 0.9990762880027809 0.9990681090668233
0.8453654655752184 -0.0003904839908896 0.0000169434333436 0.0008386349486686 0.9990523072378107 0.9990439046956686
0.8562213683249462 -0.0004005750462963 0.0000169384468273 0.0008713472238573 0.9990278307927931 0.9990191994337544
0.8671607236467502 -0.0004108738050487 0.0000169333578179 0.0009051599856536 0.9990028512920243 0.9989939857999673
0.8781838138389494 -0.0004213835230370 0.0000169281647154 0.0009401046150225 0.9989773608841163 0.9989682558315497
0.8892907889832627 -0.0004321073639264 0.0000169228659658 0.0009762127990650 0.9989513519432643 0.9989420017918840
0.9004818903527749 -0.0004430486111162 0.0000169174599564 0.0010135172440368 0.9989248165552117 0.9989152156515843
0.9117572970207111 -0.0004542105206883 0.0000169119450881 0.0010520511953683 0.9988977468739680 0.9988878894485199
0.9231172879751907 -0.0004655964812537 0.0000169063196969 0.0010918489994120 0.9988701347342113 0.9988600148964956
0.9345619944630384 -0.0004772097674973 0.0000169005821757 0.0011329452601629 0.9988419722490444 0.9988315839886268
0.9460917003042679 -0.0004890538415228 0.0000168947308248 0.0011753759061600 0.9988132510792708 0.9988025882596150
0.9577065426215582 -0.0005011320495276 0.0000168887640025 0.0012191771305460 0.9987839631690371 0.9987730195283433
0.9694067471497710 -0.0005134478618828 0.0000168826800062 0.0012643862577969 0.9987541001637092 0.9987428693101417
0.9811924814360978 -0.0005260047216003 0.0000168764771472 0.0013110412106324 0.9987236537773999 0.9987121291877727
0.9930639479526423 -0.0005388061417732 0.0000168701537027 0.0013591808783050 0.9986926155567660 0.9986807905729022
1.0050213988569081 -0.0005518557242044 0.0000168637079066 0.0014088452095741 0.9986609768359366 0.9986488446605127
1.0170650091783870 -0.0005651570219599 0.0000168571380172 0.0014600747064122 0.9986287290698378 0.9986162827653966
1.0291949931657367 -0.0005787136652920 0.0000168504422555 0.0015129109125844 0.9985958635289649 0.9985830960139054
1.0414115512135598 -0.0005925293040312 0.0000168436188331 0.0015673962090019 0.9985623714391340 0.9985492754849922
1.0537148468602175 -0.0006066075803721 0.0000168366659662 0.0016235737152240 0.9985282440475309 0.9985148122768478
1.0661051485741977 -0.0006209522916691 0.0000168295817946 0.0016814879549219 0.9984934722281636 0.9984796971083989
1.0785825408876561 -0.0006355670574044 0.0000168223645469 0.0017411835306039 0.9984580472892357 0.9984439211345740
1.0911473244208438 -0.0006504557835791 0.0000168150123106 0.0018027070177324 0.9984219598475570 0.9984074748095171
1.1037995958803681 -0.0006656221713323 0.0000168075232750 0.0018661049737356 0.9983852010197022 0.9983703490894732
1.1165396875288294 -0.0006810702389825 0.0000167998954734 0.0019314261152670 0.9983477611567894 0.9983325341548989
1.1293676369050256 -0.0006968036844876 0.0000167921270980 0.0019987186593662 0.9983096313897660 0.9982940209711085
1.1422837660857470 -0.0007128265876661 0.0000167842161531 0.0020680333069282 0.9982708019276052 0.9982547995693446
1.1552881813398153 -0.0007291427990789 0.0000167761607570 0.0021394206542341 0.9982312635384654 0.9982148605427303
1.1683810909013033 -0.0007457563304093 0.0000167679589490 0.0022129328801999 0.9981910066037200 0.9981741940907004
1.1815627354968070 -0.0007626712722296 0.0000167596087303 0.0022886234231325 0.9981500213173844 0.9981327902203219
1.1948332752878579 -0.0007798916490125 0.0000167511081355 0.0023665463478032 0.9981082980375378 0.9980906391012169
1.2081928956012278 -0.0007974215529854 0.0000167424551664 0.0024467569516609 0.9980658269620792 0.9980477307379361
1.2216418048448363 -0.0008152651433353 0.0000167336477926 0.0025293117853006 0.9980225981307896 0.9980040549719336
1.2351801519225452 -0.0008334265366803 0.0000167246840057 0.0026142681615522 0.9979786016907953 0.9979596017496832
1.2488081634110646 -0.0008519099899065 0.0000167155617286 0.0027016850211142 0.9979338274537458 0.9979143606751755
1.2625259639204800 -0.0008707196584411 0.0000167062789355 0.0027916218140399 0.9978882654815135 0.9978683216016097
1.2763337896142446 -0.0008898598863702 0.0000166968335080 0.0028841398905000 0.9978419053835439 0.9978214739213143
1.2902318143170100 -0.0009093349700024 0.0000166872233525 0.0029793013960942 0.9977947368897154 0.9977738071444857
1.3042202118699024 -0.0009291492421323 0.0000166774463582 0.0030771696852212 0.9977467496463464 0.9977253106929687
1.3182991707583485 -0.0009493070932502 0.0000166675003868 0.0031778094447105 0.9976979331649642 0.9976759738483713
1.3324689139887052 -0.0009698130017446 0.0000166573832576 0.0032812868700494 0.9976482767493212 0.9976257856781785
1.3467295892455635 -0.0009906713752365 0.0000166470928259 0.0033876688832977 0.9975977698797565 0.9975747354241157
1.3610813071547507 -0.0010118866017540 0.0000166366269576 0.0034970233868503 0.9975464020893555 0.9975228123769191
1.3755243330838911 -0.0010334633349874 0.0000166259833886 0.0036094207594049 0.9974941622734343 0.9974700051782239
1.3900588122070685 -0.0010554060893834 0.0000166151599248 0.0037249317940498 0.9974410396700965 0.9974163028115860
1.4046849991186134 -0.0010777195829383 0.0000166041542726 0.0038436295009265 0.9973870230304372 0.9973616937635558
1.4194029826325103 -0.0011004083196479 0.0000165929642451 0.0039655869157842 0.9973321016295400 0.9973061670456129
1.4342129729049897 -0.0011234770259216 0.0000165815875470 0.0040908794307864 0.9972762642101326 0.9972497111261347
1.4491151548261105 -0.0011469304285721 0.0000165700218840 0.0042195836404404 0.9972194995202179 0.9971923144737750
1.4641097155435265 -0.0011707732969320 0.0000165582649420 0.0043517775847523 0.9971617962112823 0.9971339654544260
1.4791967924989664 -0.0011950103592986 0.0000165463144285 0.0044875402992520 0.9971031430406651 0.9970746525357322
1.4943765284850199 -0.0012196463888024 0.0000165341680300 0.0046269522999270 0.9970435286638821 0.9970143640769822
1.5096491213605518 -0.0012446862858921 0.0000165218233719 0.0047700960782913 0.9969829414352326 0.9969530881272983
1.5250147607280622 -0.0012701349776568 0.0000165092780674 0.0049170555624234 0.9969213696516319 0.9968908126720593
1.5404736281578182 -0.0012959974176852 0.0000164965297185 0.0050679161325854 0.9968588015531261 0.9968275256332838
1.5560258772060320 -0.0013222785516192 0.0000164835759323 0.0052227644337286 0.9967952254063952 0.9967632149539629
1.5716716898227903 -0.0013489834116885 0.0000164704142747 0.0053816889472214 0.9967306292762383 0.9966978683667698
1.5874112007687700 -0.0013761169883286 0.0000164570423337 0.0055447792498035 0.9966650013363212 0.9966314737082568
1.6032445946560308 -0.0014036843960699 0.0000164434576378 0.0057121270218815 0.9965983294681084 0.9965640185129725
1.6191720160689957 -0.0014316907191503 0.0000164296577320 0.0058838251424685 0.9965306016344904 0.9964954903912876
1.6351936927645347 -0.0014601412280375 0.0000164156400710 0.0060599690360840 0.9964618053563696 0.9964258764996400
1.6513098071330374 -0.0014890411552150 0.0000164014021301 0.0062406553298003 0.9963919282551263 0.9963551640892140
1.6675204577218319 -0.0015183956213769 0.0000163869414412 0.0064259813827619 0.9963209582311868 0.9962833406865592
1.6838257738248630 -0.0015482098386977 0.0000163722554931 0.0066160465629774 0.9962488829727054 0.9962103935962714
1.7002259790334369 -0.0015784892315493 0.0000163573416715 0.0068109530652774 0.9961756896640493 0.9961363096057014
1.7167212127108571 -0.0016092391106627 0.0000163421974203 0.0070108038587422 0.9961013657737446 0.9960610757822472
1.7333116508959308 -0.0016404648943840 0.0000163268201321 0.0072157041194738 0.9960258985198319 0.9959846789320591
1.7499974819750543 -0.0016721720656679 0.0000163112071695 0.0074257609875326 0.9959492749741036 0.9959071057053267
1.7667787933519812 -0.0017043659549080 0.0000162953559723 0.0076410821375991 0.9958714825871138 0.9958283431276466
1.7836558321750353 -0.0017370522381910 0.0000162792638121 0.0078617791199980 0.9957925079844104 0.9957483773810901
1.8006286974760892 -0.0017702363473474 0.0000162629280828 0.0080879634407608 0.9957123383923364 0.9956671952475820
1.8176975370646733 -0.0018039238468620 0.0000162463461151 0.0083197490984130 0.9956309607275053 0.9955847831868437
1.8348625521737263 -0.0018381204477973 0.0000162295151697 0.0085572527334696 0.9955483615635459 0.9955011273024198
1.8521238029416451 -0.0018728316199419 0.0000162124326283 0.0088005909543307 0.9954645280681811 0.9954162142905503
1.8694815455687785 -0.0019080632662042 0.0000161950956616 0.0090498850621907 0.9953794463746251 0.9953300297904678
1.8869358707720592 -0.0019438208751070 0.0000161775015879 0.0093052559980759 0.9952931033339010 0.9952425601590588
1.9044877327784451 -0.0019801119987732 0.0000161596468250 0.0095668396210264 0.9952054813920540 0.9951537872806600
1.9221356886836671 -0.0020169391573991 0.0000161415302168 0.0098347379812727 0.9951165748939561 0.9950637050850589
1.9398807368347020 -0.0020543099507371 0.0000161231481084 0.0101090914790489 0.9950263659244086 0.9949722950710074
1.9577229880737723 -0.0020922301896724 0.0000161044977279 0.0103900294340343 0.9949348409004184 0.9948795431159626
1.9756625562590351 -0.0021307057293976 0.0000160855762841 0.0106776832626367 0.9948419861452181 0.9947854349919324
1.9936996877155491 -0.0021697427512262 0.0000160663808280 0.0109721886386496 0.9947477872085820 0.9946899556762849
2.0118344350463624 -0.0022093470601476 0.0000160469085983 0.0112736802434808 0.9946522305622956 0.9945930910699374
2.0300669853814344 -0.0022495247924719 0.0000160271566737 0.0115822971075621 0.9945553018927936 0.9944948262666176
2.0483974250326025 -0.0022902819036127 0.0000160071222245 0.0118981787470827 0.9944569873374071 0.9943951468057453
2.0668259277174874 -0.0023316245823167 0.0000159868023093 0.0122214683653228 0.9943572724853452 0.9942940376594118
2.0853527150707287 -0.0023735591697293 0.0000159661939146 0.0125523123028700 0.9942561425734939 0.9941914834304554
2.1039778300582874 -0.0024160916446644 0.0000159452942082 0.0128908559867608 0.9941535837280292 0.9940874696113541
2.1227014323885069 -0.0024592282892484 0.0000159241002116 0.0132372491823329 0.9940495813593876 0.9939819809564137
2.1415236502657011 -0.0025029753547791 0.0000159026089648 0.0135916433919867 0.9939441209684883 0.9938750022990418
2.1604446363443315 -0.0025473391903982 0.0000158808174630 0.0139541929110773 0.9938371878368567 0.9937665182371807
2.1794645871374443 -0.0025923262918213 0.0000158587226324 0.0143250552770363 0.9937287669096557 0.9936565130142710
2.1985836209850036 -0.0026379430135876 0.0000158363214722 0.0147043889298324 0.9936188434895911 0.9935449712229880
2.2178017841096773 -0.0026841955757296 0.0000158136110510 0.0150923532282534 0.9935074032209306 0.9934318777889786
2.2371192611499047 -0.0027310905696086 0.0000157905882583 0.0154891127096304 0.9933944308710996 0.9933172167341280
2.2565361893394651 -0.0027786345155425 0.0000157672500223 0.0158948334445639 0.9932799113971120 0.9932009722583666
2.2760526881684378 -0.0028268339315213 0.0000157435932760 0.0163096836160453 0.9931638297803040 0.9930831285717414
2.2956689093563791 -0.0028756954564424 0.0000157196148966 0.0167338346038265 0.9930461707299461 0.9929636695932325
2.3153849457103672 -0.0029252256237071 0.0000156953118171 0.0171674590496245 0.9929269192288640 0.9928425795043965
2.3352010281599873 -0.0029754313563459 0.0000156706807829 0.0176107352188967 0.9928060593417856 0.9927198415390218
2.3551171780770219 -0.0030263190898711 0.0000156457187828 0.0180638393146099 0.9926835763274809 0.9925954401276472
2.3751335311263859 -0.0030778955877625 0.0000156204226486 0.0185269526585731 0.9925594546758756 0.9924693589040277
2.3952502461663960 -0.0031301677161923 0.0000155947891660 0.0190002597773446 0.9924336786510395 0.9923415812560424
2.4154673936881244 -0.0031831421531343 0.0000155688152171 0.0194839457853763 0.9923062329915360 0.9922120910368951
2.4357851559059029 -0.0032368259096646 0.0000155424975250 0.0199782011438921 0.9921771016566093 0.9920808712909598
2.4562036383431232 -0.0032912258382814 0.0000155158328948 0.0204832172160569 0.9920462690096296 0.9919479054557976
2.4767229577302281 -0.0033463488616574 0.0000154888181020 0.0209991883675008 0.9919137192681702 0.9918131768031253
2.4973431972538100 -0.0034022018522560 0.0000154614499510 0.0215263108636881 0.9917794367939619 0.9916766687331962
2.5180645283041465 -0.0034587919625203 0.0000154337251137 0.0220647860161974 0.9916434052995616 0.9915383639679494
2.5388870685587737 -0.0035161262425003 0.0000154056403170 0.0226148166198287 0.9915056087682695 0.9913982454857304
2.5598109004008465 -0.0035742116852642 0.0000153771923206 0.0231766073650600 0.9913660313452353 0.9912562964104108
2.5808361605845094 -0.0036330554749478 0.0000153483777954 0.0237503672551396 0.9912246567418823 0.9911124994053579
2.6019629210718502 -0.0036926646554391 0.0000153191934863 0.0243363064228535 0.9910814690325471 0.9909668374832612
2.6231913814258503 -0.0037530466725066 0.0000152896359464 0.0249346414796764 0.9909364513527349 0.9908192926815389
2.6445215295627893 -0.0038142082625153 0.0000152597020098 0.0255455860403508 0.9907895882099302 0.9906698484129333
2.6658108733702903 -0.0038757427549822 0.0000152295908108 0.0261651766289444 0.9906418566336397 0.9905194982597935
2.6873445955133795 -0.0039384816571814 0.0000151988957893 0.0268019319211660 0.9904912620240096 0.9903662114094929
2.7089800039041965 -0.0040020211972967 0.0000151678147625 0.0274519546046975 0.9903387749663909 0.9902109746938783
2.7307176185653148 -0.0040663699636155 0.0000151363437515 0.0281154858568486 0.9901843759929760 0.9900537673939048
2.7525574535672028 -0.0041315351086930 0.0000151044794858 0.0287927549233176 0.9900280491118432 0.9898945723061549
2.7744997291853326 -0.0041975244401389 0.0000150722183803 0.0294840005307656 0.9898697767899246 0.9897333706349275
2.7965445353752618 -0.0042643454210732 0.0000150395570247 0.0301894605734508 0.9897095423517414 0.9895701444343348
2.8186919389461020 -0.0043320054834551 0.0000150064920297 0.0309093753296451 0.9895473292279818 0.9894048758429785
2.8409420180354288 -0.0044005121319322 0.0000149730199769 0.0316439885775420 0.9893831207070612 0.9892375468304744
2.8632948655398609 -0.0044698729559360 0.0000149391374129 0.0323935477675493 0.9892168999068648 0.9890681391681445
2.8857506241195576 -0.0045400957414132 0.0000149048407947 0.0331583052901623 0.9890486495078454 0.9888966341563883
2.9083093420369890 -0.0046111880208838 0.0000148701267097 0.0339385136128569 0.9888783528317917 0.9887230137238174
2.9309711728304677 -0.0046831576985992 0.0000148349915707 0.0347344321243746 0.9887059923447117 0.9885472589006751
2.9537360829094554 -0.0047560121241165 0.0000147994320679 0.0355463169397816 0.9885315518763641 0.9883693520815001
2.9766043119414336 -0.0048297595597471 0.0000147634444532 0.0363744372159426 0.9883550131069372 0.9881892734418444
2.9995759400150783 -0.0049044078024181 0.0000147270252129 0.0372190598999775 0.9881763588680330 0.9880070043039768
3.0226510074109849 -0.0049799645577351 0.0000146901708849 0.0380804538220052 0.9879955722470924 0.9878225262235497
3.0458296321381315 -0.0050564378243324 0.0000146528778717 0.0389588940978550 0.9878126356684406 0.9876358200514276
3.0691117874173375 -0.0051338351611321 0.0000146151427977 0.0398546537542081 0.9876275326469593 0.9874468677229263
3.0924976900427823 -0.0052121649749068 0.0000145769618818 0.0407680186175872 0.9874402447092543 0.9872556491146637
3.1159873746706341 -0.0052914351090053 0.0000145383316252 0.0416992710534529 0.9872507547699185 0.9870621454902887
3.1395809336749956 -0.0053716536390005 0.0000144992484241 0.0426486991824998 0.9870590452293201 0.9868663375583009
3.1632783673041285 -0.0054528283648722 0.0000144597088169 0.0436165909155496 0.9868650991881130 0.9866682067119120
3.1870798801312814 -0.0055349678261478 0.0000144197089902 0.0446032460806418 0.9866688980225995 0.9864677325515900
3.2109854920607637 -0.0056180796125490 0.0000143792454314 0.0456089605941024 0.9864704245658195 0.9862648961342686
3.2348510228994654 -0.0057016647433091 0.0000143385613126 0.0466278323547546 0.9862708716352174 0.9860609154427372
3.2589648212995534 -0.0057867414305407 0.0000142971615833 0.0476724726729392 0.9860678111496204 0.9858533070669216
3.2831825594780972 -0.0058728140154280 0.0000142552879076 0.0487370702892184 0.9858624285512342 0.9856432811361199
3.3075046861554114 -0.0059598921044442 0.0000142129359961 0.0498219540545593 0.9856547028930309 0.9854308147113168
3.3319312179083047 -0.0060479838187502 0.0000141701022919 0.0509274378238589 0.9854446168206298 0.9852158884922205
3.3564623221022214 -0.0061370978630184 0.0000141267829634 0.0520538460383915 0.9852321516364420 0.9849984817694190
3.3810980293177946 -0.0062272424893298 0.0000140829744088 0.0532015007630234 0.9850172897716302 0.9847785749526422
3.4058384210100017 -0.0063184261733105 0.0000140386729275 0.0543707301902381 0.9848000131744922 0.9845561479214746
3.4306835161038318 -0.0064106571984509 0.0000139938749220 0.0555618633643419 0.9845803043021030 0.9843311810397565
3.4556333904901786 -0.0065039440962100 0.0000139485766844 0.0567752358467363 0.9843581450725305 0.9841036540823946
3.4806881362291588 -0.0065982954995152 0.0000139027744682 0.0580111879134554 0.9841335172152632 0.9838735465932020
3.5058477694872314 -0.0066937197946145 0.0000138564646566 0.0592700600023309 0.9839064031009075 0.9836408387343362
3.5311123689027437 -0.0067902256412989 0.0000138096435112 0.0605521995426097 0.9836767845035729 0.9834055100179472
3.5564820092652911 -0.0068878217253918 0.0000137623072915 0.0618579577680890 0.9834446431913734 0.9831675399102857
3.5819566995766410 -0.0069865165175036 0.0000137144523725 0.0631876864763514 0.9832099615009727 0.9829269084202842
3.6075365186767052 -0.0070863187951207 0.0000136660749916 0.0645417450436035 0.9829727210968198 0.9826835948269811
3.6332215136755250 -0.0071872372517751 0.0000136171714385 0.0659204952195246 0.9827329039018131 0.9824375786329260
3.6590117101937727 -0.0072892803811775 0.0000135677380392 0.0673243015976694 0.9824904920114464 0.9821888394758336
3.6830379710132775 -0.0073849846021538 0.0000135213889198 0.0686497054324449 0.9822632080912589 0.9819555672177251
3.7090358236069347 -0.0074892389743552 0.0000134709143425 0.0701031307806011 0.9820156976533623 0.9817014739072571
3.7351343555966534 -0.0075946252829366 0.0000134199080159 0.0715824478966988 0.9817655835623699 0.9814446423826397
3.7613382872909589 -0.0077011710812081 0.0000133683571558 0.0730882980412503 0.9815128032602589 0.9811850062749902
3.7876476919502444 -0.0078088853929969 0.0000133162579635 0.0746210687051752 0.9812573382526326 0.9809225443997031
3.8140625558787797 -0.0079177769235573 0.0000132636068069 0.0761811464712099 0.9809991708667328 0.9806572363704233
3.8405829598873025 -0.0080278548031131 0.0000132103998617 0.0777689276267291 0.9807382824892392 0.9803890607878363
3.8672088526138002 -0.0081391276497934 0.0000131566335644 0.0793848047233798 0.9804746557887809 0.9801179975232199
3.8939403493988700 -0.0082516048127027 0.0000131023040115 0.0810291845666286 0.9802082717713418 0.9798440246906592
3.9207774161794382 -0.0083652950521721 0.0000130474075982 0.0827024690911296 0.9799391129083722 0.9795671218625776
3.9477201613276947 -0.0084802077673264 0.0000129919404248 0.0844050733253591 0.9796671602307064 0.9792872670801807
3.9747685181765133 -0.0085963516488874 0.0000129358989481 0.0861374055516490 0.9793923965189705 0.9790044401351766
4.0019226455965695 -0.0087137363914130 0.0000128792791547 0.0878998927537143 0.9791148022531810 0.9787186184005681
4.0291824169538177 -0.0088323704946430 0.0000128220776226 0.0896929477800859 0.9788343608148516 0.9784297821851436
4.0565479317048219 -0.0089522626204877 0.0000127642904661 0.0915170024457475 0.9785510532669235 0.9781379093587605
4.0839408395203156 -0.0090730752848578 0.0000127060810092 0.0933671595426097 0.9782656804718703 0.9778438226940652
4.1115177888803158 -0.0091955091949684 0.0000126471126815 0.0952544325897260 0.9779765925964575 0.9775458192631026
4.1392003386390792 -0.0093192287184074 0.0000125875479602 0.0971739963699138 0.9776845863676956 0.9772447172225248
4.1669886368736879 -0.0094442437277591 0.0000125273828380 0.0991263035398561 0.9773896423152241 0.9769404936763476
4.1948827553131309 -0.0095705638001003 0.0000124666134661 0.1011118061764778 0.9770917417509437 0.9766331264783239
4.2228826682854237 -0.0096981981095581 0.0000124052362063 0.1031309539253775 0.9767908670221059 0.9763225944936283
4.2509884735226802 -0.0098271564293095 0.0000123432471492 0.1051842098025314 0.9764869991500730 0.9760088751615544
4.2792001338606118 -0.0099574479534090 0.0000122806426808 0.1072720315628883 0.9761801206090005 0.9756919473626873
4.3075175532328771 -0.0100890816310325 0.0000122174193220 0.1093948768125869 0.9758702145375002 0.9753717906059315
4.3359407959988054 -0.0102220671871238 0.0000121535732384 0.1115532195004994 0.9755572623373442 0.9750483825469041
4.3644698553907144 -0.0103564140528706 0.0000120891007548 0.1137475327945149 0.9752412461940363 0.9747217015902678
4.3931047364973796 -0.0104921306513695 0.0000120239981836 0.1159782952601452 0.9749221481731165 0.9743917259561200
4.4218033731533675 -0.0106290254046345 0.0000119583583369 0.1182426494111260 0.9746004233947636 0.9740589232274234
4.4506498681996138 -0.0107675098859681 0.0000118919851607 0.1205477178777287 0.9742751111869794 0.9737222963031803
4.4796020927951687 -0.0109073933746602 0.0000118249710450 0.1228906892538791 0.9739466646080881 0.9733823103446392
4.5086601263011161 -0.0110486858848415 0.0000117573121281 0.1252720661519323 0.9736150649510886 0.9730389425194529
4.5378238921523115 -0.0111913967102519 0.0000116890049130 0.1276923430794173 0.9732802953011580 0.9726921717854243
4.5670934229077824 -0.0113355357095632 0.0000116200456521 0.1301520280589583 0.9729423375201933 0.9723419757676541
4.5964686760568485 -0.0114811124078190 0.0000115504307778 0.1326516274470555 0.9726011743567962 0.9719883329429746
4.6259496389271106 -0.0116281365096879 0.0000114801566573 0.1351916546484728 0.9722567882439609 0.9716312213937197
4.6555363090635229 -0.0117766178055125 0.0000114092196377 0.1377726285691739 0.9719091615215613 0.9712706190370651
4.6852285983876820 -0.0119265647620347 0.0000113376162882 0.1403950651716441 0.9715582775692370 0.9709065048002659
4.7124493990656022 -0.0120648535010451 0.0000112716100273 0.1428277592497590 0.9712348287173169 0.9705707415637423
4.7423496099039095 -0.0122176627613031 0.0000111987071977 0.1455315455564449 0.9708775929239916 0.9701997727149934
4.7723495744874684 -0.0123719374871290 0.0000111251416781 0.1482778194275896 0.9705171185271263 0.9698252998022076
4.8024550919267774 -0.0125277171879360 0.0000110508957403 0.1510676437697054 0.9701533189192961 0.9694472288097297
4.8326661018934800 -0.0126850115499612 0.0000109759659106 0.1539015593675638 0.9697861773481966 0.9690655381760179
4.8629825758142848 -0.0128438304556211 0.0000109003486449 0.1567801145293039 0.9694156767224951 0.9686802059130708
4.8934044455677403 -0.0130041836118233 0.0000108240405065 0.1597038583867152 0.9690418004811613 0.9682912105094279
4.9239316255285690 -0.0131660806610290 0.0000107470381129 0.1626733428337548 0.9686645323353391 0.9678985306615463
4.9545641068564388 -0.0133295302783788 0.0000106693379143 0.1656891317702647 0.9682838550993541 0.9675021440567966
4.9847478137827794 -0.0134915593260447 0.0000105923534308 0.1686962627289304 0.9679066940725285 0.9671092616426606
5.0155899970123272 -0.0136581229675057 0.0000105132570284 0.1718056160085916 0.9675191965272260 0.9667054487524049
5.0465361490390954 -0.0138262637155884 0.0000104334555637 0.1749628521474038 0.9671282553048527 0.9662978794583268
5.0775873030962124 -0.0139959973807062 0.0000103529428476 0.1781686575971066 0.9667338403952177 0.9658865177716415
5.1087434553112638 -0.0141673342276598 0.0000102717153518 0.1814236197132681 0.9663359348289920 0.9654713412085320
5.1400045228101297 -0.0143402841214684 0.0000101897697643 0.1847283223004222 0.9659345227021099 0.9650523283141216
5.1713704050268623 -0.0145148568567785 0.0000101071028331 0.1880833517255045 0.9655295884110535 0.9646294578650151
5.2028410279090043 -0.0146910600002285 0.0000100237112785 0.1914893016224301 0.9651211160819924 0.9642027082741083
5.2332687760781127 -0.0148624233153719 0.0000099426568334 0.1948204079460950 0.9647241026360525 0.9637877525773015
5.2649472682311291 -0.0150418748530987 0.0000098578262487 0.1983283637070292 0.9643086050864885 0.9633532895400373
5.2967277483192134 -0.0152229745095599 0.0000097722680587 0.2018887466583573 0.9638895560467522 0.9629149179973157
5.3286125820372154 -0.0154057461431797 0.0000096859724989 0.2055024365991608 0.9634669080462850 0.9624725829902044
5.3606017749018147 -0.0155902003240180 0.0000095989361182 0.2091700584353385 0.9630406445449302 0.9620262618047614
5.3926951246192498 -0.0157763464554969 0.0000095111560458 0.2128922177889660 0.9626107518512816 0.9615759346206398
5.4248925412663436 -0.0159641915478754 0.0000094226291598 0.2166695373918400 0.9621772148697416 0.9611215800610506
5.4570813676852232 -0.0161530859583187 0.0000093336642125 0.2204892103536881 0.9617415461050768 0.9606647787280920
5.4894863705957162 -0.0163443595229175 0.0000092436366157 0.2243785491202494 0.9613006872954930 0.9602023182980162
5.5219947924343353 -0.0165373631269256 0.0000091528538641 0.2283248948184467 0.9608561446859182 0.9597357718860717
5.5546067589308654 -0.0167321082168164 0.0000090613122770 0.2323289130124204 0.9604079006535080 0.9592651150981346
5.5873220991705494 -0.0169286045131075 0.0000089690090180 0.2363912378533277 0.9599559417176805 0.9587903277922468
5.6201406643953487 -0.0171268589971767 0.0000088759412448 0.2405125102686490 0.9595002542036959 0.9583113895315905
5.6516402089563531 -0.0173182196406722 0.0000087861692358 0.2445118083076311 0.9590607180139281 0.9578492036764010
5.6846632265527095 -0.0175199658551639 0.0000086915888267 0.2487506756317285 0.9585976544887622 0.9573620408356521
5.7177860973067283 -0.0177234845117909 0.0000085962438697 0.2530500352290240 0.9581308636509077 0.9568707099047331
5.7510114618561605 -0.0179288025559454 0.0000085001236132 0.2574108996041303 0.9576602933041310 0.9563751495518983
5.7720143043944034 -0.0180591951531482 0.0000084391152778 0.2601925536499868 0.9573616268142368 0.9560604911067426
5.7930171469326464 -0.0181900538832670 0.0000083779155756 0.2629936495994682 0.9570620299925409 0.9557447501579426
5.8200415462807760 -0.0183591183599218 0.0000082988887500 0.2666265215252491 0.9566751721397616 0.9553368941822500
5.8535932806448381 -0.0185700962965293 0.0000082003350342 0.2711819688549501 0.9561927404117310 0.9548280366041506
5.8872335236823110 -0.0187828303201702 0.0000081010341605 0.2757998248353734 0.9557066688007989 0.9543150698027421
5.9209752647870477 -0.0189974128669490 0.0000080009449801 0.2804825392294897 0.9552167563570662 0.9537977749784367
5.9423176923917040 -0.0191337652488265 0.0000079373841785 0.2834709048834435 0.9549056508804987 0.9534691376995346
5.9636601199963604 -0.0192705988172524 0.0000078736284639 0.2864798318951444 0.9545935985515578 0.9531393881877089
5.9976552757922335 -0.0194895519452955 0.0000077716738512 0.2913151911054777 0.9540945969848657 0.9526118536674276
6.0317256977253084 -0.0197102210047145 0.0000076689995222 0.2962139937811915 0.9535920919107170 0.9520803245455042
6.0658963559896382 -0.0199327774293518 0.0000075655278066 0.3011804830131490 0.9530857036916800 0.9515443922909238
6.0880413446866974 -0.0200776719128379 0.0000074982066230 0.3044277244075521 0.9527562458418767 0.9511955533524445
6.1101863333837567 -0.0202230857439133 0.0000074306781012 0.3076975427329201 0.9524257815522966 0.9508455221672331
6.1393586036966044 -0.0204154376815901 0.0000073414048857 0.3120395463787409 0.9519889180262455 0.9503825969552787
6.1738517445751881 -0.0206440401839551 0.0000072353865050 0.3172244140235369 0.9514701301313256 0.9498325714285567
6.2084330954442404 -0.0208744964553232 0.0000071285956574 0.3224781495370963 0.9509475832425440 0.9492782432122917
6.2304939897067149 -0.0210221782268073 0.0000070602077139 0.3258589326252186 0.9506129597887075 0.9489231003827510
6.2525548839691893 -0.0211703758200850 0.0000069916164879 0.3292625419210172 0.9502773503050446 0.9485667794682194
6.2851670941196760 -0.0213903998098229 0.0000068898477897 0.3343359843255594 0.9497794230729868 0.9480378805612215
6.3200657319621927 -0.0216271022088048 0.0000067804544069 0.3398207661500576 0.9492442118636484 0.9474690540942714
6.3550564178535671 -0.0218657294330682 0.0000066702656928 0.3453780187705152 0.9487051321561903 0.9468957756761008
6.3901428550282233 -0.0221063154362885 0.0000065592674956 0.3510090537008201 0.9481621151742351 0.9463179640719143
6.4223920047003231 -0.0223285998549125 0.0000064567979820 0.3562366827144931 0.9476608421311574 0.9457842622590252
6.4576658238182567 -0.0225730000812411 0.0000063442286886 0.3620118369131314 0.9471101846954283 0.9451976387014509
6.4930275075600346 -0.0228193388386652 0.0000062308676568 0.3678616374459240 0.9465556786842088 0.9446065521070310
6.5284820170281508 -0.0230676573821706 0.0000061166967476 0.3737876272983967 0.9459972357492326 0.9440108998847296
6.5639262316492948 -0.0233172422213715 0.0000060020478478 0.3797730424038912 0.9454364799863045 0.9434124073715565
6.5995633639984694 -0.0235695353852479 0.0000058862613543 0.3858529334472510 0.9448701858833424 0.9428076233374392
6.6299789879580118 -0.0237859314428907 0.0000057870337335 0.3910912944609094 0.9443848991987295 0.9422890478319996
6.6585177919517751 -0.0239898706875889 0.0000056935899867 0.3960478478511862 0.9439279167785758 0.9418004604860751
6.6944035538857003 -0.0242475447673867 0.0000055756257876 0.4023375422590816 0.9433510424918690 0.9411833319938103
6.7145650353480830 -0.0243929152103244 0.0000055091242248 0.4058992618658614 0.9430258452944126 0.9408352664213862
6.7347265168104657 -0.0245387174359231 0.0000054424601613 0.4094811980950469 0.9426998620301716 0.9404862318420496
6.7626654555536430 -0.0247414812982317 0.0000053498118045 0.4144784014511709 0.9422468316266110 0.9400009536778078
6.7987981080007591 -0.0250049465925490 0.0000052295316659 0.4209990495665621 0.9416587130509186 0.9393706020715907
6.8349970626338568 -0.0252702921397460 0.0000051085115785 0.4275973985236536 0.9410670052202321 0.9387359814864111
6.8684345164443741 -0.0255166382518122 0.0000049962635268 0.4337510697793635 0.9405182127403694 0.9381470094911445
6.9047890986724800 -0.0257858328924089 0.0000048737230337 0.4405057979099776 0.9399191281609605 0.9375036458359681
6.9412134607201956 -0.0260569590445052 0.0000047504270176 0.4473408310323655 0.9393163800937027 0.9368559072220469
6.9766225024787820 -0.0263218889353950 0.0000046300703324 0.4540502057319096 0.9387280308179896 0.9362232148816937
6.9909676426188208 -0.0264296013235342 0.0000045811714420 0.4567866094216738 0.9384890027974651 0.9359660508567882
7.0053127827588595 -0.0265375326186290 0.0000045321924662 0.4595335658421296 0.9382495880611360 0.9357084007187731
7.0209855287661860 -0.0266557040354496 0.0000044785891874 0.4625468279844177 0.9379875747454196 0.9354263503181239
