0.0000985117215328 -0.0000000000119584 0.0000448036049642 0.0000000000000020 0.9999999999680328 0.9999999999759328
0.0001361702149904 -0.0000000000228506 0.0000448036049583 0.0000000000000053 0.9999999999386178 0.9999999999540113
0.0001824259376581 -0.0000000000410134 0.0000448036049484 0.0000000000000127 0.9999999998895684 0.9999999999174574
0.0002380821576456 -0.0000000000698582 0.0000448036049327 0.0000000000000283 0.9999999998116723 0.9999999998594050
0.0003039009700198 -0.0000000001138241 0.0000448036049088 0.0000000000000589 0.9999999996929418 0.9999999997709202
0.0003806220675018 -0.0000000001785508 0.0000448036048736 0.0000000000001156 0.9999999995181463 0.9999999996406527
0.0004689686685844 -0.0000000002710591 0.0000448036048233 0.0000000000002163 0.9999999992683265 0.9999999994544725
0.0005696134971707 -0.0000000003998882 0.0000448036047533 0.0000000000003875 0.9999999989204224 0.9999999991951940
0.0006832133000136 -0.0000000005752965 0.0000448036046579 0.0000000000006687 0.9999999984467306 0.9999999988421711
0.0008104226729558 -0.0000000008094742 0.0000448036045305 0.0000000000011161 0.9999999978143317 0.9999999983708703
0.0009518477275573 -0.0000000011166455 0.0000448036043635 0.0000000000018083 0.9999999969848132 0.9999999977526641
0.0011080913634507 -0.0000000015133239 0.0000448036041478 0.0000000000028530 0.9999999959135802 0.9999999969543181
0.0012797428762757 -0.0000000020184892 0.0000448036038732 0.0000000000043949 0.9999999945493773 0.9999999959376334
0.0014673528953783 -0.0000000026536910 0.0000448036035278 0.0000000000066249 0.9999999928340101 0.9999999946592406
0.0016714735095110 -0.0000000034433435 0.0000448036030984 0.0000000000097921 0.9999999907015479 0.9999999930700035
0.0018926514031612 -0.0000000044149188 0.0000448036025701 0.0000000000142164 0.9999999880778015 0.9999999911146327
0.0021314069911895 -0.0000000055990496 0.0000448036019263 0.0000000000203038 0.9999999848800477 0.9999999887314774
0.0023882533757942 -0.0000000070297908 0.0000448036011484 0.0000000000285640 0.9999999810163206 0.9999999858519993
0.0026636853953339 -0.0000000087447523 0.0000448036002159 0.0000000000396302 0.9999999763850548 0.9999999824005060
0.0029582015939071 -0.0000000107854241 0.0000448035991063 0.0000000000542827 0.9999999708742061 0.9999999782934954
0.0032722721006624 -0.0000000131971618 0.0000448035977950 0.0000000000734727 0.9999999643612909 0.9999999734396857
0.0036063744608376 -0.0000000160296257 0.0000448035962549 0.0000000000983536 0.9999999567122019 0.9999999677391317
0.0039609531145757 -0.0000000193366469 0.0000448035944567 0.0000000001303098 0.9999999477815676 0.9999999610834944
0.0043364664512942 -0.0000000231768152 0.0000448035923687 0.0000000001709959 0.9999999374111657 0.9999999533548569
0.0047333673328704 -0.0000000276135477 0.0000448035899563 0.0000000002223763 0.9999999254297385 0.9999999444255878
0.0051520906892235 -0.0000000327151408 0.0000448035871824 0.0000000002867664 0.9999999116528500 0.9999999341582347
0.0055930607967438 -0.0000000385550154 0.0000448035840071 0.0000000003668820 0.9999998958822274 0.9999999224050328
0.0060566877045530 -0.0000000452118383 0.0000448035803875 0.0000000004658900 0.9999998779054303 0.9999999090076587
0.0065433949315244 -0.0000000527701186 0.0000448035762779 0.0000000005874720 0.9999998574942410 0.9999998937960313
0.0070535911493600 -0.0000000613200315 0.0000448035716290 0.0000000007358828 0.9999998344051416 0.9999998765886662
0.0075876851445461 -0.0000000709578428 0.0000448035663886 0.0000000009160216 0.9999998083781648 0.9999998571918207
0.0081460488601975 -0.0000000817854070 0.0000448035605013 0.0000000011334929 0.9999997791382528 0.9999998354005049
0.0087290789671597 -0.0000000939114697 0.0000448035539080 0.0000000013947072 0.9999997463917365 0.9999998109958593
0.0093371765227273 -0.0000001074516094 0.0000448035465458 0.0000000017069644 0.9999997098264963 0.9999997837452735
0.0099707012522327 -0.0000001225273908 0.0000448035383486 0.0000000020785231 0.9999996691142456 0.9999997534040888
0.0106300454710496 -0.0000001392682161 0.0000448035292460 0.0000000025187387 0.9999996239055337 0.9999997197118732
0.0113155760421533 -0.0000001578102080 0.0000448035191642 0.0000000030381396 0.9999995738327598 0.9999996823946691
0.0120276515821002 -0.0000001782967482 0.0000448035080250 0.0000000036485494 0.9999995185087215 0.9999996411639093
0.0127666246192583 -0.0000002008787087 0.0000448034957464 0.0000000043632085 0.9999994575259878 0.9999995957159519
0.0135328590107734 -0.0000002257152117 0.0000448034822420 0.0000000051969238 0.9999993904548490 0.9999995457305512
0.0143267140351804 -0.0000002529734135 0.0000448034674208 0.0000000061661976 0.9999993168438990 0.9999994908712915
0.0151485302095870 -0.0000002828281751 0.0000448034511878 0.0000000072893555 0.9999992362209250 0.9999994307862515
0.0159986425088920 -0.0000003154626325 0.0000448034334434 0.0000000085867144 0.9999991480913678 0.9999993651068549
0.0168773999784421 -0.0000003510691894 0.0000448034140830 0.0000000100807820 0.9999990519356400 0.9999992934458740
0.0177851480931528 -0.0000003898491361 0.0000448033929971 0.0000000117964145 0.9999989472101583 0.9999992153981961
0.0187222155388597 -0.0000004320122457 0.0000448033700716 0.0000000137609767 0.9999988333484295 0.9999991305416357
0.0196889086764321 -0.0000004777765541 0.0000448033451881 0.0000000160045120 0.9999987097616473 0.9999990384373777
0.0206855809008684 -0.0000005273718613 0.0000448033182215 0.0000000185601137 0.9999985758292379 0.9999989386229311
0.0217125499000308 -0.0000005810361228 0.0000448032890425 0.0000000214639634 0.9999984309086021 0.9999988306193909
0.0227701201720465 -0.0000006390165108 0.0000448032575167 0.0000000247555944 0.9999982743322516 0.9999987139293025
0.0238586267898052 -0.0000007015720499 0.0000448032235033 0.0000000284782749 0.9999981054006927 0.9999985880313579
0.0249783673390424 -0.0000007689700785 0.0000448031868568 0.0000000326790515 0.9999979233919780 0.9999984523875159
0.0261296587216518 -0.0000008414896329 0.0000448031474256 0.0000000374092034 0.9999977275525719 0.9999983064361928
0.0273127890568020 -0.0000009194187207 0.0000448031050531 0.0000000427243382 0.9999975171047119 0.9999981495977488
0.0285280854270724 -0.0000010030589012 0.0000448030595752 0.0000000486849819 0.9999972912340397 0.9999979812652704
0.0297758450977671 -0.0000010927210634 0.0000448030108230 0.0000000553565939 0.9999970491010018 0.9999978008130667
0.0310563741106728 -0.0000011887281706 0.0000448029586209 0.0000000628100664 0.9999967898334400 0.9999976075911461
0.0323699772943521 -0.0000012914148441 0.0000448029027869 0.0000000711220253 0.9999965125277130 0.9999974009260540
0.0337169297338401 -0.0000014011252203 0.0000448028431339 0.0000000803749871 0.9999962162544859 0.9999971801251858
0.0350975358663396 -0.0000015182178069 0.0000448027794669 0.0000000906581079 0.9999959000456144 0.9999969444670130
0.0365120788005762 -0.0000016430616596 0.0000448027115854 0.0000001020672382 0.9999955629044698 0.9999966932087775
0.0379608236427828 -0.0000017760365671 0.0000448026392827 0.0000001147052961 0.9999952038054409 0.9999964255861203
0.0394440887811019 -0.0000019175398896 0.0000448025623429 0.0000001286833248 0.9999948216754651 0.9999961407993175
0.0409621512488802 -0.0000020679782249 0.0000448024805448 0.0000001441201333 0.9999944154165349 0.9999958380300530
0.0425152818702490 -0.0000022277705720 0.0000448023936607 0.0000001611430058 0.9999939838971548 0.9999955164350519
0.0441037610555812 -0.0000023973501651 0.0000448023014549 0.0000001798883476 0.9999935259473893 0.9999951751423892
0.0457278785610525 -0.0000025771648729 0.0000448022036841 0.0000002005022209 0.9999930403577832 0.9999948132506855
0.0473879005129519 -0.0000027676737836 0.0000448021000984 0.0000002231404457 0.9999925258885856 0.9999944298359807
0.0490840882576564 -0.0000029693492466 0.0000448019904412 0.0000002479693110 0.9999919812642347 0.9999940239476246
0.0508167340336706 -0.0000031826814750 0.0000448018744459 0.0000002751666834 0.9999914051609313 0.9999935945990134
0.0525860727873076 -0.0000034081680224 0.0000448017518419 0.0000003049212252 0.9999907962350548 0.9999931407887692
0.0543924127631326 -0.0000036463302793 0.0000448016223458 0.0000003374350919 0.9999901530786159 0.9999926614675390
0.0562359936080760 -0.0000038976956825 0.0000448014856707 0.0000003729221812 0.9999894742673000 0.9999921555737996
0.0581170929236181 -0.0000041628116705 0.0000448013415191 0.0000004116106066 0.9999887583227809 0.9999916220057715
0.0600359506244517 -0.0000044422356079 0.0000448011895878 0.0000004537419040 0.9999880037399304 0.9999910596416963
0.0619928413141733 -0.0000047365451936 0.0000448010295628 0.0000004995731998 0.9999872089587115 0.9999904673188897
0.0639880220494866 -0.0000050463312981 0.0000448008611228 0.0000005493768389 0.9999863723835209 0.9999898438481564
0.0660217209775590 -0.0000053721959328 0.0000448006839405 0.0000006034406769 0.9999854923886734 0.9999891880178767
0.0680942485741404 -0.0000057147704259 0.0000448004976725 0.0000006620718358 0.9999845672693198 0.9999884985574273
0.0702058184681849 -0.0000060746867743 0.0000448003019754 0.0000007255926676 0.9999835953188080 0.9999877741948354
0.0723566882195155 -0.0000064526004832 0.0000448000964926 0.0000007943453212 0.9999825747670086 0.9999870136108141
0.0745471294118238 -0.0000068491864618 0.0000447998808572 0.0000008686919444 0.9999815037913969 0.9999862154470213
0.0767773723656698 -0.0000072651291957 0.0000447996546971 0.0000009490136552 0.9999803805435946 0.9999853783258387
0.0790476529624332 -0.0000077011309807 0.0000447994176304 0.0000010357128379 0.9999792031271314 0.9999845008337999
0.0813582089822441 -0.0000081579115735 0.0000447991692658 0.0000011292139574 0.9999779695983930 0.9999835815222941
0.0837093237144811 -0.0000086362174774 0.0000447989091974 0.0000012299664418 0.9999766779415432 0.9999826188888765
0.0861012250739482 -0.0000091368021096 0.0000447986370155 0.0000013384415264 0.9999753261220836 0.9999816114171841
0.0885341398032843 -0.0000096604362527 0.0000447983523011 0.0000014551352382 0.9999739120586293 0.9999805575559000
0.0910083166314791 -0.0000102079134429 0.0000447980546227 0.0000015805706042 0.9999724336083581 0.9999794557079088
0.0935240002256910 -0.0000107800448765 0.0000447977435392 0.0000017152975872 0.9999708885807683 0.9999783042405485
0.0960814106493459 -0.0000113776546692 0.0000447974186027 0.0000018598929379 0.9999692747504791 0.9999771014951497
0.0986807854170819 -0.0000120015895483 0.0000447970793527 0.0000020149635145 0.9999675898310606 0.9999758457675307
0.1013223865337614 -0.0000126527214040 0.0000447967253152 0.0000021811481631 0.9999658314681416 0.9999745353028605
0.1040064471948705 -0.0000133319346811 0.0000447963560093 0.0000023591157073 0.9999639972734613 0.9999731683210343
0.1067331635491294 -0.0000140401235170 0.0000447959709489 0.0000025495651012 0.9999620848325983 0.9999717430224345
0.1095027977547047 -0.0000147782185358 0.0000447955696280 0.0000027532337619 0.9999600916326140 0.9999702575340025
0.1123155552315418 -0.0000155471553609 0.0000447951515379 0.0000029708903590 0.9999580151470857 0.9999687099726108
0.1151716863126703 -0.0000163479017519 0.0000447947161525 0.0000032033435117 0.9999558527628242 0.9999670983904472
0.1180714058837094 -0.0000171814360395 0.0000447942629398 0.0000034514370161 0.9999536018381113 0.9999654208184150
0.1210149356157687 -0.0000180487587048 0.0000447937913560 0.0000037160543830 0.9999512596714317 0.9999636752428291
0.1240025038967531 -0.0000189508928376 0.0000447933008447 0.0000039981203964 0.9999488235002355 0.9999618596044920
0.1270343493701210 -0.0000198888857346 0.0000447927908367 0.0000042986030922 0.9999462904966252 0.9999599717954778
0.1301106621637194 -0.0000208637906868 0.0000447922607592 0.0000046185092651 0.9999436578165375 0.9999580096957850
0.1332317127792064 -0.0000218767076998 0.0000447917100142 0.0000049588991753 0.9999409224897839 0.9999559710913832
0.1363976953626347 -0.0000229287341447 0.0000447911380050 0.0000053208718802 0.9999380815533141 0.9999538537735317
0.1396088372888265 -0.0000240209997435 0.0000447905441176 0.0000057055782581 0.9999351319567437 0.9999516554683677
0.1428653633525947 -0.0000251546555062 0.0000447899277262 0.0000061142189756 0.9999320705922289 0.9999493738591699
0.1461674741802250 -0.0000263308661006 0.0000447892881975 0.0000065480432225 0.9999288943150750 0.9999470066017154
0.1495153686091084 -0.0000275508173521 0.0000447886248869 0.0000070083528586 0.9999255999234832 0.9999445513091838
0.1529092715624893 -0.0000288157268986 0.0000447879371324 0.0000074965081959 0.9999221841297804 0.9999420055307121
0.1563494385781095 -0.0000301268472642 0.0000447872242530 0.0000080139313465 0.9999186435521228 0.9999393667452086
0.1598360589682655 -0.0000314854292772 0.0000447864855689 0.0000085620936047 0.9999149748132824 0.9999366324349760
0.1633693263440970 -0.0000328927478742 0.0000447857203868 0.0000091425269147 0.9999111744709676 0.9999338000337777
0.1669494876719835 -0.0000343501226902 0.0000447849279894 0.0000097568345187 0.9999072389622253 0.9999308668853962
0.1705767089894848 -0.0000358588642080 0.0000447841076642 0.0000104066703772 0.9999031647488597 0.9999278303520129
0.1742512360203700 -0.0000374203393577 0.0000447832586682 0.0000110937687497 0.9998989481402913 0.9999246876821800
0.1779732616955061 -0.0000390359172495 0.0000447823802571 0.0000118199230447 0.9998945854401018 0.9999214361200385
0.1817429994755448 -0.0000407069998502 0.0000447814716687 0.0000125870010294 0.9998900728631991 0.9999180728435773
0.1855606538306423 -0.0000424350096704 0.0000447805321297 0.0000133969414680 0.9998854065690664 0.9999145949894114
0.1894264354691342 -0.0000442213966955 0.0000447795608519 0.0000142517593851 0.9998805826430541 0.9999109996388332
0.1933405388700649 -0.0000460676282182 0.0000447785570378 0.0000151535433354 0.9998755971238331 0.9999072838382727
0.1973031876112706 -0.0000479752103356 0.0000447775198685 0.0000161044680419 0.9998704459453525 0.9999034445560304
0.2013145622516311 -0.0000499456538340 0.0000447764485229 0.0000171067798031 0.9998651250289634 0.9998994787509385
0.2053749005865796 -0.0000519805230462 0.0000447753421505 0.0000181628233323 0.9998596301514913 0.9998953832740253
0.2094843731472277 -0.0000540813746852 0.0000447741999052 0.0000192750128456 0.9998539571104108 0.9998911549916208
0.2136431839305154 -0.0000562498077187 0.0000447730209179 0.0000204458598908 0.9998481015891696 0.9998867906849751
0.2178515441785518 -0.0000584874512288 0.0000447718043029 0.0000216779698854 0.9998420591899769 0.9998822870746897
0.2221096424565658 -0.0000607959486571 0.0000447705491671 0.0000229740358829 0.9998358254763484 0.9998776408524255
0.2264177035042381 -0.0000631769896948 0.0000447692545919 0.0000243368588783 0.9998293958870004 0.9998728486167172
0.2307758889121202 -0.0000656322559618 0.0000447679196634 0.0000257693194823 0.9998227658825349 0.9998679069823002
0.2351844134413724 -0.0000681634852686 0.0000447665434370 0.0000272744171819 0.9998159307719184 0.9998628124507708
0.2396434786050690 -0.0000707724355061 0.0000447651249571 0.0000288552525740 0.9998088858099952 0.9998575614832624
0.2441532800971387 -0.0000734608886408 0.0000447636632553 0.0000305150321933 0.9998016261867033 0.9998521504924015
0.2487139974474409 -0.0000762306442934 0.0000447621573534 0.0000322570670339 0.9997941470444209 0.9998465758552298
0.2533258461899793 -0.0000790835516276 0.0000447606062464 0.0000340847954218 0.9997864433918602 0.9998408338490199
0.2579890124771869 -0.0000820214700671 0.0000447590089238 0.0000360017613253 0.9997785102101502 0.9998349207303359
0.2627036648637182 -0.0000850462754847 0.0000447573643659 0.0000380116204021 0.9997703424361299 0.9998288327225757
0.2674700278240149 -0.0000881599078550 0.0000447556715184 0.0000401181748106 0.9997619348336776 0.9998225659200569
0.2722882743749747 -0.0000913643027314 0.0000447539293295 0.0000423253308237 0.9997532821787495 0.9998161164259298
0.2771586186006243 -0.0000946614516322 0.0000447521367168 0.0000446371426318 0.9997443790963266 0.9998094802306358
0.2820812390858765 -0.0000980533515223 0.0000447502925951 0.0000470577808350 0.9997352201968335 0.9998026533135813
0.2870563001850034 -0.0001015420179516 0.0000447483958689 0.0000495915438206 0.9997258000406689 0.9997956316166934
0.2920840197516512 -0.0001051295331436 0.0000447464454069 0.0000522428962053 0.9997161130083616 0.9997884109476252
0.2971645688492853 -0.0001088179761108 0.0000447444400791 0.0000550164215695 0.9997061534892832 0.9997809871204123
0.3022981500943775 -0.0001126094783283 0.0000447423787274 0.0000579168666907 0.9996959157313238 0.9997733558434121
0.3074849363066859 -0.0001165061794816 0.0000447402601890 0.0000609491117619 0.9996853939603911 0.9997655128083691
0.3127251116888256 -0.0001205102575313 0.0000447380832805 0.0000641181964669 0.9996745822992363 0.9997574536298977
0.3180188589225226 -0.0001246239195622 0.0000447358468026 0.0000674293166676 0.9996634747921737 0.9997491738638976
0.3233663797505305 -0.0001288494183145 0.0000447335495311 0.0000708878416016 0.9996520653604515 0.9997406689742759
0.3287678350697893 -0.0001331890051552 0.0000447311902429 0.0000744992791625 0.9996403479292459 0.9997319344276001
0.3342234352141044 -0.0001376450019390 0.0000447287676765 0.0000782693387451 0.9996283162336356 0.9997229655484543
0.3397333383114370 -0.0001422197194851 0.0000447262805761 0.0000822038671414 0.9996159640387349 0.9997137576835230
0.3452977345140971 -0.0001469155259300 0.0000447237276554 0.0000863089097062 0.9996032849551419 0.9997043060640071
0.3509168125243671 -0.0001517348202016 0.0000447211076108 0.0000905906923908 0.9995902725105744 0.9996946058590090
0.3565907360047530 -0.0001566800114380 0.0000447184191336 0.0000950556069882 0.9995769202054496 0.9996846522169555
0.3623196989087190 -0.0001617535668545 0.0000447156608834 0.0000997102579191 0.9995632213836508 0.9996744401692436
0.3681038762560822 -0.0001669579694685 0.0000447128315114 0.0001045614285774 0.9995491693466849 0.9996639647153278
0.3739434619210421 -0.0001722957518019 0.0000447099296416 0.0001096161165154 0.9995347572626970 0.9996532207548787
0.3798386076470346 -0.0001777694404058 0.0000447069539018 0.0001148814852381 0.9995199783162663 0.9996422031994371
0.3857894928601278 -0.0001833816193788 0.0000447039028882 0.0001203649281973 0.9995048255369184 0.9996309068445595
0.3917963321818088 -0.0001891349398574 0.0000447007751607 0.0001260740845755 0.9994892917735155 0.9996193263507072
0.3978592700012148 -0.0001950320195437 0.0000446975692975 0.0001320167443975 0.9994733699655433 0.9996074564454749
0.4039785017630134 -0.0002010755584002 0.0000446942838321 0.0001382009672372 0.9994570528307519 0.9995952916907104
0.4101541701042588 -0.0002072682377741 0.0000446909173081 0.0001446349850685 0.9994403331375294 0.9995828266855535
0.4163864622174627 -0.0002136128164687 0.0000446874682273 0.0001513273049519 0.9994232034455302 0.9995700558730536
0.4226755853547955 -0.0002201121088681 0.0000446839350611 0.0001582866936794 0.9994056561647543 0.9995569735841920
0.4290216976831812 -0.0002267689136772 0.0000446803162896 0.0001655221063704 0.9993876837479571 0.9995435741813127
0.4354249275882521 -0.0002335860310334 0.0000446766103923 0.0001730427063942 0.9993692786444617 0.9995298520236732
0.4418854707230093 -0.0002405663659725 0.0000446728157915 0.0001808579843310 0.9993504330208346 0.9995158012591705
0.4484035189532374 -0.0002477128555081 0.0000446689308925 0.0001889776853772 0.9993311389577804 0.9995014159711133
0.4549792297529736 -0.0002550284342873 0.0000446649541017 0.0001974117744197 0.9993113885428810 0.9994866902473472
0.4616127677631752 -0.0002625160792863 0.0000446608838028 0.0002061704907990 0.9992911737499427 0.9994716180902774
0.4683043157372375 -0.0002701788232283 0.0000446567183491 0.0002152643702465 0.9992704864027929 0.9994561933898515
0.4750540345030997 -0.0002780197094574 0.0000446524560884 0.0002247041973013 0.9992493182971265 0.9994404100143855
0.4818621080378954 -0.0002860418438338 0.0000446480953344 0.0002345010724539 0.9992276610604254 0.9994242617060934
0.4887287348251650 -0.0002942483864940 0.0000446436343716 0.0002446664097429 0.9992055061742259 0.9994077420976627
0.4956539882380754 -0.0003026423829111 0.0000446390715468 0.0002552117302966 0.9991828454302154 0.9993908450523177
0.5026380985589328 -0.0003112271024935 0.0000446344050852 0.0002661490890479 0.9991596700161568 0.9993735639822181
0.5096812176490624 -0.0003200057568912 0.0000446296332437 0.0002774907307529 0.9991359712763856 0.9993558924154917
0.5167835353327477 -0.0003289816415626 0.0000446247542334 0.0002892492741549 0.9991117403296557 0.9993378237112513
0.5239451815564417 -0.0003381580130843 0.0000446197662870 0.0003014375581282 0.9990869684003749 0.9993193513065627
0.5311663703303783 -0.0003475382723453 0.0000446146675586 0.0003140688891380 0.9990616463240868 0.9993004683476564
0.5384472102288200 -0.0003571257210004 0.0000446094562566 0.0003271567225234 0.9990357652049567 0.9992811681801881
0.5457878750034628 -0.0003669237815165 0.0000446041305237 0.0003407149625457 0.9990093158217788 0.9992614439062625
0.5531885568974826 -0.0003769359396445 0.0000445986884685 0.0003547578951994 0.9989822887833046 0.9992412885002264
0.5606493942483064 -0.0003871656464120 0.0000445931282184 0.0003693000567801 0.9989546747928344 0.9992206950059545
0.5681705636103257 -0.0003976164422558 0.0000445874478525 0.0003843564134497 0.9989264643131575 0.9991996562869468
0.5757522498688040 -0.0004082919183948 0.0000445816454224 0.0003999423159255 0.9988976476708563 0.9991781651040750
0.5833945684046546 -0.0004191956060606 0.0000445757190125 0.0004160733424063 0.9988682153553369 0.9991562143385638
0.5910977003215221 -0.0004303311669297 0.0000445696666365 0.0004327655829824 0.9988381575048183 0.9991337966086122
0.5988618046204212 -0.0004417022700631 0.0000445634863041 0.0004500354673226 0.9988074642385473 0.9991109045171160
0.6066870450776234 -0.0004533126301578 0.0000445571760005 0.0004678998277053 0.9987761255535766 0.9990875305746488
0.6145736121492645 -0.0004651660413473 0.0000445507336678 0.0004863759596878 0.9987441312335688 0.9990636671313985
0.6225215876634810 -0.0004772661726997 0.0000445441573163 0.0005054813083031 0.9987114714008094 0.9990393067888602
0.6305311794111615 -0.0004896169218366 0.0000445374448324 0.0005252340276340 0.9986781355617698 0.9990144416879094
0.6386025702516051 -0.0005022221903440 0.0000445305941003 0.0005456526412498 0.9986441132133518 0.9989890639609305
0.6467359029102057 -0.0005150858573646 0.0000445236030168 0.0005667560023561 0.9986093939141921 0.9989631657849684
0.6549312872620824 -0.0005282117875416 0.0000445164694867 0.0005885633080480 0.9985739672632513 0.9989367393657259
0.6631889370498393 -0.0005416040509830 0.0000445091913033 0.0006110944734306 0.9985378223061728 0.9989097764946914
0.6715089896290276 -0.0005552666361450 0.0000445017663046 0.0006343696645064 0.9985009483102506 0.9988822691271712
0.6798915812594942 -0.0005692035682193 0.0000444941923089 0.0006584094984376 0.9984633344449381 0.9988542091439266
0.6883368812284669 -0.0005834189669782 0.0000444864670831 0.0006832351525342 0.9984249696257771 0.9988255882346931
0.6968450377648427 -0.0005979169576570 0.0000444785883916 0.0007088682194243 0.9983858427549588 0.9987963980775848
0.7054162111608178 -0.0006127017264388 0.0000444705539658 0.0007353308111212 0.9983459425716233 0.9987666302273660
0.7140505463907305 -0.0006277774738151 0.0000444623615297 0.0007626454842739 0.9983052577777746 0.9987362762093355
0.7227482068623046 -0.0006431484731610 0.0000444540087679 0.0007908353534539 0.9982637768802484 0.9987053274013704
0.7315093814609338 -0.0006588190855652 0.0000444454933175 0.0008199241306310 0.9982214881507474 0.9986737750040434
0.7403341610135392 -0.0006747935378296 0.0000444368128891 0.0008499357192100 0.9981783802249782 0.9986416104875963
0.7492227316144028 -0.0006910762682912 0.0000444279650784 0.0008808948640812 0.9981344411694630 0.9986088248956151
0.7581752248265180 -0.0007076716580299 0.0000444189475125 0.0009128266591568 0.9980896592069528 0.9985754093862186
0.7671918122727881 -0.0007245842035564 0.0000444097577564 0.0009457568829361 0.9980440222504765 0.9985413548843264
0.7762726491033508 -0.0007418184134969 0.0000444003933685 0.0009797118109687 0.9979975181821930 0.9985066522896636
0.7854178545955999 -0.0007593787694956 0.0000443908519223 0.0010147181428625 0.9979501349589371 0.9984712925554710
0.7946275790296814 -0.0007772698530262 0.0000443811309374 0.0010508032603635 0.9979018602700898 0.9984352664331337
0.8039019973312972 -0.0007954963364759 0.0000443712278844 0.0010879952248077 0.9978526815617110 0.9983985644901073
0.8132412817362558 -0.0008140629314825 0.0000443611402127 0.0011263226847762 0.9978025861760039 0.9983611772139194
0.8226455273159070 -0.0008329742382208 0.0000443508654330 0.0011658145684753 0.9977515617580127 0.9983230953156410
0.8321149056305749 -0.0008522350509910 0.0000443404009507 0.0012065007237078 0.9976995954311612 0.9982843091145037
0.8416495493753557 -0.0008718501285668 0.0000443297441907 0.0012484114520823 0.9976466744169501 0.9982448090003208
0.8512496189354775 -0.0008918243291013 0.0000443188925246 0.0012915778021971 0.9975927856710388 0.9982045851617982
0.8609152486768280 -0.0009121624998949 0.0000443078433302 0.0013360313438836 0.9975379161807180 0.9981636278084891
0.8706466155641108 -0.0009328696213169 0.0000442965939134 0.0013818044911932 0.9974820525766953 0.9981219268809364
0.8804438353973395 -0.0009539505875369 0.0000442851416274 0.0014289300305240 0.9974251817247149 0.9980794724922145
0.8903070653744665 -0.0009754104237549 0.0000442734837546 0.0014774416081320 0.9973672901395837 0.9980362544904366
0.9002364370230034 -0.0009972541429782 0.0000442616175846 0.0015273734219633 0.9973083643716258 0.9979922627471571
0.9102320865893809 -0.0010194868110320 0.0000442495403786 0.0015787603757996 0.9972483908313771 0.9979474870264209
0.9202941739863821 -0.0010421135901165 0.0000442372493461 0.0016316381929703 0.9971873556721692 0.9979019168970074
0.9304228532595521 -0.0010651396743705 0.0000442247416797 0.0016860432803874 0.9971252449640398 0.9978555418621702
0.9406182603055857 -0.0010885702609441 0.0000442120145707 0.0017420126680142 0.9970620447718350 0.9978083514178701
0.9508805196712308 -0.0011124105637757 0.0000441990652021 0.0017995840475304 0.9969977411181189 0.9977603350250005
0.9612098172533354 -0.0011366659839339 0.0000441858906556 0.0018587961974322 0.9969323195238102 0.9977114817662703
0.9716062365953009 -0.0011613417268902 0.0000441724881196 0.0019196880631837 0.9968657660405699 0.9976617811170233
0.9820699341631394 -0.0011864432123895 0.0000441588546671 0.0019822997639999 0.9967980661453785 0.9976112221196848
0.9926010430132733 -0.0012119758490667 0.0000441449873772 0.0020466720551840 0.9967292053485327 0.9975597938376737
1.0031997192998017 -0.0012379451461458 0.0000441308832753 0.0021128466178671 0.9966591688924840 0.9975074851303868
1.0138661135210392 -0.0012643566449976 0.0000441165393698 0.0021808659005913 0.9965879419365289 0.9974542847910175
1.0246003806754491 -0.0012912159441088 0.0000441019526388 0.0022507731942701 0.9965155094895691 0.9974001814962264
1.0354026255471183 -0.0013185285607663 0.0000440871201051 0.0023226122796175 0.9964418567832017 0.9973451640847236
1.0462729884343005 -0.0013463001447263 0.0000440720387203 0.0023964279920862 0.9963669686956034 0.9972892211268365
1.0572115824603572 -0.0013745363203626 0.0000440567054504 0.0024722658193946 0.9962908301773115 0.9972323412424424
1.0682185663960404 -0.0014032428740581 0.0000440411171740 0.0025501724145322 0.9962134257460247 0.9971745127234456
1.0792940986689221 -0.0014324256386411 0.0000440252707455 0.0026301953054919 0.9961347397983570 0.9971157237665240
1.0904383069635029 -0.0014620904121635 0.0000440091630386 0.0027123826812879 0.9960547568289368 0.9970559626367164
1.1016513208696390 -0.0014922430421071 0.0000439927909011 0.0027967836295220 0.9959734612034608 0.9969952174977561
1.1129332406226884 -0.0015228893404075 0.0000439761512009 0.0028834479075493 0.9958908373879078 0.9969334765832283
1.1242842578883210 -0.0015540354126008 0.0000439592406472 0.0029724268880334 0.9958068690612714 0.9968707275334171
1.1357044610713625 -0.0015856871282635 0.0000439420560781 0.0030637720713645 0.9957215405433940 0.9968069584621357
1.1471940195326265 -0.0016178506250734 0.0000439245941870 0.0031575365338929 0.9956348354361538 0.9967421569411742
1.1587530370829833 -0.0016505319039239 0.0000439068517426 0.0032537737749158 0.9955467377151171 0.9966763108159815
1.1703816603451505 -0.0016837371307931 0.0000438888254246 0.0033525386047554 0.9954572309158853 0.9966094075974378
1.1820800517805290 -0.0017174725647075 0.0000438705118633 0.0034538869577690 0.9953662983284588 0.9965414346069319
1.1938483030666347 -0.0017517443066247 0.0000438519077755 0.0035578751467126 0.9952739236742337 0.9964723794822955
1.2056865286853489 -0.0017865585659951 0.0000438330098203 0.0036645606659158 0.9951800903875999 0.9964022296406840
1.2175948619021566 -0.0018219216520855 0.0000438138146034 0.0037740021867420 0.9950847816394989 0.9963309722960022
1.2295735267684575 -0.0018578401937161 0.0000437943185582 0.0038862602690965 0.9949879797454102 0.9962585940160553
1.2416225668481802 -0.0018943203273235 0.0000437745183864 0.0040013948418953 0.9948896683537199 0.9961850823586044
1.2537421487610749 -0.0019313686030762 0.0000437544105659 0.0041194680353622 0.9947898300038095 0.9961104240454558
1.2659323430402127 -0.0019689913233954 0.0000437339917105 0.0042405421124424 0.9946884479088693 0.9960346062953627
1.2781933438485469 -0.0020071952167181 0.0000437132582037 0.0043646816364456 0.9945855041404156 0.9959576154662251
1.2905252392742497 -0.0020459867299243 0.0000436922065829 0.0044919512118344 0.9944809815351636 0.9958794384809442
1.3029282043826835 -0.0020853726285530 0.0000436708332139 0.0046224174441939 0.9943748620778451 0.9958000616177886
1.3154023389835490 -0.0021253594874225 0.0000436491345671 0.0047561472858244 0.9942671282738974 0.9957194715368995
1.3279477341946484 -0.0021659538957707 0.0000436271071062 0.0048932087079902 0.9941577625968320 0.9956376548668447
1.3405645327382176 -0.0022071626538112 0.0000436047471818 0.0050336713829734 0.9940467469588858 0.9955545978084092
1.3532528829774426 -0.0022489926284081 0.0000435820511095 0.0051776062259674 0.9939340631000854 0.9954702864254030
1.3660129097586375 -0.0022914506565624 0.0000435590152225 0.0053250850761047 0.9938196928484209 0.9953847068391437
1.3788447156903307 -0.0023345435461823 0.0000435356358710 0.0054761807013306 0.9937036181179075 0.9952978452268716
1.3917484199456596 -0.0023782782047957 0.0000435119093527 0.0056309672582509 0.9935858205620570 0.9952096875622666
1.4047241535027619 -0.0024226616257998 0.0000434878319200 0.0057895202662478 0.9934662816111389 0.9951202196430984
1.4177720919861942 -0.0024677010042352 0.0000434633997174 0.0059519170482787 0.9933449821606146 0.9950294268577768
1.4308922724506750 -0.0025134031027944 0.0000434386091254 0.0061182344541386 0.9932219042787777 0.9949372954633429
1.4440848892736251 -0.0025597752747128 0.0000434134562057 0.0062885525691962 0.9930970284521452 0.9948438105234069
1.4573500196447142 -0.0026068245107449 0.0000433879372180 0.0064629512726871 0.9929703361522576 0.9947489578292882
1.4706877907941476 -0.0026545580216861 0.0000433620483044 0.0066415123726789 0.9928418082671350 0.9946527227256484
1.4840983026565422 -0.0027029829658912 0.0000433357856370 0.0068243186177010 0.9927114258352512 0.9945550906597580
1.4975817039966306 -0.0027521067234713 0.0000433091452694 0.0070114547445053 0.9925791693074845 0.9944560466286247
1.5111381402526272 -0.0028019367116668 0.0000432821232365 0.0072030068110666 0.9924450190445092 0.9943555755511476
1.5247677076695418 -0.0028524802135301 0.0000432547156481 0.0073990615433698 0.9923089557782039 0.9942536626135058
1.5384704907740894 -0.0029037445107135 0.0000432269186161 0.0075997068417917 0.9921709602543130 0.9941502930014007
1.5522466314509926 -0.0029557371433534 0.0000431987281143 0.0078050328193542 0.9920310125331474 0.9940454513759608
1.5660962923945005 -0.0030084657797883 0.0000431701400489 0.0080151313337504 0.9918890923406506 0.9939391221363384
1.5800195322308592 -0.0030619377384012 0.0000431411505176 0.0082300940875101 0.9917451803555799 0.9938312903838974
1.5940164805054458 -0.0031161606510740 0.0000431117554501 0.0084500152762996 0.9915992564240075 0.9937219405842977
1.6080872761024676 -0.0031711422333697 0.0000430819507329 0.0086749907085278 0.9914513001782368 0.9936110570308403
1.6222319948838677 -0.0032268899997110 0.0000430517323634 0.0089051166478027 0.9913012918034906 0.9934986244188374
1.6364507661419461 -0.0032834117175940 0.0000430210962038 0.0091404916843702 0.9911492108158749 0.9933846269295338
1.6507436973396892 -0.0033407151136170 0.0000429900381409 0.0093812155490828 0.9909950368537412 0.9932690488229130
1.6651109034144327 -0.0033988079887332 0.0000429585540233 0.0096273896047750 0.9908387493678427 0.9931518742052016
1.6795525363431667 -0.0034576983405781 0.0000429266395950 0.0098791173934772 0.9906803272925885 0.9930330867820520
1.6940686815507948 -0.0035173939420593 0.0000428942907243 0.0101365028566403 0.9905197501800102 0.9929126707085026
1.7086594249037135 -0.0035779026088077 0.0000428615032587 0.0103996514700194 0.9903569974804646 0.9927906100494969
1.7233249132014354 -0.0036392324532070 0.0000428282728872 0.0106686713790987 0.9901920478597380 0.9926668882673635
1.7380652626490352 -0.0037013914174833 0.0000427945953474 0.0109436717887491 0.9900248802132473 0.9925414889820819
1.7517625383546793 -0.0037596135311401 0.0000427630517710 0.0112033857198893 0.9898683063066570 0.9924240238387735
1.7666503424923317 -0.0038234022479790 0.0000427284944419 0.0114902692918270 0.9896967746013189 0.9922953229723233
1.7816102456108722 -0.0038880305879435 0.0000426934845155 0.0117834027842106 0.9895229981242332 0.9921649228513262
1.7966454114003254 -0.0039535197542054 0.0000426580105995 0.0120829600159456 0.9893469204006923 0.9920327804995005
1.8117559552926650 -0.0040198779878837 0.0000426220683269 0.0123890582382420 0.9891685198283913 0.9918988790879663
1.8269419611195825 -0.0040871134342209 0.0000425856533850 0.0127018157437520 0.9889877750784261 0.9917632019768142
1.8422035955303779 -0.0041552346495928 0.0000425487612416 0.0130213542451137 0.9888046637327016 0.9916257316919297
1.8575408871084478 -0.0042242496184999 0.0000425113876768 0.0133477942958570 0.9886191649267241 0.9914864519086436
1.8729540316842035 -0.0042941671189341 0.0000424735280442 0.0136812617260619 0.9884312556799077 0.9913453446963050
1.8884430878290077 -0.0043649953548013 0.0000424351780112 0.0140218812047090 0.9882409145718108 0.9912023932781211
1.9040081417031474 -0.0044367426936249 0.0000423963331594 0.0143697797269654 0.9880481197596032 0.9910575805423822
1.9196493603267557 -0.0045094179199861 0.0000423569888480 0.0147250879001764 0.9878528482976527 0.9909108885307876
1.9353667723104826 -0.0045830292194082 0.0000423171407637 0.0150879350081688 0.9876550788682128 0.9907623004893517
1.9511604981174580 -0.0046575852438372 0.0000422767843439 0.0154584542166009 0.9874547889188585 0.9906117987177747
1.9670306463449350 -0.0047330946331836 0.0000422359150359 0.0158367802699406 0.9872519559485777 0.9904593655351007
1.9829773211206945 -0.0048095660486254 0.0000421945282788 0.0162230496677328 0.9870465574186870 0.9903049832124615
1.9990006500534330 -0.0048870083072800 0.0000421526194309 0.0166174013673168 0.9868385703915650 0.9901486337011408
2.0151006926803543 -0.0049654299388670 0.0000421101840097 0.0170199745408850 0.9866279727217443 0.9899902995275985
2.0312776072814231 -0.0050448399947259 0.0000420672172539 0.0174309127292680 0.9864147408836752 0.9898299621600517
2.0475314538115845 -0.0051252470878359 0.0000420237146432 0.0178503589325631 0.9861988525501619 0.9896676039466415
2.0638623116597916 -0.0052066599632447 0.0000419796715896 0.0182784585402385 0.9859802850608683 0.9895032069637296
2.0802702896417373 -0.0052890875520104 0.0000419350834083 0.0187153596556875 0.9857590152781094 0.9893367529068816
2.0967554797500796 -0.0053725387417053 0.0000418899454422 0.0191612119145570 0.9855350202035013 0.9891682235542364
2.1133180094109179 -0.0054570226405994 0.0000418442529187 0.0196161679140528 0.9853082762693399 0.9889976002329531
2.1299579456284161 -0.0055425480898686 0.0000417980012138 0.0200803806122547 0.9850787606483242 0.9888248648043030
2.1466753910329324 -0.0056291241509733 0.0000417511855886 0.0205540059580866 0.9848464499459167 0.9886499986793589
2.1634704244584837 -0.0057167598012245 0.0000417038013542 0.0210372012637892 0.9846113210178806 0.9884729834338161
2.1803431606422876 -0.0058054642439836 0.0000416558437037 0.0215301269276457 0.9843733501384920 0.9882938001814057
2.1972936749188898 -0.0058952465152134 0.0000416073079252 0.0220329442814851 0.9841325140567001 0.9881124303686010
2.2143220961877743 -0.0059861159734774 0.0000415581891371 0.0225458183410949 0.9838887886821988 0.9879288547847735
2.2314284572491534 -0.0060780815028217 0.0000415084827189 0.0230689133360728 0.9836421512240382 0.9877430551724937
2.2486129309160177 -0.0061711527769496 0.0000414581836283 0.0236023998902054 0.9833925768006779 0.9875550116735490
2.2658755342817321 -0.0062653386675815 0.0000414072872610 0.0241464459776776 0.9831400427090323 0.9873647060445693
2.2832163897570679 -0.0063606486530192 0.0000413557886902 0.0247012249862463 0.9828845246477335 0.9871721188111867
2.3006355729504930 -0.0064570919938357 0.0000413036831116 0.0252669110096641 0.9826259989281421 0.9869772309334864
2.3181331861768766 -0.0065546781346960 0.0000412509656270 0.0258436811938469 0.9823644413976315 0.9867800229940915
2.3357092907179839 -0.0066534163276565 0.0000411976314471 0.0264317135372998 0.9820998284499280 0.9865804759593981
2.3533639854049033 -0.0067533160698706 0.0000411436756560 0.0270311894949947 0.9818321358525590 0.9863785702950382
2.3710973618317124 -0.0068543868548686 0.0000410890933452 0.0276422925354724 0.9815613394141977 0.9861742864684889
2.3889095116667072 -0.0069566382129999 0.0000410338795920 0.0282652083984922 0.9812874148769237 0.9859676048673522
2.4068005160371344 -0.0070600796496499 0.0000409780294928 0.0289001247340276 0.9810103380823803 0.9857585059242546
2.4247704799194505 -0.0071647208438202 0.0000409215380563 0.0295472323403282 0.9807300844405443 0.9855469697154448
2.4428194377419734 -0.0072705710972945 0.0000408644005010 0.0302067217706893 0.9804466304056396 0.9853329770743574
2.4609475228263835 -0.0073776403240293 0.0000408066117209 0.0308787894903545 0.9801599508271721 0.9851165075914939
2.4791547787138462 -0.0074859379443640 0.0000407481668826 0.0315636310120622 0.9798700219118690 0.9848975418499575
2.4974413069975130 -0.0075954737546241 0.0000406890609564 0.0322614463522085 0.9795768188958665 0.9846760596673961
2.5158072003139345 -0.0077062575334521 0.0000406292889286 0.0329724375948065 0.9792803170996403 0.9844520408919054
2.5342525260592521 -0.0078182989404466 0.0000405688458564 0.0336968082412153 0.9789804921999006 0.9842254656070779
2.5527773297178742 -0.0079316075310138 0.0000405077268599 0.0344347632904184 0.9786773201903398 0.9839963141021012
2.5713816742076938 -0.0080461929946071 0.0000404459269940 0.0351865107940827 0.9783707767448482 0.9837645663900364
2.5900656926047523 -0.0081620654862587 0.0000403834410692 0.0359522640987917 0.9780608363317829 0.9835302015372317
2.6088294621882691 -0.0082792348521098 0.0000403202640703 0.0367322367956784 0.9777474742867738 0.9832931992297050
2.6219992657899565 -0.0083619527176336 0.0000402756681364 0.0372862726239902 0.9775262793041096 0.9831258744305814
2.6351690693916439 -0.0084450608660528 0.0000402308634109 0.0378457752198481 0.9773040510917146 0.9829577427031367
2.6498517077522679 -0.0085381803069088 0.0000401806658862 0.0384760240407155 0.9770550785529225 0.9827693467762301
2.6688789642162685 -0.0086595834775237 0.0000401152294262 0.0393029753597566 0.9767305289956399 0.9825237142871013
2.6879762707294415 -0.0087822608558908 0.0000400491152295 0.0401446314009073 0.9764026248385168 0.9822754877858609
2.7071536700661061 -0.0089062857980275 0.0000399822840812 0.0410016486965129 0.9760711718192723 0.9820245184210985
2.7264112341635998 -0.0090316682851850 0.0000399147309359 0.0418742559989173 0.9757361451554095 0.9817707855572884
2.7457490834094553 -0.0091584186453847 0.0000398464505696 0.0427626868615307 0.9753975191843993 0.9815142678523576
2.7651672646419270 -0.0092865467560928 0.0000397774380096 0.0436671740889562 0.9750552694949246 0.9812549448713638
2.7846658448521633 -0.0094160626522656 0.0000397076882067 0.0445879539743455 0.9747093713029963 0.9809927958561552
2.8042448868279215 -0.0095469763670819 0.0000396371961216 0.0455252652063119 0.9743597998784563 0.9807278000478018
2.8239044249665706 -0.0096792977673827 0.0000395659568131 0.0464793476895822 0.9740065309851934 0.9804599370198730
2.8436445869629789 -0.0098130373741975 0.0000394939649973 0.0474504484932312 0.9736495386916416 0.9801891850175131
2.8634654200322411 -0.0099482051942386 0.0000394212156761 0.0484388134551275 0.9732887984915545 0.9799155233229978
2.8833669866209557 -0.0100848113608058 0.0000393477037930 0.0494446917983101 0.9729242855937530 0.9796389309585365
2.9033493410882945 -0.0102228659752377 0.0000392734243182 0.0504683349955100 0.9725559753463645 0.9793593870074105
2.9234125709227197 -0.0103623793923153 0.0000391983720952 0.0515099989110099 0.9721838424765492 0.9790768700362101
2.9435566784380267 -0.0105033613967638 0.0000391225422844 0.0525699376655452 0.9718078632881081 0.9787913597626163
2.9637817586238278 -0.0106458224404853 0.0000390459296973 0.0536484128982928 0.9714280123625011 0.9785028345501481
2.9840878839971587 -0.0107897728442597 0.0000389685292266 0.0547456878465465 0.9710442646895422 0.9782112730248639
3.0044751058309362 -0.0109352228011545 0.0000388903358441 0.0558620273498044 0.9706565956590681 0.9779166540687607
3.0249434486401836 -0.0110821823316659 0.0000388113446251 0.0569976974801873 0.9702649811812325 0.9776189569109612
3.0454930372148250 -0.0112306621980434 0.0000387315502575 0.0581529726466274 0.9698693952514276 0.9773181592757244
3.0661239076553861 -0.0113806725485594 0.0000386509477702 0.0593281251469431 0.9694698135643239 0.9770142401289591
3.0868361162193461 -0.0115322236958340 0.0000385695321153 0.0605234311760642 0.9690662114407915 0.9767071781018687
3.1076297012796155 -0.0116853258401446 0.0000384872983169 0.0617391686769805 0.9686585645661705 0.9763969520517706
3.1285046916505905 -0.0118399891268488 0.0000384042414407 0.0629756177827718 0.9682468488383125 0.9760835409460847
3.1494611316546468 -0.0119962238312768 0.0000383203564941 0.0642330623062188 0.9678310398766147 0.9757669234879536
3.1704991687438944 -0.0121540410212893 0.0000382356380721 0.0655117951727013 0.9674111112608620 0.9754470767736027
3.1916187631361757 -0.0123134503825023 0.0000381500815237 0.0668121008486914 0.9669870403196780 0.9751239807001491
3.2128199997854199 -0.0124744625509573 0.0000380636817011 0.0681342741953792 0.9665588019242946 0.9747976132384746
3.2341029118756892 -0.0126370877889844 0.0000379764336697 0.0694786097574607 0.9661263720132671 0.9744679531171596
3.2554675471424632 -0.0128013364842063 0.0000378883324413 0.0708454058382485 0.9656897262662624 0.9741349788114496
3.2769139276009045 -0.0129672027001558 0.0000377993736313 0.0722349619452431 0.9652488408771903 0.9737986691354381
3.2965381533490001 -0.0131198557287915 0.0000377175167664 0.0735219302234503 0.9648431646215584 0.9734891262235302
3.3181452401860536 -0.0132889051425831 0.0000376268856835 0.0749561327852094 0.9643940170953290 0.9731463116721542
3.3398300875269933 -0.0134595858098054 0.0000375353992970 0.0764137170096538 0.9639406448419896 0.9728001639867726
3.3615969063304378 -0.0136319406518578 0.0000374430352357 0.0778952701102296 0.9634829374357662 0.9724505956467293
3.3834457305219527 -0.0138059800192517 0.0000373497886071 0.0794011066842810 0.9630208710809851 0.9720975851817238
3.4053765767251898 -0.0139817141340355 0.0000372556546024 0.0809315430209327 0.9625544224065233 0.9717411113848827
3.4273895118642193 -0.0141591536318531 0.0000371606282064 0.0824869018421592 0.9620835670286673 0.9713811522136281
3.4494845461840180 -0.0143383087035993 0.0000370647046580 0.0840675048339335 0.9616082818309002 0.9710176865312924
3.4716617362755433 -0.0145191899243006 0.0000369678790058 0.0856736799139313 0.9611285427658520 0.9706506924261274
3.4939210750995371 -0.0147018073589671 0.0000368701465880 0.0873057533352600 0.9606443272287863 0.9702801490258750
3.5162626464749582 -0.0148861718255456 0.0000367715023559 0.0889640609463991 0.9601556107100131 0.9699060339357555
3.5386864721648932 -0.0150722936435164 0.0000366719415446 0.0906489370542589 0.9596623701151319 0.9695283257780889
3.5611925887055413 -0.0152601832618839 0.0000365714593369 0.0923607200299317 0.9591645821013776 0.9691470029186477
3.5837810522177151 -0.0154498513029165 0.0000364700508403 0.0940997527586682 0.9586622229639733 0.9687620433783477
3.6064518231147407 -0.0156413075901181 0.0000363677116070 0.0958663737030035 0.9581552712119717 0.9683734268067914
3.6292049583560799 -0.0158345627622743 0.0000362644367715 0.0976609317136004 0.9576437032950462 0.9679811312069142
3.6520405610617486 -0.0160296278649068 0.0000361602212691 0.0994837824482795 0.9571274946893874 0.9675851337644281
3.6749585557985576 -0.0162265124252684 0.0000360550608653 0.1013352703428612 0.9566066249931129 0.9671854147564930
3.6979590306799075 -0.0164252273724572 0.0000359489505956 0.1032157558912282 0.9560810702002844 0.9667819516243533
3.7210419681138105 -0.0166257827310274 0.0000358418859977 0.1051255940386917 0.9555508088054464 0.9663747236563153
3.7442074230081697 -0.0168281891562491 0.0000357338622927 0.1070651486789763 0.9550158177446063 0.9659637088714088
3.7674554242356253 -0.0170324570833562 0.0000356248748388 0.1090347846227960 0.9544760746473716 0.9655488857474130
3.7907859388465699 -0.0172385685459288 0.0000355149201628 0.1110348643895841 0.9539315585957563 0.9651302338157834
3.8142312488335506 -0.0174468481281523 0.0000354038396009 0.1130685728430131 0.9533814887145525 0.9647071478566829
3.8377270848075931 -0.0176567352104190 0.0000352919331957 0.1151307069121450 0.9528273514830923 0.9642807666492283
3.8613056299080357 -0.0178685250838988 0.0000351790444374 0.1172244165441518 0.9522683725124470 0.9638504900664320
3.8849667705020345 -0.0180822268966950 0.0000350651694653 0.1193500690876930 0.9517045333594347 0.9634162992297159
3.9087105825853046 -0.0182978514976499 0.0000349503035346 0.1215080516995751 0.9511358112144956 0.9629781718214621
3.9325370082452324 -0.0185154085208138 0.0000348344425699 0.1236987424256067 0.9505621865973328 0.9625360880093613
3.9564461169653957 -0.0187349087573418 0.0000347175819028 0.1259225339370740 0.9499836371029770 0.9620900256278678
3.9804379290332137 -0.0189563625524797 0.0000345997171253 0.1281798175056856 0.9494001416322306 0.9616399634362519
4.0045123937058236 -0.0191797795898940 0.0000344808442055 0.1304709806543194 0.9488116809598670 0.9611858815581901
4.0286695673275918 -0.0194051705399840 0.0000343609586103 0.1327964240149076 0.9482182333946323 0.9607277581327404
4.0529094251253674 -0.0196325453162701 0.0000342400562340 0.1351565434892738 0.9476197793746267 0.9602655728590392
4.0772320057518678 -0.0198619144215550 0.0000341181326824 0.1375517441178788 0.9470162979248864 0.9597993042612006
4.1016373119974538 -0.0200932880197876 0.0000339951837669 0.1399824304907107 0.9464077691032631 0.9593289315759008
4.1261253114004770 -0.0203266759326660 0.0000338712055065 0.1424490066101074 0.9457941740101405 0.9588544347605656
4.1506960289035950 -0.0205620885206059 0.0000337461936604 0.1449518851814352 0.9451754924743773 0.9583757927034305
4.1753495223545647 -0.0207995364603863 0.0000336201438466 0.1474914854031808 0.9445517036425577 0.9578929836764642
4.2000857020010693 -0.0210390290010769 0.0000334930524682 0.1500682142523794 0.9439227905622841 0.9574059888829148
4.2249045720523473 -0.0212805376792929 0.0000333649166841 0.1526824912118116 0.9432887339475654 0.9569147876560727
4.2497832415562335 -0.0215238852783385 0.0000332358503543 0.1553322867031393 0.9426501038914720 0.9564198160690527
4.2747676880831751 -0.0217695318754438 0.0000331056109817 0.1580229228824252 0.9420057014322262 0.9559201389430365
4.2998347685460372 -0.0220172617308337 0.0000329743144191 0.1607523762050492 0.9413561007384746 0.9554161951714339
4.3249845258475332 -0.0222670853096408 0.0000328419565539 0.1635210821373791 0.9407012823820849 0.9549079635917487
4.3502169997173130 -0.0225190130458965 0.0000327085333199 0.1663294789587602 0.9400412271833726 0.9543954231396449
4.3755321175957995 -0.0227730542438294 0.0000325740412800 0.1691779953988586 0.9393759190905679 0.9538785550857888
4.4009298813058644 -0.0230292189366785 0.0000324384766414 0.1720670712950370 0.9387053403114094 0.9533573392556366
4.4264102797103382 -0.0232875170178798 0.0000323018357170 0.1749971479474339 0.9380294735929968 0.9528317557983618
4.4519733213804953 -0.0235479585713125 0.0000321641147509 0.1779686718526148 0.9373483013603628 0.9523017845163461
4.4776189784778859 -0.0238105533001875 0.0000320253102207 0.1809820881940214 0.9366618072132675 0.9517674060288073
4.5033472014400049 -0.0240753106691407 0.0000318854187634 0.1840378423606928 0.9359699755557307 0.9512286014843236
4.5291579989392519 -0.0243422407275417 0.0000317444367399 0.1871363894513567 0.9352727894477272 0.9506853508868705
4.5550513618390847 -0.0246113533320724 0.0000316023606474 0.1902781853654139 0.9345702326409099 0.9501376346794380
4.5668394216947963 -0.0247343080315913 0.0000315374672703 0.1917195994308190 0.9342493525224822 0.9498873813157046
4.5742311819200285 -0.0248115476640907 0.0000314967078524 0.1926269960128361 0.9340478125522611 0.9497301708128862
4.5816229421452608 -0.0248888879893718 0.0000314558965523 0.1935371334404143 0.9338460181830608 0.9495727385668933
4.5901665437175572 -0.0249784068827645 0.0000314086611122 0.1945925145356958 0.9336124621065172 0.9493904979232912
4.6162873307247043 -0.0252529904980839 0.0000312638154715 0.1978419740786203 0.9328962991236992 0.9488314905402458
4.6424573373393692 -0.0255294388416415 0.0000311180486502 0.2011321089572094 0.9321756237639274 0.9482686635172340
4.6687098777628817 -0.0258081111360514 0.0000309711729523 0.2044675111487295 0.9314495091246243 0.9477012862242573
4.6950447613241097 -0.0260890152114098 0.0000308231861198 0.2078486284724165 0.9307179452127559 0.9471293434496780
4.7214619928732358 -0.0263721609497925 0.0000306740848500 0.2112759361038210 0.9299809168922202 0.9465528158612776
4.7479615777849968 -0.0266575582306000 0.0000305238658802 0.2147499121854210 0.9292384092448600 0.9459716841911500
4.7745434342267350 -0.0269452159790902 0.0000303725264884 0.2182710261417604 0.9284904100473769 0.9453859311750932
4.8012075177661542 -0.0272351435020085 0.0000302200637908 0.2218397548332438 0.9277369062979655 0.9447955388349889
4.8279537967689139 -0.0275273502279134 0.0000300664748795 0.2254565794562785 0.9269778848967156 0.9442004890094530
4.8547821978211489 -0.0278218451100753 0.0000299117571366 0.2291219781252835 0.9262133341997200 0.9436007645717885
4.8816927517186937 -0.0281186382296315 0.0000297559073927 0.2328364458199455 0.9254432398606618 0.9429963461672840
4.9086853747863239 -0.0284177383939340 0.0000295989231894 0.2366004644595559 0.9246675910689433 0.9423872171061656
4.9193962561965172 -0.0285367980105392 0.0000295364488304 0.2381046974377877 0.9243589213914137 0.9421447158332982
4.9301071376067105 -0.0286560682836043 0.0000294738715151 0.2396149901337350 0.9240497496789211 0.9419017640427645
4.9572768753452943 -0.0289596013243205 0.0000293146730075 0.2434733143898029 0.9232632448672266 0.9412834632394631
4.9844984590557848 -0.0292651299827952 0.0000291545088179 0.2473783110533348 0.9224720230096313 0.9406610864067205
5.0118020141805681 -0.0295729996745180 0.0000289932000453 0.2513347399400349 0.9216752016523249 0.9400339314087812
5.0391873346500136 -0.0298832176969762 0.0000288307452139 0.2553430768966724 0.9208727749449096 0.9394019849350407
5.0666543847452683 -0.0301957932397502 0.0000286671419010 0.2594038246019091 0.9200647323846445 0.9387652299036466
5.0942030980724020 -0.0305107351257461 0.0000285023879220 0.2635174836338571 0.9192510646687104 0.9381236500650961
5.1218334002637391 -0.0308280520647714 0.0000283364811977 0.2676845556656146 0.9184317630407239 0.9374772294880961
5.1495451941769330 -0.0311477524806028 0.0000281694198457 0.2719055411206609 0.9176068197398388 0.9368259529142977
5.1773384785369370 -0.0314698458833713 0.0000280012014635 0.2761809573206759 0.9167762244644596 0.9361698029650350
5.2052130847096993 -0.0317943398238121 0.0000278318247206 0.2805112981011478 0.9159399722318324 0.9355087663484841
5.2114486240282778 -0.0318671285318904 0.0000277938442511 0.2814858227812808 0.9157524625010279 0.9353604869290442
5.2176841633468563 -0.0319399824072354 0.0000277558308629 0.2824624822196655 0.9155647921810940 0.9352120593676314
5.2243361758323212 -0.0320177741368971 0.0000277152422996 0.2835067282432114 0.9153644105006933 0.9350535550791639
5.2523844970038862 -0.0323466938440878 0.0000275436864065 0.2879365941373667 0.9145174962584883 0.9343833688047000
5.2804774473997576 -0.0326776083712809 0.0000273711901166 0.2924170254797766 0.9136660051609539 0.9337091245791844
5.3086514905758806 -0.0330109537700388 0.0000271975287072 0.2969542810252224 0.9128088294612989 0.9330299363242207
5.3369065330228436 -0.0333467383233624 0.0000270227006840 0.3015488759830154 0.9119459634865827 0.9323457896661403
5.3652424044079705 -0.0336849693711507 0.0000268467050956 0.3062013148396917 0.9110774042702925 0.9316566722624338
5.3936590612620776 -0.0340256557378576 0.0000266695402707 0.3109121246513362 0.9102031453205240 0.9309625688583650
5.4221563533483437 -0.0343688049468910 0.0000264912052683 0.3156818167362245 0.9093231837782597 0.9302634669652701
5.4507342199163702 -0.0347144255717571 0.0000263116986558 0.3205109191151406 0.9084375143871056 0.9295593520732977
5.4793925217748134 -0.0350625252159714 0.0000261310195597 0.3253999484213916 0.9075461346781888 0.9288502117699204
5.4853726767308935 -0.0351353533953624 0.0000260932331830 0.3264260121896513 0.9073597252188731 0.9287018513516344
5.4913528316869735 -0.0352082386527425 0.0000260554181930 0.3274541043152481 0.9071731765235170 0.9285533587376722
5.4980305350660421 -0.0352896940014975 0.0000260131585086 0.3286045158075594 0.9069647037404205 0.9283873892437795
5.5268630881489047 -0.0356423316428542 0.0000258302805737 0.3336007881922999 0.9060625894782678 0.9276688887852467
5.5557342030379200 -0.0359969597933951 0.0000256464909463 0.3386512068518716 0.9051560560448284 0.9269463625967498
5.5846853911959249 -0.0363540942494848 0.0000254615253075 0.3437634779330833 0.9042438014725794 0.9262187631947897
5.6137164393928805 -0.0367137415443031 0.0000252753835845 0.3489381123650355 0.9033258273745175 0.9254860808757379
5.6428272198878933 -0.0370759092329005 0.0000250880652341 0.3541756374173565 0.9024021330714851 0.9247483039916918
5.6720175702243409 -0.0374406044104520 0.0000248995700101 0.3594765754509316 0.9014727193813249 0.9240054219724787
5.7012873009195042 -0.0378078338005380 0.0000247098979181 0.3648414450076251 0.9005375883939979 0.9232574251488339
5.7306362903281096 -0.0381776049464847 0.0000245190486008 0.3702707781742412 0.8995967404421591 0.9225043023290875
5.7375152802463827 -0.0382644978663439 0.0000244742205394 0.3715505872667918 0.8993757600213185 0.9223273329919592
5.7443942701646558 -0.0383514578868693 0.0000244293568475 0.3728331535995026 0.8991546058813324 0.9221501938277602
5.7518257645219490 -0.0384454948842368 0.0000243808492641 0.3742218332065904 0.8989154943101061 0.9219586365731399
5.7813447969448450 -0.0388199997353460 0.0000241877543378 0.3797697280746317 0.8979637153518930 0.9211957895881107
5.8109089231377560 -0.0391966362565236 0.0000239937025248 0.3853772118967472 0.8970073109936102 0.9204286593155082
5.8405517314366566 -0.0395758386455848 0.0000237984736196 0.3910511275566326 0.8960451979814388 0.9196563659603778
5.8702729919943462 -0.0399576129027355 0.0000236020683389 0.3967919916537138 0.8950773820860283 0.9188789021383044
5.9000725016465596 -0.0403419653324509 0.0000234044873065 0.4026003264527377 0.8941038686541694 0.9180962600109748
5.9299500147217170 -0.0407289016535825 0.0000232057315122 0.4084766464065453 0.8931246648675674 0.9173084331017952
5.9599053146329704 -0.0411184279219589 0.0000230058018376 0.4144214720076791 0.8921397774090444 0.9165154144206786
5.9697134688342919 -0.0412463078101504 0.0000229401977052 0.4163795673220989 0.8918166213756654 0.9162550778230392
5.9795216230356134 -0.0413743314140405 0.0000228745246128 0.4183433953619966 0.8914931322483781 0.9159944057551964
6.0096430066501538 -0.0417685552601644 0.0000226724042412 0.4244103109010096 0.8904976063763187 0.9151917746823272
6.0398040644333566 -0.0421648924340016 0.0000224693642020 0.4305395898239077 0.8894976549379447 0.9143849322916563
6.0700420979563585 -0.0425638388706290 0.0000222651543399 0.4367392768386603 0.8884920482084987 0.9135728747401936
6.1003568288923153 -0.0429653996139070 0.0000220597763498 0.4430098810201415 0.8874807970279427 0.9127555978717137
6.1307479505645226 -0.0433695792868837 0.0000218532322100 0.4493519052474725 0.8864639136653454 0.9119330985783420
6.1612152189281604 -0.0437763833026824 0.0000216455235641 0.4557658651299015 0.8854414087759482 0.9111053723400779
6.1746128496415302 -0.0439557806170143 0.0000215539822702 0.4586041314532474 0.8849908064681254 0.9107403890366389
6.1880104803549001 -0.0441354628934889 0.0000214623179443 0.4614532894448577 0.8845396161741407 0.9103747962818636
6.2012138302530015 -0.0443128258509067 0.0000213718626216 0.4642717992797348 0.8840943954965601 0.9100139097797276
6.2318864625891397 -0.0447260188906663 0.0000211612656298 0.4708604062535934 0.8830579214559677 0.9091732612020228
6.2626037922129107 -0.0451414396069033 0.0000209497202688 0.4775161002968660 0.8820168979714290 0.9083282104564564
6.2933958446154623 -0.0455595001448648 0.0000207370210710 0.4842458679333974 0.8809703164664217 0.9074779262645059
6.3242622480709887 -0.0459802039158592 0.0000205231710547 0.4910501933005491 0.8799181945406692 0.9066224091997113
6.3552025791453328 -0.0464035535685797 0.0000203081736961 0.4979295476436462 0.8788605520824564 0.9057616616031753
6.3678245508753797 -0.0465767274678016 0.0000202202850366 0.5007528698708442 0.8784282350391902 0.9054096117876200
6.3752569625461550 -0.0466788277605523 0.0000201684830901 0.5024199677908125 0.8781734353921202 0.9052020617264652
6.3826893742169304 -0.0467810004295283 0.0000201166456773 0.5040904723978622 0.8779184649123121 0.9049943291453684
6.3900343599758198 -0.0468820605875942 0.0000200653826262 0.5057446759297844 0.8776663261760315 0.9047888609370154
6.4211734783659420 -0.0473115262105784 0.0000198476622360 0.5127946991217636 0.8765955423649839 0.9039158034003738
6.4523425618459065 -0.0477430562842163 0.0000196291036987 0.5199116008542213 0.8755207672489260 0.9030387176434121
6.4835838715446075 -0.0481772407459915 0.0000194094128961 0.5271054677550540 0.8744405571464813 0.9021564128562604
6.5148968489071803 -0.0486140800188407 0.0000191885947781 0.5343767299300406 0.8733549393633036 0.9012688969924653
6.5462809591470768 -0.0490535747746144 0.0000189666542381 0.5417258198898259 0.8722639409609537 0.9003761777348129
6.5555203357061149 -0.0491832773283244 0.0000189011980610 0.5439010822684512 0.8719422029486990 0.9001127583217960
6.5625156699004430 -0.0492815591134213 0.0000188516048178 0.5455515696998572 0.8716984419000533 0.8999131348168646
6.5695110040947711 -0.0493799135962744 0.0000188019814331 0.5472051169723352 0.8714545380027400 0.8997133538504005
6.6010725938388060 -0.0498246932522978 0.0000185777131089 0.5547036882792025 0.8703523237200614 0.8988100273280225
6.6326491401895256 -0.0502713578658140 0.0000183527245463 0.5622683131281508 0.8692467134934461 0.8979030830833322
6.6642946975184607 -0.0507206756200953 0.0000181266336896 0.5699123271865103 0.8681358326355518 0.8969909706783852
6.6960084989244395 -0.0511726434641640 0.0000178994476190 0.5776360902633287 0.8670197191034454 0.8960737064375274
6.7200805855772350 -0.0515168274015673 0.0000177266013348 0.5835411087572377 0.8661706649992094 0.8953753457078364
6.7277627259470449 -0.0516268704541616 0.0000176713681009 0.5854332872520949 0.8658993671216653 0.8951520936527819
6.7354448663168549 -0.0517369847887319 0.0000176161007530 0.5873291975919104 0.8656279059846658 0.8949286562729766
6.7673475298145123 -0.0521953220008057 0.0000173862114354 0.5952425704474459 0.8644988358986172 0.8939987793300362
6.7992780633810792 -0.0526557529144064 0.0000171555233380 0.6032274652658400 0.8633659991581475 0.8930649086241804
6.8312736277128883 -0.0531188178479395 0.0000169237711137 0.6112935886490023 0.8622280957579832 0.8921259589426500
6.8633332913785070 -0.0535845107223844 0.0000166909636805 0.6194412299656148 0.8610851728267241 0.8911819540066928
6.8756053296937569 -0.0537632219680233 0.0000166016925751 0.6225773871906892 0.8606469568453061 0.8908197631140228
6.8833649260473164 -0.0538763493009693 0.0000165452024107 0.6245653359849708 0.8603696690919820 0.8905905115419207
6.8895122749815965 -0.0539660284912178 0.0000165004257283 0.6261429688761607 0.8601498826544357 0.8904087615417713
6.8956596239158765 -0.0540557617549279 0.0000164556279664 0.6277230157722665 0.8599299973922223 0.8902268957528732
6.9278520691311760 -0.0545266938078550 0.0000162206837456 0.6360368642731971 0.8587768971150088 0.8892726142202477
6.9600992126821524 -0.0550001358760266 0.0000159847600099 0.6444313611993405 0.8576191585850067 0.8883135468137703
6.9924063420944478 -0.0554761720274353 0.0000157478208876 0.6529083641708388 0.8564566091778834 0.8873495355135687
7.0247722922735178 -0.0559547919199313 0.0000155098776834 0.6614680615775759 0.8552893078467703 0.8863806138906506
7.0306328992048943 -0.0560416407360415 0.0000154667317093 0.6630252019201247 0.8550776612518606 0.8862048317061784
7.0364935061362708 -0.0561285337389573 0.0000154235675869 0.6645845543428263 0.8548659293580536 0.8860289466064821
7.0460860649467802 -0.0562708654438297 0.0000153528777006 0.6671416558040261 0.8545191860163863 0.8857408384977443
7.0785845272508601 -0.0567541860520721 0.0000151130217787 0.6758489207586349 0.8533427771418051 0.8847627200620433
7.1111013066277566 -0.0572395042939081 0.0000148724682530 0.6846293516624089 0.8521631285283525 0.8837809070919325
7.1436720457393763 -0.0577273554652531 0.0000146309576258 0.6934929209172048 0.8509789708881750 0.8827943295845956
7.1603607213011324 -0.0579779910003814 0.0000145069974342 0.6980610860882571 0.8503712503871732 0.8822876142007818
7.1688650547103618 -0.0581058858864588 0.0000144437734124 0.7003959107741824 0.8500613106899421 0.8820290841420182
7.1746124720071540 -0.0581923737846273 0.0000144010245131 0.7019764943897198 0.8498517501123863 0.8818542437737819
7.1803598893039462 -0.0582789075555924 0.0000143582588638 0.7035592219763197 0.8496421119462194 0.8816793067007480
7.2130610484701023 -0.0587722799890355 0.0000141146122945 0.7126053222399852 0.8484478634053609 0.8806821288966041
7.2457907512920707 -0.0592678188630910 0.0000138702086086 0.7217289522243334 0.8472500969588368 0.8796809659707950
7.2785674070646484 -0.0597658067423680 0.0000136249146174 0.7309355991158376 0.8460481633336550 0.8786752611366107
7.2910378419578299 -0.0599557310208887 0.0000135314478113 0.7344568248274526 0.8455902306058843 0.8782918110734959
7.2976503295581034 -0.0600565409605614 0.0000134818555019 0.7363280843857201 0.8453472689666942 0.8780883042722016
7.3042628171583770 -0.0601574066858264 0.0000134322421254 0.7382021993336426 0.8451042096515222 0.8778846720797111
7.3107275099959175 -0.0602560776039801 0.0000133837171314 0.7400371874484386 0.8448664887620975 0.8776854701432173
7.3436366985153567 -0.0607594170523576 0.0000131363782842 0.7494207375762437 0.8436549125786782 0.8766695607915795
7.3765422479078460 -0.0612644458386603 0.0000128885409722 0.7588741170707884 0.8424410992024065 0.8756506824466855
7.4094864015955713 -0.0617718132084967 0.0000126398924392 0.7684096833103162 0.8412235201073582 0.8746275396748442
7.4170289243093608 -0.0618882199323612 0.0000125828920594 0.7706028583195288 0.8409444307757579 0.8743928622281206
7.4203859010298796 -0.0619400588907453 0.0000125575140496 0.7715801835869829 0.8408201766950137 0.8742883621098441
7.4237428777503984 -0.0619919064877864 0.0000125321310498 0.7725582489765820 0.8406958987094834 0.8741838303459126
7.4276102144831500 -0.0620516560923886 0.0000125028825916 0.7736859269102800 0.8405526972297052 0.8740633674458150
7.4605488829661448 -0.0625615249810376 0.0000122534847986 0.7833303643550834 0.8393317550570064 0.8730356700710741
7.4935808829824611 -0.0630745860369789 0.0000120028735198 0.7930738147980289 0.8381050864987496 0.8720020222386511
7.5266419968331837 -0.0635898499395640 0.0000117515394462 0.8028978372354504 0.8368750975468950 0.8709644343144975
7.5312857752628934 -0.0636623643231547 0.0000117161970950 0.8042834975772375 0.8367021552702683 0.8708184525623826
7.5340639507678926 -0.0637057631043057 0.0000116950485970 0.8051131596719072 0.8365986704759005 0.8707310894822181
7.5368421262728917 -0.0637491661306462 0.0000116738968923 0.8059433311618829 0.8364951701211391 0.8706437051563244
7.5404113432351512 -0.0638049435137798 0.0000116467175296 0.8070106285326473 0.8363621769123881 0.8705314083607818
7.5737507971893772 -0.0643269339352571 0.0000113925631212 0.8170207068715554 0.8351186812255351 0.8694807740858749
7.6068707641775335 -0.0648472458054014 0.0000111395916720 0.8270376389674963 0.8338811984374351 0.8684340482650159
7.6400092383862628 -0.0653696006944599 0.0000108859961758 0.8371328397786343 0.8326408901315177 0.8673837546860362
7.6466383142143055 -0.0654742843504445 0.0000108352097938 0.8391610341121841 0.8323925234770150 0.8671732956487721
7.6527152789927726 -0.0655703075972750 0.0000107886366241 0.8410228672189620 0.8321647687115008 0.8669802608050923
7.6858811651262853 -0.0660954042673059 0.0000105341771084 0.8512272509049260 0.8309205333619120 0.8659249953834890
7.7190493319275157 -0.0666222881833211 0.0000102792315068 0.8615053783709229 0.8296741549360866 0.8648667110046310
7.7311842692553174 -0.0668154917882875 0.0000101858410270 0.8652840125169775 0.8292176463508377 0.8644787934291301
7.7378955538286469 -0.0669224445507653 0.0000101341645189 0.8673780098054490 0.8289650564067182 0.8642640857610393
7.7446068384019764 -0.0670294569370037 0.0000100824696557 0.8694750034402517 0.8287123843569930 0.8640492586173963
7.7510065504511489 -0.0671315577317014 0.0000100331576508 0.8714774353740878 0.8284713664232098 0.8638442937001818
7.7841895641468550 -0.0676620014600919 0.0000097771996793 0.8819039271585185 0.8272204862200326 0.8627797992744861
7.8173618131776257 -0.0681940204521092 0.0000095208746688 0.8924003726533380 0.8259680540100227 0.8617127557168853
7.8314007794951888 -0.0684197044052373 0.0000094122603003 0.8968647203651083 0.8254374257062054 0.8612603006061360
7.8398690262405042 -0.0685559713724278 0.0000093467068981 0.8995639566474759 0.8251171873304095 0.8609871330603790
7.8483372729858196 -0.0686923398850810 0.0000092811252893 0.9022679805287502 0.8247968250335893 0.8607137788773568
7.8814905693655577 -0.0692273177459636 0.0000090240988994 0.9129003573194927 0.8235414214281888 0.8596418037284389
7.9146259455711858 -0.0697637464472926 0.0000087667807396 0.9236004099214973 0.8222848419377528 0.8585675724058238
7.9220209091211231 -0.0698837009185698 0.0000087092958090 0.9259984132046827 0.8220041561021065 0.8583274465168801
7.9265766345627293 -0.0699576329160277 0.0000086738716317 0.9274775442222760 0.8218311923765057 0.8581794453251946
7.9308861617953061 -0.0700275953093218 0.0000086403546441 0.9288780197300714 0.8216675443861137 0.8580393934388456
7.9640986044537811 -0.0705677637000139 0.0000083818096072 0.9397128679259437 0.8204053323222852 0.8569584580658717
7.9971662130092085 -0.0711073101046406 0.0000081239778173 0.9505739222377849 0.8191468578813035 0.8558794517363811
8.0040796633165581 -0.0712203317718665 0.0000080700212214 0.9528539152429359 0.8188835287557336 0.8556535141969194
8.0109931136239076 -0.0713334153614962 0.0000080160473752 0.9551371158639889 0.8186201242877137 0.8554274561537222
8.0173220840374064 -0.0714369974454586 0.0000079666213677 0.9572301020243550 0.8183789228864319 0.8552204040823080
8.0502910678365023 -0.0719776027150245 0.0000077089125646 0.9681764254523941 0.8171214450908781 0.8541401984865965
8.0832473968139809 -0.0725197170824001 0.0000074509080804 0.9791915498623324 0.8158627851946675 0.8530576933949443
8.0878904890887764 -0.0725962223697368 0.0000074145277755 0.9807492988284140 0.8156853254638369 0.8529049662959677
8.0925335813635719 -0.0726727566072143 0.0000073781399603 0.9823084980794612 0.8155078334148118 0.8527521857326777
8.1254365983650292 -0.0732160875159340 0.0000071200607822 0.9933992472322690 0.8142491285419929 0.8516679871802632
8.1582583351896076 -0.0737597793815767 0.0000068622411431 1.0045352335447388 0.8129919547338574 0.8505838122491478
8.1761861725928444 -0.0740574200851108 0.0000067212599065 1.0106485718443736 0.8123046089829840 0.8499905025782846
8.1924244309233032 -0.0743274469708668 0.0000065934703940 1.0162044739742857 0.8116816478315921 0.8494524325223067
8.2250744284835928 -0.0748716452756353 0.0000063362562548 1.0274294814565679 0.8104279554312044 0.8483686083527642
8.2317274998938039 -0.0749827319796316 0.0000062838004592 1.0297256200085367 0.8101723108132746 0.8481474422441916
8.2383805713040150 -0.0750938801201655 0.0000062313302515 1.0320247474706590 0.8099166056978383 0.8479261695219539
8.2709024421684489 -0.0756382050319101 0.0000059746326778 1.0433064865677455 0.8086657942479214 0.8468430038353325
8.2822327152245929 -0.0758282340803743 0.0000058851207412 1.0472537124237120 0.8082296928987569 0.8464650460833075
8.2897350477524565 -0.0759541731944154 0.0000058258275764 1.0498721412241545 0.8079408354001882 0.8462146132048817
8.2930749478573134 -0.0760102675484248 0.0000057994255068 1.0510390417117954 0.8078122175812505 0.8461030820085920
8.2964148479621702 -0.0760663711092605 0.0000057730201476 1.0522066965417445 0.8076835851127842 0.8459915242857166
8.3006983555656753 -0.0761383500339657 0.0000057391493873 1.0537053480520495 0.8075185893349253 0.8458484098426601
8.3328929066202004 -0.0766802652307009 0.0000054843916043 1.0650088346597246 0.8062777323609971 0.8447713799534787
8.3442027433488128 -0.0768710264700855 0.0000053948181794 1.0689963600766119 0.8058415087140667 0.8443924419859035
8.3502263846894671 -0.0769727086962682 0.0000053470948153 1.0711236582414707 0.8056091091296310 0.8441904960157475
8.3540815032652684 -0.0770378151845382 0.0000053165460039 1.0724864141938735 0.8054603499002533 0.8440612062470336
8.3579366218410698 -0.0771029372421804 0.0000052859928438 1.0738501765457384 0.8053115719966679 0.8439318815872587
8.3617958585608783 -0.0771681499421027 0.0000052554025008 1.0752164038030361 0.8051626165369006 0.8438023838576371
8.3946272162710915 -0.0777238789976504 0.0000049949777972 1.0868799942299936 0.8038946746152948 0.8426993098898964
8.4071078186130457 -0.0779355817665901 0.0000048958926594 1.0913329848227156 0.8034123298352167 0.8422793252246109
8.4122812730831562 -0.0780234088352501 0.0000048548060726 1.0931819324400811 0.8032123333093446 0.8421051272832007
8.4174547275532667 -0.0781112668004503 0.0000048137118128 1.0950326946922821 0.8030123045837023 0.8419308672799967
8.4224922323151095 -0.0781968547015677 0.0000047736897624 1.0968365659314030 0.8028175014970405 0.8417611269615889
