0.0000919559883095 -0.0000000000010382 0.0001369107495430 0.0000000000000021 0.9999999999414505 0.9999999999663697
0.0001258931665021 -0.0000000000019460 0.0001369107495299 0.0000000000000055 0.9999999998896469 0.9999999999369625
0.0001672843575821 -0.0000000000034361 0.0001369107495085 0.0000000000000129 0.9999999998046178 0.9999999998886940
0.0002167998620056 -0.0000000000057715 0.0001369107494749 0.0000000000000281 0.9999999996713589 0.9999999998130467
0.0002750634745910 -0.0000000000092905 0.0001369107494243 0.0000000000000574 0.9999999994705555 0.9999999996990560
0.0003426899930642 -0.0000000000144204 0.0001369107493505 0.0000000000001111 0.9999999991778297 0.9999999995328830
0.0004202580650189 -0.0000000000216875 0.0001369107492459 0.0000000000002049 0.9999999987631557 0.9999999992974831
0.0005083319658505 -0.0000000000317302 0.0001369107491015 0.0000000000003626 0.9999999981900957 0.9999999989721713
0.0006074509987470 -0.0000000000453108 0.0001369107489061 0.0000000000006188 0.9999999974151601 0.9999999985322597
0.0007181427537492 -0.0000000000633288 0.0001369107486469 0.0000000000010224 0.9999999963870145 0.9999999979486072
0.0008409187003003 -0.0000000000868337 0.0001369107483088 0.0000000000016415 0.9999999950457779 0.9999999971872207
0.0009762619587397 -0.0000000001170343 0.0001369107478743 0.0000000000025686 0.9999999933224671 0.9999999962089400
0.0011246603981077 -0.0000000001553186 0.0001369107473236 0.0000000000039269 0.9999999911378860 0.9999999949688075
0.0012865775470055 -0.0000000002032603 0.0001369107466339 0.0000000000058789 0.9999999884022279 0.9999999934158426
0.0014624649429331 -0.0000000002626345 0.0001369107457798 0.0000000000086347 0.9999999850142152 0.9999999914925518
0.0016527624236506 -0.0000000003354299 0.0001369107447326 0.0000000000124630 0.9999999808603570 0.9999999891345097
0.0018578959735442 -0.0000000004238613 0.0001369107434604 0.0000000000177033 0.9999999758142771 0.9999999862699753
0.0020783064689819 -0.0000000005303960 0.0001369107419279 0.0000000000247810 0.9999999697351873 0.9999999828190268
0.0023143908309005 -0.0000000006577403 0.0001369107400960 0.0000000000342216 0.9999999624686525 0.9999999786939953
0.0025665543910149 -0.0000000008088762 0.0001369107379218 0.0000000000466705 0.9999999538445262 0.9999999737982925
0.0028351853596677 -0.0000000009870611 0.0001369107353585 0.0000000000629122 0.9999999436769231 0.9999999680263965
0.0031206627041011 -0.0000000011958447 0.0001369107323550 0.0000000000838940 0.9999999317632936 0.9999999612633242
0.0034233922714451 -0.0000000014391116 0.0001369107288555 0.0000000001107543 0.9999999178819787 0.9999999533832458
0.0037437242972637 -0.0000000017210317 0.0001369107247999 0.0000000001448446 0.9999999017950310 0.9999999442510842
0.0040820301837014 -0.0000000020461317 0.0001369107201232 0.0000000001877670 0.9999998832441481 0.9999999337202076
0.0044386686535525 -0.0000000024192827 0.0001369107147552 0.0000000002414064 0.9999998619513764 0.9999999216328284
0.0048139872673139 -0.0000000028457126 0.0001369107086207 0.0000000003079679 0.9999998376183965 0.9999999078195981
0.0052083406934567 -0.0000000033310406 0.0001369107016390 0.0000000003900217 0.9999998099245683 0.9999998920984973
0.0056220601633884 -0.0000000038812546 0.0001369106937239 0.0000000004905430 0.9999997785282128 0.9999998742755630
0.0060555018765740 -0.0000000045027873 0.0001369106847828 0.0000000006129726 0.9999997430622615 0.9999998541424195
0.0065089816169991 -0.0000000052024418 0.0001369106747178 0.0000000007612542 0.9999997031385202 0.9999998314786985
0.0069828247204615 -0.0000000059874709 0.0001369106634247 0.0000000009399051 0.9999996583431284 0.9999998060494614
0.0074773654979565 -0.0000000068655976 0.0001369106507924 0.0000000011540813 0.9999996082353951 0.9999997776045383
0.0079929024007275 -0.0000000078449491 0.0001369106367039 0.0000000014096266 0.9999995523515597 0.9999997458806639
0.0085297636084201 -0.0000000089341880 0.0001369106210345 0.0000000017131742 0.9999994901973248 0.9999997105972374
0.0090882552110003 -0.0000000101424321 0.0001369106036532 0.0000000020722019 0.9999994212524080 0.9999996714589068
0.0096686669337703 -0.0000000114792697 0.0001369105844221 0.0000000024951135 0.9999993449696758 0.9999996281550775
0.0102713166083419 -0.0000000129548763 0.0001369105631946 0.0000000029913610 0.9999992607684990 0.9999995803561402
0.0108964987022432 -0.0000000145799139 0.0001369105398175 0.0000000035715059 0.9999991680404866 0.9999995277167255
0.0115445037453621 -0.0000000163655847 0.0001369105141297 0.0000000042473323 0.9999990661464047 0.9999994698739554
0.0122156235196210 -0.0000000183236606 0.0001369104859616 0.0000000050319616 0.9999989544145383 0.9999994064465130
0.0129101500940103 -0.0000000204664967 0.0001369104551357 0.0000000059399699 0.9999988321398705 0.9999993370341761
0.0136283557838318 -0.0000000228069819 0.0001369104214665 0.0000000069874823 0.9999986985869435 0.9999992612194423
0.0143705227358084 -0.0000000253586416 0.0001369103847594 0.0000000081923405 0.9999985529839642 0.9999991785641822
0.0151369425905420 -0.0000000281356621 0.0001369103448104 0.0000000095742496 0.9999983945214397 0.9999990886088648
0.0159278692359153 -0.0000000311527313 0.0001369103014082 0.0000000111548377 0.9999982223612437 0.9999989908777042
0.0167435873387204 -0.0000000344253005 0.0001369102543304 0.0000000129579320 0.9999980356216974 0.9999988848701906
0.0175843640691141 -0.0000000379694229 0.0001369102033462 0.0000000150096342 0.9999978333867765 0.9999987700663167
0.0184504750491527 -0.0000000418018699 0.0001369101482143 0.0000000173385473 0.9999976146994680 0.9999986459228065
0.0193421676906290 -0.0000000459399829 0.0001369100886852 0.0000000199758571 0.9999973785702388 0.9999985118779225
0.0202597212753599 -0.0000000504019577 0.0001369100244972 0.0000000229556884 0.9999971239608064 0.9999983673422530
0.0212033838508905 -0.0000000552065682 0.0001369099553801 0.0000000263151214 0.9999968497998923 0.9999982117076546
0.0221734010570304 -0.0000000603733043 0.0001369098810537 0.0000000300944709 0.9999965549753705 0.9999980443427947
0.0231700456871472 -0.0000000659225528 0.0001369098012247 0.0000000343376336 0.9999962383239250 0.9999978645872811
0.0241935679991428 -0.0000000718753527 0.0001369097155903 0.0000000390921331 0.9999958986450389 0.9999976717596024
0.0252442088048754 -0.0000000782534647 0.0001369096238376 0.0000000444093892 0.9999955346969996 0.9999974651548605
0.0263222091275715 -0.0000000850794383 0.0001369095256422 0.0000000503450079 0.9999951451931041 0.9999972440426161
0.0274278269027796 -0.0000000923767400 0.0001369094206664 0.0000000569591499 0.9999947287943034 0.9999970076627137
0.0285612916836896 -0.0000001001694760 0.0001369093085636 0.0000000643165465 0.9999942841250633 0.9999967552342838
0.0297228659282214 -0.0000001084828161 0.0001369091889716 0.0000000724871637 0.9999938097491418 0.9999964859419936
0.0309127703345273 -0.0000001173424914 0.0001369090615202 0.0000000815460088 0.9999933041982939 0.9999961989523413
0.0321312517537769 -0.0000001267752850 0.0001369089258243 0.0000000915739025 0.9999927659442178 0.9999958933977304
0.0333785493257838 -0.0000001368088108 0.0001369087814865 0.0000001026575775 0.9999921934112327 0.9999955683836664
0.0346548887389824 -0.0000001474714692 0.0001369086280983 0.0000001148899410 0.9999915849787619 0.9999952229901667
0.0359605123293792 -0.0000001587927087 0.0001369084652361 0.0000001283707040 0.9999909389664290 0.9999948562632990
0.0372956392442234 -0.0000001708027044 0.0001369082924658 0.0000001432063576 0.9999902536523982 0.9999944672255929
0.0386605076495085 -0.0000001835327374 0.0001369081093374 0.0000001595109865 0.9999895272517286 0.9999940548637521
0.0400553460740670 -0.0000001970149613 0.0001369079153883 0.0000001774063694 0.9999887579296917 0.9999936181362139
0.0414803598799622 -0.0000002112822650 0.0001369077101455 0.0000001970221608 0.9999879438096042 0.9999931559775950
0.0429357787851694 -0.0000002263687492 0.0001369074931183 0.0000002184969307 0.9999870829456330 0.9999926672832543
0.0444218422234283 -0.0000002423096266 0.0001369072638003 0.0000002419784917 0.9999861733285055 0.9999921509125330
0.0459387601230297 -0.0000002591408144 0.0001369070216748 0.0000002676237352 0.9999852129087433 0.9999916057019442
0.0474867583512582 -0.0000002768994263 0.0001369067662078 0.0000002955997937 0.9999841995685920 0.9999910304492377
0.0490660390943688 -0.0000002956233424 0.0001369064968545 0.0000003260838414 0.9999831311465910 0.9999904239273465
0.0506768180614866 -0.0000003153516418 0.0001369062130526 0.0000003592642459 0.9999820054128391 0.9999897848703465
0.0523193284252074 -0.0000003361246967 0.0001369059142215 0.0000003953412734 0.9999808200636634 0.9999891119704286
0.0539937791408407 -0.0000003579836723 0.0001369055997689 0.0000004345267595 0.9999795727501546 0.9999884038940975
0.0557003930368377 -0.0000003809710149 0.0001369052690843 0.0000004770454817 0.9999782610502926 0.9999876592663473
0.0574393525126203 -0.0000004051297324 0.0001369049215489 0.0000005231343717 0.9999768825100298 0.9999868766939833
0.0592108864638163 -0.0000004305045874 0.0001369045565189 0.0000005730453074 0.9999754345751791 0.9999860547269555
0.0610151972653315 -0.0000004571411212 0.0001369041733391 0.0000006270438813 0.9999739146471408 0.9999851918899927
0.0628525049270912 -0.0000004850862935 0.0001369037713341 0.0000006854112556 0.9999723200463813 0.9999842866618698
0.0647229636574845 -0.0000005143872132 0.0001369033498260 0.0000007484421024 0.9999706480848670 0.9999833375165267
0.0666268404515721 -0.0000005450939241 0.0001369029080952 0.0000008164511854 0.9999688959070858 0.9999823428328172
0.0685643070769079 -0.0000005772561836 0.0001369024454257 0.0000008897671407 0.9999670606738846 0.9999813009988703
0.0705355534005004 -0.0000006109252172 0.0001369019610808 0.0000009687368553 0.9999651394623540 0.9999802103552557
0.0725408261287000 -0.0000006461544670 0.0001369014542917 0.0000010537280872 0.9999631292231007 0.9999790691707267
0.0745802957269169 -0.0000006829973126 0.0001369009242904 0.0000011451247996 0.9999610269103113 0.9999778757160543
0.0766541629584450 -0.0000007215089031 0.0001369003702837 0.0000012433321997 0.9999588293772146 0.9999766282046826
0.0787626413406197 -0.0000007617459103 0.0001368997914564 0.0000013487770319 0.9999565333901570 0.9999753248007164
0.0809059015131610 -0.0000008037654742 0.0001368991869865 0.0000014619055859 0.9999541356887922 0.9999739636530905
0.0830841448786984 -0.0000008476266085 0.0001368985560251 0.0000015831881552 0.9999516329058565 0.9999725428500256
0.0852975853908648 -0.0000008933899176 0.0001368978977005 0.0000017131192702 0.9999490215833394 0.9999710604282058
0.0875463872816013 -0.0000009411163097 0.0001368972111364 0.0000018522148674 0.9999462982459170 0.9999695144144660
0.0898307511022274 -0.0000009908687735 0.0001368964954269 0.0000020010181682 0.9999434592995504 0.9999679027682253
0.0921508848956616 -0.0000010427118440 0.0001368957496436 0.0000021600992093 0.9999405010620014 0.9999662233988078
0.0945069494341237 -0.0000010967103700 0.0001368949728537 0.0000023300519275 0.9999374198331195 0.9999644742053445
0.0968991692569980 -0.0000011529320366 0.0001368941640835 0.0000025115029366 0.9999342117509615 0.9999626529950897
0.0993277251427966 -0.0000012114449455 0.0001368933223536 0.0000027051049956 0.9999308729297991 0.9999607575617665
0.1017927771516928 -0.0000012723180794 0.0001368924466715 0.0000029115392102 0.9999273994336780 0.9999587856705541
0.1042945443301675 -0.0000013356232953 0.0001368915360037 0.0000031315228531 0.9999237871626535 0.9999567349935023
0.1068332011164878 -0.0000014014328047 0.0001368905893115 0.0000033658019589 0.9999200319965695 0.9999546031911526
0.1094089127396739 -0.0000014698200035 0.0001368896055392 0.0000036151550099 0.9999161297477190 0.9999523878856609
0.1120218961501950 -0.0000015408611339 0.0001368885835899 0.0000038804002077 0.9999120760659956 0.9999500866069504
0.1146723069194428 -0.0000016146322833 0.0001368875223694 0.0000041623856164 0.9999078666101737 0.9999476968899443
0.1173603453618277 -0.0000016912122594 0.0001368864207441 0.0000044620009808 0.9999034968838268 0.9999452161814151
0.1200861775090013 -0.0000017706804238 0.0001368852775724 0.0000047801707036 0.9998989623589538 0.9999426419101632
0.1228499855876151 -0.0000018531181169 0.0001368840916842 0.0000051178605344 0.9998942583946782 0.9999399714408612
0.1256519538905690 -0.0000019386082928 0.0001368828618866 0.0000054760774869 0.9998893802580796 0.9999372020858757
0.1284922866003738 -0.0000020272361057 0.0001368815869545 0.0000058558736999 0.9998843230907362 0.9999343310862703
0.1313711201767390 -0.0000021190861710 0.0001368802656710 0.0000062583359341 0.9998790820650095 0.9999313557005277
0.1342886455593165 -0.0000022142463715 0.0001368788967719 0.0000066846031265 0.9998736521668667 0.9999282730812517
0.1372450324036337 -0.0000023128055145 0.0001368774789800 0.0000071358577456 0.9998680283295722 0.9999250803510615
0.1402404945575408 -0.0000024148555259 0.0001368760109730 0.0000076133372421 0.9998622053084758 0.9999217745315049
0.1432751445506866 -0.0000025204865120 0.0001368744914550 0.0000081183123937 0.9998561779628165 0.9999183527030370
0.1463491827267150 -0.0000026297931939 0.0001368729190634 0.0000086521187634 0.9998499408885659 0.9999148117965774
0.1494628251415487 -0.0000027428726071 0.0001368712924028 0.0000092161481433 0.9998434885496719 0.9999111486680133
0.1526162003050417 -0.0000028598203128 0.0001368696100985 0.0000098118309495 0.9998368154942927 0.9999073602209572
0.1558094770104769 -0.0000029807349650 0.0001368678707318 0.0000104406601221 0.9998299160941463 0.9999034432587645
0.1590428457701255 -0.0000031057177584 0.0001368660728472 0.0000111041905098 0.9998227845760616 0.9998993945024417
0.1623164686034944 -0.0000032348705302 0.0001368642149800 0.0000118040305835 0.9998154151302648 0.9998952106521182
0.1656305351726979 -0.0000033682979459 0.0001368622956248 0.0000125418557273 0.9998078017856820 0.9998908883162462
0.1689851508326364 -0.0000035061029834 0.0001368603133006 0.0000133193848325 0.9997999386675924 0.9998864241578745
0.1723805295735669 -0.0000036483947668 0.0001368582664381 0.0000141384256253 0.9997918195506647 0.9998818146408867
0.1758168520730495 -0.0000037952829068 0.0001368561534606 0.0000150008453987 0.9997834381818848 0.9998770562133308
0.1792942691358889 -0.0000039468775311 0.0001368539727845 0.0000159085722843 0.9997747882788288 0.9998721453064350
0.1828129517339229 -0.0000041032914189 0.0001368517227878 0.0000168636095207 0.9997658634078604 0.9998670782654477
0.1863730599719816 -0.0000042646386842 0.0001368494018293 0.0000178680295678 0.9997566570592924 0.9998618513923044
0.1899747751983006 -0.0000044310362417 0.0001368470082277 0.0000189239851409 0.9997471625637123 0.9998564608981148
0.1936182474316189 -0.0000046026014192 0.0001368445402956 0.0000200336961774 0.9997373732282642 0.9998509029805288
0.1973036083532706 -0.0000047794524627 0.0001368419963326 0.0000211994543283 0.9997272823077962 0.9998451738073504
0.2010310904831103 -0.0000049617143494 0.0001368393745413 0.0000224236638106 0.9997168826731953 0.9998392693282228
0.2048007925576856 -0.0000051495074707 0.0001368366731905 0.0000237087683953 0.9997061674571383 0.9998331856412513
0.2086129212965256 -0.0000053429594118 0.0001368338904455 0.0000250573322902 0.9996951293819621 0.9998269186113881
0.2124676274841344 -0.0000055421969218 0.0001368310244835 0.0000264719881671 0.9996837612178352 0.9998204641305535
0.2163650573755992 -0.0000057473483979 0.0001368280734582 0.0000279554557156 0.9996720556410303 0.9998138180371620
0.2203053625061146 -0.0000059585444090 0.0001368250354920 0.0000295105475877 0.9996600052040465 0.9998069760991487
0.2242887215314683 -0.0000061759189389 0.0001368219086583 0.0000311401812312 0.9996476022646943 0.9997999339736953
0.2283152886800701 -0.0000063996066462 0.0001368186910208 0.0000328473611067 0.9996348391424358 0.9997926872959865
0.2323852349267790 -0.0000066297451093 0.0001368153806012 0.0000346351977806 0.9996217079902976 0.9997852316064746
0.2364987085610652 -0.0000068664726375 0.0001368119754108 0.0000365068935272 0.9996082009197819 0.9997775624217912
0.2406558612559748 -0.0000071099297127 0.0001368084734296 0.0000384657556115 0.9995943099186092 0.9997696751880323
0.2448568398000141 -0.0000073602585246 0.0001368048726132 0.0000405151950639 0.9995800268772285 0.9997615652957988
0.2491018174977860 -0.0000076176048815 0.0001368011708650 0.0000426587450412 0.9995653434798472 0.9997532280183120
0.2533909595084726 -0.0000078821162077 0.0001367973660655 0.0000449000474495 0.9995502513186372 0.9997446585762461
0.2577243880873301 -0.0000081539393205 0.0001367934561037 0.0000472428359460 0.9995347420206497 0.9997358522097798
0.2621022927376134 -0.0000084332273023 0.0001367894387787 0.0000496909974100 0.9995188068556748 0.9997268039559226
0.2665247822797629 -0.0000087201302008 0.0001367853119333 0.0000522484941699 0.9995024372668843 0.9997175089498066
0.2709920454842245 -0.0000090148052907 0.0001367810733062 0.0000549194567327 0.9994856242853440 0.9997079620922229
0.2755042244592192 -0.0000093174089658 0.0001367767206492 0.0000577081151244 0.9994683589926424 0.9996981583122961
0.2800614651190621 -0.0000096280999666 0.0001367722516802 0.0000606188299765 0.9994506323367267 0.9996880924628978
0.2846639484524519 -0.0000099470416010 0.0001367676640514 0.0000636561169168 0.9994324350052227 0.9996777592486963
0.2893117974109222 -0.0000102743953480 0.0001367629554414 0.0000668245890179 0.9994137577903872 0.9996671534333750
0.2940051753497095 -0.0000106103276456 0.0001367581234578 0.0000701290239896 0.9993945912018416 0.9996562696197102
0.2987442344316709 -0.0000109550063549 0.0001367531656874 0.0000735743338189 0.9993749256683052 0.9996451023641068
0.3035291074056782 -0.0000113086000995 0.0001367480797065 0.0000771655605152 0.9993547515753215 0.9996336461980042
0.3083599560849304 -0.0000116712818345 0.0001367428630288 0.0000809079152246 0.9993340590616360 0.9996218955122296
0.3132369352015658 -0.0000120432262553 0.0001367375131434 0.0000848067557968 0.9993128381670385 0.9996098446409321
0.3181601746183323 -0.0000124246083833 0.0001367320275346 0.0000888675744832 0.9992910789130837 0.9995974879074033
0.3231298558050062 -0.0000128156094940 0.0001367264035969 0.0000930960642655 0.9992687709648780 0.9995848194319923
0.3281460919496472 -0.0000132164077944 0.0001367206387690 0.0000974980224147 0.9992459041629755 0.9995718334341410
0.3332090363227143 -0.0000136271868783 0.0001367147304123 0.0001020794444194 0.9992224680410029 0.9995585239584289
0.3383188522809314 -0.0000140481334986 0.0001367086758426 0.0001068465046796 0.9991984519527757 0.9995448849467352
0.3434756621595228 -0.0000144794333396 0.0001367024723916 0.0001118055118291 0.9991738453134834 0.9995309103751893
0.3486796266892302 -0.0000149212775671 0.0001366961173120 0.0001169629864007 0.9991486372260528 0.9995165940419545
0.3539309191089665 -0.0000153738608394 0.0001366896078064 0.0001223256434985 0.9991228165946210 0.9995019296316425
0.3592296298521550 -0.0000158373730057 0.0001366829411466 0.0001279002969664 0.9990963725981700 0.9994869109842848
0.3645759223341111 -0.0000163120125152 0.0001366761144812 0.0001336940216102 0.9990692939255349 0.9994715316608429
0.3699699644877436 -0.0000167979806942 0.0001366691249170 0.0001397140911955 0.9990415691019339 0.9994557851286235
0.3754118775922757 -0.0000172954770811 0.0001366619695872 0.0001459679237327 0.9990131867551220 0.9994396649124186
0.3809018010548180 -0.0000178047051833 0.0001366546455676 0.0001524631555276 0.9989841352869863 0.9994231644079590
0.3864398741496328 -0.0000183258708811 0.0001366471499004 0.0001592076257957 0.9989544029646084 0.9994062769336046
0.3920262581238253 -0.0000188591845667 0.0001366394795627 0.0001662094089397 0.9989239777982676 0.9993889956610206
0.3976610862033833 -0.0000194048564341 0.0001366316315348 0.0001734767574468 0.9988928478101745 0.9993713137677834
0.4033445145139027 -0.0000199631013381 0.0001366236027301 0.0001810181696533 0.9988610007572877 0.9993532242799124
0.4090766562329025 -0.0000205341323625 0.0001366153900877 0.0001888423073357 0.9988284244982650 0.9993347202802675
0.4148576746857004 -0.0000211181700036 0.0001366069904401 0.0001969581243899 0.9987951064695764 0.9993157946109421
0.4206876913463514 -0.0000217154330483 0.0001365984006447 0.0002053747465353 0.9987610342059240 0.9992964401688369
0.4265668844788456 -0.0000223261486080 0.0001365896174393 0.0002141016159557 0.9987261947678688 0.9992766495804954
0.4324953358465464 -0.0000229505362860 0.0001365806376698 0.0002231482705805 0.9986905756450373 0.9992564157151338
0.4384732279866642 -0.0000235888286998 0.0001365714579954 0.0002325246420911 0.9986541635854344 0.9992357310195900
0.4445006732570502 -0.0000242412535999 0.0001365620751451 0.0002422408029673 0.9986169456155159 0.9992145880977472
0.4505778296556187 -0.0000249080461624 0.0001365524857417 0.0002523071504407 0.9985789083390061 0.9991929793121740
0.4567048175042475 -0.0000255894400125 0.0001365426864302 0.0002627342779184 0.9985400384489529 0.9991708970749733
0.4628817774340580 -0.0000262856735366 0.0001365326737876 0.0002735330740525 0.9985003223677160 0.9991483336432222
0.4691088510824994 -0.0000269969878285 0.0001365224443520 0.0002847146973461 0.9984597463641427 0.9991252811854946
0.4753861651929571 -0.0000277236248585 0.0001365119946492 0.0002962905518243 0.9984182966580476 0.9991017318411753
0.4817138767434003 -0.0000284658327009 0.0001365013211176 0.0003082723751133 0.9983759591220607 0.9990776775510239
0.4880921151875477 -0.0000292238588718 0.0001364904202038 0.0003206721375258 0.9983327196616678 0.9990531102730433
0.4945210245126567 -0.0000299979552267 0.0001364792882920 0.0003335021254430 0.9982885639358993 0.9990280218237433
0.5010006995235252 -0.0000307883702652 0.0001364679218154 0.0003467748182718 0.9982434777963145 0.9990024041275161
0.5075313447346911 -0.0000315953685142 0.0001364563169766 0.0003605032189549 0.9981974461813837 0.9989762485883812
0.5141130327219284 -0.0000324192009759 0.0001364444701732 0.0003747003614863 0.9981504548022189 0.9989495470477616
0.5207459085309020 -0.0000332601301625 0.0001364323776376 0.0003893797381031 0.9981024887145917 0.9989222909730547
0.5274300947209165 -0.0000341184184223 0.0001364200356046 0.0004045551068239 0.9980535329848873 0.9988944718359754
0.5341657304678350 -0.0000349943328859 0.0001364074402409 0.0004202405828691 0.9980035724079893 0.9988660809521944
0.5409529812321069 -0.0000358881468965 0.0001363945876240 0.0004364506726879 0.9979525914257678 0.9988371094349500
0.5477919590663789 -0.0000368001295487 0.0001363814738928 0.0004532000903169 0.9979005747237978 0.9988075485340906
0.5546827999991635 -0.0000377305557702 0.0001363680951028 0.0004705039437192 0.9978475066563626 0.9987773893092640
0.5616256507008089 -0.0000386797047004 0.0001363544472492 0.0004883777134244 0.9977933713389942 0.9987466226824357
0.5686205992106952 -0.0000396478501469 0.0001363405264043 0.0005068370770323 0.9977381531928317 0.9987152397472064
0.5756678212895352 -0.0000406352807283 0.0001363263284278 0.0005258982967721 0.9976818357958167 0.9986832311158402
0.5827674365815793 -0.0000416422801129 0.0001363118492510 0.0005455778512747 0.9976244030098360 0.9986505875597929
0.5899195583407807 -0.0000426691337306 0.0001362970847801 0.0005658925660012 0.9975658385979654 0.9986172997921212
0.5971243347578673 -0.0000437161347688 0.0001362820308105 0.0005868597389136 0.9975061258825394 0.9985833582730587
0.6043818694658960 -0.0000447835727282 0.0001362666831907 0.0006084969193430 0.9974452483979005 0.9985487535809673
0.6116923079982205 -0.0000458717459873 0.0001362510376424 0.0006308221656130 0.9973831891739071 0.9985134760050018
0.6190557919297529 -0.0000469809552359 0.0001362350898541 0.0006538539217161 0.9973199311104539 0.9984775157579101
0.6264724291099643 -0.0000481114988888 0.0001362188355477 0.0006776109261814 0.9972554572391040 0.9984408631246956
0.6339423697518054 -0.0000492636845976 0.0001362022703129 0.0007021124584115 0.9971897500666361 0.9984035080893626
0.6414657547086170 -0.0000504378215267 0.0001361853897179 0.0007273781861409 0.9971227920155974 0.9983654405852705
0.6490426453171705 -0.0000516342091385 0.0001361681894711 0.0007534279248086 0.9970545660639026 0.9983266508587085
0.6566732268271190 -0.0000528531691549 0.0001361506649613 0.0007802823363578 0.9969850539222503 0.9982871284326024
0.6643576033625751 -0.0000540950133882 0.0001361328117204 0.0008079622398346 0.9969142378686634 0.9982468631494334
0.6720959068951831 -0.0000553600609146 0.0001361146251764 0.0008364889911941 0.9968420997692442 0.9982058446144078
0.6798883015264015 -0.0000566486390566 0.0001360961006393 0.0008658845184974 0.9967686210222175 0.9981640621635188
0.6877348444994670 -0.0000579610603202 0.0001360772336327 0.0008961708007790 0.9966937838731158 0.9981215056113235
0.6956357027665053 -0.0000592976582305 0.0001360580193788 0.0009273706928732 0.9966175693714164 0.9980781640889230
0.7035910003990364 -0.0000606587621360 0.0001360384531602 0.0009595073584730 0.9965399588073185 0.9980340268608617
0.7116008605474370 -0.0000620447041089 0.0001360185302213 0.0009926044336026 0.9964609333183838 0.9979890831013573
0.7196653999695258 -0.0000634558179819 0.0001359982457816 0.0010266860102932 0.9963804739444885 0.9979433219254561
0.7277847586964896 -0.0000648924445736 0.0001359775949611 0.0010617767707036 0.9962985613300184 0.9978967322195512
0.7359590338936330 -0.0000663549200274 0.0001359565729477 0.0010979017105439 0.9962151763887790 0.9978493030194566
0.7441883843895996 -0.0000678435944097 0.0001359351747296 0.0011350866031996 0.9961302992437278 0.9978010229072352
0.7524729202634119 -0.0000693588120278 0.0001359133953788 0.0011733575227907 0.9960439103492198 0.9977518806494120
0.7608127555322597 -0.0000709009207473 0.0001358912299170 0.0012127410789666 0.9959559899598759 0.9977018648947716
0.7692080217308714 -0.0000724702745909 0.0001358686732781 0.0012532644929768 0.9958665179825075 0.9976509640899961
0.7776588244390806 -0.0000740672256650 0.0001358457204241 0.0012949553981481 0.9957754744364894 0.9975991667414498
0.7861652986870441 -0.0000756921345426 0.0001358223661966 0.0013378421163573 0.9956828388619133 0.9975464610783542
0.7947275722318305 -0.0000773453634452 0.0001357986054142 0.0013819534910334 0.9955885907084110 0.9974928352738626
0.8033457679670877 -0.0000790272766488 0.0001357744328667 0.0014273189043826 0.9954927093120802 0.9974382774318151
0.8120200115959103 -0.0000807382419634 0.0001357498432941 0.0014739683247601 0.9953951738112814 0.9973827755387025
0.8207504035809906 -0.0000824786251483 0.0001357248314671 0.0015219321610173 0.9952959634650674 0.9973263176447451
0.8295370814357456 -0.0000842488022677 0.0001356993920088 0.0015712416093590 0.9951950569489637 0.9972688914630200
0.8383801554191377 -0.0000860491469300 0.0001356735195790 0.0016219283114366 0.9950924330825206 0.9972104847833465
0.8472797625775541 -0.0000878800411799 0.0001356472087170 0.0016740246662574 0.9949880702085228 0.9971510851188551
0.8562360130206496 -0.0000897418645666 0.0001356204539991 0.0017275635309371 0.9948819468162461 0.9970906800605616
0.8652490286050678 -0.0000916350020274 0.0001355932499254 0.0017825784513173 0.9947740410922082 0.9970292570215405
0.8743189589557012 -0.0000935598474380 0.0001355655908684 0.0018391037791206 0.9946643307179296 0.9969668031216259
0.8834458294302053 -0.0000955167711588 0.0001355374715398 0.0018971737218675 0.9945527947198252 0.9969033062403690
0.8926298574603889 -0.0000975061875454 0.0001355088860203 0.0019568243453743 0.9944394096214682 0.9968387528264488
0.9018711303883200 -0.0000995284862186 0.0001354798287472 0.0020180915534562 0.9943241533610787 0.9967731301276587
0.9111697570469302 -0.0001015840643062 0.0001354502940511 0.0020810120456849 0.9942070034539731 0.9967064251446892
0.9205258530933408 -0.0001036733233946 0.0001354202761998 0.0021456232387159 0.9940879371664945 0.9966386247299667
0.9299395815822847 -0.0001057966788062 0.0001353897692651 0.0022119635691019 0.9939669309874166 0.9965697152864437
0.9394110028719987 -0.0001079545257772 0.0001353587676087 0.0022800714467802 0.9938439625556034 0.9964996838651695
0.9489402738049492 -0.0001101472843538 0.0001353272652373 0.0023499866660927 0.9937190081015773 0.9964285167081730
0.9585274918385597 -0.0001123753640952 0.0001352952563095 0.0024217493077583 0.9935920444591706 0.9963562003938943
0.9681727565794885 -0.0001146391779093 0.0001352627349373 0.0024954001789001 0.9934630482771856 0.9962827213880820
0.9778762149772127 -0.0001169391528435 0.0001352296950312 0.0025709811794616 0.9933319954047097 0.9962080656934350
0.9876379645909056 -0.0001192757073726 0.0001351961306262 0.0026485345725848 0.9931988621854613 0.9961322195867066
0.9974581220730039 -0.0001216492674581 0.0001351620356513 0.0027281035162555 0.9930636245428502 0.9960551690973501
1.0073368501758611 -0.0001240602733976 0.0001351274038312 0.0028097323135644 0.9929262575899529 0.9959768997850375
1.0172742119999931 -0.0001265091442844 0.0001350922291970 0.0028934652204893 0.9927867376546037 0.9958973978933162
1.0272703369618692 -0.0001289963183189 0.0001350565055067 0.0029793478138623 0.9926450399828127 0.9958166490409058
1.0373253278172083 -0.0001315222301315 0.0001350202265715 0.0030674262340179 0.9925011400309374 0.9957346389577476
1.0474393375953608 -0.0001340873300699 0.0001349833859787 0.0031577478661436 0.9923550123671132 0.9956513528587225
1.0576124289464199 -0.0001366920486253 0.0001349459776024 0.0032503601014017 0.9922066326979877 0.9955667765985586
1.0678447662310928 -0.0001393368452209 0.0001349079949032 0.0033453120677806 0.9920559750895966 0.9954808950876236
1.0781364203221473 -0.0001420221582823 0.0001348694316451 0.0034426528668577 0.9919030148118039 0.9953936939130215
1.0884875381349497 -0.0001447484489528 0.0001348302812678 0.0035424331499866 0.9917477258483418 0.9953051579190098
1.0988982294890548 -0.0001475161718117 0.0001347905373074 0.0036447040762822 0.9915900825649699 0.9952152721577073
1.1093685840205332 -0.0001503256721686 0.0001347501933468 0.0037495174601798 0.9914300594753259 0.9951240217553258
1.1199257592293985 -0.0001531848280853 0.0001347091371660 0.0038572046627287 0.9912672114888359 0.9950311525245248
1.1305158918168114 -0.0001560795265108 0.0001346675720639 0.0039672689990547 0.9911023450043751 0.9949371239790314
1.1411661320588713 -0.0001590175237642 0.0001346253867296 0.0040800384297072 0.9909350185158099 0.9948416839750567
1.1518764646908957 -0.0001619992547572 0.0001345825749879 0.0041955672136217 0.9907652075358053 0.9947448181660592
1.1626470604129091 -0.0001650252085789 0.0001345391298883 0.0043139124854186 0.9905928845004224 0.9946465104393928
1.1734779986514949 -0.0001680958519105 0.0001344950448038 0.0044351313225121 0.9904180231310720 0.9945467454040663
1.1843694064838768 -0.0001712116677759 0.0001344503128756 0.0045592822609107 0.9902405962279102 0.9944455071317366
1.1953214130061376 -0.0001743731429209 0.0001344049271935 0.0046864248212869 0.9900605763888403 0.9943427795665543
1.2063340742616453 -0.0001775807458755 0.0001343588811114 0.0048166186273057 0.9898779372588854 0.9942385472379323
1.2174075328937739 -0.0001808349731241 0.0001343121675845 0.0049499252773440 0.9896926509014565 0.9941327937601685
1.2285419248400502 -0.0001841363224456 0.0001342647795518 0.0050864072957807 0.9895046893167162 0.9940255026985134
1.2397373205455127 -0.0001874852751630 0.0001342167101912 0.0052261273976787 0.9893140254524271 0.9939166581460038
1.2509938309680726 -0.0001908823274037 0.0001341679524708 0.0053691497856520 0.9891206314243283 0.9938062437074024
1.2623115862651433 -0.0001943279841141 0.0001341184992351 0.0055155399287108 0.9889244788573278 0.9936942426935375
1.2736907106079371 -0.0001978227515428 0.0001340683433124 0.0056653642618038 0.9887255393137090 0.9935806383654421
1.2851312804859731 -0.0002013671241842 0.0001340174777029 0.0058186896273454 0.9885237850366112 0.9934654143587107
1.2966334131027577 -0.0002049616118732 0.0001339658951894 0.0059755844465782 0.9883191874079175 0.9933485538025888
1.3081972094597294 -0.0002086067223110 0.0001339135885885 0.0061361179828146 0.9881117179433184 0.9932300398878886
1.3198228133334251 -0.0002123029796701 0.0001338605504835 0.0063003611740805 0.9879013472336571 0.9931098552619200
1.3315103096434342 -0.0002160508924428 0.0001338067736860 0.0064683852244855 0.9876880467751782 0.9929879830737154
1.3432597943690685 -0.0002198509753377 0.0001337522509215 0.0066402625743789 0.9874717877235482 0.9928644062620140
1.3550714168727067 -0.0002237037632862 0.0001336969746290 0.0068160675612073 0.9872525400971767 0.9927391070995447
1.3669452285653587 -0.0002276097621819 0.0001336409376672 0.0069958741893571 0.9870302755808138 0.9926120687948827
1.3788813464492702 -0.0002315695019937 0.0001335841325531 0.0071797585554294 0.9868049645033763 0.9924832737650503
1.3908799025682455 -0.0002355835206879 0.0001335265516926 0.0073677981473155 0.9865765767533571 0.9923527041581278
1.4029410272708944 -0.0002396523587631 0.0001334681874590 0.0075600716081135 0.9863450820902100 0.9922203420308464
1.4150647781667824 -0.0002437765349521 0.0001334090325415 0.0077566575852283 0.9861104515270058 0.9920861701389436
1.4272512633603536 -0.0002479565876279 0.0001333490793515 0.0079576366917289 0.9858726549749965 0.9919501705901054
1.4395006297507509 -0.0002521930714450 0.0001332883200709 0.0081630913903662 0.9856316614353208 0.9918123249529129
1.4518129083744509 -0.0002564865037322 0.0001332267474209 0.0083731034014159 0.9853874420487825 0.9916726160009606
1.4641882762059368 -0.0002608374552421 0.0001331643533607 0.0085877581276690 0.9851399649340626 0.9915310247598761
1.4766268232181088 -0.0002652464693331 0.0001331011302467 0.0088071407358506 0.9848891997853561 0.9913875331368558
1.4891286809432407 -0.0002697141068345 0.0001330370701890 0.0090313383670409 0.9846351153208378 0.9912421224606022
1.5016938935539512 -0.0002742409000045 0.0001329721657121 0.0092604378413238 0.9843776819015599 0.9910947749796818
1.5143226408110082 -0.0002788274325415 0.0001329064086072 0.0094945297047468 0.9841168669816666 0.9909454712581190
1.5270149493762348 -0.0002834742354388 0.0001328397914261 0.0097337029646809 0.9838526410313785 0.9907941935652093
1.5397709540815459 -0.0002881818815313 0.0001327723061253 0.0099780499112593 0.9835849721608635 0.9906409227977186
1.5525907790362254 -0.0002929509426692 0.0001327039446803 0.0102276639648692 0.9833138285562211 0.9904856398737321
1.5654744997488785 -0.0002977819752892 0.0001326346992930 0.0104826389171848 0.9830391793001648 0.9903283262024113
1.5784222407152488 -0.0003026755567061 0.0001325645618705 0.0107430708444485 0.9827609923091274 0.9901689625021481
1.5914340780206084 -0.0003076322485808 0.0001324935245502 0.0110090561928478 0.9824792364106691 0.9900075299900251
1.6045101062850728 -0.0003126526219836 0.0001324215793394 0.0112806931132949 0.9821938799190885 0.9898440095655288
1.6176504669058207 -0.0003177372686262 0.0001323487179555 0.0115580821054671 0.9819048899977060 0.9896783814444112
1.6308552445071010 -0.0003228867610149 0.0001322749323966 0.0118413238715283 0.9816122349242282 0.9895106264564191
1.6441245428687714 -0.0003281016815321 0.0001322002145252 0.0121305209002872 0.9813158824383001 0.9893407250979481
1.6574584496301012 -0.0003333826086765 0.0001321245562650 0.0124257767252093 0.9810158005240280 0.9891686579801202
1.6708571110011849 -0.0003387301467323 0.0001320479491767 0.0127271976027874 0.9807119557247195 0.9889944048619124
1.6843205760396358 -0.0003441448637818 0.0001319703853456 0.0130348890433006 0.9804043166656046 0.9888179466698082
1.6978489881604040 -0.0003496273681009 0.0001318918562876 0.0133489601298370 0.9800928497136974 0.9886392630082778
1.7114424397070565 -0.0003551782499848 0.0001318123537825 0.0136695202465051 0.9797775222837510 0.9884583340553083
1.7251009880124839 -0.0003607980875734 0.0001317318697910 0.0139966793857704 0.9794583025075312 0.9882751403726493
1.7388248090019838 -0.0003664875102041 0.0001316503955471 0.0143305518608776 0.9791351556359932 0.9880896608404678
1.7526139613632867 -0.0003722471013698 0.0001315679229485 0.0146712506715151 0.9788080495520844 0.9879018758205088
1.7664685652040542 -0.0003780774723309 0.0001314844435022 0.0150188918111085 0.9784769505901745 0.9877117647563369
1.7803886692626087 -0.0003839792065502 0.0001313999491206 0.0153735909884770 0.9781418266923809 0.9875193079848666
1.7943744323842543 -0.0003899529363462 0.0001313144310237 0.0157354682321162 0.9778026430563821 0.9873244842366411
1.8084259138529866 -0.0003959992540615 0.0001312278810116 0.0161046425707373 0.9774593671803840 0.9871272735324811
1.8225432336134624 -0.0004021187801700 0.0001311402904895 0.0164812361538752 0.9771119649965616 0.9869276549622685
1.8367264878429304 -0.0004083121272179 0.0001310516509840 0.0168653720834378 0.9767604029191924 0.9867256078608020
1.8509757730097658 -0.0004145799100435 0.0001309619539967 0.0172571750449141 0.9764046472650847 0.9865211114743674
1.8652911511777868 -0.0004209227303305 0.0001308711912261 0.0176567703450758 0.9760446651309775 0.9863141454646653
1.8796727797521506 -0.0004273412341440 0.0001307793537439 0.0180642875558545 0.9756804211289299 0.9861046880312430
1.8941207226378145 -0.0004338360282506 0.0001306864331926 0.0184798552580388 0.9753118821363056 0.9858927186418307
1.9086350964596386 -0.0004404077450243 0.0001305924208576 0.0189036051547154 0.9749390136129983 0.9856782159142723
1.9232159732428546 -0.0004470569987384 0.0001304973082920 0.0193356692931642 0.9745617820824366 0.9854611590428611
1.9378635106648829 -0.0004537844448497 0.0001304010864692 0.0197761839257888 0.9741801517689871 0.9852415258629972
1.9525777413321650 -0.0004605906835572 0.0001303037471622 0.0202252832352752 0.9737940900699704 0.9850192959994535
1.9673587938356527 -0.0004674763610665 0.0001302052814960 0.0206831059633483 0.9734035618118470 0.9847944475603475
1.9822067734609055 -0.0004744421149803 0.0001301056807284 0.0211497918641534 0.9730085323491349 0.9845669589197906
1.9971217243771318 -0.0004814885559639 0.0001300049365123 0.0216254804497673 0.9726089686046209 0.9843368093168533
2.0121038126144724 -0.0004886163540600 0.0001299030396623 0.0221103168241141 0.9722048341757135 0.9841039760362877
2.0271530835559486 -0.0004958261241014 0.0001297999817927 0.0226044439624606 0.9717960958330407 0.9838684381510900
2.0422696445353226 -0.0005031185120677 0.0001296957540833 0.0231080085644002 0.9713827186246656 0.9836301737017514
2.0574536100591239 -0.0005104941693892 0.0001295903476471 0.0236211593498021 0.9709646673343501 0.9833891605353424
2.0727050424601940 -0.0005179537239137 0.0001294837539454 0.0241440450403835 0.9705419081279975 0.9831453772542378
2.0880240459654411 -0.0005254978254844 0.0001293759641368 0.0246768175385847 0.9701144059712163 0.9828988017267326
2.1034107100844284 -0.0005331271184494 0.0001292669694700 0.0252196300321080 0.9696821261885678 0.9826494119852646
2.1188651387621413 -0.0005408422559862 0.0001291567610798 0.0257726380200620 0.9692450336528656 0.9823971857581381
2.1343874600573538 -0.0005486439051973 0.0001290453299143 0.0263359997158302 0.9688030924978794 0.9821421003027110
2.1499777668134432 -0.0005565327173692 0.0001289326671602 0.0269098739231472 0.9683562678043085 0.9818841333776944
2.1656360991931938 -0.0005645093184161 0.0001288187643793 0.0274944193013053 0.9679045261414374 0.9816232635559746
2.1813625480074594 -0.0005725743611151 0.0001287036127630 0.0280897981769395 0.9674478326096677 0.9813594685165037
2.1971572387527689 -0.0005807285176699 0.0001285872032385 0.0286961760716544 0.9669861512635445 0.9810927252870050
2.2130202521202396 -0.0005889724388277 0.0001284695270534 0.0293137186916570 0.9665194474279363 0.9808230115812241
2.2289517115452924 -0.0005973067990284 0.0001283505751307 0.0299425952988803 0.9660476851429153 0.9805503043219520
2.2449516451096017 -0.0006057322241499 0.0001282303391013 0.0305829732748608 0.9655708312549574 0.9802745820052333
2.2610202199844718 -0.0006142494144990 0.0001281088095481 0.0312350274471064 0.9650888484568040 0.9799958206757539
2.2771575192115967 -0.0006228590277081 0.0001279859776782 0.0318989312430390 0.9646017019169761 0.9797139977587286
2.2933635857559014 -0.0006315617009761 0.0001278618350055 0.0325748583160269 0.9641093580212342 0.9794290913326805
2.3096385636581105 -0.0006403581268714 0.0001277363722693 0.0332629884497576 0.9636117800854672 0.9791410776478071
2.3259825225105653 -0.0006492489592728 0.0001276095807770 0.0339635002867185 0.9631089336786235 0.9788499342051418
2.3423955364719116 -0.0006582348554313 0.0001274814518040 0.0346765745798241 0.9626007842440706 0.9785556383797976
2.3588777140132220 -0.0006673164924560 0.0001273519763591 0.0354023955346464 0.9620872961690287 0.9782581668809328
2.3726933093415798 -0.0006749734495894 0.0001272428270041 0.0360183522044745 0.9616544206204947 0.9780073299645522
2.3865089046699377 -0.0006826693599529 0.0001271331125551 0.0366412427500868 0.9612193043321170 0.9777551341880610
2.4032879357322474 -0.0006920702727037 0.0001269991060717 0.0374071162241861 0.9606878495619190 0.9774470178391725
2.4200247355890578 -0.0007015068992024 0.0001268646102053 0.0381813613756610 0.9601544554173131 0.9771376860787099
2.4368314029719209 -0.0007110424702332 0.0001267287242740 0.0389692499507563 0.9596155499384609 0.9768250654121522
2.4537077103052019 -0.0007206774774874 0.0001265914419993 0.0397709620906486 0.9590711082764038 0.9765091384668949
2.4706537802464843 -0.0007304126108002 0.0001264527542973 0.0405866961517500 0.9585210944567500 0.9761898813589023
2.4876696896713377 -0.0007402485347199 0.0001263126524632 0.0414166503763512 0.9579654740102873 0.9758672710169606
2.5047555721514572 -0.0007501859474390 0.0001261711273324 0.0422610278542606 0.9574042106452634 0.9755412832500849
2.5219114601782495 -0.0007602254891585 0.0001260281705861 0.0431200287658503 0.9568372714248768 0.9752118957535524
2.5391374760984244 -0.0007703678530000 0.0001258837731719 0.0439938598098216 0.9562646205045279 0.9748790844707557
2.5564336904037881 -0.0007806137023782 0.0001257379264807 0.0448827271789600 0.9556862238000412 0.9745428263040042
2.5738002046136836 -0.0007909637195754 0.0001255906216562 0.0457868407401985 0.9551020462465868 0.9742030975209340
2.5912371062057629 -0.0008014185791566 0.0001254418499733 0.0467064117561636 0.9545120533014424 0.9738598746270399
2.6087444678768903 -0.0008119789472303 0.0001252916028491 0.0476416528074005 0.9539162109871434 0.9735131343903707
2.6263224041872286 -0.0008226455156156 0.0001251398713572 0.0485927808348604 0.9533144839655766 0.9731628527198461
2.6439710010322144 -0.0008334189593800 0.0001249866468324 0.0495600134042249 0.9527068379359036 0.9728090060595947
2.6616903110259531 -0.0008442999334369 0.0001248319209195 0.0505435683574164 0.9520932398274791 0.9724515715014241
2.6794804558436578 -0.0008552891353034 0.0001246756846811 0.0515436694923871 0.9514736542626610 0.9720905247235496
2.6973415282517728 -0.0008663872452649 0.0001245179294493 0.0525605412046294 0.9508480469337044 0.9717258419561278
2.7152735608674883 -0.0008775949062253 0.0001243586471122 0.0535944065803281 0.9502163857393570 0.9713575006442594
2.7332766998750126 -0.0008889128320941 0.0001241978285739 0.0546454973904274 0.9495786346780196 0.9709854758863115
2.7513509688817042 -0.0009003416600700 0.0001240354658546 0.0557140404665268 0.9489347621748698 0.9706097452890090
2.7694964757190603 -0.0009118820802585 0.0001238715502489 0.0568002697121604 0.9482847337796015 0.9702302847075550
2.7877133361279127 -0.0009235347882184 0.0001237060730010 0.0579044217687320 0.9476285148436079 0.9698470698052647
2.8060016350175543 -0.0009353004600727 0.0001235390256587 0.0590267336621525 0.9469660719237319 0.9694600768725189
2.8243614304842071 -0.0009471797545089 0.0001233704000452 0.0601674429450199 0.9462973726708356 0.9690692827618982
2.8427928298258740 -0.0009591733618465 0.0001232001875633 0.0613267924105705 0.9456223830698169 0.9686746632744777
2.8612959097096899 -0.0009712819525136 0.0001230283799273 0.0625050251746856 0.9449410703426445 0.9682761948551022
2.8798707546600801 -0.0009835062018404 0.0001228549688116 0.0637023870594528 0.9442534015549239 0.9678738537772792
2.8985174297912968 -0.0009958467720666 0.0001226799461066 0.0649191248399058 0.9435593446304410 0.9674676167358689
2.9172360368811470 -0.0010083043493625 0.0001225033033941 0.0661554898983865 0.9428588662713829 0.9670574596289629
2.9360266684269773 -0.0010208796136355 0.0001223250323768 0.0674117352869518 0.9421519336595631 0.9666433585521047
2.9548893793642388 -0.0010335732192325 0.0001221451251513 0.0686881137710354 0.9414385155430340 0.9662252904346285
2.9738242436614759 -0.0010463858326014 0.0001219635736759 0.0699848815800913 0.9407185801210647 0.9658032318002354
2.9928313719200865 -0.0010593181446114 0.0001217803695960 0.0713022997167033 0.9399920943555833 0.9653771583613203
3.0119108993898371 -0.0010723708629736 0.0001215955043532 0.0726406332682750 0.9392590244011716 0.9649470452686776
3.0310628384433036 -0.0010855446109102 0.0001214089706204 0.0740001409830616 0.9385193412978866 0.9645128704515759
3.0502872902866409 -0.0010988400716319 0.0001212207602566 0.0753810900532315 0.9377730128590424 0.9640746098579556
3.0695842946315284 -0.0011122578851478 0.0001210308657682 0.0767837455034907 0.9370200094685552 0.9636322408557825
3.0889539965242787 -0.0011257987640126 0.0001208392786720 0.0782083822725094 0.9362602975875590 0.9631857384179670
3.1083964404097504 -0.0011394633501367 0.0001206459915224 0.0796552702575176 0.9354938477931823 0.9627350798438677
3.1279117281553850 -0.0011532523248133 0.0001204509963547 0.0811246858474429 0.9347206286073766 0.9622802411324449
3.1474999126776937 -0.0011671663339957 0.0001202542857434 0.0826169040271947 0.9339406106913063 0.9618211994473517
3.1618668719280936 -0.0011774182724215 0.0001201093820651 0.0837224444332272 0.9333660254527296 0.9614829241660288
3.1762338311784934 -0.0011877055865247 0.0001199639506945 0.0848373895567668 0.9327893481729854 0.9611433053408832
3.1960615418499856 -0.0012019672901139 0.0001197623779668 0.0863916183251888 0.9319900573869148 0.9606723985725399
3.2159028143984125 -0.0012163133644086 0.0001195596680850 0.0879649807379553 0.9311862612571169 0.9601986196940807
3.2358175108870921 -0.0012307873558728 0.0001193552073187 0.0895624234701947 0.9303755262830380 0.9597205293333192
3.2558055736144569 -0.0012453898211641 0.0001191489896717 0.0911842251800513 0.9295578288045737 0.9592381074723458
3.2758670581801903 -0.0012601213971621 0.0001189410080572 0.0928306756499660 0.9287331408395327 0.9587513314475152
3.2960020425403909 -0.0012749827357632 0.0001187312552208 0.0945020687190765 0.9279014337420968 0.9582601781031769
3.3162106409732801 -0.0012899745146509 0.0001185197235890 0.0961987035671713 0.9270626776051040 0.9577646234362385
3.3364929161120793 -0.0013050973721867 0.0001183064061894 0.0979208773771248 0.9262168449068340 0.9572646447492194
3.3568489417621317 -0.0013203519535934 0.0001180912959997 0.0996688905125307 0.9253639079294396 0.9567602191252678
3.3772788266872720 -0.0013357389290883 0.0001178743856927 0.1014430486474494 0.9245038377497644 0.9562513228293010
3.3977826270927500 -0.0013512589280974 0.0001176556685651 0.1032436552079856 0.9236366079207394 0.9557379334847801
3.4183603980088368 -0.0013669125774130 0.0001174351380002 0.1050710157020245 0.9227621923403964 0.9552200288135807
3.4390122676365680 -0.0013827005581125 0.0001172127866668 0.1069254444230033 0.9218805620775254 0.9546975847536380
3.4597383052956974 -0.0013986235052061 0.0001169886079344 0.1088072527574607 0.9209916909816948 0.9541705787802891
3.4805385440507162 -0.0014146820240022 0.0001167625956431 0.1107167509774613 0.9200955547698806 0.9536389893671939
3.5014130939891324 -0.0014308767774854 0.0001165347428739 0.1126542586245032 0.9191921261540671 0.9531027930952969
3.5223620195648433 -0.0014472083918853 0.0001163050432800 0.1146200933254292 0.9182813801160397 0.9525619677799064
3.5433853884495856 -0.0014636774941435 0.0001160734905595 0.1166145752154405 0.9173632918197396 0.9520164912321817
3.5644833028004475 -0.0014802847366139 0.0001158400781100 0.1186380299652887 0.9164378352393403 0.9514663404422616
3.5856558617139407 -0.0014970307679170 0.0001156047994392 0.1206907852975584 0.9155049847894554 0.9509114925458274
3.6069031011438835 -0.0015139161849905 0.0001153676488395 0.1227731650477717 0.9145647179987632 0.9503519264149207
3.6282251045362606 -0.0015309416204166 0.0001151286201620 0.1248854998444394 0.9136170106489893 0.9497876197663765
3.6496219680596012 -0.0015481077153308 0.0001148877071985 0.1270281238551315 0.9126618382902956 0.9492185500606060
3.6710937608763086 -0.0015654150875363 0.0001146449041305 0.1292013708076632 0.9116991780199973 0.9486446955603697
3.6926405547418275 -0.0015828643549928 0.0001144002051997 0.1314055768828462 0.9107290071789945 0.9480660345541932
3.7142624107502291 -0.0016004561250308 0.0001141536048612 0.1336410793442285 0.9097513039558417 0.9474825457159449
3.7359594065914945 -0.0016181910164559 0.0001139050974740 0.1359082193354497 0.9087660461625651 0.9468942073736214
3.7577316467574864 -0.0016360696682388 0.0001136546771813 0.1382073430477154 0.9077732107583819 0.9463009972225742
3.7795791924911031 -0.0016540926820771 0.0001134023387163 0.1405387943478717 0.9067727770446178 0.9457028942331359
3.8015021106454041 -0.0016722516159358 0.0001131480777192 0.1429029198253912 0.9057647243774261 0.9450998772926031
3.8222168810261401 -0.0016894843986368 0.0001129068656302 0.1451595100215068 0.9048084116781931 0.9445274774194665
3.8442888587347794 -0.0017079268666373 0.0001126488259585 0.1475883564328569 0.9037853908491248 0.9439147889962134
3.8664340070119967 -0.0017265137460623 0.0001123888760436 0.1500506466344191 0.9027548037662371 0.9432971916307410
3.8886548784476109 -0.0017452476997247 0.0001121269820402 0.1525470079788117 0.9017165164440478 0.9426745958410717
3.9109514585309295 -0.0017641292467980 0.0001118631401745 0.1550777885155450 0.9006705141212453 0.9420469834044276
3.9333238743280892 -0.0017831590236274 0.0001115973451095 0.1576433543156402 0.8996167758440649 0.9414143322550311
3.9557722090231366 -0.0018023376275789 0.0001113295921302 0.1602440686949292 0.8985552831271054 0.9407766216756701
3.9782965149644394 -0.0018216656274202 0.0001110598769984 0.1628802934808048 0.8974860193798370 0.9401338319559521
4.0008968478245368 -0.0018411435922341 0.0001107881955501 0.1655523928760885 0.8964089683101171 0.9394859434337602
4.0235732882842541 -0.0018607721102796 0.0001105145434343 0.1682607360683638 0.8953241128877074 0.9388329358702159
4.0463259091345583 -0.0018805517607885 0.0001102389165078 0.1710056933790128 0.8942314369102429 0.9381747893902103
4.0691547803168397 -0.0019004831182185 0.0001099613107771 0.1737876368201309 0.8931309247731264 0.9375114843437355
4.0920600287244770 -0.0019205668047383 0.0001096817216694 0.1766069474612659 0.8920225585790124 0.9368429995615816
4.1150416878457108 -0.0019408033586069 0.0001094001458665 0.1794639969825016 0.8909063254088291 0.9361693167388572
4.1380998374178048 -0.0019611933561784 0.0001091165796073 0.1823591647051865 0.8897822105915602 0.9354904163774979
4.1612345789580027 -0.0019817373909871 0.0001088310189812 0.1852928347457815 0.8886501988679839 0.9348062784846527
4.1844459155963554 -0.0020024359667684 0.0001085434614161 0.1882653806738301 0.8875102802894976 0.9341168861385223
4.2077339561940130 -0.0020232896787867 0.0001082539031597 0.1912771914028354 0.8863624402330583 0.9334222194529166
4.2310987740801167 -0.0020442990885198 0.0001079623410230 0.1943286533043532 0.8852066663132655 0.9327222597533588
4.2545404655864267 -0.0020654647759596 0.0001076687716555 0.1974201577237009 0.8840429455090021 0.9320169878382065
4.2780590440956940 -0.0020867872437879 0.0001073731928755 0.2005520869340587 0.8828712694369663 0.9313063871750944
4.3016546049357176 -0.0021082670662565 0.0001070756016067 0.2037248358617798 0.8816916261721729 0.9305904389433493
4.3154867091874891 -0.0021208937481586 0.0001069006660484 0.2055990221971589 0.8809981891822205 0.9301693367455167
4.3293188134392606 -0.0021335471729069 0.0001067253757116 0.2074837759150180 0.8803033482144379 0.9297472019597669
4.3531001552234843 -0.0021553714912570 0.0001064231764079 0.2107489568245067 0.8791054557344540 0.9290190258733177
4.3769402458985427 -0.0021773375573548 0.0001061191908550 0.2140536891492339 0.8779004935581164 0.9282860098992274
4.4008576405964392 -0.0021994628354575 0.0001058131823564 0.2174008980793641 0.8766875237210295 0.9275475718971316
4.4248524145705854 -0.0022217478624750 0.0001055051487794 0.2207909854796943 0.8754665380613912 0.9268036945819359
4.4489246536774480 -0.0022441931829434 0.0001051950879938 0.2242243565219364 0.8742375284306320 0.9260543605290599
4.4730743813075335 -0.0022667992807034 0.0001048829988163 0.2277014091666223 0.8730004904393666 0.9252995544593650
4.4973016607134575 -0.0022895666741253 0.0001045688796965 0.2312225486597533 0.8717554182482353 0.9245392600641922
4.5216066050780617 -0.0023124959263765 0.0001042527285787 0.2347881892649973 0.8705023040201562 0.9237734596654881
4.5459892832690478 -0.0023355875569289 0.0001039345441246 0.2383987405648035 0.8692411427672373 0.9230021371748859
4.5704497384376763 -0.0023588420584897 0.0001036143254805 0.2420546099271753 0.8679719314267006 0.9222252775330452
4.5949880335364224 -0.0023822599400814 0.0001032920716846 0.2457562092018862 0.8666946665145169 0.9214428652748354
4.6196042508339126 -0.0024058417269666 0.0001029677816715 0.2495039547599102 0.8654093441400765 0.9206548845357002
4.6442984924230553 -0.0024295879615188 0.0001026414542623 0.2532982676838871 0.8641159599695007 0.9198613190264880
4.6690707937056697 -0.0024534991199490 0.0001023130893109 0.2571395604088129 0.8628145137675828 0.9190621548208179
4.6939211943780101 -0.0024775756800351 0.0001019826867734 0.2610282473840446 0.8615050057103333 0.9182573780966455
4.7188498628882449 -0.0025018182424950 0.0001016502450465 0.2649647648189736 0.8601874297988313 0.9174469710830883
4.7438567663330469 -0.0025262272105445 0.0001013157653650 0.2689495187434464 0.8588617912884208 0.9166309227766156
4.7568849152849237 -0.0025389795503447 0.0001011411161598 0.2710397679659343 0.8581696124137007 0.9162045526149024
4.7664150300588988 -0.0025483233554262 0.0001010131913107 0.2725749854276111 0.8576626164926721 0.9158921330861568
4.7759451448328738 -0.0025576726785578 0.0001008851253710 0.2741154429071872 0.8571550604899407 0.9155792676674838
4.7912260981949570 -0.0025726903514897 0.0001006794849002 0.2765964189342645 0.8563400623525428 0.9150766788905706
4.8164774079651940 -0.0025975792200044 0.0001003388804977 0.2807257473452695 0.8549901848357225 0.9142436697242864
4.8417893214041223 -0.0026226182632202 0.0000999964802597 0.2849020523521906 0.8536332055045553 0.9134055550650024
4.8671798317614368 -0.0026478255997073 0.0000996520434254 0.2891286808731198 0.8522681705616462 0.9125617315956821
4.8926490209438835 -0.0026732017241495 0.0000993055706471 0.2934060652665935 0.8508950829854761 0.9117121860174920
4.9181969521372810 -0.0026987471108609 0.0000989570629963 0.2977346360750697 0.8495139474232871 0.9108569059093565
4.9438236935849771 -0.0027244622374124 0.0000986065216432 0.3021148259391990 0.8481247689192696 0.9099958789422868
4.9695293235444877 -0.0027503475897805 0.0000982539477889 0.3065470704647507 0.8467275526459676 0.9091290927121833
4.9953138858764392 -0.0027764036176274 0.0000978993432757 0.3110318005107454 0.8453223063254973 0.9082565362426689
5.0211774913510547 -0.0028026308366670 0.0000975427091967 0.3155694597498142 0.8439090347161412 0.9073781965625858
5.0471201871153726 -0.0028290296968523 0.0000971840476911 0.3201604819468171 0.8424877467298987 0.9064940631255821
5.0731420171952966 -0.0028556006432080 0.0000968233611178 0.3248053012893525 0.8410584521549724 0.9056041257787526
5.0992430443056485 -0.0028823441382326 0.0000964606517530 0.3295043562744163 0.8396211604597412 0.9047083740179235
5.1254233848112829 -0.0029092606983059 0.0000960959213004 0.3342580961948763 0.8381758788516691 0.9038067957737576
5.1516830836715801 -0.0029363507654746 0.0000957291726322 0.3390669585257562 0.8367226191744263 0.9028993817120904
5.1780222052019571 -0.0029636148003885 0.0000953604085297 0.3439313851711022 0.8352613929197804 0.9019861221270701
5.2013872286001570 -0.0029878558116034 0.0000950325358602 0.3482809750584663 0.8339622066401431 0.9011734009816965
5.2227519955297312 -0.0030100826348818 0.0000947321225020 0.3522865706122449 0.8327718402319134 0.9004281435433742
5.2493146395682073 -0.0030378000082538 0.0000943578186982 0.3573045351649858 0.8312887067295598 0.8994987739455301
5.2759476209556091 -0.0030656826607178 0.0000939816424911 0.3623779496704805 0.8297981748930879 0.8985638509075335
5.3026603702539310 -0.0030937407959720 0.0000936034656795 0.3675090222815128 0.8282997372375727 0.8976230389570613
5.3294528645252610 -0.0031219747675952 0.0000932232933121 0.3726981829618229 0.8267934142773736 0.8966763331791964
5.3563252396169920 -0.0031503850954212 0.0000928411283729 0.3779458929831501 0.8252792183532358 0.8957237233742260
5.3832774780533672 -0.0031789721367860 0.0000924569762101 0.3832525844610819 0.8237571711811660 0.8947652050874241
5.4103097404341982 -0.0032077364372044 0.0000920708398222 0.3886187251363690 0.8222272851750524 0.8938007678573888
5.4374219993689508 -0.0032366783421207 0.0000916827250767 0.3940447462222981 0.8206895841254358 0.8928304082405770
5.4646143825124600 -0.0032657983617476 0.0000912926358141 0.3995311103312554 0.8191440837991414 0.8918541175853234
5.4918869512031971 -0.0032950969356321 0.0000909005770104 0.4050782674969737 0.8175908044705418 0.8908718899325569
5.5192397083580111 -0.0033245744401607 0.0000905065546743 0.4106866562211515 0.8160297705131282 0.8898837217705476
5.5466727484313134 -0.0033542313500554 0.0000901105736891 0.4163567340719871 0.8144610018518963 0.8888896066278864
5.5542268508270833 -0.0033624141040114 0.0000900013950629 0.4179260346604122 0.8140284703578607 0.8886153294238194
5.5617809532228533 -0.0033705970517227 0.0000898921575333 0.4194987736387212 0.8135957045530336 0.8883408231775530
5.5702995815116374 -0.0033798312684147 0.0000897689013222 0.4212764496634015 0.8131074025032009 0.8880309931464854
5.5979152172854221 -0.0034098273252029 0.0000893688161327 0.4270693925172004 0.8115224086443925 0.8870245983618535
5.6255783453763417 -0.0034399675375844 0.0000889672658004 0.4329184287353012 0.8099316365376837 0.8860134425786190
5.6533220528525003 -0.0034702881528747 0.0000885637784258 0.4388309112341971 0.8083332172779100 0.8849963200819336
5.6811462995766249 -0.0035007894903379 0.0000881583617799 0.4448072709655326 0.8067271822658398 0.8839732309848090
5.7090511992977424 -0.0035314720380075 0.0000877510215909 0.4508479718704099 0.8051135548186693 0.8829441701152494
5.7370367581508503 -0.0035623361665469 0.0000873417653515 0.4569534548653060 0.8034923652535478 0.8819091366218612
5.7651030418504394 -0.0035933823128233 0.0000869305998824 0.4631241737925108 0.8018636412341124 0.8808681278240376
5.7932501399938721 -0.0036246109413710 0.0000865175318491 0.4693605879454545 0.8002274098188951 0.8798211405127978
5.8214781186960556 -0.0036560224921427 0.0000861025684565 0.4756631516171853 0.7985837002120731 0.8787681727105188
5.8497870165777526 -0.0036876173757818 0.0000856857175109 0.4820323129539358 0.7969325440112041 0.8777092238365386
5.8781768814215507 -0.0037193960144104 0.0000852669868835 0.4884685220196936 0.7952739730787203 0.8766442933474216
5.8963255547826874 -0.0037397598205229 0.0000849989526793 0.4926086029796818 0.7942123193883986 0.8759619825019412
5.9092950561372710 -0.0037543259588943 0.0000848072430763 0.4955794607797731 0.7934529826802508 0.8754736561140803
5.9222645574918547 -0.0037689045326850 0.0000846153968955 0.4985605326279240 0.7926931086191451 0.8749847242384228
5.9508887190314406 -0.0038011476626252 0.0000841915063762 0.5051760222561895 0.7910141648577802 0.8739035036358457
5.9795664342467587 -0.0038335441902539 0.0000837661738483 0.5118538048219227 0.7893295420246444 0.8728173426181809
6.0083253731493755 -0.0038661256043332 0.0000833389993510 0.5186006895301557 0.7876376566675183 0.8717252004147952
6.0371655907312167 -0.0038988923343095 0.0000829099917529 0.5254171270213286 0.7859385446488674 0.8706270783360963
6.0660870667937976 -0.0039318447262271 0.0000824791612430 0.5323035496383079 0.7842322470716107 0.8695229809589663
6.0950898874153552 -0.0039649832493226 0.0000820465166298 0.5392604144094109 0.7825187995817592 0.8684129092119255
6.1241741051694731 -0.0039983083375215 0.0000816120674202 0.5462881700424072 0.7807982406004832 0.8672968656958188
6.1533397779802472 -0.0040318204337817 0.0000811758232407 0.5533872660785701 0.7790706090347239 0.8661748532062065
6.1825868516328510 -0.0040655198547937 0.0000807377955982 0.5605581239868209 0.7773359512480245 0.8650468792701612
6.2119154692479199 -0.0040994071474390 0.0000802979932465 0.5678012128259852 0.7755943027122860 0.8639129442223921
6.2205343870140002 -0.0041093835629279 0.0000801686436847 0.5699397130154541 0.7750820764446359 0.8635791783609359
6.2291533047800804 -0.0041193587477667 0.0000800392490086 0.5720827304935701 0.7745696707355743 0.8632451722487042
6.2377311380351328 -0.0041292917176961 0.0000799104260151 0.5742200175876121 0.7740595309993650 0.8629125204552391
6.2672478727917982 -0.0041635319531818 0.0000794667993053 0.5816087097385776 0.7723027917311770 0.8617660472064982
6.2968115643388280 -0.0041979201966954 0.0000790219498888 0.5890622518794125 0.7705412495724833 0.8606149733063838
6.3264569906058767 -0.0042324971210773 0.0000785753670466 0.5965897498593044 0.7687728829228476 0.8594579570202759
6.3561841080474082 -0.0042672630632893 0.0000781270633106 0.6041916226908703 0.7669977422624208 0.8582950079395727
6.3859929435798524 -0.0043022184461034 0.0000776770503533 0.6118683060882940 0.7652158746802071 0.8571261333438098
6.4158835126823588 -0.0043373636829860 0.0000772253402204 0.6196202317453170 0.7634273287532741 0.8559513413928507
6.4458559009719760 -0.0043726992744209 0.0000767719440962 0.6274478485656747 0.7616321496600689 0.8547706379168105
6.4759100644600709 -0.0044082255727892 0.0000763168753241 0.6353515705470729 0.7598303911391828 0.8535840342818990
6.5060460296849225 -0.0044439430180562 0.0000758601463805 0.6433318287349693 0.7580221035086988 0.8523915395215914
6.5156089466962666 -0.0044552967928340 0.0000757151289610 0.6458756820275788 0.7574479578079438 0.8520125784133997
6.5215813434914756 -0.0044623923341136 0.0000756245397194 0.6474672257262042 0.7570893036539246 0.8517757690862392
6.5275537402866846 -0.0044694827777430 0.0000755339358339 0.6490609319096042 0.7567305893845797 0.8515388569861575
6.5578704440123419 -0.0045055311985880 0.0000750737821168 0.6571841436019118 0.7549087994100964 0.8503346827358866
6.5882288375439515 -0.0045417232943458 0.0000746126127127 0.6653743258048800 0.7530830339992218 0.8491262378628059
6.6186691331474643 -0.0045781072337238 0.0000741498311420 0.6736426355091533 0.7512509325643434 0.8479119386019672
6.6491913487562435 -0.0046146834598409 0.0000736854509389 0.6819894952625855 0.7494125496603580 0.8466917964053995
6.6797954857775821 -0.0046514524017701 0.0000732194860844 0.6904153215567770 0.7475679416225389 0.8454658238361842
6.7104815121974850 -0.0046884144541296 0.0000727519512636 0.6989205199322163 0.7457171675857488 0.8442340352555719
6.7412495099856544 -0.0047255701550274 0.0000722828596183 0.7075055258907210 0.7438602805879816 0.8429964409026854
6.7720993989130749 -0.0047629198532485 0.0000718122269551 0.7161707280795729 0.7419973442283958 0.8417530579919769
6.7864925745835070 -0.0047803780424967 0.0000715925554353 0.7202331548658464 0.7411278214828236 0.8411721062825236
6.8008857502539390 -0.0047978568642456 0.0000713728255940 0.7243080656249213 0.7402580791295225 0.8405906217521079
6.8287204422124121 -0.0048316740241425 0.0000709477398636 0.7322238553290116 0.7385755025710550 0.8394646008809962
6.8544475969565557 -0.0048629973179684 0.0000705546626182 0.7395817609114527 0.7370196593644627 0.8384220988221934
6.8856069510099083 -0.0049010212619107 0.0000700783744894 0.7485465595190584 0.7351345072691196 0.8371572679641391
6.9168386287736920 -0.0049392286653210 0.0000696007619459 0.7575907009921952 0.7332441675865106 0.8358871071355468
6.9481521884318491 -0.0049776316508457 0.0000691216945738 0.7667173263718242 0.7313481252293450 0.8346112453215914
6.9795475850538624 -0.0050162306442933 0.0000686411888988 0.7759268204231002 0.7294464467182528 0.8333297014266081
7.0110248355597351 -0.0050550261552939 0.0000681592606834 0.7852195838129351 0.7275391955671269 0.8320424923011536
7.0425838189562606 -0.0050940185313632 0.0000676759279842 0.7945959741121517 0.7256264443805791 0.8307496409105762
7.0566433413371712 -0.0051114205576422 0.0000674605585654 0.7987923180164738 0.7247741557897982 0.8301729438101759
7.0636058649835549 -0.0051200453966897 0.0000673538943226 0.8008747918480787 0.7243520541767808 0.8298871876571203
7.0705683886299386 -0.0051286654663026 0.0000672472250881 0.8029601594841780 0.7239299314040138 0.8296013223410811
7.0779480249876716 -0.0051378047249780 0.0000671341593449 0.8051736160255563 0.7234824978007413 0.8292982125725911
7.1097355714969250 -0.0051772310301143 0.0000666470623601 0.8147451362349808 0.7215549523925565 0.8279911910076635
7.1415497111110700 -0.0052167864302098 0.0000661594574000 0.8243849448584131 0.7196254577876101 0.8266808510110372
7.1734455254841691 -0.0052565396808841 0.0000656705174531 0.8341099588261527 0.7176907424721788 0.8253649496675221
7.2054228683593475 -0.0052964911293296 0.0000651802618711 0.8439205142653491 0.7157508842348939 0.8240435134484079
7.2374816599205740 -0.0053366412140412 0.0000646887091593 0.8538169644048281 0.7138059575272127 0.8227165665777342
7.2696218660570402 -0.0053769904400068 0.0000641958772915 0.8637996737070125 0.7118560347111965 0.8213841318695293
7.3018433279180153 -0.0054175391648960 0.0000637017863215 0.8738689648383857 0.7099011963916806 0.8200462377949991
7.3126963250446435 -0.0054312189392522 0.0000635353642424 0.8772743665022894 0.7092427734792048 0.8195951368558964
7.3235493221712717 -0.0054448916137412 0.0000633689454151 0.8806867220149942 0.7085843626928739 0.8191438041507018
7.3369565594897743 -0.0054617964734190 0.0000631633628627 0.8849117671638772 0.7077710167431944 0.8185859329232829
7.3693808278688797 -0.0055027483627904 0.0000626661984489 0.8951734806215674 0.7058041342523893 0.8172353321100682
7.4018532018033341 -0.0055438586171876 0.0000621683386497 0.9055124476314516 0.7038345698777109 0.8158807216094280
7.4344065476840617 -0.0055851692845202 0.0000616692977844 0.9159393980440822 0.7018604034466510 0.8145207572740077
7.4670406592245842 -0.0056266807005694 0.0000611690974485 0.9264546221600394 0.6998817217210187 0.8131554720443330
7.4997554310399019 -0.0056683933392016 0.0000606677578428 0.9370584388528127 0.6978986059573804 0.8117848951392206
7.5325506983052044 -0.0057103076089721 0.0000601653002281 0.9477511440689512 0.6959111416186574 0.8104090587555691
7.5433495598743665 -0.0057241308607945 0.0000599998788059 0.9512857904410902 0.6952568357360663 0.8099556150396712
7.5541484214435286 -0.0057379529974228 0.0000598344738652 0.9548272372786529 0.6946025976530210 0.8095019721348099
7.5647920392616665 -0.0057515795950371 0.0000596714630239 0.9583244229031148 0.6939578336890978 0.8090546571728823
7.5977876062148084 -0.0057938880703319 0.0000591662279047 0.9692077277324694 0.6919595053598386 0.8076667591288346
7.6308224911827862 -0.0058363462358741 0.0000586605620919 0.9801674010848344 0.6899595505611238 0.8062754100165289
7.6639372597710222 -0.0058790066976890 0.0000581538636389 0.9912171186455899 0.6879555898130896 0.8048789318476016
7.6971317292122947 -0.0059218698844988 0.0000576461547777 1.0023571504422786 0.6859477124754635 0.8034773600045747
7.7304056653552369 -0.0059649361697231 0.0000571374586559 1.0135877448445232 0.6839360115395453 0.8020707325286444
7.7637587792805247 -0.0060082058665458 0.0000566277993824 1.0249091268916350 0.6819205838108611 0.8006590902725972
7.7687891773254405 -0.0060147406762302 0.0000565509539366 1.0266222032085621 0.6816167086841211 0.8004460405873643
7.7738195753703563 -0.0060212696715825 0.0000564741155296 1.0283367349414116 0.6813128594573402 0.8002329539850781
7.7802551469300720 -0.0060296244654770 0.0000563758225009 1.0305323191399158 0.6809241723662131 0.7999602909108291
7.8137354141808659 -0.0060731493521996 0.0000558646328603 1.0419929550745799 0.6789027889688500 0.7985408348257746
7.8472857914793810 -0.0061168665222571 0.0000553526681713 1.0535420721929303 0.6768784257073867 0.7971168208445136
7.8809145430293110 -0.0061607874246637 0.0000548398223206 1.0651827982628734 0.6748506644760136 0.7956879290939124
7.9146213563759433 -0.0062049123825589 0.0000543261202879 1.0769153280205068 0.6728196055677240 0.7942542036064708
7.9484059915444156 -0.0062492418255239 0.0000538115860501 1.0887398762210105 0.6707853453221249 0.7928156858106109
7.9611421818930497 -0.0062659798881799 0.0000536177116666 1.0932143553589724 0.6700188677695565 0.7922730143319884
7.9738783722416837 -0.0062827325597921 0.0000534238911249 1.0976980425602854 0.6692526159419032 0.7917301401415396
7.9791342236016387 -0.0062896501539401 0.0000533439230021 1.0995510105057538 0.6689364730268450 0.7915060533573509
7.9843900749615937 -0.0062965614691461 0.0000532639652977 1.1014055445424495 0.6686203693217404 0.7912819325805540
7.9911392155691736 -0.0063054388595001 0.0000531613040844 1.1037892834336840 0.6682145125280773 0.7909940851304776
8.0251336362762284 -0.0063502147904200 0.0000526444570286 1.1158350247449349 0.6661712850179592 0.7895434034602553
8.0591704690056787 -0.0063951500137838 0.0000521273832946 1.1279612143941680 0.6641272545349145 0.7880895440331119
8.0932836293088766 -0.0064402899357573 0.0000516095877389 1.1401801134880418 0.6620804651944585 0.7866310934267233
8.1274726723975270 -0.0064856347674448 0.0000510910979039 1.1524918342319186 0.6600310274777550 0.7851681042873127
8.1617372509818811 -0.0065311848606448 0.0000505719399209 1.1648965176912456 0.6579790462983608 0.7837006255515667
8.1761130294343562 -0.0065503268581253 0.0000503542726327 1.1701204929071738 0.6571187418020312 0.7830845770669559
8.1841441452853090 -0.0065610194743868 0.0000502327110339 1.1730439256898122 0.6566382869448693 0.7827403258062535
8.1921752611362617 -0.0065717121563377 0.0000501111779597 1.1759709594421697 0.6561579475289109 0.7823960092255603
8.2266206380269722 -0.0066176380962414 0.0000495902451126 1.1885657676716763 0.6540991083623477 0.7809185108854514
8.2611013811257479 -0.0066637171058257 0.0000490693125137 1.2012396298813202 0.6520403715818471 0.7794383452558696
8.2956557468620122 -0.0067100009830257 0.0000485478223848 1.2140067395993834 0.6499795343334972 0.7779539078183487
8.3302832024924367 -0.0067564898784140 0.0000480258039024 1.2268671372227826 0.6479167135971139 0.7764652576547846
8.3649831409129476 -0.0068031838532616 0.0000475032873904 1.2398208280881928 0.6458520308946566 0.7749724574797925
8.3741553980167716 -0.0068155343488000 0.0000473652731453 1.2432559643387611 0.6453066914457142 0.7745776971497272
8.3833276551205955 -0.0068278854328873 0.0000472273028464 1.2466957262352663 0.6447615297734959 0.7741828682745872
8.4181848484661455 -0.0068748914675627 0.0000467033753423 1.2598099317716536 0.6426914050374835 0.7726817947255105
8.4530662321341783 -0.0069220387054028 0.0000461797297640 1.2729998658437141 0.6406225038552588 0.7711787436683848
8.4880179491892349 -0.0069693902078767 0.0000456556933603 1.2862830502469895 0.6385521697202737 0.7696717667151358
8.5230391635021547 -0.0070169457641075 0.0000451312999141 1.2996593673191235 0.6364805378363640 0.7681609383382080
8.5365411029507268 -0.0070353095851668 0.0000449293141146 1.3048342143329827 0.6356826173700896 0.7675782402919455
8.5434494199594830 -0.0070447118467712 0.0000448260080478 1.3074857674726854 0.6352745258384376 0.7672800548205653
8.5484028428302672 -0.0070514561312298 0.0000447519522742 1.3093885844816584 0.6349819849393293 0.7670662300866338
8.5533562657010513 -0.0070581941832271 0.0000446779118127 1.3112927305978719 0.6346895026929352 0.7668523897304522
8.5598079181865288 -0.0070669725074795 0.0000445814984634 1.3137748033696244 0.6343086437000881 0.7665738472357396
8.5950643004257543 -0.0071150092534160 0.0000440550625457 1.3273783539308830 0.6322291474905221 0.7650512416735321
8.6302935981532016 -0.0071631204191216 0.0000435297774533 1.3410384321322741 0.6301543147241493 0.7635290732804461
8.6655893117650145 -0.0072114342070861 0.0000430042672487 1.3547911934609476 0.6280787118549319 0.7620033450136615
8.7009502577920781 -0.0072599499658783 0.0000424785706795 1.3686363379201327 0.6260024936945673 0.7604741482711352
8.7172169018734369 -0.0072823060222813 0.0000422370096231 1.3750277924568186 0.6250484986614093 0.7597704855222950
8.7256106814245058 -0.0072938412651711 0.0000421124294313 1.3783313813467324 0.6245565003266564 0.7594073385657549
8.7332068062730883 -0.0073042808620279 0.0000419997281147 1.3813242703567890 0.6241114181630859 0.7590786732300624
8.7687250324567412 -0.0073531636763104 0.0000414732584729 1.3953592812026459 0.6220323497351502 0.7575415487219918
8.8042714863371714 -0.0074021994191422 0.0000409472125807 1.4094725131209036 0.6199550800566203 0.7560026749834543
8.8398792484831663 -0.0074514345571088 0.0000404211205356 1.4236771304571232 0.6178777551622066 0.7544606621313135
8.8755471095967966 -0.0075008684226434 0.0000398950209675 1.4379727682860599 0.6158005293724923 0.7529156042794309
8.8929627286774302 -0.0075250297635850 0.0000396384684859 1.4449772410314947 0.6147876084059889 0.7521610481297636
8.9087266253904396 -0.0075469106858905 0.0000394064353627 1.4513311245186600 0.6138715153241660 0.7514779773333405
8.9445319901980831 -0.0075966939728494 0.0000388800705069 1.4658113787133622 0.6117934624075891 0.7499262284806714
8.9803697795220128 -0.0076466395248541 0.0000383541655127 1.4803717820496456 0.6097173585050282 0.7483727567032726
9.0162626071253786 -0.0076967797637514 0.0000378284078678 1.4950215332822296 0.6076419715656519 0.7468166247863336
9.0310002258444744 -0.0077174016862935 0.0000376128118801 1.5010560899601797 0.6067909629126494 0.7461776067262942
9.0374639273647031 -0.0077264524711994 0.0000375183066169 1.5037063059904159 0.6064179354615784 0.7458973313774170
9.0439276288849317 -0.0077354969673636 0.0000374238343927 1.5063586838831946 0.6060450378029322 0.7456170493816404
9.0506741143535567 -0.0077449395812376 0.0000373252632720 1.5091294063836393 0.6056559650359659 0.7453244983468178
9.0867347024813938 -0.0077954821054269 0.0000367989849518 1.5239790208416610 0.6035787601380257 0.7437606796803879
9.1227825825430493 -0.0078461265570931 0.0000362739026856 1.5388903244280583 0.6015064162259520 0.7421972651905587
9.1588792656895350 -0.0078969600713893 0.0000357491373994 1.5538886195473500 0.5994354652428501 0.7406316309156861
9.1720777533067910 -0.0079155771862314 0.0000355575206164 1.5593892784674104 0.5986792982226502 0.7400591510776470
9.1852762409240469 -0.0079342105227692 0.0000353660441175 1.5648988302827904 0.5979237040614532 0.7394866654337450
9.1993259223726564 -0.0079540396865902 0.0000351623768291 1.5707734611014303 0.5971200125402075 0.7388772551290178
9.2120628273929945 -0.0079720305945770 0.0000349778788176 1.5761078619762277 0.5963919831881926 0.7383247854370405
9.2482977172577652 -0.0080232950194257 0.0000344537331179 1.5913286331624692 0.5943238026847960 0.7367530878090897
9.2845511981983915 -0.0080747084760954 0.0000339304081368 1.6066237701603179 0.5922590083235293 0.7351806314411408
9.3208452224344853 -0.0081263029999512 0.0000334076043914 1.6220024475887997 0.5901964200400462 0.7336065079160278
9.3261973857866192 -0.0081339219767675 0.0000333306027515 1.6242759006722145 0.5898926425475837 0.7333743873347072
9.3315495491387530 -0.0081415352234256 0.0000332536265893 1.6265507930414091 0.5895889645787084 0.7331422698168057
9.3378474823754534 -0.0081504961117845 0.0000331630796230 1.6292295191713513 0.5892317521922904 0.7328691393820570
9.3742457084986111 -0.0082023576888075 0.0000326404411169 1.6447498809873593 0.5871700062033042 0.7312907094845370
9.4106317453533261 -0.0082543269159474 0.0000321191262370 1.6603312423885332 0.5851136353365950 0.7297130065767322
9.4470505819148780 -0.0083064688085263 0.0000315985055646 1.6759926704130204 0.5830601581286627 0.7281341232800550
9.4563524968038930 -0.0083198068877502 0.0000314657196831 1.6800033919813060 0.5825364376486495 0.7277308968674999
9.4656544116929080 -0.0083331447323121 0.0000313330119773 1.6840184015843098 0.5820130314312889 0.7273276897438972
9.4742099307717638 -0.0083454127306548 0.0000312110220174 1.6877150244940649 0.5815319021266140 0.7269568540047932
9.5107055736845965 -0.0083978232190166 0.0000306913832964 1.7035244892194750 0.5794825410682750 0.7253751666875407
9.5472032211843061 -0.0084503640769302 0.0000301729237267 1.7194004519508099 0.5774379901258549 0.7237937524510892
9.5837240631513918 -0.0085030666437947 0.0000296553570717 1.7353519396555421 0.5753971218932993 0.7222117360577917
9.5950040567186576 -0.0085193593792626 0.0000294957497214 1.7402919793293765 0.5747677855014608 0.7217231952915664
9.6062840502859235 -0.0085356567384652 0.0000293362616291 1.7452382310591130 0.5741389309986765 0.7212346981681617
9.6428501409670577 -0.0085885720694715 0.0000288200708029 1.7613149959379166 0.5721037209164808 0.7196514633517094
9.6794197529315689 -0.0086416223377912 0.0000283050907330 1.7774582571268054 0.5700734501303185 0.7180685896736779
9.6993305948934712 -0.0086705611671300 0.0000280252371336 1.7862748998490403 0.5689702182664198 0.7172070025784982
9.7053714998133191 -0.0086793488163918 0.0000279404051253 1.7889536349067041 0.5686358054925622 0.7169456325501445
9.7098347744103410 -0.0086858437149655 0.0000278777501554 1.7909339277766183 0.5683888188202300 0.7167525316219314
9.7142980490073629 -0.0086923333563080 0.0000278151152123 1.7929151810458335 0.5681419098852537 0.7165594394737098
9.7507798007875000 -0.0087454512116697 0.0000273038718644 1.8091454241654967 0.5661266666102740 0.7149814883748455
9.7873788425227541 -0.0087988712097402 0.0000267922826078 1.8254920302909747 0.5641102296468888 0.7133990992620546
9.8239807270037289 -0.0088524277318745 0.0000262819658474 1.8419039377641795 0.5620989799979764 0.7118172644232176
9.8303212774224313 -0.0088617111548467 0.0000261936988022 1.8447534630425055 0.5617511173786610 0.7115433147270463
9.8360870852091722 -0.0088701543619256 0.0000261134675963 1.8473463518023276 0.5614349275930903 0.7112942162095256
9.8728177457482325 -0.0089240186675068 0.0000256031362344 1.8639012201448175 0.5594238219163019 0.7097077843653907
9.9094139497153435 -0.0089778195590504 0.0000250960150519 1.8804590086644988 0.5574255421993625 0.7081279318980104
9.9225933094829664 -0.0089972276853822 0.0000249137162531 1.8864374290332109 0.5567072482410154 0.7075591774455133
9.9327011784964565 -0.0090121245164736 0.0000247740218286 1.8910281011648791 0.5561568396803582 0.7071230453925751
9.9399890766284358 -0.0090228650032711 0.0000246733655545 1.8943410134188041 0.5557602498637036 0.7068086283237779
9.9472769747604151 -0.0090336062710445 0.0000245727638158 1.8976564211629885 0.5553638796001886 0.7064942446947817
9.9838291780215105 -0.0090875593504174 0.0000240690163750 1.9143223072891755 0.5533792243442914 0.7049179797985967
10.0203862576208724 -0.0091416547017845 0.0000235665727119 1.9310528913551632 0.5513998848350888 0.7033423930162179
10.0358086242945834 -0.0091645166729452 0.0000233550202380 1.9381297131876682 0.5505665437348901 0.7026779747827272
10.0397302248942779 -0.0091703338822222 0.0000233012659790 1.9399309715302162 0.5503548017380884 0.7025090531347296
10.0436518254939724 -0.0091761480082860 0.0000232475282789 1.9417329442818640 0.5501431246268260 0.7023401423929945
10.0480551037244155 -0.0091826767694240 0.0000231872093689 1.9437570985934678 0.5499055253824398 0.7021504979363100
10.0847766690708642 -0.0092372009617400 0.0000226849611420 1.9606727294337671 0.5479272470821650 0.7005694861922100
10.1212652062552682 -0.0092915158918846 0.0000221872999470 1.9775427446462917 0.5459672195703807 0.6989995012516201
10.1373300703487033 -0.0093154726482771 0.0000219686389850 1.9849895742979011 0.5451060866052055 0.6983086055576494
10.1446804974225628 -0.0093264366601876 0.0000218686832510 1.9884008017522887 0.5447124485505167 0.6979925558260783
10.1520309244964224 -0.0093374018202549 0.0000217687853871 1.9918145089799166 0.5443190435875125 0.6976765488023500
10.1884168729471511 -0.0093917635588358 0.0000212751195970 2.0087494280580791 0.5423750632521033 0.6961128960653432
10.2247987346078038 -0.0094462565914265 0.0000207829251546 2.0257428939518598 0.5404370626716042 0.6945505098490362
10.2328141517111089 -0.0094582807016082 0.0000206746793385 2.0294948849055054 0.5400108732392377 0.6942064452989574
10.2393374382886186 -0.0094680659169639 0.0000205866361392 2.0325505688714056 0.5396642301454748 0.6939264716336658
10.2458607248661284 -0.0094778519358678 0.0000204986393533 2.0356081846518768 0.5393177739164325 0.6936465346702340
10.2820646671149731 -0.0095322448107572 0.0000200110988656 2.0526128582123135 0.5373983658067392 0.6920935739936329
10.3183160225268864 -0.0095868469603183 0.0000195243489064 2.0696991267726141 0.5354822581368253 0.6905397545688987
10.3259237818612579 -0.0095983233631284 0.0000194223812900 2.0732923876203659 0.5350808831960903 0.6902138204943935
10.3330126499848269 -0.0096090130628948 0.0000193274267537 2.0766429093973011 0.5347071163719972 0.6899101652200911
10.3691095883150499 -0.0096635281566064 0.0000188447696296 2.0937389273048348 0.5328073600877183 0.6883646667325445
10.4052089191144237 -0.0097181854591918 0.0000183635197006 2.1108943495820434 0.5309133328663264 0.6868203154678848
10.4106361904819611 -0.0097264148273544 0.0000182912922656 2.1134785661544537 0.5306290881437428 0.6865882437163833
10.4160634618494985 -0.0097346419306490 0.0000182190982795 2.1160640934900949 0.5303449765275324 0.6863562011052096
10.4212257871795853 -0.0097424687831660 0.0000181504592430 2.1185246173236720 0.5300748582439776 0.6861355133816163
10.4573343282024389 -0.0097972945601294 0.0000176711860283 2.1357681408358786 0.5281888631009062 0.6845926332530345
10.4932472284578484 -0.0098519625411359 0.0000171959581544 2.1529754729106236 0.5263189793171735 0.6830594353748577
10.5102807826298008 -0.0098779197679432 0.0000169710667657 2.1611568297876462 0.5254341535457784 0.6823327076023971
10.5258959937512344 -0.0099017426675512 0.0000167651894186 2.1686681570632240 0.5246241758059976 0.6816667629124704
10.5615890592311938 -0.0099562963971368 0.0000162956347351 2.1858776291496267 0.5227769578804530 0.6801455398658524
10.5696513752192480 -0.0099686382022223 0.0000161897725604 2.1897726081337816 0.5223605252026418 0.6798021197391435
10.5750880943941841 -0.0099769605230095 0.0000161184280991 2.1924007400612688 0.5220798790554712 0.6795705792180238
10.5805201354959877 -0.0099852766222423 0.0000160471789685 2.1950278991014791 0.5217996111940638 0.6793392705705704
10.6162820924553998 -0.0100401065798556 0.0000155789501984 2.2123559486437343 0.5199578842660839 0.6778172677316144
10.6321252489028222 -0.0100644421524867 0.0000153719850586 2.2200503409688248 0.5191438722680922 0.6771434564366838
10.6408541569744362 -0.0100778618621986 0.0000152580791970 2.2242942762457316 0.5186958871288798 0.6767723376319453
10.6453904234409915 -0.0100848391868693 0.0000151989188386 2.2265010812694381 0.5184632175367445 0.6765795080601396
10.6499266899075469 -0.0100918137582636 0.0000151397828140 2.2287087770839977 0.5182306441437362 0.6763867022452894
10.6565308043355085 -0.0101019714524773 0.0000150537321524 2.2319244380627579 0.5178922249461493 0.6761060488801434
10.6917815636898386 -0.0101562718940497 0.0000145952711323 2.2491205177694713 0.5160893086699965 0.6746088683652499
10.7046069604974363 -0.0101760624770313 0.0000144288244104 2.2553903074296917 0.5154347984458386 0.6740645084719906
10.7106616722910122 -0.0101854117435995 0.0000143503132338 2.2583526555713149 0.5151260817942481 0.6738075910792284
10.7148174586205709 -0.0101918311911436 0.0000142964499618 2.2603868406756322 0.5149142874004800 0.6736312755311237
10.7189732449501296 -0.0101982491797414 0.0000142426071860 2.2624217673099216 0.5147025744972925 0.6734549807362694
10.7232148567917669 -0.0102048004730707 0.0000141876732977 2.2644994836347467 0.5144865734197895 0.6732750665378174
10.7585002327588413 -0.0102593777961261 0.0000137314976726 2.2818135911317770 0.5126929922932608 0.6717792320783136
10.7711646042565512 -0.0102790003757359 0.0000135681245978 2.2880408262082241 0.5120506937730007 0.6712427301765392
10.7773071226552908 -0.0102885242940776 0.0000134889523351 2.2910636460773142 0.5117394385318830 0.6709825856188373
10.7810872097572599 -0.0102943873994532 0.0000134402519105 2.2929246795991056 0.5115479822669845 0.6708225167598039
10.7848672968592290 -0.0103002498857833 0.0000133915685056 2.2947863218568969 0.5113565939900498 0.6706624657027705
10.7904528085188538 -0.0103089127128044 0.0000133196641769 2.2975382252251024 0.5110739204374198 0.6704260045882774
10.8253769978688297 -0.0103631581669163 0.0000128709023858 2.3147749518313701 0.5093098408576874 0.6689483885984160
10.8390125370888004 -0.0103843748854684 0.0000126960804830 2.3215187726881061 0.5086226702914368 0.6683718997831900
10.8449281095976922 -0.0103935860151439 0.0000126203047848 2.3244469249119653 0.5083248289010575 0.6681218729724173
10.8508436821065839 -0.0104027965038856 0.0000125445709647 2.3273765567413318 0.5080271552740250 0.6678718912205469
10.8562083210305822 -0.0104111513938360 0.0000124759263160 2.3300346223344883 0.5077573500284980 0.6676452300237389
10.8904659676968318 -0.0104645816853366 0.0000120383759364 2.3470371898393534 0.5060376844582466 0.6661986942053503
10.8979979178694659 -0.0104763469747555 0.0000119423616727 2.3507820316138739 0.5056603536872867 0.6658808625010356
10.9055298680421000 -0.0104881187743386 0.0000118464147144 2.3545292570643639 0.5052832966889443 0.6655631057892866
10.9124423904184145 -0.0104989225504674 0.0000117584184513 2.3579704064612699 0.5049374898307327 0.6652715476234631
10.9187725514568896 -0.0105088199804452 0.0000116778855648 2.3611234064943982 0.5046210188125175 0.6650046082222917
10.9530145722310177 -0.0105624385642805 0.0000112430822057 2.3782081530386412 0.5029124809880999 0.6635615725277263
10.9604665394126375 -0.0105741253218934 0.0000111486427319 2.3819327367718173 0.5025414114408638 0.6632477397911550
10.9679185065942573 -0.0105858148125852 0.0000110542700597 2.3856596366962473 0.5021706115495891 0.6629339826644549
10.9751059085084108 -0.0105970922903150 0.0000109633111548 2.3892564138541519 0.5018132317303745 0.6626314366391056
11.0088953638797431 -0.0106501903951148 0.0000105365233276 2.4061943985396552 0.5001364865181496 0.6612100582177561
11.0166648181005229 -0.0106624184235371 0.0000104385824807 2.4100957743291658 0.4997517277286828 0.6608834542097254
11.0220767050142108 -0.0106709368309763 0.0000103704041212 2.4128147925845007 0.4994838944856822 0.6606560048939166
11.0269492544254071 -0.0106786078977227 0.0000103090505566 2.4152638765998544 0.4992428753706170 0.6604512577782179
11.0602285747838902 -0.0107310752396502 0.0000098907719510 2.4320172664942690 0.4975998313238750 0.6590537373572958
11.0677096657346734 -0.0107428876243524 0.0000097969278908 2.4357896694111876 0.4972312272641075 0.6587397952024955
11.0735768143633706 -0.0107521532317056 0.0000097233770428 2.4387498412237982 0.4969423365795637 0.6584936376515130
11.0794439629920678 -0.0107614209529125 0.0000096498680109 2.4417114298176008 0.4966536149058310 0.6582475293763204
11.1126527052343604 -0.0108139538145575 0.0000092345828136 2.4585010222721912 0.4950226077366338 0.6568554627121409
11.1173748975580597 -0.0108214344292394 0.0000091756388166 2.4608921296181516 0.4947911240260841 0.6566576444641498
11.1220970898817590 -0.0108289152095437 0.0000091167221759 2.4632841500285667 0.4945597502038959 0.6564598587332721
11.1269750233361098 -0.0108366441104454 0.0000090558909986 2.4657560191009642 0.4943208609779340 0.6562555840997057
11.1599073570812841 -0.0108888980543087 0.0000086459581224 2.4824697552888670 0.4927111260353002 0.6548773820957303
11.1646408428106021 -0.0108964193162444 0.0000085871453284 2.4848757182101293 0.4924801937423486 0.6546794198033102
11.1693743285399201 -0.0109039403090715 0.0000085283601928 2.4872825934962721 0.4922493723042219 0.6544814908168097
11.1741870605424225 -0.0109115892479037 0.0000084686189612 2.4897306986838430 0.4920148002994507 0.6542802823842078
11.2065615058248209 -0.0109631143423462 0.0000080674834495 2.5062231517686087 0.4904398586216796 0.6529276882571450
11.2138586147818362 -0.0109747422437980 0.0000079772456955 2.5099463751676332 0.4900855897742425 0.6526230353756117
11.2211557237388515 -0.0109863742539970 0.0000078870733133 2.5136717543539633 0.4897315855744236 0.6523184631854324
11.2326430576415763 -0.0110046986934245 0.0000077452531071 2.5195407247846786 0.4891748379885482 0.6518391603036274
11.2441303915443012 -0.0110230390257150 0.0000076035943996 2.5254150259788144 0.4886187474077744 0.6513600588530489
11.2494659002775776 -0.0110315629531829 0.0000075378533096 2.5281452668776105 0.4883606842731543 0.6511375999108743
11.2548014090108541 -0.0110400880476853 0.0000074721474062 2.5308766555320479 0.4881027630004879 0.6509151847039608
11.2609321125419690 -0.0110498862879390 0.0000073966921219 2.5340165416929588 0.4878065768520547 0.6506596752338430
11.2726261011157902 -0.0110685885095724 0.0000072528930574 2.5400099017850630 0.4872421377578494 0.6501724655119193
11.2843200896896114 -0.0110873072977141 0.0000071092618700 2.5460087604476094 0.4866783816367595 0.6496854677005593
11.2905746190321441 -0.0110973258529227 0.0000070325096927 2.5492195041048742 0.4863771372410289 0.6494250842427391
11.2968291483746768 -0.0111073454536605 0.0000069558060945 2.5524318174214500 0.4860760883803347 0.6491647618089387
11.3031947731657780 -0.0111175474560496 0.0000068777895156 2.5557027996779382 0.4857698931300476 0.6488998782236725
11.3152623280997950 -0.0111369013121854 0.0000067300274120 2.5619081793189014 0.4851899840751488 0.6483979028405833
11.3273298830338121 -0.0111562729235900 0.0000065824446450 2.5681193854493465 0.4846108046396755 0.6478961566800387
11.3321822307798712 -0.0111640651540155 0.0000065231526758 2.5706185437421389 0.4843781231203805 0.6476944700604278
11.3367902952455939 -0.0111714668279727 0.0000064668726594 2.5729927565127699 0.4841572648731585 0.6475029715293374
11.3467954829797044 -0.0111875465361650 0.0000063447657317 2.5781506457493801 0.4836780967440084 0.6470872993747284
11.3568006707138149 -0.0112036385039317 0.0000062227823554 2.5833125254892755 0.4831994312877616 0.6466717865710567
11.3615944046407300 -0.0112113529159495 0.0000061643808951 2.5857871229201761 0.4829702690030772 0.6464727606992053
11.3642406739921729 -0.0112156126864089 0.0000061321538888 2.5871535586753409 0.4828438147741042 0.6463629088436771
11.3668869433436157 -0.0112198719247917 0.0000060999357207 2.5885202730210128 0.4827173957128623 0.6462530682043216
11.3705658262454197 -0.0112257943360759 0.0000060551599618 2.5904207622807833 0.4825417045573915 0.6461003847715298
11.3819757710049991 -0.0112441730968143 0.0000059163957273 2.5963184936525905 0.4819972367638697 0.6456269799894079
11.3933857157645786 -0.0112625678842370 0.0000057777925591 2.6022213936236209 0.4814534242944006 0.6451537850115404
11.3977724898792392 -0.0112696443887083 0.0000057245467811 2.6044922519176272 0.4812445195826686 0.6449719120580524
11.4021592639938998 -0.0112767211165932 0.0000056713251222 2.6067638728211020 0.4810357117804191 0.6447900702865548
11.4070122527147042 -0.0112845523175041 0.0000056124750350 2.6092778035328665 0.4808048254422898 0.6445889392414412
11.4179093775895311 -0.0113021474617719 0.0000054804366919 2.6149260959363132 0.4802868153492881 0.6441374498902950
11.4288065024643579 -0.0113197573032971 0.0000053485456081 2.6205790832208531 0.4797694044248922 0.6436861542740782
11.4340130545749989 -0.0113281743922757 0.0000052855814637 2.6232816874512768 0.4795224015537083 0.6434705977326848
11.4387465175888998 -0.0113358287806640 0.0000052283678152 2.6257396501641699 0.4792979611961545 0.6432746661451749
11.4496331448799076 -0.0113534438838887 0.0000050968860968 2.6313961418184251 0.4787821940240962 0.6428241772504615
11.4605197721709153 -0.0113710737247558 0.0000049655516475 2.6370573021917445 0.4782670260785611 0.6423738837788581
11.4724952666530235 -0.0113904779085482 0.0000048212523053 2.6432900704516040 0.4777010240961526 0.6418787790576017
11.4844707611351318 -0.0114098998322679 0.0000046771314317 2.6495284732016851 0.4771357482178673 0.6413839125813169
11.4888370999876255 -0.0114169856428117 0.0000046246284941 2.6518044333483042 0.4769298259009034 0.6412035406772707
11.4932034388401192 -0.0114240720642446 0.0000045721495386 2.6540811411246561 0.4767240001558684 0.6410232006141274
11.4978520418212522 -0.0114316188257678 0.0000045163042111 2.6565058490652866 0.4765049749139862 0.6408312374219565
