0.0001034117599054 -0.0000000000054997 0.0001155661862593 0.0000000000000023 0.9999999999651292 0.9999999999752638
0.0001438681062982 -0.0000000000106455 0.0001155661862491 0.0000000000000062 0.9999999999322000 0.9999999999521196
0.0001937850007768 -0.0000000000193150 0.0001155661862319 0.0000000000000151 0.9999999998767219 0.9999999999131265
0.0002540613789029 -0.0000000000332002 0.0001155661862044 0.0000000000000340 0.9999999997878672 0.9999999998506743
0.0003255745308711 -0.0000000000545219 0.0001155661861622 0.0000000000000716 0.9999999996514264 0.9999999997547753
0.0004091584258797 -0.0000000000861107 0.0001155661860996 0.0000000000001422 0.9999999994492846 0.9999999996126975
0.0005056220804967 -0.0000000001315008 0.0001155661860097 0.0000000000002683 0.9999999991588262 0.9999999994085450
0.0006157332728510 -0.0000000001950128 0.0001155661858840 0.0000000000004846 0.9999999987524030 0.9999999991228852
0.0007402519518754 -0.0000000002818629 0.0001155661857120 0.0000000000008421 0.9999999981966355 0.9999999987322566
0.0008798896083136 -0.0000000003982317 0.0001155661854815 0.0000000000014141 0.9999999974519735 0.9999999982088610
0.0010353561536551 -0.0000000005513908 0.0001155661851782 0.0000000000023040 0.9999999964718856 0.9999999975199927
0.0012073359060127 -0.0000000007497847 0.0001155661847853 0.0000000000036534 0.9999999952023332 0.9999999966276705
0.0013964724217323 -0.0000000010031025 0.0001155661842836 0.0000000000056534 0.9999999935813145 0.9999999954883153
0.0016034128784879 -0.0000000013224264 0.0001155661836512 0.0000000000085575 0.9999999915379131 0.9999999940520826
0.0018287851915134 -0.0000000017203083 0.0001155661828632 0.0000000000126969 0.9999999889918068 0.9999999922625168
0.0020731906349811 -0.0000000022108510 0.0001155661818918 0.0000000000184981 0.9999999858527505 0.9999999900561880
0.0023372303769665 -0.0000000028098564 0.0001155661807055 0.0000000000265041 0.9999999820196256 0.9999999873620233
0.0026214787576452 -0.0000000035348730 0.0001155661792697 0.0000000000373980 0.9999999773801352 0.9999999841010937
0.0029265054689832 -0.0000000044053443 0.0001155661775458 0.0000000000520304 0.9999999718098592 0.9999999801859484
0.0032528538411926 -0.0000000054426488 0.0001155661754915 0.0000000000714501 0.9999999651719926 0.9999999755204323
0.0036010683526366 -0.0000000066702785 0.0001155661730602 0.0000000000969401 0.9999999573162063 0.9999999699988846
0.0039716886864453 -0.0000000081139375 0.0001155661702012 0.0000000001300573 0.9999999480780165 0.9999999635056954
0.0043652341518141 -0.0000000098015862 0.0001155661668590 0.0000000001726760 0.9999999372785003 0.9999999559151064
0.0047822047868751 -0.0000000117635290 0.0001155661629735 0.0000000002270355 0.9999999247237353 0.9999999470908163
0.0052231192705125 -0.0000000140326982 0.0001155661584796 0.0000000002958006 0.9999999102029831 0.9999999368847049
0.0056884613131191 -0.0000000166445064 0.0001155661533071 0.0000000003821146 0.9999998934896320 0.9999999251374950
0.0061787114553064 -0.0000000196370903 0.0001155661473806 0.0000000004896694 0.9999998743396419 0.9999999116776592
0.0066943542608613 -0.0000000230514735 0.0001155661406187 0.0000000006227809 0.9999998524904943 0.9999998963206831
0.0072358485326119 -0.0000000269314815 0.0001155661329346 0.0000000007864618 0.9999998276617450 0.9999998788694525
0.0078036534137055 -0.0000000313240028 0.0001155661242356 0.0000000009865137 0.9999997995533473 0.9999998591130750
0.0083982292813921 -0.0000000362791213 0.0001155661144224 0.0000000012296241 0.9999997678448065 0.9999998368262865
0.0090200273029528 -0.0000000418501486 0.0001155661033895 0.0000000015234659 0.9999997321949743 0.9999998117693059
0.0096694712386141 -0.0000000480935401 0.0001155660910249 0.0000000018767972 0.9999996922425847 0.9999997836882122
0.0103470195086197 -0.0000000550695874 0.0001155660772095 0.0000000022996141 0.9999996476018232 0.9999997523118299
0.0110530893182306 -0.0000000628418030 0.0001155660618172 0.0000000028032394 0.9999995978662638 0.9999997173544968
0.0117880955800306 -0.0000000714773700 0.0001155660447152 0.0000000034004789 0.9999995426059926 0.9999996785140410
0.0125524636412546 -0.0000000810474209 0.0001155660257625 0.0000000041057834 0.9999994813658226 0.9999996354705278
0.0133466065060207 -0.0000000916268918 0.0001155660048108 0.0000000049353922 0.9999994136662281 0.9999995878869151
0.0141709216482109 -0.0000001032945528 0.0001155659817040 0.0000000059074952 0.9999993390031475 0.9999995354089154
0.0150258163881324 -0.0000001161334596 0.0001155659562776 0.0000000070424423 0.9999992568450962 0.9999994776629663
0.0159117163509805 -0.0000001302312611 0.0001155659283581 0.0000000083629620 0.9999991666311974 0.9999994142548470
0.0168289781640681 -0.0000001456789028 0.0001155658977653 0.0000000098942357 0.9999990677794784 0.9999993447755080
0.0177779974464027 -0.0000001625724024 0.0001155658643092 0.0000000116642684 0.9999989596755101 0.9999992687930881
0.0187591537814285 -0.0000001810120997 0.0001155658277909 0.0000000137040421 0.9999988416772055 0.9999991858562853
0.0197728440279878 -0.0000002011033809 0.0001155657880018 0.0000000160478310 0.9999987131101848 0.9999990954911003
0.0208194369276525 -0.0000002229559255 0.0001155657447247 0.0000000187333662 0.9999985732725944 0.9999989972042234
0.0218992807822916 -0.0000002466838571 0.0001155656977336 0.0000000218021037 0.9999984214341459 0.9999988904823576
0.0230127625693223 -0.0000002724071506 0.0001155656467908 0.0000000252996825 0.9999982568271044 0.9999987747858866
0.0241602647656296 -0.0000003002509078 0.0001155655916486 0.0000000292761405 0.9999980786509299 0.9999986495521358
0.0253421160653226 -0.0000003303441794 0.0001155655320515 0.0000000337860431 0.9999978860798127 0.9999985142006687
0.0265586907766793 -0.0000003628224792 0.0001155654677310 0.0000000388891668 0.9999976782465868 0.9999983681219801
0.0278103492841018 -0.0000003978264905 0.0001155653984085 0.0000000446506641 0.9999974542510043 0.9999982106833124
0.0290974167481421 -0.0000004355014714 0.0001155653237965 0.0000000511413081 0.9999972131635462 0.9999980412313333
0.0304202730145480 -0.0000004759999589 0.0001155652435928 0.0000000584383283 0.9999969540081135 0.9999978590799704
0.0317792268452432 -0.0000005194781587 0.0001155651574880 0.0000000666251762 0.9999966757851333 0.9999976635266506
0.0331746591081691 -0.0000005661004624 0.0001155650651565 0.0000000757927593 0.9999963774426510 0.9999974538319831
0.0346068638078884 -0.0000006160344339 0.0001155649662667 0.0000000860389219 0.9999960579084126 0.9999972292423078
0.0360762107247341 -0.0000006694563330 0.0001155648604693 0.0000000974699817 0.9999957160545212 0.9999969889648535
0.0375830316998882 -0.0000007265474173 0.0001155647474054 0.0000001102004772 0.9999953507210985 0.9999967321843688
0.0391276272345590 -0.0000007874940486 0.0001155646267060 0.0000001243536335 0.9999949607156058 0.9999964580626454
0.0407103621387045 -0.0000008524915720 0.0001155644979842 0.0000001400627764 0.9999945447880227 0.9999961657210702
0.0423315221979867 -0.0000009217387271 0.0001155643608464 0.0000001574705612 0.9999941016666074 0.9999958542657611
0.0439914529802764 -0.0000009954433995 0.0001155642148810 0.0000001767309105 0.9999936300210962 0.9999955227617009
0.0456904805804319 -0.0000010738195304 0.0001155640596641 0.0000001980088690 0.9999931284824761 0.9999951702466336
0.0474288811806721 -0.0000011570855964 0.0001155638947633 0.0000002214807402 0.9999925956527160 0.9999947957379052
0.0492070176564362 -0.0000012454711992 0.0001155637197237 0.0000002473365570 0.9999920300625963 0.9999943982028220
0.0510251978588078 -0.0000013392105499 0.0001155635340816 0.0000002757789507 0.9999914302134060 0.9999939765879587
0.0528837080860965 -0.0000014385439125 0.0001155633373611 0.0000003070241620 0.9999907945677042 0.9999935298126641
0.0547828329511411 -0.0000015437186408 0.0001155631290724 0.0000003413030287 0.9999901215426881 0.9999930567643995
0.0567229454104379 -0.0000016549945333 0.0001155629087010 0.0000003788635445 0.9999894094759217 0.9999925562746504
0.0587043012332661 -0.0000017726324412 0.0001155626757303 0.0000004199678729 0.9999886566982402 0.9999920271701680
0.0607272096880908 -0.0000018969038697 0.0001155624296227 0.0000004648962810 0.9999878614723087 0.9999914682297830
0.0627919728898819 -0.0000020280877369 0.0001155621698257 0.0000005139469102 0.9999870220133616 0.9999908781989836
0.0648988884896230 -0.0000021664706087 0.0001155618957720 0.0000005674366977 0.9999861364877031 0.9999902557888599
0.0670482361109990 -0.0000023123458436 0.0001155616068805 0.0000006257018958 0.9999852030181753 0.9999895996799475
0.0692403206625720 -0.0000024660166048 0.0001155613025509 0.0000006891001668 0.9999842196648908 0.9999889085086832
0.0714754635002721 -0.0000026277956227 0.0001155609821639 0.0000007580115354 0.9999831844267477 0.9999881808684706
0.0737539110679543 -0.0000027979985904 0.0001155606450942 0.0000008328365106 0.9999820952836950 0.9999874153393861
0.0760759762367151 -0.0000029769544734 0.0001155602906906 0.0000009140014693 0.9999809501307624 0.9999866104418090
0.0784419268009811 -0.0000031649974294 0.0001155599182912 0.0000010019561992 0.9999797468297630 0.9999857646727627
0.0808520536025158 -0.0000033624720569 0.0001155595272135 0.0000010971773019 0.9999784831757129 0.9999848764823089
0.0833066196193917 -0.0000035697294438 0.0001155591167625 0.0000012001674383 0.9999771569221142 0.9999839442913194
0.0858059238779363 -0.0000037871325831 0.0001155586862192 0.0000013114591148 0.9999757657463010 0.9999829664671170
0.0883502561607335 -0.0000040150528485 0.0001155582348482 0.0000014316142072 0.9999743072719941 0.9999819413393276
0.0909398641060913 -0.0000042538669311 0.0001155577619036 0.0000015612234469 0.9999727790889038 0.9999808672136578
0.0935750647789551 -0.0000045039671428 0.0001155572666085 0.0000017009132121 0.9999711786868005 0.9999797423255533
0.0962561121520471 -0.0000047657493665 0.0001155567481790 0.0000018513403110 0.9999695035326213 0.9999785648943945
0.0989832634407337 -0.0000050396190748 0.0001155562058121 0.0000020131964542 0.9999677510319582 0.9999773330964261
0.1017568129024541 -0.0000053259950341 0.0001155556386785 0.0000021872119139 0.9999659185053578 0.9999760450480972
0.1045770211035943 -0.0000056253023541 0.0001155550459366 0.0000023741528491 0.9999640032327973 0.9999746988373215
0.1074441293416865 -0.0000059379737259 0.0001155544267294 0.0000025748232797 0.9999620024457673 0.9999732925179101
0.1103584233575093 -0.0000062644564907 0.0001155537801711 0.0000027900711057 0.9999599132820354 0.9999718240777761
0.1133201824537652 -0.0000066052075019 0.0001155531053572 0.0000030207865350 0.9999577328185306 0.9999702914620442
0.1163296756649427 -0.0000069606927056 0.0001155524013649 0.0000032679033268 0.9999554580740261 0.9999686925749374
0.1193871256346757 -0.0000073313826789 0.0001155516672625 0.0000035323970982 0.9999530860376941 0.9999670252998433
0.1224928115957327 -0.0000077177649973 0.0001155509020845 0.0000038152956364 0.9999506135899671 0.9999652874436891
0.1256469996067607 -0.0000081203362450 0.0001155501048475 0.0000041176751543 0.9999480375536676 0.9999634767728766
0.1288499375075921 -0.0000085396012676 0.0001155492745520 0.0000044406613296 0.9999453546987935 0.9999615910166434
0.1321018836370662 -0.0000089760769020 0.0001155484101746 0.0000047854338669 0.9999425617186486 0.9999596278502846
0.1354031058740487 -0.0000094302921454 0.0001155475106678 0.0000051532286132 0.9999396552287689 0.9999575848943941
0.1387538541445463 -0.0000099027845252 0.0001155465749674 0.0000055453365466 0.9999366317901527 0.9999554597311910
0.1421543685049590 -0.0000103941011023 0.0001155456019900 0.0000059631063470 0.9999334879028419 0.9999532499000060
0.1456049124361366 -0.0000109048034097 0.0001155445906239 0.0000064079505901 0.9999302199743247 0.9999509528750683
0.1491057341183536 -0.0000114354620566 0.0001155435397393 0.0000068813432720 0.9999268243540665 0.9999485660897740
0.1526570912937028 -0.0000119866604886 0.0001155424481810 0.0000073848251541 0.9999232973094525 0.9999460869197743
0.1562592158306418 -0.0000125589895964 0.0001155413147791 0.0000079200009743 0.9999196350602885 0.9999435127072227
0.1599123471640282 -0.0000131530528640 0.0001155401383386 0.0000084885461920 0.9999158337458648 0.9999408407376198
0.1636167615566313 -0.0000137694715576 0.0001155389176296 0.0000090922144894 0.9999118893917518 0.9999380682164720
0.1673726738052914 -0.0000144088686391 0.0001155376514187 0.0000097328244707 0.9999077980127455 0.9999351923416472
0.1711803407965757 -0.0000150718859419 0.0001155363384352 0.0000104122786752 0.9999035555029637 0.9999322102261193
0.1750400114575010 -0.0000157591761070 0.0001155349773869 0.0000111325582511 0.9998991576874467 0.9999291189342360
0.1789519099068691 -0.0000164713994582 0.0001155335669665 0.0000118957219083 0.9998946003421645 0.9999259154957759
0.1829162563984208 -0.0000172092275681 0.0001155321058446 0.0000127039118702 0.9998898791711960 0.9999225968899053
0.1869333532865189 -0.0000179733598282 0.0001155305926364 0.0000135593750849 0.9998849897007129 0.9999191599706504
0.1910033823883605 -0.0000187644854716 0.0001155290259776 0.0000144644238556 0.9998799275219858 0.9999156016377091
0.1951266256156036 -0.0000195833254641 0.0001155274044408 0.0000154214852459 0.9998746880233453 0.9999119186480331
0.1993032674190957 -0.0000204305942512 0.0001155257266117 0.0000164330600841 0.9998692666349552 0.9999081077878818
0.2035335749445938 -0.0000213070355078 0.0001155239910182 0.0000175017674097 0.9998636586000678 0.9999041657120246
0.2078177716004099 -0.0000222133970331 0.0001155221961798 0.0000186303178789 0.9998578591356696 0.9999000890566582
0.2121560754216294 -0.0000231504382931 0.0001155203405933 0.0000198215252730 0.9998518633842258 0.9998958744054813
0.2165487359828316 -0.0000241189386434 0.0001155184227159 0.0000210783201082 0.9998456663610751 0.9998915182527087
0.2209959938211477 -0.0000251196889460 0.0001155164409821 0.0000224037424014 0.9998392630080747 0.9998870170407748
0.2254980680522050 -0.0000261534886258 0.0001155143938096 0.0000238009405740 0.9998326482124440 0.9998823671735729
0.2300551826390304 -0.0000272211515177 0.0001155122795874 0.0000252731821549 0.9998258167693594 0.9998775649901543
0.2346675492988317 -0.0000283235019773 0.0001155100966839 0.0000268238516581 0.9998187634068468 0.9998726067822197
0.2393354205868738 -0.0000294613877795 0.0001155078434211 0.0000284564721829 0.9998114827032605 0.9998674887361022
0.2440590213655527 -0.0000306356640253 0.0001155055181066 0.0000301746864296 0.9998039691902649 0.9998622070051516
0.2488385642596649 -0.0000318471965585 0.0001155031190267 0.0000319822644153 0.9997962173309785 0.9998567576943620
0.2536742916599813 -0.0000330968727478 0.0001155006444252 0.0000338831231215 0.9997882214509998 0.9998511368118769
0.2585664167680246 -0.0000343855866762 0.0001154980925325 0.0000358813080368 0.9997799758331788 0.9998453403356017
0.2635151396381458 -0.0000357142428840 0.0001154954615587 0.0000379810017300 0.9997714746936787 0.9998393641963672
0.2685207005057789 -0.0000370837708791 0.0001154927496641 0.0000401865506250 0.9997627120891438 0.9998332042126608
0.2735833361758812 -0.0000384951140253 0.0001154899549820 0.0000425024520448 0.9997536819878119 0.9998268561406055
0.2787032578317162 -0.0000399492232281 0.0001154870756307 0.0000449333473990 0.9997443783099204 0.9998203157023565
0.2838806729510632 -0.0000414470627879 0.0001154841097019 0.0000474840351476 0.9997347948902722 0.9998135785597735
0.2891157945458050 -0.0000429896131688 0.0001154810552556 0.0000501594795024 0.9997249254605306 0.9998066403019643
0.2944088487699570 -0.0000445778735719 0.0001154779103147 0.0000529648193664 0.9997147636327693 0.9997994964337072
0.2997600654284942 -0.0000462128594940 0.0001154746728698 0.0000559053687398 0.9997043029151078 0.9997921423864310
0.3051696387966639 -0.0000478955906630 0.0001154713409035 0.0000589865989516 0.9996935367889115 0.9997845735724752
0.3106377816380989 -0.0000496271074309 0.0001154679123573 0.0000622141720767 0.9996824586039275 0.9997767853113571
0.3161647291214743 -0.0000514084726843 0.0001154643851285 0.0000655939499320 0.9996710615660748 0.9997687728211718
0.3217506924883631 -0.0000532407572815 0.0001154607570985 0.0000691319714631 0.9996593388306336 0.9997605312840954
0.3273958793043017 -0.0000551250463143 0.0001154570261207 0.0000728344685237 0.9996472834622003 0.9997520558182146
0.3331005022254263 -0.0000570624421274 0.0001154531900144 0.0000767078764375 0.9996348884153843 0.9997433414639446
0.3388647605390107 -0.0000590540581582 0.0001154492465772 0.0000807588264200 0.9996221465742383 0.9997343832117332
0.3446888349396623 -0.0000611010168106 0.0001154451935889 0.0000849941451895 0.9996090507658800 0.9997251760116224
0.3505729759877575 -0.0000632044808997 0.0001154410287495 0.0000894209254123 0.9995955935593357 0.9997157146318060
0.3565173775798133 -0.0000653656095043 0.0001154367497665 0.0000940464398185 0.9995817675480037 0.9997059938572018
0.3625222761618922 -0.0000675855933534 0.0001154323542849 0.0000988782204375 0.9995675651232853 0.9996960083302799
0.3685878315971883 -0.0000698656111138 0.0001154278399737 0.0001039239690948 0.9995529787542548 0.9996857527476772
0.3747142865717498 -0.0000722068885419 0.0001154232044088 0.0001091916916737 0.9995380006092615 0.9996752215941295
0.3809018111149517 -0.0000746106403138 0.0001154184451882 0.0001146895750580 0.9995226229280870 0.9996644094041147
0.3871506231683793 -0.0000770781158361 0.0001154135598414 0.0001204260948106 0.9995068377289018 0.9996533105557934
0.3934609565867425 -0.0000796105879532 0.0001154085458514 0.0001264099972568 0.9994906368805331 0.9996419193217974
0.3998329897320858 -0.0000822093242433 0.0001154034007121 0.0001326502369841 0.9994740122861157 0.9996302299983369
0.4062669265811577 -0.0000848756192065 0.0001153981218642 0.0001391560575025 0.9994569556772045 0.9996182367604161
0.4127629838904429 -0.0000876107897779 0.0001153927067040 0.0001459369878114 0.9994394586425029 0.9996059336820065
0.4193213379975240 -0.0000904161529459 0.0001153871526280 0.0001530027925997 0.9994215127710688 0.9995933148367200
0.4259422094675667 -0.0000932930615775 0.0001153814569621 0.0001603635672610 0.9994031094231670 0.9995803741366575
0.4326257769359889 -0.0000962428677198 0.0001153756170336 0.0001680296516443 0.9993842399650567 0.9995671054974768
0.4393722456309995 -0.0000992669522345 0.0001153696301133 0.0001760117114287 0.9993648955794550 0.9995535027050911
0.4461818342334581 -0.0001023667198065 0.0001153634934249 0.0001843207332781 0.9993450672974965 0.9995395594381118
0.4530546970662622 -0.0001055435633021 0.0001153572042159 0.0001929679348254 0.9993247462267552 0.9995252694281672
0.4599910778170569 -0.0001087989343032 0.0001153507596176 0.0002019649614595 0.9993039231000955 0.9995106261426231
0.4669911477284353 -0.0001121342687303 0.0001153441567927 0.0002113236912838 0.9992825887514677 0.9994956231191370
0.4740551115838571 -0.0001155510360142 0.0001153373928378 0.0002210563758716 0.9992607338014113 0.9994802537444682
0.4811831443053348 -0.0001190507090651 0.0001153304648428 0.0002311755629226 0.9992383488491838 0.9994645113895586
0.4883754862656879 -0.0001226348111431 0.0001153233697984 0.0002416942386080 0.9992154241730008 0.9994483891986912
0.4956322813850487 -0.0001263048359168 0.0001153161047540 0.0002526256017747 0.9991919502413984 0.9994318804490783
0.5029537355190787 -0.0001300623258713 0.0001153086666628 0.0002639832992987 0.9991679172117595 0.9994149781981593
0.5103400286041365 -0.0001339088286550 0.0001153010524678 0.0002757813051739 0.9991433152095643 0.9993976754799541
0.5177913984638031 -0.0001378459408166 0.0001152932590161 0.0002880340619801 0.9991181340486988 0.9993799651083164
0.5253080132555850 -0.0001418752412781 0.0001152852831894 0.0003007562836508 0.9990923636569953 0.9993618399761830
0.5328900416429263 -0.0001459983272055 0.0001152771218340 0.0003139630705175 0.9990659938468508 0.9993432928942132
0.5405377170749870 -0.0001502168498379 0.0001152687716896 0.0003276700340605 0.9990390140861216 0.9993243164296043
0.5482511661743867 -0.0001545324204586 0.0001152602295751 0.0003418930007747 0.9990114140995461 0.9993049033290640
0.5560306192927342 -0.0001589467265931 0.0001152514921590 0.0003566483974181 0.9989831831256405 0.9992850459960979
0.5638762618523782 -0.0001634614501128 0.0001152425561215 0.0003719529928882 0.9989543104405236 0.9992647368594036
0.5717882813336115 -0.0001680782931632 0.0001152334181029 0.0003878239902356 0.9989247851921408 0.9992439682562264
0.5797668388702066 -0.0001727989614381 0.0001152240747371 0.0004042789764234 0.9988945965072795 0.9992227325075906
0.5878121538930574 -0.0001776252143322 0.0001152145225519 0.0004213361052851 0.9988637331708999 0.9992010216926831
0.5959243896536336 -0.0001825587973637 0.0001152047581034 0.0004390138705306 0.9988321840583453 0.9991788279528365
0.6041037394142144 -0.0001876014934535 0.0001151947778738 0.0004573312936529 0.9987999378074748 0.9991561432608433
0.6123503783845102 -0.0001927550940508 0.0001151845783291 0.0004763078299483 0.9987669830033686 0.9991329595508377
0.6206644976152385 -0.0001980214200946 0.0001151741558775 0.0004959634532752 0.9987333080443505 0.9991092686239901
0.6290462812556435 -0.0002034023081007 0.0001151635068967 0.0005163186144135 0.9986989012310160 0.9990850622110845
0.6374959107852355 -0.0002088996127499 0.0001151526277291 0.0005373942589928 0.9986637507497469 0.9990603319608650
0.6460135676936473 -0.0002145152086611 0.0001151415146784 0.0005592118431012 0.9986278446614416 0.9990350694320506
0.6545994389372277 -0.0002202509941693 0.0001151301640016 0.0005817933574815 0.9985911708774267 0.9990092660763270
0.6632537047220229 -0.0002261088833532 0.0001151185719253 0.0006051613058286 0.9985537172105042 0.9989829132742023
0.6719765187432845 -0.0002320907922059 0.0001151067346731 0.0006293386568577 0.9985154714634361 0.9989560023972084
0.6807680810024970 -0.0002381986884661 0.0001150946483666 0.0006543490543906 0.9984764211104177 0.9989285245837145
0.6896285801428029 -0.0002444345529629 0.0001150823091023 0.0006802166740371 0.9984365535443112 0.9989004709128146
0.6985581888228753 -0.0002508003758974 0.0001150697129588 0.0007069662153884 0.9983958561004852 0.9988718324210411
0.7075570511273478 -0.0002572981470715 0.0001150568560162 0.0007346228671162 0.9983543161193579 0.9988426001463159
0.7166253864679208 -0.0002639299311288 0.0001150437342072 0.0007632126377084 0.9983119204654649 0.9988127647894408
0.7257633389283517 -0.0002706977588746 0.0001150303435322 0.0007927619030444 0.9982686562223355 0.9987823172030186
0.7349711042195834 -0.0002776037196765 0.0001150166798767 0.0008232978127762 0.9982245101018694 0.9987512479757423
0.7442488270789727 -0.0002846498855860 0.0001150027391609 0.0008548479693962 0.9981794689294921 0.9987195477737504
0.7535967277148860 -0.0002918384068584 0.0001149885171515 0.0008874408638466 0.9981335190336472 0.9986872069108785
0.7630149943149945 -0.0002991714314571 0.0001149740096203 0.0009211055306087 0.9980866467604552 0.9986542157107849
0.7725036921379573 -0.0003066510315331 0.0001149592124901 0.0009558712081330 0.9980388389437127 0.9986205648377138
0.7820631073305524 -0.0003142794735746 0.0001149441213000 0.0009917686008437 0.9979900811782421 0.9985862440810730
0.7916933900917120 -0.0003220589392901 0.0001149287317579 0.0010288286025469 0.9979403596040719 0.9985512436111667
0.8013946848876040 -0.0003299916261691 0.0001149130395415 0.0010670827647564 0.9978896602637514 0.9985155535267622
0.8111671749627387 -0.0003380797843398 0.0001148970402250 0.0011065634873124 0.9978379688668947 0.9984791636892471
0.8210110146642428 -0.0003463256615669 0.0001148807293887 0.0011473037656710 0.9977852711418242 0.9984420639700721
0.8309263796307017 -0.0003547315446958 0.0001148641025365 0.0011893374038616 0.9977315525708105 0.9984042440642746
0.8409134464038703 -0.0003632997432269 0.0001148471551284 0.0012326989478264 0.9976767984951689 0.9983656935643619
0.8509723959872614 -0.0003720325925685 0.0001148298825746 0.0012774237143633 0.9976209940945933 0.9983264019456577
0.8611033443390472 -0.0003809323929475 0.0001148122803556 0.0013235474859542 0.9975641247776341 0.9982863588411496
0.8713065114187084 -0.0003900015572614 0.0001147943437307 0.0013711072852527 0.9975061752370380 0.9982455533762357
0.8815820449794936 -0.0003992424571985 0.0001147760680415 0.0014201405941022 0.9974471304331762 0.9982039748610624
0.8919301132582576 -0.0004086575043763 0.0001147574485522 0.0014706857844763 0.9973869750756986 0.9981616124254409
0.9023509014867324 -0.0004182491482770 0.0001147384804533 0.0015227821253063 0.9973256936368752 0.9981184550281125
0.9128445521141295 -0.0004280198212692 0.0001147191589703 0.0015764694963283 0.9972632707029889 0.9980744917041043
0.9234112118809958 -0.0004379719809956 0.0001146994792802 0.0016317886253603 0.9971996907036418 0.9980297113739945
0.9340510623093105 -0.0004481081398884 0.0001146794364531 0.0016887812690362 0.9971349377233465 0.9979841027110814
0.9447642905881198 -0.0004584308389310 0.0001146590255042 0.0017474900862622 0.9970689956693234 0.9979376542594228
0.9555510258094925 -0.0004689425855789 0.0001146382415160 0.0018079582943889 0.9970018486682007 0.9978903547131528
0.9664114626876416 -0.0004796459732611 0.0001146170794031 0.0018702303634401 0.9969334803027901 0.9978421923787469
0.9773457414406189 -0.0004905435647107 0.0001145955341420 0.0019343513601320 0.9968638743575132 0.9977931556999775
0.9883540398418206 -0.0005016379823030 0.0001145736005930 0.0020003674844442 0.9967930142415106 0.9977432328513968
0.9994365004261710 -0.0005129318356480 0.0001145512736432 0.0020683256575889 0.9967208834512957 0.9976924120641335
1.0105932515261555 -0.0005244277414769 0.0001145285481674 0.0021382736456830 0.9966474654438741 0.9976406815363944
1.0218244883319274 -0.0005361284078076 0.0001145054188618 0.0022102605890744 0.9965727430994066 0.9975880290547010
1.0331304090571325 -0.0005480365702452 0.0001144818803695 0.0022843366413881 0.9964966991282543 0.9975344422805023
1.0445111236601614 -0.0005601548945378 0.0001144579274739 0.0023605523694305 0.9964193166933905 0.9974799091886587
1.0559668019242088 -0.0005724861317992 0.0001144335547914 0.0024389597280128 0.9963405784193291 0.9974244173689200
1.0674975929237498 -0.0005850330339545 0.0001144087569386 0.0025196115496394 0.9962604669322730 0.9973679544063978
1.0791036469863238 -0.0005977983768860 0.0001143835284870 0.0026025617027185 0.9961789647124970 0.9973105077773871
1.0907851006036171 -0.0006107849437101 0.0001143578639957 0.0026878649962799 0.9960960542013080 0.9972520649246003
1.1025421232705226 -0.0006239955769281 0.0001143317579085 0.0027755775374167 0.9960117174683008 0.9971926130224545
1.1143748937692632 -0.0006374331533912 0.0001143052046036 0.0028657565904166 0.9959259363714321 0.9971321390897047
1.1262835869399177 -0.0006511005696787 0.0001142781984224 0.0029584604964427 0.9958386926505860 0.9970706300552210
1.1382683286375779 -0.0006650006894286 0.0001142507337735 0.0030537483248497 0.9957499682639648 0.9970080729950058
1.1503292574430855 -0.0006791364131246 0.0001142228049953 0.0031516803543693 0.9956597449427974 0.9969444548181033
1.1624665295269774 -0.0006935106847157 0.0001141944063426 0.0032523181402357 0.9955680041493420 0.9968797622367810
1.1746803123387437 -0.0007081264851685 0.0001141655319993 0.0033557244915431 0.9954747271182959 0.9968139817955172
1.1869707440674582 -0.0007229867839678 0.0001141361761749 0.0034619631437922 0.9953798951665540 0.9967471000892565
1.1993379843054044 -0.0007380945995629 0.0001141063329844 0.0035710992009521 0.9952834893076735 0.9966791034913377
1.2117821445942298 -0.0007534529146120 0.0001140759966164 0.0036831985394528 0.9951854907929606 0.9966099785349336
1.2243033752821677 -0.0007690647818467 0.0001140451611237 0.0037983285868767 0.9950858804361702 0.9965397114365594
1.2369018979317563 -0.0007849333676034 0.0001140138203374 0.0039165586820372 0.9949846383361234 0.9964682879000967
1.2495778102598896 -0.0008010617070135 0.0001139819683509 0.0040379582741375 0.9948817454389025 0.9963956942186389
1.2623312829960258 -0.0008174529503963 0.0001139495990327 0.0041625987633499 0.9947771819660586 0.9963219161654758
1.2751624376656863 -0.0008341102085626 0.0001139167063325 0.0042905523587568 0.9946709284018218 0.9962469396903516
1.2880714098650656 -0.0008510366330500 0.0001138832841228 0.0044218926966328 0.9945629649814908 0.9961707505583030
1.3010583909311559 -0.0008682354725366 0.0001138493260871 0.0045566953086273 0.9944532713319605 0.9960933340956923
1.3141235011387227 -0.0008857099061291 0.0001138148260498 0.0046950363417341 0.9943418275353472 0.9960146759405888
1.3272668811236652 -0.0009034631628199 0.0001137797777399 0.0048369934989183 0.9942286133673212 0.9959347615050460
1.3404886707497687 -0.0009214984939064 0.0001137441748461 0.0049826458432563 0.9941136084733310 0.9958535760992213
1.3537889898550868 -0.0009398191463301 0.0001137080110688 0.0051320735966089 0.9939967925388986 0.9957711050513653
1.3671679982323877 -0.0009584284451982 0.0001136712799580 0.0052853588292083 0.9938781447637558 0.9956873333363258
1.3806258747332241 -0.0009773297670314 0.0001136339749655 0.0054425852761207 0.9937576440328383 0.9956022456959321
1.3941626962385372 -0.0009965263686590 0.0001135960897836 0.0056038369226087 0.9936352700073949 0.9955158274092353
1.4077786451843748 -0.0010160216788434 0.0001135576177686 0.0057692004491897 0.9935110012661544 0.9954280629796856
1.4214738692462503 -0.0010358191017506 0.0001135185523295 0.0059387636197186 0.9933848165586137 0.9953389370198115
1.4352484848399811 -0.0010559220197373 0.0001134788869226 0.0061126153043102 0.9932566947875123 0.9952484342386668
1.4491026967260161 -0.0010763339029632 0.0001134386147109 0.0062908470135959 0.9931266138943368 0.9951565386542874
1.4625639920115869 -0.0010963515852727 0.0001133991221797 0.0064672965265953 0.9929990521679585 0.9950664140060469
1.4765765195064109 -0.0011173827768500 0.0001133576331496 0.0066544295633595 0.9928650426549592 0.9949717245685894
1.4906674184793574 -0.0011387308609422 0.0001133155221573 0.0068461990077928 0.9927290251984334 0.9948756065830975
1.5048384411007683 -0.0011604017799005 0.0001132727776278 0.0070427230858522 0.9925909624566760 0.9947780332189529
1.5190896611374636 -0.0011823989888168 0.0001132293928974 0.0072440993650926 0.9924508329533256 0.9946789888419929
1.5334212282462458 -0.0012047260815293 0.0001131853610335 0.0074504280773792 0.9923086143446266 0.9945784571913937
1.5478333021092627 -0.0012273866920516 0.0001131406750289 0.0076618112645000 0.9921642840479395 0.9944764218234367
1.5623259522036026 -0.0012503843355527 0.0001130953281160 0.0078783513010171 0.9920178202549028 0.9943728668275270
1.5768993505672315 -0.0012737227119084 0.0001130493131677 0.0081001537497253 0.9918691999984930 0.9942677754593426
1.5915536701288082 -0.0012974055481512 0.0001130026230086 0.0083273259343969 0.9917184001570774 0.9941611308501990
1.6062889674623129 -0.0013214364065037 0.0001129552507936 0.0085599750947755 0.9915653986770324 0.9940529168714762
1.6211054115536685 -0.0013458190539504 0.0001129071892793 0.0087982119501738 0.9914101722199442 0.9939431164704063
1.6360031503581343 -0.0013705572479973 0.0001128584312462 0.0090421486787881 0.9912526975273274 0.9938317126347638
1.6509822506001028 -0.0013956546338149 0.0001128089697023 0.0092918978953129 0.9910929520756478 0.9937186888560710
1.6660429088179189 -0.0014211150965034 0.0001127587971882 0.0095475761633035 0.9909309118345222 0.9936040275431953
1.6811852395659572 -0.0014469424080266 0.0001127079064735 0.0098093005206417 0.9907665535146022 0.9934877116123085
1.6964093334239232 -0.0014731403212907 0.0001126562903712 0.0100771894043223 0.9905998539690269 0.9933697240632257
1.7117153325647556 -0.0014997127000701 0.0001126039414822 0.0103513639982277 0.9904307893671787 0.9932500473942377
1.7271033670567384 -0.0015266634108933 0.0001125508524083 0.0106319471640568 0.9902593358832480 0.9931286640889925
1.7425735565630767 -0.0015539963251313 0.0001124970157480 0.0109190634750520 0.9900854696833966 0.9930055566070765
1.7581260528340084 -0.0015817153942511 0.0001124424239488 0.0112128400297511 0.9899091664476147 0.9928807070450548
1.7737609229463267 -0.0016098244414780 0.0001123870697175 0.0115134042627054 0.9897304026953435 0.9927540980748322
1.7894783406340300 -0.0016383275036454 0.0001123309453471 0.0118208875981992 0.9895491536118086 0.9926257114038999
1.8052784461621796 -0.0016672285821166 0.0001122740432075 0.0121354228398344 0.9893653946328663 0.9924955288971867
1.8211612749520665 -0.0016965315079162 0.0001122163560112 0.0124571426773329 0.9891791023027420 0.9923635331846029
1.8371270097314096 -0.0017262404046018 0.0001121578759020 0.0127861847639547 0.9889902513317153 0.9922297055760395
1.8531757987400497 -0.0017563593573108 0.0001120985951072 0.0131226881549932 0.9887988167011292 0.9920940275520904
1.8693076693205479 -0.0017868922457813 0.0001120385062658 0.0134667914104283 0.9886047747248837 0.9919564815162989
1.8855227981217058 -0.0018178432525491 0.0001119776014287 0.0138186383072825 0.9884080998200725 0.9918170485058415
1.9018213013902701 -0.0018492164695671 0.0001119158728331 0.0141783734691366 0.9882087670079405 0.9916757099635972
1.9182032735657937 -0.0018810159685447 0.0001118533127645 0.0145461431497698 0.9880067514672476 0.9915324474213075
1.9346688905670260 -0.0019132460021567 0.0001117899131605 0.0149220975912154 0.9878020272567568 0.9913872415930843
1.9512181710300733 -0.0019459105374570 0.0001117256665292 0.0153063856128047 0.9875945702797118 0.9912400744775055
1.9678512757055235 -0.0019790138412656 0.0001116605647977 0.0156991614543023 0.9873843545660833 0.9910909267202827
1.9845683393195048 -0.0020125601530216 0.0001115945999560 0.0161005810067454 0.9871713543514933 0.9909397790881328
2.0013694428234019 -0.0020465536262406 0.0001115277641723 0.0165108011008994 0.9869555444493380 0.9907866127325913
2.0182547213773137 -0.0020809985451856 0.0001114600493669 0.0169299821228294 0.9867368988757667 0.9906314082137785
2.0352243201315772 -0.0021158992380325 0.0001113914473834 0.0173582870221422 0.9865153914019674 0.9904741458916263
2.0522782560489681 -0.0021512597900165 0.0001113219505525 0.0177958777818123 0.9862909973752200 0.9903148072184871
2.0694166974267558 -0.0021870846192311 0.0001112515505608 0.0182429225191153 0.9860636900652728 0.9901533721445887
2.0866397108029440 -0.0022233779538759 0.0001111802394780 0.0186995890650422 0.9858334439826534 0.9899898214736019
2.1039474727955594 -0.0022601442753853 0.0001111080088868 0.0191660505223957 0.9856002320678617 0.9898241348658118
2.1213400380651120 -0.0022973878289092 0.0001110348508446 0.0196424791226653 0.9853640287976277 0.9896562930440951
2.1388175002644774 -0.0023351129616211 0.0001109607572190 0.0201290504949036 0.9851248080393749 0.9894862762694226
2.1563799989428194 -0.0023733241410705 0.0001108857196525 0.0206259439709261 0.9848825429360770 0.9893140642581238
2.1740276396581923 -0.0024120257832068 0.0001108097298999 0.0211333403975594 0.9846372069976894 0.9891396369569598
2.1917605234199495 -0.0024512223147212 0.0001107327797067 0.0216514229486769 0.9843887737065334 0.9889629742622167
2.2095787346912035 -0.0024909181457551 0.0001106548608623 0.0221803767779245 0.9841372166910443 0.9887840561427612
2.2274823995673487 -0.0025311177995229 0.0001105759649462 0.0227203907701098 0.9838825089052212 0.9886028620558410
2.2454715637597475 -0.0025718256387134 0.0001104960838652 0.0232716538947771 0.9836246243631122 0.9884193721803297
2.2635463977393342 -0.0026130463279864 0.0001104152089460 0.0238343614697246 0.9833635352095790 0.9882335653321064
2.2817069443302880 -0.0026547842625984 0.0001103333320565 0.0244087074446737 0.9830992153408571 0.9880454215395692
2.2999533504044241 -0.0026970440956879 0.0001102504445717 0.0249948916086330 0.9828316370655726 0.9878549196669133
2.3182856614752301 -0.0027398302662311 0.0001101665383000 0.0255931131185284 0.9825607740950849 0.9876620395420425
2.3367040241281667 -0.0027831474677989 0.0001100816045637 0.0262035770250149 0.9822865985764149 0.9874667598435360
2.3552084930165549 -0.0028270001984256 0.0001099956350828 0.0268264880077105 0.9820090839429001 0.9872690601299074
2.3737991946463106 -0.0028713931448276 0.0001099086212209 0.0274620558006530 0.9817282024831618 0.9870689191075811
2.3924761924253799 -0.0029163308628974 0.0001098205546127 0.0281104906825270 0.9814439273641217 0.9868663160713842
2.4112395714857322 -0.0029618179782896 0.0001097314267707 0.0287720063437860 0.9811562313626040 0.9866612300003402
2.4300894473944932 -0.0030078592096591 0.0001096412290399 0.0294468202805299 0.9808650867197598 0.9864536394529476
2.4490259066711961 -0.0030544592244380 0.0001095499528812 0.0301351517216886 0.9805704660543346 0.9862435232175252
2.4680490312581513 -0.0031016226969765 0.0001094575897571 0.0308372224812728 0.9802723419958514 0.9860308600501912
2.4871589406277272 -0.0031493544135872 0.0001093641309270 0.0315532585568065 0.9799706865218554 0.9858156282013060
2.5063556579356363 -0.0031976589378905 0.0001092695681022 0.0322834851284719 0.9796654730739502 0.9855978069246089
2.5256393185872552 -0.0032465411323989 0.0001091738924254 0.0330281344182493 0.9793566732627569 0.9853773741253942
2.5450100193456993 -0.0032960057821514 0.0001090770952077 0.0337874400774723 0.9790442592477600 0.9851543080577310
2.5644678335125550 -0.0033460576302093 0.0001089791678595 0.0345616377057129 0.9787282035137527 0.9849285871645751
2.5840128482265339 -0.0033967014723480 0.0001088801017055 0.0353509663202822 0.9784084782738972 0.9847001896508908
2.6036450919237817 -0.0034479419682384 0.0001087798883544 0.0361556654236355 0.9780850566628496 0.9844690943353569
2.6233647270553635 -0.0034997841442480 0.0001086785187157 0.0369759829209544 0.9777579095643849 0.9842352783828766
2.6431717655164157 -0.0035522326498133 0.0001085759844546 0.0378121634517221 0.9774270103061603 0.9839987206585195
2.6630663028108059 -0.0036052923697641 0.0001084722767946 0.0386644580493462 0.9770923307963488 0.9837593989660699
2.6830484130498928 -0.0036589681491236 0.0001083673870564 0.0395331198248664 0.9767538432617576 0.9835172912893746
2.7031182022360358 -0.0037132649356134 0.0001082613063795 0.0404184062878858 0.9764115193504022 0.9832723751497514
2.7232757209810945 -0.0037681875439590 0.0001081540261833 0.0413205755359074 0.9760653316189497 0.9830246286693117
2.7435210534081587 -0.0038237408952358 0.0001080455376996 0.0422398901614762 0.9757152520248701 0.9827740294915589
2.7638542933771046 -0.0038799299540615 0.0001079358320961 0.0431766162789685 0.9753612523241586 0.9825205550648650
2.7842754841020230 -0.0039367595608066 0.0001078249008038 0.0441310207360517 0.9750033051296797 0.9822641833996150
2.8047846903798432 -0.0039942346296526 0.0001077127351313 0.0451033744126214 0.9746413826644853 0.9820048921749926
2.8253819770060877 -0.0040523600894463 0.0001075993263804 0.0460939512673180 0.9742754571360245 0.9817426590060112
2.8460674486904987 -0.0041111409973911 0.0001074846656247 0.0471030303180136 0.9739055000221559 0.9814774609308128
2.8668411536133065 -0.0041705822659463 0.0001073687442430 0.0481308909952772 0.9735314837917582 0.9812092756430262
2.8877031538950466 -0.0042306888608551 0.0001072515535332 0.0491778165259077 0.9731533806594110 0.9809380805986360
2.9086535257310180 -0.0042914658027812 0.0001071330847097 0.0502440940076802 0.9727711625769712 0.9806638530088414
2.9296923659446938 -0.0043529181877868 0.0001070133288641 0.0513300148198023 0.9723848011067571 0.9803865697479067
2.9508196994822908 -0.0044150509163007 0.0001068922774936 0.0524358698424124 0.9719942691270106 0.9801062085764065
2.9720355544353674 -0.0044778632929599 0.0001067699225190 0.0535619532221577 0.9715995394476614 0.9798227471518679
2.9918003950677008 -0.0045367609754575 0.0001066552188324 0.0546251687090994 0.9712295018190578 0.9795569381872086
3.0131910249186502 -0.0046009186470082 0.0001065303022665 0.0557913131684223 0.9708265265482374 0.9792673817862839
3.0346665566101159 -0.0046657647188382 0.0001064040782739 0.0569783653520238 0.9704193435760350 0.9789747093574325
3.0562308939342202 -0.0047313157411769 0.0001062765157794 0.0581868420015620 0.9700078529954340 0.9786788460730003
3.0778841007514752 -0.0047975767986421 0.0001061476060612 0.0594170552674949 0.9695920270201270 0.9783797688560271
3.0996261747498020 -0.0048645527841049 0.0001060173407982 0.0606693167837303 0.9691718391630819 0.9780774555003459
3.1214572301020769 -0.0049322489600573 0.0001058857109781 0.0619439481601768 0.9687472607161326 0.9777718821371046
3.1433772779841691 -0.0050006702830475 0.0001057527082120 0.0632412683843995 0.9683182649902723 0.9774630262844783
3.1653863634755663 -0.0050698218245200 0.0001056183239166 0.0645616016943676 0.9678848246770397 0.9771508649485161
3.1874845580147793 -0.0051397087502105 0.0001054825493549 0.0659052772685834 0.9674469119804655 0.9768353747165066
3.2096718975148870 -0.0052103361250956 0.0001053453760155 0.0672726255114815 0.9670044998413988 0.9765165326379074
3.2319484582229410 -0.0052817091534140 0.0001052067951472 0.0686639826926912 0.9665575604355432 0.9761943151412602
3.2543142534914034 -0.0053538328487548 0.0001050667984002 0.0700796845541512 0.9661060672416163 0.9758686995240353
3.2767693137880158 -0.0054267122878819 0.0001049253773335 0.0715200712265028 0.9656499934531169 0.9755396628072509
3.2993137287769163 -0.0055003527502594 0.0001047825231449 0.0729854900686053 0.9651893111081586 0.9752071811059724
3.3219474840982088 -0.0055747591858262 0.0001046382277043 0.0744762851167203 0.9647239944213705 0.9748712320327639
3.3446706665111909 -0.0056499368847942 0.0001044924822551 0.0759928104278506 0.9642540155957674 0.9745317916741166
3.3674832803412533 -0.0057258908750672 0.0001043452785832 0.0775354180437196 0.9637793485935284 0.9741888373116617
3.3903853611799106 -0.0058026262955722 0.0001041966082934 0.0791044654805646 0.9632999668032897 0.9738423457371175
3.4133769629379431 -0.0058801483556216 0.0001040464628897 0.0807003149764353 0.9628158432971506 0.9734922934363106
3.4364581161627026 -0.0059584621948449 0.0001038948340466 0.0823233306377313 0.9623269517078014 0.9731386572222370
3.4596288766039098 -0.0060375730469016 0.0001037417132931 0.0839738818280032 0.9618332652084078 0.9727814134964243
3.4828892402981144 -0.0061174859493875 0.0001035870925746 0.0856523371302991 0.9613347583251498 0.9724205395595449
3.5062392685425139 -0.0061982061706827 0.0001034309634273 0.0873590732745986 0.9608314042758933 0.9720560116845296
3.5296789468891148 -0.0062797387248079 0.0001032733179180 0.0890944649491455 0.9603231779986419 0.9716878073080731
3.5532083286711704 -0.0063620888670243 0.0001031141476856 0.0908588952839464 0.9598100530632580 0.9713159027932285
3.5768274088316332 -0.0064452616553179 0.0001029534447899 0.0926527465414985 0.9592920044074440 0.9709402754104600
3.6005362541773596 -0.0065292624068649 0.0001027912008302 0.0944764099278521 0.9587690054951999 0.9705609012768984
3.6243348487263187 -0.0066140961527075 0.0001026274079994 0.0963302738301643 0.9582410317156066 0.9701777578199103
3.6482232785271105 -0.0066997682934837 0.0001024620578184 0.0982147380910170 0.9577080563030902 0.9697908208163666
3.6722014855810672 -0.0067862837198320 0.0001022951428349 0.1001301947444771 0.9571700558132321 0.9694000683660744
3.6962695074252481 -0.0068736476688487 0.0001021266549708 0.1020770468039104 0.9566270047960674 0.9690054770244467
3.7204273902213671 -0.0069618654160395 0.0001019565861178 0.1040557015878790 0.9560788777166596 0.9686070231945865
3.7446750945381808 -0.0070509419289955 0.0001017849288057 0.1060665629124585 0.9555256511086120 0.9682046846924163
3.7690126760248654 -0.0071408825275525 0.0001016116749304 0.1081100459211228 0.9549672994751319 0.9677984377658098
3.7934401682926420 -0.0072316924574238 0.0001014368165770 0.1101865675678178 0.9544037979415254 0.9673882590212572
3.8179575253205962 -0.0073233766716564 0.0001012603464408 0.1122965415241190 0.9538351236120898 0.9669741264119830
3.8425647628967625 -0.0074159403553334 0.0001010822568173 0.1144403901610391 0.9532612523164252 0.9665560168688800
3.8672618946675725 -0.0075093886895938 0.0001009025400582 0.1166185392077165 0.9526821600773889 0.9661339073673730
3.8920489129927418 -0.0076037267782049 0.0001007211887128 0.1188314160262493 0.9520978235685054 0.9657077752601035
3.9137314020097302 -0.0076866912394038 0.0001005617490754 0.1207892582276655 0.9515841059479795 0.9653329763891708
3.9354138910267187 -0.0077700689860753 0.0001004015629357 0.1227678434418976 0.9510679992071518 0.9649562776700867
3.9604545870723289 -0.0078668818986580 0.0001002156402940 0.1250788054054758 0.9504689940107399 0.9645188752444400
3.9855780124788347 -0.0079645755990409 0.0001000281083832 0.1274254711610337 0.9498648286009055 0.9640774896702797
4.0107913423741479 -0.0080631828790889 0.0000998389067852 0.1298089435682936 0.9492553090586731 0.9636319732887253
4.0360945389043428 -0.0081627087225961 0.0000996480285498 0.1322296671574888 0.9486404137458815 0.9631823041107236
4.0614876567079818 -0.0082631584786367 0.0000994554660804 0.1346880988013749 0.9480201189567737 0.9627284585310709
4.0869706501123222 -0.0083645371026730 0.0000992612125903 0.1371846892491136 0.9473944036094454 0.9622704147583849
4.1125434108062180 -0.0084668492963234 0.0000990652618344 0.1397198863028194 0.9467632483807920 0.9618081521848765
4.1382060144002555 -0.0085701004949792 0.0000988676062183 0.1422941593231368 0.9461266296177077 0.9613416469253971
4.1639584577464115 -0.0086742958227204 0.0000986682388023 0.1449079734961045 0.9454845257906422 0.9608708765405926
4.1898007143318523 -0.0087794403093491 0.0000984671528855 0.1475617950901691 0.9448369161554190 0.9603958190576449
4.2157327469361494 -0.0088855389395952 0.0000982643419125 0.1502560926372258 0.9441837804521049 0.9599164527493119
4.2417545262748142 -0.0089925967287387 0.0000980597993295 0.1529913388353505 0.9435250984423714 0.9594327557936430
4.2678660278989611 -0.0091006187105816 0.0000978535186088 0.1557680102615375 0.9428608499872534 0.9589447063297503
4.2940672205874568 -0.0092096098895180 0.0000976454933406 0.1585865861416813 0.9421910153452957 0.9584522826758142
4.3203581210480237 -0.0093195754691252 0.0000974357167985 0.1614475542910029 0.9415155737717689 0.9579554622978093
4.3467386749550814 -0.0094305203559404 0.0000972241828870 0.1643513982412030 0.9408345065709542 0.9574542240529635
4.3732088393115598 -0.0095424495004887 0.0000970108854917 0.1672986060110972 0.9401477950027188 0.9569485466505312
4.3997685680914644 -0.0096553678373315 0.0000967958185941 0.1702896685448076 0.9394554206542884 0.9564384089242398
4.4264178594171204 -0.0097692804868827 0.0000965789758893 0.1733250850887366 0.9387573642071445 0.9559237889221808
4.4531566317907050 -0.0098841922271389 0.0000963603517917 0.1764053491319913 0.9380536086783638 0.9554046662950347
4.4799848479252136 -0.0100001080209306 0.0000961399404332 0.1795309623882577 0.9373441361918151 0.9548810199157857
4.5069024930698474 -0.0101170329266074 0.0000959177358339 0.1827024325071190 0.9366289285314299 0.9543528282850149
4.5339094849869381 -0.0102349717064702 0.0000956937326477 0.1859202624293858 0.9359079695396713 0.9538200713015144
4.5610058096673418 -0.0103539294163317 0.0000954679250431 0.1891849663702146 0.9351812415150557 0.9532827276008451
4.5881913861735750 -0.0104739108153660 0.0000952403078248 0.1924970537083641 0.9344487288235033 0.9527407772230294
4.6154662049319324 -0.0105949209735050 0.0000950108752820 0.1958570456530712 0.9337104141916784 0.9521941988707766
4.6428301404133636 -0.0107169644421399 0.0000947796227625 0.1992654522582339 0.9329662837718599 0.9516429736572293
4.6702832116034800 -0.0108400156873754 0.0000945465469592 0.2027228045949144 0.9322163198406953 0.9510870797748826
4.6979167140169755 -0.0109645219390211 0.0000943108594093 0.2062413229619985 0.9314579946779410 0.9505246328683428
4.7255480989679794 -0.0110896658827336 0.0000940741115994 0.2097983002872250 0.9306963013976733 0.9499593272928667
4.7532685647695949 -0.0112158624444474 0.0000938355220864 0.2134058238320612 0.9299287268319255 0.9493892904993945
4.7810778848013538 -0.0113431156716523 0.0000935950875269 0.2170644056784631 0.9291552614404669 0.9488145061603501
4.8089759853002851 -0.0114714302963464 0.0000933528033631 0.2207745804058641 0.9283758917978265 0.9482349549354391
4.8369627630356140 -0.0116008109080183 0.0000931086653885 0.2245368815210367 0.9275906056298078 0.9476506182096122
4.8650382077723462 -0.0117312625207168 0.0000928626686795 0.2283518579555650 0.9267993883764042 0.9470614755342167
4.8932022103147714 -0.0118627896853888 0.0000926148092708 0.2322200482215060 0.9260022285833729 0.9464675086383153
4.9214546545623303 -0.0119953969114699 0.0000923650833605 0.2361419925150711 0.9251991153439252 0.9458686995267239
4.9497954931312487 -0.0121290890237854 0.0000921134866397 0.2401182433083787 0.9243900361429446 0.9452650288708142
4.9782246575789557 -0.0122638707441048 0.0000918600150824 0.2441493530432814 0.9235749793979912 0.9446564779006364
5.0067420142632733 -0.0123997464779380 0.0000916046653462 0.2482358675963488 0.9227539357491996 0.9440430293697749
5.0353474627863406 -0.0125367207794883 0.0000913474338995 0.2523783400941701 0.9219268952500564 0.9434246654584105
5.0640409588960571 -0.0126747984662104 0.0000910883168082 0.2565773345093081 0.9210938466844217 0.9428013672589898
5.0928223717373742 -0.0128139839336180 0.0000908273110232 0.2608334048494932 0.9202547817063145 0.9421731178719573
5.1216916262181220 -0.0129542818387000 0.0000905644130993 0.2651471158498965 0.9194096907193733 0.9415398993232406
5.1506485839772758 -0.0130956965240115 0.0000902996202756 0.2695190253158632 0.9185585663525662 0.9409016951663904
5.1796931604899745 -0.0132382325863954 0.0000900329294114 0.2739497015584298 0.9177014000383287 0.9402584879183894
5.2088252276134890 -0.0133818944018544 0.0000897643378770 0.2784397086930034 0.9168381848772110 0.9396102612067022
5.2380446701388443 -0.0135266864014472 0.0000894938430386 0.2829896151177163 0.9159689139813144 0.9389569985269139
5.2567009305270211 -0.0136195000891321 0.0000893205631731 0.2859190780710680 0.9154120886633625 0.9385382826060524
5.2657354366412603 -0.0136645484939951 0.0000892364907595 0.2873445549884855 0.9151419357371494 0.9383350629838245
5.2747699427554995 -0.0137096515979411 0.0000891523154042 0.2887745092886821 0.9148714547526215 0.9381315489707478
5.2851522493918779 -0.0137615636045677 0.0000890554545110 0.2904233249863359 0.9145602181591681 0.9378973107691888
5.3146366783521453 -0.0139094659690589 0.0000887796373001 0.2951380935410143 0.9136739968228247 0.9372299895802052
5.3441705918585107 -0.0140583256482324 0.0000885022580961 0.2999088693346980 0.9127828219635181 0.9365584200150938
5.3737914372041757 -0.0142083349963824 0.0000882229641056 0.3047422076651339 0.9118855616783924 0.9358817381022108
5.4034989368177762 -0.0143594975590872 0.0000879417548789 0.3096386630508559 0.9109822162370693 0.9351999319308502
5.4332930236059349 -0.0145118179383247 0.0000876586281055 0.3145988262930199 0.9100727799592414 0.9345129849597408
5.4631735738447071 -0.0146653004428686 0.0000873735821296 0.3196232810509870 0.9091572492950346 0.9338208821084762
5.4931404072028007 -0.0148199490818940 0.0000870866159607 0.3247126033420124 0.9082356228600194 0.9331236097887708
5.5231933584168544 -0.0149757679309459 0.0000867977285948 0.3298673733825135 0.9073078992538266 0.9324211542570989
5.5533323000038450 -0.0151327612526628 0.0000865069187926 0.3350881796306269 0.9063740763491346 0.9317135010740432
5.5835571029408921 -0.0152909332954410 0.0000862141854551 0.3403756121597143 0.9054341524978277 0.9310006360155718
5.6138675835014622 -0.0154502880134588 0.0000859195281420 0.3457302531721779 0.9044881281969241 0.9302825463379586
5.6442635841451390 -0.0156108294886263 0.0000856229462922 0.3511526909888488 0.9035360035837471 0.9295592188792667
5.6747449387991749 -0.0157725617495041 0.0000853244395599 0.3566435139517928 0.9025777795170019 0.9288306408789510
5.7053114774192020 -0.0159354887950246 0.0000850240077719 0.3622033111434192 0.9016134574398766 0.9280967998743649
5.7359630255675684 -0.0160996145921529 0.0000847216509335 0.3678326722328427 0.9006430393980044 0.9273576837147658
5.7666994481290619 -0.0162649433114474 0.0000844173687958 0.3735321955405510 0.8996665266529196 0.9266132795042805
5.7975205561335779 -0.0164314788276887 0.0000841111617773 0.3793024708203071 0.8986839226383526 0.9258635758542587
5.8077846486977389 -0.0164871055008439 0.0000840089480605 0.3812363618953735 0.8983559429147876 0.9256131882629990
5.8180487412619000 -0.0165428019945878 0.0000839066159344 0.3831763917763889 0.8980275892392394 0.9253624415242805
5.8272951211894508 -0.0165930415849521 0.0000838143286684 0.3849293235929408 0.8977314733417784 0.9251362498162780
5.8583182535942830 -0.0167620956320154 0.0000835039852174 0.3908471940986654 0.8967357533794500 0.9243752159162039
5.8893895141198973 -0.0169321706391790 0.0000831920784036 0.3968307381227575 0.8957351080029946 0.9236097308103721
5.9205447456158984 -0.0171034663331862 0.0000828782493775 0.4028873905431592 0.8947283880195910 0.9228389019665463
5.9517836621437494 -0.0172759859885762 0.0000825625002323 0.4090177273951944 0.8937156023838937 0.9220627214978293
5.9831061259179892 -0.0174497336873079 0.0000822448317112 0.4152223543950874 0.8926967557529280 0.9212811780802441
6.0145118147506418 -0.0176247124805025 0.0000819252465722 0.4215018414607410 0.8916718592789421 0.9204942652266122
6.0460005644502370 -0.0178009262866801 0.0000816037461184 0.4278567903653085 0.8906409194805615 0.9197019727516053
6.0775721739011708 -0.0179783788137280 0.0000812803321715 0.4342877962771629 0.8896039445731495 0.9189042916254948
6.1092263977126215 -0.0181570735133637 0.0000809550071540 0.4407954458473709 0.8885609447323956 0.9181012141818328
6.1409629486234953 -0.0183370135899509 0.0000806277740721 0.4473803172407086 0.8875119320390916 0.9172927340806118
6.1727816720890107 -0.0185182029922660 0.0000802986347143 0.4540430164062981 0.8864569147040280 0.9164788418566102
6.2046823167622476 -0.0187006451150086 0.0000799675920147 0.4607841295755170 0.8853959046462818 0.9156595307583056
6.2366645977630712 -0.0188843431516946 0.0000796346494101 0.4676042358337598 0.8843289154300138 0.9148347951648198
6.2687283118116559 -0.0190693007567269 0.0000792998096413 0.4745039316269256 0.8832559584236997 0.9140046276176963
6.2848725047277822 -0.0191627272807088 0.0000791308216687 0.4780015875472099 0.8827144980623882 0.9135853765881707
6.2946183081934599 -0.0192192233745481 0.0000790286808916 0.4801207004550344 0.8823872391822566 0.9133318791834985
6.3043641116591376 -0.0192757734954295 0.0000789264461207 0.4822455968921885 0.8820596843803612 0.9130780756865398
6.3141342787656578 -0.0193325349695395 0.0000788238603097 0.4843816152148556 0.8817310146062095 0.9128233307981891
6.3464320705091257 -0.0195206953434049 0.0000784840575541 0.4914842285812733 0.8806424131316236 0.9119790239293337
6.3787719978065152 -0.0197099014887096 0.0000781427736270 0.4986600170327338 0.8795491851347385 0.9111302682019040
6.4111922111167665 -0.0199003799759107 0.0000777996090428 0.5059179730892183 0.8784500534804009 0.9102760566982105
6.4436923272487068 -0.0200921333456718 0.0000774545692758 0.5132586519032599 0.8773450384769957 0.9094163881513974
6.4762721191178301 -0.0202851650492797 0.0000771076583053 0.5206826429235780 0.8762341556823668 0.9085512574683908
6.5089312229603351 -0.0204794777231467 0.0000767588817228 0.5281905037996657 0.8751174258536962 0.9076806634703924
6.5416693464536202 -0.0206750744186319 0.0000764082445210 0.5357828074180638 0.8739948678667424 0.9068046033841297
6.5744861964868520 -0.0208719581774769 0.0000760557518590 0.5434601255925827 0.8728665011683168 0.9059230747500147
6.6073813994556838 -0.0210701315513532 0.0000757014099227 0.5512230101051636 0.8717323485281426 0.9050360775766981
6.6403546810624370 -0.0212695976825627 0.0000753452239911 0.5590720348025698 0.8705924298516374 0.9041436095072523
6.6734056687499805 -0.0214703591147250 0.0000749872005645 0.5670077489145112 0.8694467689905014 0.9032456711468645
6.7065340520564085 -0.0216724187614141 0.0000746273456348 0.5750307149758049 0.8682953882066983 0.9023422617325457
6.7239745931686166 -0.0217791264773726 0.0000744375026546 0.5792821066703079 0.8676880296488807 0.9018653089610438
6.7346540897986653 -0.0218445805288223 0.0000743211206147 0.5818948298569707 0.8673157118538199 0.9015727944455120
6.7445083677444968 -0.0219050276792934 0.0000742136437566 0.5843120283329853 0.8669718886277177 0.9013025744863488
6.7778432275785310 -0.0221100482123545 0.0000738494361112 0.5925342133271188 0.8658068670831455 0.9003862902220785
6.8112131890483472 -0.0223161204789819 0.0000734838676332 0.6008352632385778 0.8646376405886227 0.8994656674631579
6.8446590818333544 -0.0225234998566837 0.0000731164961053 0.6092258377492341 0.8634627977404691 0.8985395780106589
6.8781805221181864 -0.0227321887556198 0.0000727473291568 0.6177064720412607 0.8622823662257159 0.8976080247616560
6.9117770127760423 -0.0229421888709787 0.0000723763758348 0.6262776699686567 0.8610963783025741 0.8966710141148601
6.9454482380387148 -0.0231535030226732 0.0000720036433532 0.6349399788980341 0.8599048604068736 0.8957285477649356
6.9791937416787428 -0.0233661331472992 0.0000716291406425 0.6436939077540403 0.8587078445013633 0.8947806316679371
7.0130131292880149 -0.0235800815636298 0.0000712528761156 0.6525399785681656 0.8575053609322454 0.8938272703992913
7.0469059737819801 -0.0237953503800217 0.0000708748587132 0.6614787020520239 0.8562974417723234 0.8928684698009542
7.0808717986673235 -0.0240119413843842 0.0000704950980950 0.6705105727060713 0.8550841214303114 0.8919042374734660
7.1149101692408818 -0.0242298566239515 0.0000701136036217 0.6796360927585496 0.8538654333990829 0.8909345801977596
7.1306831972214582 -0.0243311285546921 0.0000699365127621 0.6838900422703218 0.8532997737318451 0.8904841132476238
7.1414483814125429 -0.0244003350797611 0.0000698155367711 0.6868025896441657 0.8529133711560988 0.8901762543454218
7.1522135656036276 -0.0244696147092228 0.0000696944713844 0.6897226075042033 0.8525266968286946 0.8898680612710238
7.1864410571675750 -0.0246904575690858 0.0000693089509295 0.6990563778951389 0.8512954888270213 0.8888859587052279
7.2207016215259641 -0.0249123832568182 0.0000689221555300 0.7084749778093494 0.8500603894479228 0.8878995457937184
7.2550329043398651 -0.0251356389990417 0.0000685336668047 0.7179892379295647 0.8488200661873454 0.8869077400005285
7.2894342840278101 -0.0253602255809849 0.0000681434970673 0.7275995905802690 0.8475745621538811 0.8859105553538793
7.3239052220954992 -0.0255861443162804 0.0000677516578636 0.7373064863172500 0.8463239180427259 0.8849080038883614
7.3584452219321621 -0.0258133967869897 0.0000673581604300 0.7471103830372237 0.8450681735987631 0.8839000968080460
7.3930537328075658 -0.0260419842147183 0.0000669630167833 0.7570117188006149 0.8438073710972938 0.8828868472807727
7.4277302186284304 -0.0262719079115692 0.0000665662389393 0.7670109310512407 0.8425415528468604 0.8818682684404304
7.4624740562625460 -0.0265031686050449 0.0000661678400755 0.7771084270420987 0.8412707649013836 0.8808443763801470
7.4972847195432974 -0.0267357676598345 0.0000657678324242 0.7873046368747918 0.8399950503361167 0.8798151847438599
7.5028170008159183 -0.0267728157925323 0.0000657041843230 0.7889323858980007 0.8397920812440504 0.8796513147446914
7.5083492820885391 -0.0268098721576052 0.0000656405165247 0.7905621431648278 0.8395890503693814 0.8794873610591867
7.5144710279146132 -0.0268508996326873 0.0000655700408427 0.7923678922650546 0.8393643148482497 0.8793058406429565
7.5494061233338865 -0.0270855598310195 0.0000651673683332 0.8027198995207230 0.8380803811231471 0.8782679993844139
7.5843815510360795 -0.0273213906429971 0.0000647634081321 0.8131642408707844 0.8367925541808735 0.8772256402773299
7.6194217157110700 -0.0275585605286526 0.0000643578859709 0.8237086863719403 0.8354999636244357 0.8761780389162959
7.6545259438744564 -0.0277970698071234 0.0000639508165085 0.8343535971692567 0.8342026604215413 0.8751252151526659
7.6896935113909048 -0.0280369184404072 0.0000635422151570 0.8450993123225014 0.8329006979744357 0.8740671907969257
7.7249237824331258 -0.0282781069810332 0.0000631320964655 0.8559461910829871 0.8315941269710136 0.8730039854403014
7.7602160823849644 -0.0285206357095607 0.0000627204755922 0.8668945742687465 0.8302830000747000 0.8719356202648740
7.7955697024707957 -0.0287645046626685 0.0000623073682521 0.8779447851887995 0.8289673717570485 0.8708621179187995
7.8309838913279153 -0.0290097135713673 0.0000618927908169 0.8890971265025607 0.8276472986150303 0.8697835027869648
7.8428293888294096 -0.0290919381719439 0.0000617539528127 0.8928460148840230 0.8272052722016899 0.8694219947240055
7.8494848485873234 -0.0291381670249435 0.0000616759105051 0.8949564434198204 0.8269568118909805 0.8692187197043110
7.8561004386156830 -0.0291841434840924 0.0000615983103157 0.8970571496227486 0.8267097652654520 0.8690165486924462
7.8916555299058624 -0.0294317918651716 0.0000611808103579 0.9083971696233215 0.8253807642980930 0.8679280557526333
7.9272309966737655 -0.0296805117400643 0.0000607623330407 0.9198279807820264 0.8240488985696374 0.8668356837541416
7.9628642598669197 -0.0299305681498634 0.0000603424474787 0.9313619866807500 0.8227128009295668 0.8657382918675787
7.9985545245936720 -0.0301819604391383 0.0000599211712825 0.9429994390703869 0.8213725320574277 0.8646359079172371
8.0343008940628220 -0.0304346872177738 0.0000594985234184 0.9547405476730014 0.8200281569749696 0.8635285633422731
8.0701025699575606 -0.0306887477731753 0.0000590745218402 0.9665855454202996 0.8186797375120002 0.8624162870051256
8.1059586542740814 -0.0309441406702243 0.0000586491858295 0.9785346232826538 0.8173273397487437 0.8612991113269108
8.1418682182537712 -0.0312008642328672 0.0000582225351818 0.9905879522176003 0.8159710314266260 0.8601770701714687
8.1575579730800971 -0.0313133314943739 0.0000580359105567 0.9958815167035046 0.8153778433458490 0.8596858232622656
8.1618825510716508 -0.0313443628545895 0.0000579844487667 0.9973434923316004 0.8152142807624979 0.8595503139577108
8.1662071290632046 -0.0313753946055683 0.0000579329785921 0.9988067244053618 0.8150506914711734 0.8594147586542846
8.1715965863929991 -0.0314140842592213 0.0000578688212816 1.0006320199836540 0.8148467830352226 0.8592457600186452
8.2075700529691638 -0.0316728773503367 0.0000574402067353 1.0128654849251673 0.8134846947705086 0.8581159065594377
8.2436271042284126 -0.0319332288583316 0.0000570099445228 1.0252147269655298 0.8121176503854292 0.8569802582689586
8.2797341026418465 -0.0321949021297282 0.0000565784444020 1.0376687948052437 0.8107469570854122 0.8558398767190201
8.3158900286286386 -0.0324578947032706 0.0000561457279356 1.0502277788400547 0.8093726883299609 0.8546948009605938
8.3520939437551434 -0.0327222046833707 0.0000557118158500 1.0628917866899776 0.8079949149431535 0.8535450679627959
8.3883447481434672 -0.0329878289710540 0.0000552767309383 1.0756608583737772 0.8066137143309627 0.8523907203085097
8.4246413736986465 -0.0332547646667981 0.0000548404957457 1.0885350330373542 0.8052291631294070 0.8512318000810534
8.4376476019770319 -0.0333506539973116 0.0000546840350014 1.0931699350043602 0.8047326519607466 0.8508157679804136
8.4506538302554173 -0.0334466689056429 0.0000545274992275 1.0978162797739346 0.8042359419748673 0.8503993393578573
8.4564498334057472 -0.0334894967732716 0.0000544577177150 1.0998905305404694 0.8040145281346124 0.8502136375844238
8.4622458365560771 -0.0335323359253090 0.0000543879227182 1.1019670546427747 0.8037930751921608 0.8500278573270023
8.4686098798508667 -0.0335793934560226 0.0000543112713138 1.1042497082997096 0.8035498738741295 0.8498237792618786
8.5050225968900204 -0.0338492170535605 0.0000538723626988 1.1173629416410660 0.8021574774454229 0.8486543068651989
8.5414602371245554 -0.0341202108966705 0.0000534325873720 1.1305750585456036 0.8007626456920391 0.8474809595198618
8.5779390933906345 -0.0343925003459053 0.0000529917592696 1.1438922773965463 0.7993647934326557 0.8463032245567853
8.6144579097582561 -0.0346660809123224 0.0000525499038400 1.1573145043306501 0.7979640065691136 0.8451211527202601
8.6510154123314535 -0.0349409479247780 0.0000521070468669 1.1708416246809439 0.7965603720714779 0.8439347958719599
8.6876104520952726 -0.0352170976079134 0.0000516632127324 1.1844735560806963 0.7951539724726366 0.8427442023383930
8.7242417178747313 -0.0354945249219598 0.0000512184278908 1.1982101419620963 0.7937448968766254 0.8415494262269616
8.7326981041261487 -0.0355587124095193 0.0000511156771949 1.2013942182660777 0.7934194315534387 0.8412731854335012
8.7401935229671359 -0.0356156332474411 0.0000510245823682 1.2042205286590184 0.7931308963411854 0.8410282033228861
8.7476889418081232 -0.0356725845939287 0.0000509334679227 1.2070506609277423 0.7928423097188642 0.8407830965767952
8.7844095180145789 -0.0359522018988825 0.0000504867963281 1.2209709156639459 0.7914277752755414 0.8395805064774856
8.8211314922904993 -0.0362328424666568 0.0000500396256092 1.2349834954358323 0.7900120082031115 0.8383749039408255
8.8578848796656473 -0.0365147391619608 0.0000495916017402 1.2491000252367881 0.7885938925255367 0.8371653203283437
8.8946682001122426 -0.0367978853880777 0.0000491427536899 1.2633202133037558 0.7871735252843730 0.8359518177393607
8.9314801454594228 -0.0370822758102205 0.0000486931084184 1.2776438181717076 0.7857509971542277 0.8347344531339840
8.9683191821305019 -0.0373679032939836 0.0000482426957204 1.2920704947145798 0.7843264077681895 0.8335132914415037
8.9814514704006179 -0.0374699721190513 0.0000480820304321 1.2972356680442583 0.7838183364546030 0.8330772770166385
8.9945837586707338 -0.0375721720254890 0.0000479213117287 1.3024126108784497 0.7833101435498175 0.8326408973770175
9.0042340464128277 -0.0376473232537660 0.0000478031767406 1.3062244006641606 0.7829366201017007 0.8323199906656833
9.0129811501999999 -0.0377154984157682 0.0000476960740244 1.3096849322417392 0.7825979999277629 0.8320289483609787
9.0499135119874925 -0.0380039917372770 0.0000472436077378 1.3243537154872553 0.7811676985865652 0.8307983256133833
9.0868309173106443 -0.0382934069220890 0.0000467909247428 1.3391096552324724 0.7797370935205906 0.8295653522312235
9.1237690218130165 -0.0385840264952568 0.0000463375997355 1.3539670572145306 0.7783048454602101 0.8283288576499420
9.1607262162538952 -0.0388758423317232 0.0000458836638082 1.3689254549330749 0.7768710580247086 0.8270889121006690
9.1977008502779238 -0.0391688458975465 0.0000454291486154 1.3839843467443265 0.7754358365785521 0.8258455877257864
9.2346911999783039 -0.0394630279852952 0.0000449740867685 1.3991431819850810 0.7739992894747458 0.8245989596790257
9.2384550012802258 -0.0394930204897096 0.0000449277644667 1.4006908524100810 0.7738530810597961 0.8244719593883574
9.2422188025821477 -0.0395230143839410 0.0000448814395434 1.4022394917813690 0.7737068655732804 0.8243449305957466
9.2469274855276407 -0.0395605464783375 0.0000448234807185 1.4041782729480283 0.7735239336856427 0.8241859718117058
9.2839825610244393 -0.0398565038245486 0.0000443671834776 1.4194884821144156 0.7720839808798055 0.8229334913083309
9.3210046139753882 -0.0401532590766582 0.0000439109661613 1.4348788636341956 0.7706446916074130 0.8216793930048910
9.3580367386897851 -0.0404511600241314 0.0000434543098261 1.4503672634035760 0.7692044332782287 0.8204222405832945
9.3950770115995805 -0.0407501954234718 0.0000429972497119 1.4659529624616807 0.7677633223511430 0.8191621182490439
9.4321237102945670 -0.0410503555423206 0.0000425398186020 1.4816353056426563 0.7663214674880833 0.8178991038965084
9.4691749303593387 -0.0413516290665861 0.0000420820515447 1.4974135404726399 0.7648789844382696 0.8166332821295026
9.4851124500523465 -0.0414814906733202 0.0000418850665118 1.5042294322366876 0.7642583730115226 0.8160879799714503
9.4996693810493529 -0.0416002756315676 0.0000417051028635 1.5104700943377494 0.7636914583085528 0.8155894902452997
9.5367420382976942 -0.0419035440210642 0.0000412466040097 1.5264289436581466 0.7622474190552752 0.8143181474657898
9.5737976608604161 -0.0422077589580868 0.0000407880681528 1.5424745100140589 0.7608037071719173 0.8130447918795074
9.6108504701821804 -0.0425130403294011 0.0000403293309812 1.5586128800301775 0.7593598101832092 0.8117689576115690
9.6478984785596911 -0.0428193755266794 0.0000398704285870 1.5748431610729807 0.7579158468083893 0.8104907345847145
9.6849396849247231 -0.0431267516940801 0.0000394113972133 1.5911644324407035 0.7564719361661051 0.8092102136756145
9.6909471041867370 -0.0431766873527411 0.0000393369330481 1.5938203049790989 0.7562377422074710 0.8090022988906589
9.6963924325451725 -0.0432219706131852 0.0000392694321461 1.5962298132040356 0.7560254570076352 0.8088137808517856
9.7335723570013766 -0.0435317945988114 0.0000388084328274 1.6127358547697483 0.7545759182416266 0.8075251624414177
9.7705919287959606 -0.0438413884838295 0.0000383492342787 1.6292647554597428 0.7531325117084309 0.8062396133500446
9.8075979217008893 -0.0441519764720569 0.0000378900283610 1.6458813798226033 0.7516895559476230 0.8049520746736877
9.8445882505126185 -0.0444635443700649 0.0000374308522273 1.6625846721816129 0.7502471725691650 0.8036626422515105
9.8815607179510021 -0.0447760768789023 0.0000369717443747 1.6793735029112147 0.7488054873092516 0.8023714162909349
9.8903636430668254 -0.0448506538529590 0.0000368624121126 1.6833846156883252 0.7484622352282391 0.8020636292425964
9.8991665681826486 -0.0449252595388612 0.0000367530752829 1.6874010326274311 0.7481189854174717 0.8017557066501633
9.9091441689673800 -0.0450098961182401 0.0000366291391052 1.6919598191779159 0.7477299358972660 0.8014065308244892
9.9460903681468054 -0.0453240098338985 0.0000361701305039 1.7088999406517629 0.7462893693677042 0.8001120557617890
9.9830046485546209 -0.0456389752887435 0.0000357113951716 1.7259187173824535 0.7448501565070813 0.7988163442373621
10.0198929832102195 -0.0459548458831810 0.0000352528698833 1.7430186671394690 0.7434121033515764 0.7975192121162279
10.0567530630712234 -0.0462716045364072 0.0000347945942179 1.7601984959337995 0.7419753385150187 0.7962207656188267
10.0692887165854987 -0.0463795885380907 0.0000346387191179 1.7660623167892773 0.7414867621592430 0.7957786579689182
10.0818243700997741 -0.0464877040050526 0.0000344828339087 1.7719368840344896 0.7409982134049516 0.7953362865590535
10.0870993272957463 -0.0465332236421464 0.0000344172364523 1.7744120927105085 0.7407926422359964 0.7951500596225378
10.0920941542359230 -0.0465763406225295 0.0000343551216978 1.7767576074783766 0.7405979927819921 0.7949736795075025
10.1287635822457851 -0.0468935238247468 0.0000338990635366 1.7940293890127916 0.7391691306096615 0.7936775154782753
10.1655291607230733 -0.0472126748139384 0.0000334417393943 1.8114387391325981 0.7377368194875152 0.7923757175463290
10.2022576787701524 -0.0475326455000635 0.0000329848163767 1.8289227771458951 0.7363062876090803 0.7910730165124631
10.2389467129486889 -0.0478534168393966 0.0000325283350157 1.8464800349408395 0.7348776659393119 0.7897695246100940
10.2512926741230928 -0.0479616155339872 0.0000323747184188 1.8524087760234744 0.7343970210531947 0.7893304068796363
10.2636386352974966 -0.0480699446402921 0.0000322210977458 1.8583479265568548 0.7339164239677007 0.7888910440688260
10.2693563325868524 -0.0481201444946947 0.0000321499525995 1.8611020095910127 0.7336938647838366 0.7886874822566639
10.2750740298762082 -0.0481703633668650 0.0000320788075775 1.8638583249200193 0.7334713161098899 0.7884838680854598
10.3117646490150463 -0.0484932869275851 0.0000316222525706 1.8815987910866911 0.7320434785274565 0.7871760291857072
10.3483243196876682 -0.0488162114037595 0.0000311673075168 1.8993673367357278 0.7306212165152376 0.7858707353474357
10.3848352723186217 -0.0491398606219809 0.0000307129591136 1.9172032221201882 0.7292013640578388 0.7845650851862755
10.4212952749404213 -0.0494642161498242 0.0000302592448892 1.9351049512523635 0.7277840419965699 0.7832591858084442
10.4290588148570453 -0.0495334321816771 0.0000301626350697 1.9389285267584495 0.7274823215503156 0.7829808511503652
10.4368223547736694 -0.0496027010193060 0.0000300660257867 1.9427562113765708 0.7271806279555284 0.7827024236719003
10.4420545639090694 -0.0496493989229335 0.0000300009181819 1.9453381830022205 0.7269773176951781 0.7825147262251874
10.4467670620925741 -0.0496914739857501 0.0000299422784120 1.9476652868282063 0.7267942126230652 0.7823456366205469
10.4831359594051694 -0.0500168462141569 0.0000294897343571 1.9656757199298527 0.7253814395044016 0.7810395377437600
10.5194489394047945 -0.0503428818664264 0.0000290379117926 1.9837483755743146 0.7239714778488748 0.7797334409850815
10.5557023105966241 -0.0506695486380417 0.0000285868658582 2.0018809501100878 0.7225645029001408 0.7784275068603994
10.5918937939646973 -0.0509968266065449 0.0000281366339570 2.0200718149003132 0.7211606343543935 0.7771218454378681
10.5997136946196697 -0.0510676956848726 0.0000280393589370 2.0240140293724638 0.7208573960400246 0.7768394758268247
10.6044388063077406 -0.0511105315884858 0.0000279805838003 2.0263980971557989 0.7206741833464892 0.7766688125155784
10.6088052049817154 -0.0511501280244125 0.0000279262720351 2.0286025257261722 0.7205048907329574 0.7765110760573858
10.6448536029803229 -0.0514776858406247 0.0000274779147881 2.0468515406604642 0.7191076582739436 0.7752077548733349
10.6808845009092632 -0.0518062569508817 0.0000270298409680 2.0651799964311857 0.7177118846512126 0.7739031709205669
10.7168454486044382 -0.0521353655248590 0.0000265827114371 2.0835608488070521 0.7163196322666696 0.7725992476281992
10.7527340961644970 -0.0524649899038034 0.0000261365637048 2.1019923319744742 0.7149310203633408 0.7712960985877406
10.7590452803311436 -0.0525230639994373 0.0000260581171697 2.1052426363456185 0.7146869156383807 0.7710667443038347
10.7653564644977902 -0.0525811643823142 0.0000259796745325 2.1084956449588548 0.7144428378675421 0.7708373335477531
10.8010919413234863 -0.0529108347893302 0.0000255355694303 2.1269659742887921 0.7130613302399899 0.7695372927001106
10.8368035950180666 -0.0532414651517970 0.0000250918622837 2.1455105514452408 0.7116816511575538 0.7682363295072636
10.8724353222763490 -0.0535725379549318 0.0000246492580633 2.1640998199609935 0.7103059959982594 0.7669365122735222
10.8851174816044303 -0.0536906608086615 0.0000244917529908 2.1707369395529077 0.7098165999930637 0.7664734546775912
10.8977996409325115 -0.0538089345157550 0.0000243342632393 2.1773849582845273 0.7093273278630848 0.7660101764937055
10.9009891947390329 -0.0538387040459581 0.0000242946571366 2.1790586451431579 0.7092042959422219 0.7658936277416304
10.9041787485455544 -0.0538684725984869 0.0000242550530885 2.1807330212219225 0.7090812717523626 0.7657770650929916
10.9081674984066090 -0.0539057117658636 0.0000242055271819 2.1828279100790726 0.7089274329641317 0.7656312761790978
10.9436959499043596 -0.0542380685179567 0.0000237644628641 2.2015349753650733 0.7075577220326683 0.7643317556228004
10.9790755796934469 -0.0545702199582163 0.0000233253787220 2.2202486027931041 0.7061947645152340 0.7630359839567893
11.0143661269188122 -0.0549027222845836 0.0000228875399061 2.2389994868753571 0.7048362791745083 0.7617418062759054
11.0261521067394224 -0.0550140334471637 0.0000227413473748 2.2452804801273274 0.7043828226681350 0.7613092214311467
11.0379380865600325 -0.0551254779619967 0.0000225951715710 2.2515708651017454 0.7039294865323230 0.7608764530615433
11.0426197279452705 -0.0551697719602616 0.0000225371132712 2.2540721453670027 0.7037494452106063 0.7607044974763212
11.0472654431362098 -0.0552137408992149 0.0000224795037754 2.2565556956413202 0.7035708043760720 0.7605338329400911
11.0823512590114674 -0.0555464793830746 0.0000220445075291 2.2753593021549281 0.7022222742112183 0.7592440102906532
11.1173696369331410 -0.0558797671397663 0.0000216105071875 2.2942096765273052 0.7008774455735995 0.7579550688468211
11.1522903066803778 -0.0562133151923562 0.0000211778841907 2.3130898881835629 0.6995375019396555 0.7566681492534206
11.1667181305120025 -0.0563514726695082 0.0000209991919082 2.3209144556878343 0.6989842277518166 0.7561359900807176
11.1751395994170313 -0.0564321924188932 0.0000208949054632 2.3254881168944346 0.6986613755287771 0.7558252482316015
11.1835610683220601 -0.0565129686140657 0.0000207906307316 2.3300665606553359 0.6983385915052084 0.7555144163405545
11.2182479758166558 -0.0568464129638632 0.0000203612484492 2.3489749618136480 0.6970098175844750 0.7542331964618254
11.2528748497704409 -0.0571804704698297 0.0000199327934366 2.3679314999106156 0.6956845364729134 0.7529526884453432
11.2873956094738883 -0.0575146957214137 0.0000195058414983 2.3869103151931963 0.6943645305544093 0.7516746215774682
11.2929559527088781 -0.0575686419651393 0.0000194370895147 2.3899747796092603 0.6941520291298154 0.7514686227247271
11.2971187986470536 -0.0576090405148405 0.0000193856214975 2.3922704050261583 0.6939929572095684 0.7513143732943097
11.3012816445852291 -0.0576494515571433 0.0000193341568683 2.3945671964005584 0.6938339032999978 0.7511601025865529
11.3358098012033928 -0.0579853089636409 0.0000189074033783 2.4136625485813736 0.6925153569459443 0.7498797084114690
11.3700682525063304 -0.0583197365754019 0.0000184841870994 2.4326879614695054 0.6912083714692933 0.7486078845241225
11.4042130271259392 -0.0586542453883067 0.0000180625836552 2.4517287066810054 0.6899069991482408 0.7473388761357517
11.4084883007922500 -0.0586962134463257 0.0000180098095960 2.4541183173868317 0.6897441451194400 0.7471798852477824
11.4116597346891311 -0.0587273578353560 0.0000179706635374 2.4558917434575149 0.6896233518296482 0.7470619304219475
11.4148311685860122 -0.0587585021477362 0.0000179315204042 2.4576658447522632 0.6895025695698533 0.7469439636373990
11.4200001147421748 -0.0588092841903775 0.0000178677272176 2.4605588021191362 0.6893057373540361 0.7467516704374059
11.4538947867525547 -0.0591429629451011 0.0000174495364828 2.4795734104061808 0.6880157849533723 0.7454899501929595
11.4877530252498019 -0.0594774708467964 0.0000170320154984 2.4986445163584694 0.6867285337703971 0.7442282383886440
11.5214907569102110 -0.0598119769675246 0.0000166162056116 2.5177241781172519 0.6854471956315991 0.7429696902895699
11.5256526431308401 -0.0598533153611330 0.0000165649280834 2.5200831289204357 0.6852892228622225 0.7428143446604202
11.5298145293514693 -0.0598946671823519 0.0000165136545633 2.5224432398822643 0.6851312706183746 0.7426589790835429
11.5631730716101604 -0.0602267708267441 0.0000161028132701 2.5414020142348086 0.6838659954098688 0.7414129679121870
11.5966343596638062 -0.0605610795398402 0.0000156909403906 2.5604940024656910 0.6825981811155543 0.7401618453970309
11.6078345609263511 -0.0606732456171258 0.0000155531311395 2.5669012248767031 0.6821741247371679 0.7397427854308432
11.6190347621888961 -0.0607855455530324 0.0000154153489902 2.5733168350553681 0.6817502242463300 0.7393235843997721
11.6256398810401720 -0.0608518353077405 0.0000153341072173 2.5771042577189527 0.6815003099231646 0.7390763021323862
11.6322449998914479 -0.0609181591558705 0.0000152528762853 2.5808945964186689 0.6812504500056367 0.7388289710542969
11.6391248617335616 -0.0609872828209917 0.0000151682775979 2.5848456960777693 0.6809902551755335 0.7385713003070092
11.6721904199350721 -0.0613202105132744 0.0000147618313892 2.6038793425442828 0.6797405598637442 0.7373321649925132
11.7052296724805753 -0.0616540530991452 0.0000143559550753 2.6229707645342226 0.6784932586681987 0.7360928097088185
11.7164125146710809 -0.0617673178258507 0.0000142186343310 2.6294491664020518 0.6780714037806198 0.7356730524255720
11.7275953568615865 -0.0618807189007469 0.0000140813426494 2.6359359106954448 0.6776497126071973 0.7352531588455022
11.7401041280583200 -0.0620076906618837 0.0000139278110436 2.6432016586063920 0.6771782164216488 0.7347833182705953
11.7513702979978234 -0.0621221946593470 0.0000137895627244 2.6497545684196839 0.6767537350319331 0.7343600058601492
11.7840297668649381 -0.0624549183342422 0.0000133889661778 2.6687985870730793 0.6755241641109678 0.7331320941494988
11.8166073043588238 -0.0627879815229814 0.0000129896320733 2.6878656139119799 0.6742991119456792 0.7319061269913533
11.8309571731772909 -0.0629350396490124 0.0000128138174299 2.6962867402091431 0.6737599558613887 0.7313657515480598
11.8445200860464581 -0.0630742275564189 0.0000126476934261 2.7042586423545467 0.6732506277552569 0.7308548109968899
11.8767814665005389 -0.0634061342833459 0.0000122527292908 2.7232701473076553 0.6720401429444613 0.7296386888509186
11.9089530915737125 -0.0637382848882797 0.0000118591289428 2.7422976573487099 0.6708344818492449 0.7284248718395770
11.9114649128286239 -0.0637642670641543 0.0000118284096039 2.7437861371028580 0.6707404108181438 0.7283300572454454
11.9139767340835352 -0.0637902509638652 0.0000117976924724 2.7452750359313756 0.6706463486496880 0.7282352361544385
11.9168768160645655 -0.0638202582144656 0.0000117622295415 2.7469946001150380 0.6705377581197185 0.7281257501684772
11.9458776358748686 -0.0641208568414736 0.0000114077216437 2.7642209574863110 0.6694525157769465 0.7270304158047624
11.9777240270833776 -0.0644520574122946 0.0000110186864744 2.7832018753307226 0.6682621897706962 0.7258266192748110
11.9894322075726016 -0.0645741146792201 0.0000108757280045 2.7901970361779482 0.6678249440839616 0.7253837909723481
11.9956683088350502 -0.0646391902662841 0.0000107995995310 2.7939265625993142 0.6675921371473209 0.7251478720189566
11.9996979720902921 -0.0646812571432073 0.0000107504130318 2.7963378908078687 0.6674417315360479 0.7249954043971736
12.0033743925135106 -0.0647196497899348 0.0000107055424255 2.7985387794720684 0.6673045314133944 0.7248562879657889
12.0346880801193095 -0.0650472914863470 0.0000103235101183 2.8173210196358092 0.6661367505072849 0.7236708244956475
12.0661169732909830 -0.0653772864448912 0.0000099403458569 2.8362376671900202 0.6649661487593924 0.7224800204283919
12.0724008714342244 -0.0654434043438479 0.0000098637691769 2.8400277090631838 0.6647322773540777 0.7222418140053766
12.0762972878544783 -0.0654844249250045 0.0000098162923678 2.8423790885777507 0.6645872923156338 0.7220940913983728
12.0801937042747323 -0.0655254554331092 0.0000097688206811 2.8447314727200292 0.6644423301664364 0.7219463539002540
12.0839808697795501 -0.0655653503287713 0.0000097226844061 2.8470188614716831 0.6643014546772846 0.7218027445280317
12.1151240178381805 -0.0658940607167379 0.0000093434453074 2.8658648141887113 0.6631438197067128 0.7206212649096421
12.1461488947587384 -0.0662226651022691 0.0000089659243400 2.8847029535880004 0.6619920683582321 0.7194433369770694
12.1507043398719201 -0.0662710112234899 0.0000089105157686 2.8874743506054421 0.6618230804061296 0.7192703013904580
12.1537866077845180 -0.0663037354966289 0.0000088730292616 2.8893502880790281 0.6617087595199805 0.7191532121780573
12.1568688756971159 -0.0663364646794142 0.0000088355462137 2.8912268530761751 0.6615944533328934 0.7190361138577590
12.1876233910146290 -0.0666636558140568 0.0000084616980609 2.9099853614486579 0.6604547366248886 0.7178672232223312
12.2182666824225645 -0.0669907957369216 0.0000080894818846 2.9287381168229119 0.6593206307884247 0.7167016671204386
12.2227751474135005 -0.0670390227912877 0.0000080347425259 2.9315023864034653 0.6591538992606728 0.7165301072896395
12.2258325364085128 -0.0670717404309599 0.0000079976249800 2.9333777222723607 0.6590408497582130 0.7164137541396272
12.2288899254035250 -0.0671044633023663 0.0000079605109022 2.9352536745287252 0.6589278150975514 0.7162973922185069
12.2592213061897031 -0.0674297125665277 0.0000075924679095 2.9538977786444933 0.6578072499142271 0.7151425292704401
12.2894709125808568 -0.0677552052461101 0.0000072256981732 2.9725519895968131 0.6566911925369099 0.7139899286834519
12.2932409469745423 -0.0677958504734304 0.0000071800071856 2.9748811030261222 0.6565522021652616 0.7138462199012815
12.2970109813682278 -0.0678365051441903 0.0000071343214648 2.9772111521807223 0.6564132349177035 0.7137024980497684
12.3015903978422365 -0.0678859106538992 0.0000070788335950 2.9800426940087479 0.6562444644301941 0.7135279032432480
12.3312008087702782 -0.0682059915343494 0.0000067202086119 2.9983846957675655 0.6551540333268708 0.7123985136741218
12.3401607868731222 -0.0683030609529105 0.0000066117446794 3.0039462711305962 0.6548243602675502 0.7120566080057609
12.3491207649759662 -0.0684002303387941 0.0000065033061710 3.0095131259042844 0.6544948210268309 0.7117146295498510
12.3549104219718284 -0.0684630714161563 0.0000064332501691 3.0131130602946956 0.6542819544556346 0.7114936151726359
12.3580860732602762 -0.0684975577958699 0.0000063948286888 3.0150885753225642 0.6541652200800435 0.7113723750025123
12.3612617245487240 -0.0685320498472937 0.0000063564111543 3.0170647532547372 0.6540485024344983 0.7112511257369454
12.3669535360752434 -0.0685939023265511 0.0000062875623761 3.0206083727227120 0.6538393483794782 0.7110337844382723
12.3964527381390361 -0.0689151191992673 0.0000059309033303 3.0390081506082427 0.6527562312776367 0.7099068942801421
12.4061174421975604 -0.0690205964935004 0.0000058141136384 3.0450488260929629 0.6524016945220589 0.7095375267467044
12.4157821462560847 -0.0691261918586550 0.0000056973542683 3.0510956344232900 0.6520473167813131 0.7091680761811432
12.4238398487011796 -0.0692143101488949 0.0000056000333683 3.0561416948400599 0.6517519849611800 0.7088599928234179
12.4318975511462746 -0.0693025033476579 0.0000055027344679 3.0611920163605530 0.6514567640773513 0.7085518520389453
12.4609948871493330 -0.0696216679479442 0.0000051515539530 3.0794648005107015 0.6503916154238033 0.7074386425430184
12.4725281120538032 -0.0697484737741863 0.0000050124349812 3.0867228953284753 0.6499698305751691 0.7069971977255802
12.4756012459876224 -0.0697822911423675 0.0000049753729040 3.0886583528414575 0.6498574810872702 0.7068795511159900
12.4786743799214417 -0.0698161176949647 0.0000049383142808 3.0905944293980094 0.6497451479495082 0.7067618962839064
12.4818309820177884 -0.0698508722590948 0.0000049002527549 3.0925837353998475 0.6496297808040479 0.7066410373207058
12.5099758287597602 -0.0701613179155737 0.0000045610364758 3.1103496175928314 0.6486019154711715 0.7055630545503282
