0.0000831794489777 -0.0000000000002138 0.0004481644396945 0.0000000000000032 0.9999999999151020 0.9999999999510819
0.0001123677292419 -0.0000000000003902 0.0004481644396377 0.0000000000000079 0.9999999998440383 0.9999999999107233
0.0001476763733097 -0.0000000000006740 0.0004481644395463 0.0000000000000180 0.9999999997297200 0.9999999998457991
0.0001896190663629 -0.0000000000011113 0.0004481644394055 0.0000000000000380 0.9999999995535813 0.9999999997457655
0.0002386860274036 -0.0000000000017608 0.0004481644391964 0.0000000000000758 0.9999999992919256 0.9999999995971642
0.0002953573426518 -0.0000000000026962 0.0004481644388951 0.0000000000001436 0.9999999989151112 0.9999999993831611
0.0003600877343401 -0.0000000000040075 0.0004481644384729 0.0000000000002603 0.9999999983868697 0.9999999990831584
0.0004333270805520 -0.0000000000058035 0.0004481644378945 0.0000000000004535 0.9999999976633798 0.9999999986722684
0.0005154982688145 -0.0000000000082132 0.0004481644371185 0.0000000000007636 0.9999999966926605 0.9999999981209701
0.0006070089531412 -0.0000000000113881 0.0004481644360961 0.0000000000012467 0.9999999954137248 0.9999999973946270
0.0007082597517944 -0.0000000000155041 0.0004481644347707 0.0000000000019804 0.9999999937556627 0.9999999964529676
0.0008196410663287 -0.0000000000207639 0.0004481644330769 0.0000000000030693 0.9999999916368367 0.9999999952496273
0.0009415336867449 -0.0000000000273989 0.0004481644309403 0.0000000000046524 0.9999999889640294 0.9999999937316657
0.0010742990136689 -0.0000000000356707 0.0004481644282766 0.0000000000069110 0.9999999856318610 0.9999999918392345
0.0012182968391291 -0.0000000000458742 0.0004481644249908 0.0000000000100792 0.9999999815215828 0.9999999895048930
0.0013738784936421 -0.0000000000583390 0.0004481644209769 0.0000000000144548 0.9999999765003478 0.9999999866531938
0.0015413816458248 -0.0000000000734315 0.0004481644161167 0.0000000000204125 0.9999999704205648 0.9999999832003156
0.0017211440730119 -0.0000000000915581 0.0004481644102796 0.0000000000284196 0.9999999631185845 0.9999999790533176
0.0019134778938807 -0.0000000001131642 0.0004481644033219 0.0000000000390514 0.9999999544149092 0.9999999741102578
0.0021187223654664 -0.0000000001387427 0.0004481643950850 0.0000000000530137 0.9999999441110164 0.9999999682583898
0.0023371751691522 -0.0000000001688281 0.0004481643853968 0.0000000000711606 0.9999999319916316 0.9999999613754531
0.0025691398514558 -0.0000000002040035 0.0004481643740695 0.0000000000945212 0.9999999178217883 0.9999999533280038
0.0028149253685147 -0.0000000002449040 0.0004481643608986 0.0000000001243273 0.9999999013456913 0.9999999439707686
0.0030748229569542 -0.0000000002922149 0.0004481643456634 0.0000000001620415 0.9999998822872790 0.9999999331469644
0.0033491260873963 -0.0000000003466771 0.0004481643281254 0.0000000002093922 0.9999998603480900 0.9999999206870867
0.0036381071213550 -0.0000000004090846 0.0004481643080287 0.0000000002684061 0.9999998352082632 0.9999999064094770
0.0039420567461883 -0.0000000004802948 0.0004481642850974 0.0000000003414558 0.9999998065224023 0.9999998901179752
0.0042612445241523 -0.0000000005612225 0.0004481642590368 0.0000000004312958 0.9999997739220285 0.9999998716033119
0.0045959477499684 -0.0000000006528484 0.0004481642295312 0.0000000005411169 0.9999997370120653 0.9999998506411120
0.0049464305713871 -0.0000000007562162 0.0004481641962444 0.0000000006745927 0.9999996953720403 0.9999998269925769
0.0053129545642879 -0.0000000008724376 0.0004481641588184 0.0000000008359382 0.9999996485542048 0.9999998004034181
0.0056957707832519 -0.0000000010026911 0.0004481641168738 0.0000000010299671 0.9999995960837389 0.9999997706039710
0.0060951496399478 -0.0000000011482352 0.0004481640700053 0.0000000012621732 0.9999995374536846 0.9999997373063203
0.0065113227719191 -0.0000000013103900 0.0004481640177877 0.0000000015387692 0.9999994721323433 0.9999997002084986
0.0069445620258949 -0.0000000014905681 0.0004481639597662 0.0000000018668111 0.9999993995505835 0.9999996589872800
0.0073951063524417 -0.0000000016902499 0.0004481638954641 0.0000000022542342 0.9999993191120736 0.9999996133039903
0.0078631844588799 -0.0000000019109925 0.0004481638243799 0.0000000027099491 0.9999992301895982 0.9999995628024156
0.0083490411722392 -0.0000000021544441 0.0004481637459829 0.0000000032439603 0.9999991321191601 0.9999995071054525
0.0088529216431332 -0.0000000024223407 0.0004481636597141 0.0000000038674575 0.9999990242014476 0.9999994458159409
0.0093750518953995 -0.0000000027164976 0.0004481635649888 0.0000000045928969 0.9999989057052612 0.9999993785186113
0.0099156613353823 -0.0000000030388222 0.0004481634611929 0.0000000054341382 0.9999987758621371 0.9999993047770298
0.0104749823523521 -0.0000000033913177 0.0004481633476813 0.0000000064065687 0.9999986338651821 0.9999992241329372
0.0110532305549566 -0.0000000037760722 0.0004481632237815 0.0000000075271962 0.9999984788732356 0.9999991361086130
0.0116506468575944 -0.0000000041952888 0.0004481630887842 0.0000000088148641 0.9999983099988202 0.9999990402000314
0.0122674423910150 -0.0000000046512512 0.0004481629419539 0.0000000102902882 0.9999981263220039 0.9999989358847341
0.0129038257285871 -0.0000000051463422 0.0004481627825233 0.0000000119762505 0.9999979268828552 0.9999988226175458
0.0135600309742105 -0.0000000056830697 0.0004481626096848 0.0000000138978427 0.9999977106711436 0.9999986998247244
0.0142362562952176 -0.0000000062640202 0.0004481624226054 0.0000000160824675 0.9999974766449579 0.9999985669145348
0.0149327242174602 -0.0000000068919096 0.0004481622204107 0.0000000185601873 0.9999972237102399 0.9999984232656256
0.0156496351062536 -0.0000000075695460 0.0004481620021963 0.0000000213637653 0.9999969507357470 0.9999982682355262
0.0163872007533099 -0.0000000082998619 0.0004481617670180 0.0000000245289747 0.9999966565402528 0.9999981011533782
0.0171456282651901 -0.0000000090859017 0.0004481615138953 0.0000000280947519 0.9999963398973236 0.9999979213226476
0.0179251309558461 -0.0000000099308359 0.0004481612418072 0.0000000321034653 0.9999959995298168 0.9999977280180004
0.0187259006077701 -0.0000000108379328 0.0004481609497014 0.0000000366009998 0.9999956341211145 0.9999975204916821
0.0195481334897775 -0.0000000118105877 0.0004481606364845 0.0000000416371115 0.9999952423035403 0.9999972979669396
0.0203920321425553 -0.0000000128523283 0.0004481603010204 0.0000000472657025 0.9999948226559611 0.9999970596366581
0.0212577907442741 -0.0000000139668003 0.0004481599421351 0.0000000535449925 0.9999943737098038 0.9999968046667792
0.0221456137998915 -0.0000000151577931 0.0004481595586085 0.0000000605379234 0.9999938939385777 0.9999965321903493
0.0230556742975651 -0.0000000164291858 0.0004481591491913 0.0000000683121108 0.9999933817796660 0.9999962413198956
0.0239881971956984 -0.0000000177850647 0.0004481587125677 0.0000000769408374 0.9999928355869873 0.9999959311205412
0.0249433559991133 -0.0000000192295815 0.0004481582474008 0.0000000865024846 0.9999922536880929 0.9999956006424323
0.0259213346420946 -0.0000000207670402 0.0004481577523045 0.0000000970813577 0.9999916343492262 0.9999952489008932
0.0269223219642985 -0.0000000224018933 0.0004481572258450 0.0000001087679979 0.9999909757767448 0.9999948748772347
0.0279465073613906 -0.0000000241387388 0.0004481566665418 0.0000001216595004 0.9999902761184740 0.9999944775195220
0.0289940743649549 -0.0000000259823113 0.0004481560728702 0.0000001358597975 0.9999895334671842 0.9999940557445492
0.0300651949775724 -0.0000000279374722 0.0004481554432647 0.0000001514799267 0.9999887458645174 0.9999936084400693
0.0311600816810652 -0.0000000300093091 0.0004481547760871 0.0000001686392092 0.9999879112611333 0.9999931344421595
0.0322788878079219 -0.0000000322029527 0.0004481540696851 0.0000001874641606 0.9999870275901391 0.9999926325769234
0.0334218102404163 -0.0000000345237720 0.0004481533223298 0.0000002080904877 0.9999860926887764 0.9999921016160144
0.0345890243638819 -0.0000000369772529 0.0004481525322546 0.0000002306625028 0.9999851043472012 0.9999915403043393
0.0357806891772960 -0.0000000395690044 0.0004481516976535 0.0000002553335569 0.9999840603059366 0.9999909473586108
0.0369969848278886 -0.0000000423048412 0.0004481508166538 0.0000002822672541 0.9999829582227131 0.9999903214485140
0.0382380974482982 -0.0000000451907579 0.0004481498873253 0.0000003116377270 0.9999817956826688 0.9999896612024995
0.0395041942440726 -0.0000000482328739 0.0004481489076975 0.0000003436295520 0.9999805702208056 0.9999889652205365
0.0407954461642048 -0.0000000514374854 0.0004481478757427 0.0000003784387567 0.9999792793008514 0.9999882320621065
0.0421120393067960 -0.0000000548110993 0.0004481467893658 0.0000004162737354 0.9999779203016459 0.9999874602384714
0.0434541286021482 -0.0000000583603178 0.0004481456464406 0.0000004573544980 0.9999764905636533 0.9999866482390886
0.0448218655238633 -0.0000000620919050 0.0004481444447891 0.0000005019138869 0.9999749873621682 0.9999857945163925
0.0462154405990608 -0.0000000660129091 0.0004481431821417 0.0000005501996487 0.9999734078580110 0.9999848974577928
0.0476350238554346 -0.0000000701305067 0.0004481418561873 0.0000006024732160 0.9999717491602990 0.9999839554213225
0.0490807674103784 -0.0000000744520044 0.0004481404645731 0.0000006590102406 0.9999700083257435 0.9999829667352382
0.0505528442434452 -0.0000000789849548 0.0004481390048672 0.0000007201027002 0.9999681823120280 0.9999819296715411
0.0520514180803570 -0.0000000837370714 0.0004481374745856 0.0000007860584714 0.9999662680119599 0.9999808424653709
0.0535766535544588 -0.0000000887162611 0.0004481358711823 0.0000008572024099 0.9999642622405374 0.9999797033076608
0.0551287075420720 -0.0000000939305974 0.0004481341920575 0.0000009338766514 0.9999621617455912 0.9999785103511792
0.0567077394990122 -0.0000000993883557 0.0004481324345464 0.0000010164418054 0.9999599631936232 0.9999772617024857
0.0583139159992150 -0.0000001050980337 0.0004481305959127 0.0000011052780194 0.9999576631616560 0.9999759554173008
0.0599473977825006 -0.0000001110683094 0.0004481286733620 0.0000012007851085 0.9999552581540508 0.9999745895100561
0.0616083246936952 -0.0000001173079837 0.0004481266640604 0.0000013033823290 0.9999527446256948 0.9999731619670619
0.0632968694283567 -0.0000001238261822 0.0004481245650693 0.0000014135124549 0.9999501189005984 0.9999716707002729
0.0650131908483002 -0.0000001306321880 0.0004481223733995 0.0000015316399211 0.9999473772394982 0.9999701135856819
0.0667574320345820 -0.0000001377354285 0.0004481200860154 0.0000016582513264 0.9999445158449134 0.9999684884661889
0.0685297574889716 -0.0000001451456273 0.0004481176997859 0.0000017938589573 0.9999415308000572 0.9999667931169046
0.0703303179903012 -0.0000001528726659 0.0004481152115292 0.0000019389992478 0.9999384181245877 0.9999650252768120
0.0721592764516989 -0.0000001609266941 0.0004481126179770 0.0000020942357141 0.9999351737301323 0.9999631826235038
0.0740167665141367 -0.0000001693179499 0.0004481099158326 0.0000022601564223 0.9999317934927366 0.9999612628143282
0.0759029562481985 -0.0000001780570443 0.0004481071016793 0.0000024373804693 0.9999282731382053 0.9999592634212651
0.0778179837765702 -0.0000001871546746 0.0004481041720726 0.0000026265533200 0.9999246083576880 0.9999571819965709
0.0797620083706769 -0.0000001966218610 0.0004481011234640 0.0000028283525799 0.9999207947122589 0.9999550160185819
0.0817351742013280 -0.0000002064697786 0.0004480979522552 0.0000030434855829 0.9999168277005096 0.9999527629301008
0.0837376369482670 -0.0000002167098893 0.0004480946547556 0.0000032726932396 0.9999127027056957 0.9999504201083751
0.0857695261841537 -0.0000002273537514 0.0004480912272433 0.0000035167468857 0.9999084150721174 0.9999479849084754
0.0878309950606013 -0.0000002384132761 0.0004480876658831 0.0000037764551114 0.9999039600020420 0.9999454546047482
0.0899222215673852 -0.0000002499007518 0.0004480839667183 0.0000040526658353 0.9998993325458113 0.9999428263851937
0.0920432926139203 -0.0000002618282036 0.0004480801258770 0.0000043462519436 0.9998945278598109 0.9999400974979787
0.0941944027098080 -0.0000002742084929 0.0004480761392178 0.0000046581390644 0.9998895407636097 0.9999372649999054
0.0963756750645926 -0.0000002870543259 0.0004480720026497 0.0000049892826818 0.9998843661393846 0.9999343259832648
0.0985872610928576 -0.0000003003788143 0.0004480677119508 0.0000053406831977 0.9998789987058685 0.9999312774474440
0.1008293022477239 -0.0000003141952600 0.0004480632628383 0.0000057133818099 0.9998734331053817 0.9999281163483524
0.1031019325684434 -0.0000003285171665 0.0004480586509642 0.0000061084619985 0.9998676638989837 0.9999248395956639
0.1054053016458834 -0.0000003433583860 0.0004480538718684 0.0000065270549216 0.9998616855072795 0.9999214440191910
0.1077395541945757 -0.0000003587329975 0.0004480489210179 0.0000069703375372 0.9998554922596929 0.9999179263968665
0.1101048148243419 -0.0000003746552017 0.0004480437938404 0.0000074395308268 0.9998490784365203 0.9999142834786233
0.1125012408613929 -0.0000003911396768 0.0004480384856099 0.0000079359116180 0.9998424381258948 0.9999105119051485
0.1149289628664624 -0.0000004082011823 0.0004480329915744 0.0000084608024743 0.9998355653831527 0.9999066082983930
0.1173881254615429 -0.0000004258548384 0.0004480273068657 0.0000090155814781 0.9998284541185132 0.9999025691977717
0.1198788569813087 -0.0000004441159138 0.0004480214265677 0.0000096016772393 0.9998210981823005 0.9998983911085605
0.1224012945818643 -0.0000004630000062 0.0004480153456586 0.0000102205760436 0.9998134912924392 0.9998940704607092
0.1249555852981072 -0.0000004825230599 0.0004480090590050 0.0000108738242662 0.9998056270273811 0.9998896036048166
0.1275418531630831 -0.0000005027011166 0.0004480025614423 0.0000115630217100 0.9997974989262667 0.9998849868690147
0.1301602644829694 -0.0000005235508254 0.0004479958476101 0.0000122898406122 0.9997891002837854 0.9998802164424418
0.1328109098608450 -0.0000005450885109 0.0004479889122527 0.0000130559950883 0.9997804245253135 0.9998752885883140
0.1354939379696931 -0.0000005673312342 0.0004479817498774 0.0000138632796047 0.9997714647796921 0.9998701994012551
0.1382094844371099 -0.0000005902962358 0.0004479743549337 0.0000147135515969 0.9997622141035839 0.9998649449347217
0.1409577053176727 -0.0000006140012189 0.0004479667217222 0.0000156087437355 0.9997526653673219 0.9998595211361567
0.1437387020705757 -0.0000006384637035 0.0004479588446025 0.0000165508413413 0.9997428115152053 0.9998539239948312
0.1465526243904528 -0.0000006637019129 0.0004479507177080 0.0000175419176835 0.9997326452082614 0.9998481493389193
0.1493996046443316 -0.0000006897342131 0.0004479423351261 0.0000185841148278 0.9997221590501887 0.9998421929638267
0.1522797514851102 -0.0000007165790401 0.0004479336909217 0.0000196796420667 0.9997113456165830 0.9998360506487833
0.1551932220086930 -0.0000007442555732 0.0004479247789205 0.0000208308053302 0.9997001971837607 0.9998297180027963
0.1581401395028437 -0.0000007727829774 0.0004479155929529 0.0000220399786053 0.9996887060338975 0.9998231906379663
0.1611206302995555 -0.0000008021807426 0.0004479061267450 0.0000233096195758 0.9996768643185192 0.9998164640919354
0.1641348225814956 -0.0000008324686761 0.0004478963739205 0.0000246422715570 0.9996646640612602 0.9998095338294414
0.1671828465361445 -0.0000008636669093 0.0004478863279988 0.0000260405660059 0.9996520971555154 0.9998023952409725
0.1702648352077956 -0.0000008957959104 0.0004478759823914 0.0000275072254436 0.9996391553590400 0.9997950436396863
0.1733809081522464 -0.0000009288763152 0.0004478653304554 0.0000290450578901 0.9996258303623328 0.9997874743002412
0.1765311975109482 -0.0000009629292007 0.0004478543654065 0.0000306569716584 0.9996121136782985 0.9997796823961062
0.1797158354066903 -0.0000009979759600 0.0004478430803584 0.0000323459721726 0.9995979966926851 0.9997716630281963
0.1829349363234782 -0.0000010340381056 0.0004478314683865 0.0000341151546551 0.9995834707432421 0.9997634112698259
0.1861886450065061 -0.0000010711378060 0.0004478195223554 0.0000359677327051 0.9995685269038528 0.9997549220440655
0.1894770706042594 -0.0000011092971469 0.0004478072351562 0.0000379070044457 0.9995531562817760 0.9997461902925796
0.1928003321389050 -0.0000011485386398 0.0004477945995431 0.0000399363797622 0.9995373498130187 0.9997372108593688
0.1961585698674302 -0.0000011888853719 0.0004477816080853 0.0000420593912945 0.9995210982018905 0.9997279784564126
0.1995518937166984 -0.0000012303603953 0.0004477682533634 0.0000442796652131 0.9995043921671338 0.9997184878034748
0.2029804393533752 -0.0000012729874004 0.0004477545277525 0.0000466009592291 0.9994872221705148 0.9997087334739013
0.2064443131943258 -0.0000013167900448 0.0004477404236385 0.0000490271292313 0.9994695786873292 0.9996987100482735
0.2099436609397997 -0.0000013617928129 0.0004477259331415 0.0000515621791837 0.9994514518600235 0.9996884119176102
0.2134785870796158 -0.0000014080199997 0.0004477110484426 0.0000542102075631 0.9994328319076289 0.9996778335159501
0.2170492248764154 -0.0000014554966066 0.0004476957614955 0.0000569754603150 0.9994137087649291 0.9996669691153371
0.2206556922744193 -0.0000015042477745 0.0004476800642096 0.0000598623016935 0.9993940723107824 0.9996558129555129
0.2242981151051916 -0.0000015542990908 0.0004476639483505 0.0000628752348723 0.9993739122444747 0.9996443591736461
0.2279765985501686 -0.0000016056761991 0.0004476474056659 0.0000660188813756 0.9993532182430088 0.9996326018936741
0.2316912875077786 -0.0000016584056417 0.0004476304276147 0.0000692980355192 0.9993319796216747 0.9996205350334307
0.2354422749891388 -0.0000017125135759 0.0004476130057797 0.0000727175885015 0.9993101858512171 0.9996081525984517
0.2392297087829076 -0.0000017680272920 0.0004475951313792 0.0000762826261106 0.9992878259462994 0.9995954483345009
0.2430536809127037 -0.0000018249736209 0.0004475767957800 0.0000799983311876 0.9992648891070793 0.9995824160920634
0.2469143228629345 -0.0000018833803222 0.0004475579900498 0.0000838700754580 0.9992413641598795 0.9995690495085254
0.2508117455711732 -0.0000019432752049 0.0004475387052409 0.0000879033660951 0.9992172399117237 0.9995553422095832
0.2547460695666398 -0.0000020046865782 0.0004475189322449 0.0000921038786075 0.9991925049683411 0.9995412877058085
0.2587174059904915 -0.0000020676429632 0.0004474986618854 0.0000964774407553 0.9991671478506755 0.9995268794588181
0.2627258821250066 -0.0000021321734975 0.0004474778847879 0.0001010300640015 0.9991411568317782 0.9995121107885637
0.2667716123144004 -0.0000021983074785 0.0004474565915268 0.0001057679154486 0.9991145201207371 0.9994969749778098
0.2708547230615898 -0.0000022660747696 0.0004474347724946 0.0001106973500538 0.9990872256991578 0.9994814651791859
0.2749753148023325 -0.0000023355051691 0.0004474124181052 0.0001158248683974 0.9990592615754073 0.9994655745596247
0.2791335186479127 -0.0000024066293569 0.0004473895184891 0.0001211571894726 0.9990306154031997 0.9994492960835893
0.2833294436537126 -0.0000024794780142 0.0004473660637767 0.0001267011897768 0.9990012748363311 0.9994326227146150
0.2875632107744184 -0.0000025540823998 0.0004473420439128 0.0001324639498799 0.9989712272964227 0.9994155472832907
0.2918349083671847 -0.0000026304735666 0.0004473174489091 0.0001384526975429 0.9989404602886087 0.9993980626666209
0.2961446818835002 -0.0000027086839605 0.0004472922683293 0.0001446749363626 0.9989089607576400 0.9993801614220673
0.3004926291188303 -0.0000027887455553 0.0004472664918894 0.0001511383040221 0.9988767158389529 0.9993618362143322
0.3048788586932821 -0.0000028706908919 0.0004472401091235 0.0001578506570435 0.9988437124401638 0.9993430795774864
0.3093034845685346 -0.0000029545529906 0.0004472131094117 0.0001648200685785 0.9988099372765488 0.9993238839350859
0.3137666248806105 -0.0000030403653377 0.0004471854819847 0.0001720548319979 0.9987753768763493 0.9993042416031415
0.3182683917215898 -0.0000031281616929 0.0004471572159858 0.0001795634489855 0.9987400176583854 0.9992841448341827
0.3228089023581089 -0.0000032179763067 0.0004471283004007 0.0001873546520944 0.9987038458445214 0.9992635857674618
0.3273882527893743 -0.0000033098433958 0.0004470987242267 0.0001954373632041 0.9986668476709983 0.9992425565490214
0.3320065575240244 -0.0000034037979301 0.0004470684762191 0.0002038207659618 0.9986290090715030 0.9992210491515109
0.3366639538845242 -0.0000034998757504 0.0004470375448538 0.0002125143231851 0.9985903156297823 0.9991990553471911
0.3413605526203705 -0.0000035981125634 0.0004470059186500 0.0002215276915504 0.9985507529843969 0.9991765669379428
0.3460964399008251 -0.0000036985439486 0.0004469735861691 0.0002308707234305 0.9985103068260551 0.9991535757537113
0.3508717079102110 -0.0000038012059864 0.0004469405358115 0.0002405535277858 0.9984689626445884 0.9991300735086323
0.3556865001268967 -0.0000039061362619 0.0004469067554941 0.0002505865720981 0.9984267053246828 0.9991060515711537
0.3605408961398744 -0.0000040133713822 0.0004468722334495 0.0002609804519893 0.9983835201460389 0.9990815015325271
0.3654350336415526 -0.0000041229496321 0.0004468369573708 0.0002717461497059 0.9983393917135388 0.9990564145985815
0.3703690064579227 -0.0000042349087347 0.0004468009151329 0.0002828948228912 0.9982943048593211 0.9990307821024716
0.3753429313213302 -0.0000043492873330 0.0004467640943153 0.0002944379535688 0.9982482440462098 0.9990045951654705
0.3803569075842540 -0.0000044661240814 0.0004467264824946 0.0003063872630997 0.9982011937334117 0.9989778449048070
0.3854110372502546 -0.0000045854580976 0.0004466880670995 0.0003187547616250 0.9981531381947902 0.9989505223302874
0.3905054613098781 -0.0000047073298429 0.0004466488351268 0.0003315528466397 0.9981040611641787 0.9989226181425535
0.3956402485237076 -0.0000048317784732 0.0004466087739945 0.0003447940308800 0.9980539469024553 0.9988941233397245
0.4008155121031543 -0.0000049588446098 0.0004465678706499 0.0003584912363014 0.9980027790815130 0.9988650285827838
0.4060313718051513 -0.0000050885694631 0.0004465261118519 0.0003726577103669 0.9979505411373437 0.9988353243962459
0.4112879226291671 -0.0000052209940515 0.0004464834844219 0.0003873069457265 0.9978972165845702 0.9988050013469340
0.4165852699482058 -0.0000053561600656 0.0004464399749662 0.0004024527787766 0.9978427886685037 0.9987740498460576
0.4219235494052486 -0.0000054941104042 0.0004463955697033 0.0004181094581991 0.9977872401493569 0.9987424600264038
0.4273028311777806 -0.0000056348867050 0.0004463502552588 0.0004342913706354 0.9977305542966523 0.9987102223077626
0.4327232117560649 -0.0000057785316856 0.0004463040179119 0.0004510133083370 0.9976727139464613 0.9986773268607241
0.4381848247749722 -0.0000059250894817 0.0004462568434866 0.0004682905196803 0.9976137013655815 0.9986437635293156
0.4436877604430872 -0.0000060746035076 0.0004462087180402 0.0004861384654666 0.9975534991126689 0.9986095223206659
0.4492321290228178 -0.0000062271181430 0.0004461596273208 0.0005045730212752 0.9974920893594781 0.9985745930188827
0.4548180356328558 -0.0000063826780621 0.0004461095569829 0.0005236104048795 0.9974294541608234 0.9985389653384960
0.4604455530987825 -0.0000065413274569 0.0004460584928378 0.0005432670843777 0.9973655757674782 0.9985026291023594
0.4661148244466355 -0.0000067031129252 0.0004460064199237 0.0005635601417690 0.9973004354632344 0.9984655735800341
0.4718259473589482 -0.0000068680802372 0.0004459533235467 0.0005845068811296 0.9972340148671627 0.9984277882284414
0.4775789827099955 -0.0000070362745087 0.0004458991892252 0.0006061248476100 0.9971662958635950 0.9983892626519845
0.4833740959536225 -0.0000072077443465 0.0004458440013555 0.0006284323676311 0.9970972589333646 0.9983499856530729
0.4892113600974428 -0.0000073825361004 0.0004457877450619 0.0006514478179144 0.9970268854680713 0.9983099465485977
0.4950908621228940 -0.0000075606969442 0.0004457304052053 0.0006751900236790 0.9969551565296344 0.9982691344641542
0.5010127229105786 -0.0000077422755166 0.0004456719661767 0.0006996783550664 0.9968820525924236 0.9982275381871780
0.5069770387364499 -0.0000079273201580 0.0004456124124650 0.0007249324999523 0.9968075542530610 0.9981851465706822
0.5129839153298845 -0.0000081158799434 0.0004455517283246 0.0007509726080399 0.9967316418148890 0.9981419482967124
0.5190334459884425 -0.0000083080040014 0.0004454898979944 0.0007778192043541 0.9966542955619044 0.9980979320321028
0.5251257163832677 -0.0000085037416486 0.0004454269056549 0.0008054932118681 0.9965754957049584 0.9980530863977547
0.5312608363775603 -0.0000087031434163 0.0004453627350975 0.0008340161039893 0.9964952219683367 0.9980073997332265
0.5374389045321233 -0.0000089062599240 0.0004452973700875 0.0008634097538660 0.9964134540435571 0.9979608603548524
0.5436600193573199 -0.0000091131422354 0.0004452307942493 0.0008936964909152 0.9963301714459109 0.9979134564739714
0.5499242860710182 -0.0000093238420884 0.0004451629909925 0.0009248991421226 0.9962453534220221 0.9978651761441709
0.5562318234490582 -0.0000095384121438 0.0004450939434321 0.0009570410785902 0.9961589788498839 0.9978160072042279
0.5625826999836137 -0.0000097569038044 0.0004450236350901 0.0009901458945538 0.9960710271169092 0.9977659377778098
0.5689770286640692 -0.0000099793704343 0.0004449520488599 0.0010242378961887 0.9959814768238400 0.9977149555355321
0.5754148926409810 -0.0000102058648176 0.0004448791678240 0.0010593417258665 0.9958903068081819 0.9976630482774194
0.5818963770105809 -0.0000104364402373 0.0004448049749067 0.0010954825307989 0.9957974957096364 0.9976102036853790
0.5884216112804528 -0.0000106711520166 0.0004447294523787 0.0011326862164981 0.9957030213501029 0.9975564089700009
0.5949906702467619 -0.0000109100539833 0.0004446525829946 0.0011709788987132 0.9956068621567510 0.9975016516806756
0.6016036734210201 -0.0000111532020375 0.0004445743488446 0.0012103874752112 0.9955089957260504 0.9974459188877868
0.6082606959164135 -0.0000114006509125 0.0004444947323977 0.0012509391142683 0.9954094001278183 0.9973891979251270
0.6149618322393992 -0.0000116524564956 0.0004444137157542 0.0012926616346039 0.9953080529709587 0.9973314758577210
0.6217072080123169 -0.0000119086763164 0.0004443312804890 0.0013355836017882 0.9952049312072615 0.9972727393698464
0.6284968952458250 -0.0000121693663408 0.0004442474086833 0.0013797338013384 0.9951000124216770 0.9972129754997611
0.6353309907149478 -0.0000124345839200 0.0004441620819760 0.0014251417357283 0.9949932736457179 0.9971521709636944
0.6422095965107896 -0.0000127043870752 0.0004440752817934 0.0014718375167070 0.9948846916453468 0.9970903123196094
0.6491327718850335 -0.0000129788325906 0.0004439869899632 0.0015198515401245 0.9947742436885548 0.9970273864043280
0.6561006568381288 -0.0000132579809013 0.0004438971871423 0.0015692153472198 0.9946619055783762 0.9969633792126992
0.6631133281941600 -0.0000135418904076 0.0004438058546454 0.0016199606415364 0.9945476539413657 0.9968982772011995
0.6701708712569348 -0.0000138306202882 0.0004437129735408 0.0016721197847106 0.9944314650952940 0.9968320666426622
0.6772733988334337 -0.0000141242313095 0.0004436185243896 0.0017257259565040 0.9943133147237615 0.9967647334406070
0.6844210031529899 -0.0000144227838670 0.0004435224878762 0.0017808128110220 0.9941931786646107 0.9966962635782975
0.6916137327668431 -0.0000147263369612 0.0004434248451377 0.0018374142855492 0.9940710333218611 0.9966266433534032
0.6988517632171539 -0.0000150349554177 0.0004433255754415 0.0018955659585085 0.9939468527608522 0.9965558577220498
0.7061351464493789 -0.0000153486993158 0.0004432246595861 0.0019553030880450 0.9938206129620371 0.9964838927231621
0.7134639506706560 -0.0000156676298351 0.0004431220780201 0.0020166617001474 0.9936922894684774 0.9964107341374605
0.7208382731502428 -0.0000159918098568 0.0004430178106495 0.0020796787213384 0.9935618571441632 0.9963363673493759
0.7282582286674664 -0.0000163212978491 0.0004429118369840 0.0021443919111869 0.9934292903555698 0.9962607774502291
0.7357208836690785 -0.0000166560185213 0.0004428041805711 0.0022108123234419 0.9932946185586642 0.9961839809376658
0.7432323470005346 -0.0000169963131677 0.0004426947341577 0.0022790324426639 0.9931577075896375 0.9961059009942251
0.7507896996823136 -0.0000173421118854 0.0004425835203668 0.0023490653830291 0.9930185857492059 0.9960265534362793
0.7583930310492186 -0.0000176934794824 0.0004424705184988 0.0024209514736982 0.9928772271438399 0.9959459231668811
0.7660424340861800 -0.0000180504813934 0.0004423557076571 0.0024947317995540 0.9927336056339947 0.9958639949381564
0.7737379882484734 -0.0000184131828751 0.0004422390670076 0.0025704480436114 0.9925876951581851 0.9957807535359174
0.7814798015038535 -0.0000187816509851 0.0004421205751424 0.0026481429094466 0.9924394689368445 0.9956961833252050
0.7892679816856737 -0.0000191559532653 0.0004420002105030 0.0027278598632089 0.9922889000024059 0.9956102685523527
0.7971025719831798 -0.0000195361545959 0.0004418779523923 0.0028096424638468 0.9921359624647935 0.9955229940668967
0.8049836985284377 -0.0000199223243102 0.0004417537786869 0.0028935358927973 0.9919806286497920 0.9954343436883980
0.8129114305704966 -0.0000203145294388 0.0004416276680097 0.0029795855174713 0.9918228718165799 0.9953443017568611
0.8208858544543651 -0.0000207128382882 0.0004414995985792 0.0030678376681674 0.9916626647187017 0.9952528523112817
0.8289070628348075 -0.0000211173199338 0.0004413695483728 0.0031583395432221 0.9914999798079176 0.9951599792056363
0.8369751610479716 -0.0000215280445615 0.0004412374950171 0.0032511393000259 0.9913347890973713 0.9950656660304161
0.8450902465886649 -0.0000219450824377 0.0004411034161191 0.0033462858366565 0.9911670645757362 0.9949698963487263
0.8532523622141179 -0.0000223685014470 0.0004409672900584 0.0034438282280113 0.9909967791980293 0.9948726542618511
0.8614616267173095 -0.0000227983738372 0.0004408290938185 0.0035438172811712 0.9908239041728687 0.9947739228599107
0.8697180898003030 -0.0000232347686985 0.0004406888054048 0.0036463038149349 0.9906484119873826 0.9946736859489059
0.8780218589963033 -0.0000236777585959 0.0004405464017130 0.0037513402097082 0.9904702737403812 0.9945719265273584
0.8863730404966673 -0.0000241274165100 0.0004404018595123 0.0038589797167179 0.9902894603726980 0.9944686274885274
0.8947717192871596 -0.0000245838147493 0.0004402551557957 0.0039692762043665 0.9901059431048537 0.9943637718701482
0.9032179521851322 -0.0000250470245134 0.0004401062679201 0.0040822840491512 0.9899196936129395 0.9942573429547384
0.9117118308134048 -0.0000255171193220 0.0004399551725047 0.0041980589770591 0.9897306826499322 0.9941493234814897
0.9202534399225100 -0.0000259941727639 0.0004398018461545 0.0043166575337934 0.9895388809513569 0.9940396961633338
0.9288428956873535 -0.0000264782606461 0.0004396462647699 0.0044381376334640 0.9893442583712071 0.9939284431926594
0.9374802485316385 -0.0000269694555229 0.0004394884053053 0.0045625571982240 0.9891467860820582 0.9938155474985788
0.9461655716122052 -0.0000274678316261 0.0004393282441846 0.0046899753923469 0.9889464345928324 0.9937009916136071
0.9548989958067302 -0.0000279734669572 0.0004391657566292 0.0048204531901953 0.9887431729084213 0.9935847571925089
0.9636805818640576 -0.0000284864359338 0.0004390009190216 0.0049540515035871 0.9885369714859399 0.9934668267022636
0.9725103886555375 -0.0000290068132474 0.0004388337076656 0.0050908321635593 0.9883278006842394 0.9933471825353314
0.9813885275588490 -0.0000295346771042 0.0004386640977453 0.0052308587933635 0.9881156294615216 0.9932258062641768
0.9903150756428903 -0.0000300701041311 0.0004384920649621 0.0053741954875412 0.9879004274232430 0.9931026798121628
0.9992901093081793 -0.0000306131713290 0.0004383175849075 0.0055209073290920 0.9876821640373125 0.9929777850043292
1.0083137100800226 -0.0000311639564247 0.0004381406329504 0.0056710604967485 0.9874608084930262 0.9928511034862408
1.0173859750254659 -0.0000317225385268 0.0004379611840260 0.0058247224616840 0.9872363294377293 0.9927226165727705
1.0265069740632735 -0.0000322889955034 0.0004377792134796 0.0059819612799773 0.9870086960311354 0.9925923058511023
1.0356767928565604 -0.0000328634066061 0.0004375946962228 0.0061428463219832 0.9867778768910804 0.9924601525769157
1.0448955159123783 -0.0000334458514383 0.0004374076070660 0.0063074480034256 0.9865438405085399 0.9923261379114409
1.0541632001688916 -0.0000340364082601 0.0004372179212629 0.0064758373111097 0.9863065559290269 0.9921902433112816
1.0634799595994660 -0.0000346351593718 0.0004370256127814 0.0066480873481033 0.9860659905899264 0.9920524492893991
1.0728458386573827 -0.0000352421830308 0.0004368306569008 0.0068242710357020 0.9858221135686850 0.9919127372749740
1.0822609624617874 -0.0000358575631165 0.0004366330271070 0.0070044639110264 0.9855748916999267 0.9917710873887714
1.0917253739847728 -0.0000364813785742 0.0004364326984839 0.0071887410744976 0.9853242938169634 0.9916274808725384
1.1012391419730720 -0.0000371137103896 0.0004362296454735 0.0073771792203075 0.9850702879502098 0.9914818984836257
1.1108023696803033 -0.0000377546422447 0.0004360238416655 0.0075698568680862 0.9848128410641048 0.9913343203433761
1.1204151535935438 -0.0000384042578114 0.0004358152606671 0.0077668535810918 0.9845519201449212 0.9911847265599142
1.1300775318808733 -0.0000390626372037 0.0004356038772424 0.0079682488835082 0.9842874936260637 0.9910330980450667
1.1397895979328059 -0.0000397298646439 0.0004353896648508 0.0081741245960560 0.9840195283093723 0.9908794147487544
1.1495514223411198 -0.0000404060231891 0.0004351725973414 0.0083845632497022 0.9837479914836389 0.9907236568730674
1.1593631189516191 -0.0000410911992956 0.0004349526474872 0.0085996495164874 0.9834728490920067 0.9905658038205499
1.1692247483020073 -0.0000417854761146 0.0004347297891385 0.0088194681309453 0.9831940684250700 0.9904058357385223
1.1791363280655698 -0.0000424889340810 0.0004345039970334 0.0090441040421066 0.9829116178841238 0.9902437333833788
1.1890979890840669 -0.0000432016619967 0.0004342752432410 0.0092736459680547 0.9826254625319607 0.9900794755665265
1.1991098211109541 -0.0000439237461825 0.0004340435006441 0.0095081829798327 0.9823355684491490 0.9899130416534208
1.2091718990059364 -0.0000446552722696 0.0004338087423644 0.0097478050646336 0.9820419020151120 0.9897444111507118
1.2192842748352724 -0.0000453963245729 0.0004335709419639 0.0099926029160965 0.9817444301602518 0.9895735638506974
1.2294470086099898 -0.0000461469883002 0.0004333300727363 0.0102426686629947 0.9814431194792602 0.9894004793217003
1.2396601977308774 -0.0000469073517737 0.0004330861069948 0.0104980966384835 0.9811379353405325 0.9892251363956267
1.2499239251718921 -0.0000476775026324 0.0004328390172910 0.0107589821403498 0.9808288434108752 0.9890475140430197
1.2602382578001015 -0.0000484575276596 0.0004325887764712 0.0110254213703106 0.9805158097253019 0.9888675914127893
1.2706032746962082 -0.0000492475148994 0.0004323353569970 0.0112975121618435 0.9801987998383321 0.9886853473439067
1.2810190338861893 -0.0000500475511237 0.0004320787317592 0.0115753531232488 0.9798777798408327 0.9885007609493055
1.2914855986218037 -0.0000508577238087 0.0004318188734435 0.0118590443223619 0.9795527155676077 0.9883138111598450
1.3020030671472280 -0.0000516781234775 0.0004315557537803 0.0121486881353446 0.9792235716582369 0.9881244761832871
1.3125715216532119 -0.0000525088397740 0.0004312893448041 0.0124443878959846 0.9788903131331842 0.9879327344099048
1.3231910358315495 -0.0000533499620115 0.0004310196186784 0.0127462480894147 0.9785529051740045 0.9877385642856025
1.3338616051594072 -0.0000542015735595 0.0004307465494959 0.0130543723162972 0.9782113153757653 0.9875419456080315
1.3445833709329646 -0.0000550637696854 0.0004304701075579 0.0133688697481730 0.9778655065907427 0.9873428554069844
1.3553564210051658 -0.0000559366417884 0.0004301902644308 0.0136898494906773 0.9775154432539424 0.9871412715837439
1.3661808015739265 -0.0000568202781992 0.0004299069926898 0.0140174208330643 0.9771610910623251 0.9869371727266504
1.3770565918764524 -0.0000577147702153 0.0004296202639844 0.0143516954753904 0.9768024145552183 0.9867305367171687
1.3879838270462603 -0.0000586202057820 0.0004293300510651 0.0146927851919154 0.9764393796488857 0.9865213421891663
1.3989625932674030 -0.0000595366773253 0.0004290363252728 0.0150408047754068 0.9760719504966441 0.9863095667192170
1.4099929643867157 -0.0000604642765547 0.0004287390582056 0.0153958701166953 0.9757000915736567 0.9860951880267889
1.4210750330195798 -0.0000614030970658 0.0004284382208855 0.0157580992110324 0.9753237666343801 0.9858781833725228
1.4322088321631798 -0.0000623532276810 0.0004281337858927 0.0161276095960847 0.9749429413827654 0.9856585310973398
1.4433944699716859 -0.0000633147638869 0.0004278257237017 0.0165045227885278 0.9745575788885688 0.9854362079783541
1.4546319603827389 -0.0000642877933462 0.0004275140073239 0.0168889586496595 0.9741676453951428 0.9852111925781702
1.4659214169305210 -0.0000652724125619 0.0004271986069691 0.0172810419348630 0.9737731036416136 0.9849834613914759
1.4772629008188767 -0.0000662687137921 0.0004268794942390 0.0176808971687159 0.9733739181080441 0.9847529918704607
1.4886564838093690 -0.0000672767904649 0.0004265566403928 0.0180886507867131 0.9729700528463113 0.9845197611725128
1.5001022127976786 -0.0000682967340390 0.0004262300173534 0.0185044298784808 0.9725614727386914 0.9842837468862599
1.5116001803066896 -0.0000693286402692 0.0004258995957019 0.0189283647498048 0.9721481409889908 0.9840449255816301
1.5231504297105314 -0.0000703726007502 0.0004255653473861 0.0193605854861426 0.9717300225109110 0.9838032747663661
1.5347530287802573 -0.0000714287094727 0.0004252272436221 0.0198012246416286 0.9713070813027339 0.9835587713686472
1.5464080464931826 -0.0000724970607635 0.0004248852555546 0.0202504164175517 0.9708792812737269 0.9833113922135349
1.5581155276246430 -0.0000735777469309 0.0004245393550115 0.0207082956760681 0.9704465871879296 0.9830611145680758
1.5698755782313358 -0.0000746708661549 0.0004241895119795 0.0211750012986738 0.9700089615060650 0.9828079143137212
1.5816882165282500 -0.0000757763721884 0.0004238356990668 0.0216506703266947 0.9695663699160513 0.9825517691448588
1.5935792901990145 -0.0000768968570092 0.0004234771072741 0.0221365042968452 0.9691178004529516 0.9822920906540713
1.6054974407592730 -0.0000780276384776 0.0004231152584144 0.0226305446200465 0.9686651568145412 0.9820299783418925
1.6174684284496863 -0.0000791712244883 0.0004227493513320 0.0231339774361377 0.9682074368245229 0.9817648495147294
1.6294922875878410 -0.0000803277072456 0.0004223793580516 0.0236469470026407 0.9677446054940926 0.9814966812506952
1.6415690736791959 -0.0000814971811042 0.0004220052499522 0.0241696001074131 0.9672766270261168 0.9812254501016713
1.6536988296927888 -0.0000826797393336 0.0004216269988020 0.0247020846524392 0.9668034661112297 0.9809511328432633
1.6658816658394848 -0.0000838754819279 0.0004212445742629 0.0252445532017060 0.9663250848046042 0.9806737046628077
1.6781176090809817 -0.0000850845009024 0.0004208579485932 0.0257971563602437 0.9658414484101829 0.9803931425701372
1.6904067497944320 -0.0000863068946498 0.0004204670920579 0.0263600492842669 0.9653525197379828 0.9801094220666207
1.7027490967800327 -0.0000875427535786 0.0004200719775216 0.0269333851130715 0.9648582648505006 0.9798225204781277
1.7151447329827603 -0.0000887921755843 0.0004196725755031 0.0275173220994124 0.9643586468757809 0.9795324133640188
1.7275937410086644 -0.0000900552587072 0.0004192688565243 0.0281120202797097 0.9638536289458300 0.9792390762205144
1.7400961668473585 -0.0000913320974095 0.0004188607923010 0.0287176397147491 0.9633431756866063 0.9789424853455899
1.7526520737896989 -0.0000926227880071 0.0004184483540082 0.0293343430430480 0.9628272510471527 0.9786426165774439
1.7652614940660036 -0.0000939274237019 0.0004180315138679 0.0299622931238237 0.9623058202870231 0.9783394464485837
1.7779245085040503 -0.0000952461027935 0.0004176102425272 0.0306016569885595 0.9617788466955416 0.9780329502776602
1.7906411928667494 -0.0000965789231938 0.0004171845108123 0.0312526032530760 0.9612462937862218 0.9777231034434776
1.8034115843692287 -0.0000979259788612 0.0004167542908684 0.0319153003609386 0.9607081267227863 0.9774098822142838
1.8162357176688109 -0.0000992873634970 0.0004163195549798 0.0325899183619711 0.9601643108431033 0.9770932628888618
1.8291136974684410 -0.0001006631783117 0.0004158802730916 0.0332766328082399 0.9596148085591508 0.9767732199898286
1.8420455511980387 -0.0001020535163675 0.0004154364178110 0.0339756170002940 0.9590595856130404 0.9764497299051500
1.8550313415422000 -0.0001034584745226 0.0004149879605943 0.0346870479206703 0.9584986063074115 0.9761227681101146
1.8680711023863688 -0.0001048781465495 0.0004145348739453 0.0354111027909471 0.9579318362555405 0.9757923107684973
1.8811648911635512 -0.0001063126287829 0.0004140771296139 0.0361479619377155 0.9573592401277606 0.9754583334181883
1.8943127930127364 -0.0001077620206534 0.0004136146984279 0.0368978091272993 0.9567807814410033 0.9751208108462582
1.9075148406423978 -0.0001092264158601 0.0004131475531109 0.0376608270178909 0.9561964260839572 0.9747797191446076
1.9207711183235747 -0.0001107059138263 0.0004126756646285 0.0384372030973205 0.9556061377467168 0.9744350330421883
1.9340816419858282 -0.0001122006063645 0.0004121990064442 0.0392271227280798 0.9550098832436614 0.9740867290113778
1.9474464742260533 -0.0001137105904690 0.0004117175504397 0.0400307758482344 0.9544076274111850 0.9737347822881128
1.9608656743724537 -0.0001152359627757 0.0004112312686842 0.0408483540996575 0.9537993353202059 0.9733791681621907
1.9743392773861950 -0.0001167768171247 0.0004107401342127 0.0416800495118158 0.9531849732499467 0.9730198625459783
1.9878673520256893 -0.0001183332511819 0.0004102441189168 0.0425260580711980 0.9525645060496696 0.9726568404307384
2.0014499527217651 -0.0001199053609621 0.0004097431952922 0.0433865767967390 0.9519378993246772 0.9722900771635027
2.0150871007532478 -0.0001214932385749 0.0004092373371586 0.0442618024723184 0.9513051203361937 0.9719195489737914
2.0287788816035182 -0.0001230969835403 0.0004087265160555 0.0451519378847623 0.9506661334939628 0.9715452303334199
2.0425253154372451 -0.0001247166876988 0.0004082107060520 0.0460571835145176 0.9500209063718057 0.9711670974779104
2.0563264754641333 -0.0001263524490477 0.0004076898793406 0.0469777452114406 0.9493694041967244 0.9707851251774532
2.0701824076917905 -0.0001280043623247 0.0004071640092389 0.0479138289704379 0.9487115936030438 0.9703992889351687
2.0840931504376163 -0.0001296725212527 0.0004066330694757 0.0488656421642357 0.9480474417396699 0.9700095644636249
2.0980587517874465 -0.0001313570206184 0.0004060970335309 0.0498333947321480 0.9473769154448023 0.9696159271996212
2.1120792801738042 -0.0001330575147222 0.0004055558743568 0.0508172999745083 0.9466999807217070 0.9692183519950197
2.1262226360516836 -0.0001347827100885 0.0004050069247037 0.0518224241073792 0.9460133012518646 0.9688148727879142
2.1403532376606540 -0.0001365162681167 0.0004044554225846 0.0528393447231632 0.9453234293062415 0.9684093341772428
2.1545390143455538 -0.0001382665392872 0.0004038987145299 0.0538730736619712 0.9446270456796615 0.9679997808281454
2.1687798923847348 -0.0001400336024540 0.0004033367794155 0.0549238218336932 0.9439241239607948 0.9675861916582822
2.1830759279445364 -0.0001418175522461 0.0004027695911979 0.0559918114130627 0.9432146315854666 0.9671685418682240
2.1974271217066117 -0.0001436184761887 0.0004021971261939 0.0570772623325689 0.9424985389416836 0.9667468082952390
2.2118335681990549 -0.0001454364733993 0.0004016193571388 0.0581804035304608 0.9417758119379867 0.9663209650361470
2.2262952696029377 -0.0001472716312181 0.0004010362606172 0.0593014588740364 0.9410464212983467 0.9658909889202831
2.2408123078699962 -0.0001491240468998 0.0004004478101715 0.0604406603132352 0.9403103339413487 0.9654568544292590
2.2553846684383507 -0.0001509938052077 0.0003998539834226 0.0615982341767609 0.9395675218878560 0.9650185389475681
2.2700124414020286 -0.0001528810040913 0.0003992547539159 0.0627744169806340 0.9388179520606224 0.9645760167451068
2.2846956458501428 -0.0001547857322007 0.0003986500982649 0.0639694415572057 0.9380615952212000 0.9641292642482867
2.2994343401623047 -0.0001567080830543 0.0003980399916553 0.0651835458490166 0.9372984203448577 0.9636782567192086
2.3142285478461901 -0.0001586481454198 0.0003974244109002 0.0664169668847515 0.9365283984433045 0.9632229705123431
2.3290783382397029 -0.0001606060138535 0.0003968033310987 0.0676699474560472 0.9357514983840642 0.9627633806023759
2.3439837073424674 -0.0001625817730180 0.0003961767306128 0.0689427261135954 0.9349676931170284 0.9622994642657449
2.3589447243544988 -0.0001645755169964 0.0003955445849437 0.0702355495319172 0.9341769520136214 0.9618311965476214
2.3739614160133353 -0.0001665873340095 0.0003949068715818 0.0715486627108698 0.9333792469339401 0.9613585538505720
2.3890338348351072 -0.0001686173154740 0.0003942635671369 0.0728823148304499 0.9325745486367851 0.9608815118081765
2.4041619880449274 -0.0001706655464412 0.0003936146503710 0.0742367529847473 0.9317628305736293 0.9604000475327116
2.4193459027622244 -0.0001727321143249 0.0003929600994345 0.0756122278819022 0.9309440654310662 0.9599141375654645
2.4345857087851352 -0.0001748171203223 0.0003922998882540 0.0770090015786965 0.9301182206127641 0.9594237551904324
2.4498813082746920 -0.0001769206342295 0.0003916340008430 0.0784273172246482 0.9292852761401814 0.9589288810622407
2.4652328294985670 -0.0001790427565113 0.0003909624116503 0.0798674406436644 0.9284452000709917 0.9584294886086960
2.4806402767494862 -0.0001811835703332 0.0003902851007511 0.0813296281442340 0.9275979675009497 0.9579255553146354
2.4961036908077205 -0.0001833431635814 0.0003896020468781 0.0828141413339490 0.9267435518469658 0.9574170575429402
2.5116230708607992 -0.0001855216180004 0.0003889132308611 0.0843212396914903 0.9258819291497168 0.9569039730929618
2.5271985015968377 -0.0001877183647856 0.0003882186302033 0.0858511928865003 0.9250130710218706 0.9563862770020176
2.5429302231366644 -0.0001899480143491 0.0003875137239925 0.0874142807414023 0.9241313225122133 0.9558605886819059
2.5586179664019091 -0.0001921826053640 0.0003868074673278 0.0889908709653795 0.9232478854761428 0.9553335782109067
2.5743620309384063 -0.0001944363978460 0.0003860953583347 0.0905911402696828 0.9223571286571507 0.9548018808492809
2.5901622409278389 -0.0001967094462362 0.0003853773870679 0.0922153399570678 0.9214590396369159 0.9542654806348180
2.6060186598881199 -0.0001990018387187 0.0003846535330885 0.0938637472633898 0.9205535928708727 0.9537243536424201
2.6219312850437539 -0.0002013136535550 0.0003839237792646 0.0955366344306456 0.9196407669521635 0.9531784782855645
2.6379001636183159 -0.0002036449758638 0.0003831881064767 0.0972342807439310 0.9187205379875730 0.9526278313573677
2.6539252786985776 -0.0002059958810095 0.0003824464988633 0.0989569604836386 0.9177928861599367 0.9520723919547748
2.6700067142603654 -0.0002083664587560 0.0003816989362041 0.1007049605725013 0.9168577862001972 0.9515121357742268
2.6861444503764500 -0.0002107567832145 0.0003809454034033 0.1024785585447008 0.9159152192500591 0.9509470422137457
2.7023385474251298 -0.0002131669399519 0.0003801858819441 0.1042780424917907 0.9149651621719477 0.9503770879684147
2.7185889988179990 -0.0002155970041971 0.0003794203567622 0.1061036949091413 0.9140075961479629 0.9498022521840195
2.7348958769240328 -0.0002180470625771 0.0003786488094012 0.1079558089410765 0.9130424981171584 0.9492225113184577
2.7512592162045300 -0.0002205171957099 0.0003778712235008 0.1098346753709676 0.9120698476412912 0.9486378432599466
2.7676789553760841 -0.0002230074692758 0.0003770875876069 0.1117405756293337 0.9110896304197093 0.9480482294454622
2.7841551785660852 -0.0002255179705057 0.0003762978836916 0.1136738096288410 0.9101018239287539 0.9474536462246427
2.8006878888277211 -0.0002280487739431 0.0003755020979328 0.1156346696676182 0.9091064109068782 0.9468540729665145
2.8172771054226469 -0.0002305999561500 0.0003747002160902 0.1176234516300825 0.9081033735695740 0.9462494885804112
2.8339228553542197 -0.0002331715944509 0.0003738922239050 0.1196404540487020 0.9070926941096625 0.9456398718149915
2.8506251824603055 -0.0002357637683721 0.0003730781066525 0.1216859792634419 0.9060743541377674 0.9450252009185501
2.8673840830895903 -0.0002383765496489 0.0003722578522845 0.1237603255181152 0.9050483386130832 0.9444054560110958
2.8841995831016050 -0.0002410087665237 0.0003714314480893 0.1258637963209360 0.9040146311512952 0.9437806162562399
2.9011869823523995 -0.0002436795659099 0.0003705931811529 0.1280113464808840 0.9029660861691671 0.9431463466007982
2.9181158875939683 -0.0002463530878747 0.0003697544093838 0.1301741544788268 0.9019169108420033 0.9425112297419682
2.9351016898547142 -0.0002490475040089 0.0003689094393628 0.1323670376359783 0.9008599835920463 0.9418709479638160
2.9521441343603292 -0.0002517628431837 0.0003680582734064 0.1345902702779196 0.8997953073490571 0.9412254915061401
2.9692432409497762 -0.0002544991770865 0.0003672009006467 0.1368441632446651 0.8987228685514461 0.9405748404753622
2.9863990589282632 -0.0002572565816937 0.0003663373091283 0.1391290329217370 0.8976426522779852 0.9399189739962142
3.0036115914606887 -0.0002600351251427 0.0003654674896122 0.1414451912044249 0.8965546470057524 0.9392578730988714
3.0208808547833450 -0.0002628348771909 0.0003645914326157 0.1437929532565043 0.8954588409078079 0.9385915184727732
3.0382068544334158 -0.0002656559053835 0.0003637091296172 0.1461726343047114 0.8943552233597749 0.9379198913812896
3.0555896115820165 -0.0002684982793314 0.0003628205717220 0.1485845532208612 0.8932437832714065 0.9372429726461896
3.0730291212328127 -0.0002713620638883 0.0003619257518007 0.1510290267277761 0.8921245117610306 0.9365607442754701
3.0905253957189540 -0.0002742473262486 0.0003610246622741 0.1535063753872563 0.8909973993851236 0.9358731877761867
3.1080784532550343 -0.0002771541341096 0.0003601172956938 0.1560169220613034 0.8898624368644628 0.9351802845947472
3.1256883180020609 -0.0002800825557043 0.0003592036447377 0.1585609919475705 0.8887196150782957 0.9344820161118857
3.1433549851131044 -0.0002830326539751 0.0003582837040318 0.1611389074803196 0.8875689273435360 0.9337783650354767
3.1610784533158225 -0.0002860044919502 0.0003573574684764 0.1637509929277067 0.8864103673205624 0.9330693141226055
3.1788587383816251 -0.0002889981350313 0.0003564249325387 0.1663975764138273 0.8852439281289132 0.9323548456367329
3.1966958601957014 -0.0002920119639087 0.0003554860914721 0.1690789880726114 0.8840696031635401 0.9316349418516430
3.2146380315155052 -0.0002950554213569 0.0003545383900446 0.1718029118846895 0.8828841968232582 0.9309076273943655
3.2325888508666818 -0.0002981126526574 0.0003535869167297 0.1745550426869515 0.8816940741110317 0.9301767935205264
3.2505966125427026 -0.0003011918931838 0.0003526291222111 0.1773430078286854 0.8804960463247580 0.9294404704257204
3.2686611882240024 -0.0003042931803364 0.0003516650109368 0.1801671198404307 0.8792901190711522 0.9286986472156652
3.2867825978481759 -0.0003074165762808 0.0003506945799810 0.1830277151877460 0.8780762887343682 0.9279513071674991
3.3049608717375927 -0.0003105621445542 0.0003497178263338 0.1859251332963049 0.8768545515941573 0.9271984333245071
3.3231959756641558 -0.0003137299370620 0.0003487347509423 0.1888597044953181 0.8756249088806947 0.9264400116130321
3.3414879428321780 -0.0003169200169270 0.0003477453516220 0.1918317710440708 0.8743873579073256 0.9256760253777546
3.3598366905994350 -0.0003201324265739 0.0003467496329616 0.1948416574258795 0.8731419044608721 0.9249064630283577
3.3782423129509787 -0.0003233672388452 0.0003457475904811 0.1978897180833882 0.8718885429851144 0.9241313058002086
3.3967047501478409 -0.0003266244992100 0.0003447392285512 0.2009762832947775 0.8706272789956774 0.9233505416022751
3.4152240148190667 -0.0003299042653699 0.0003437245481244 0.2041016962738851 0.8693581137330654 0.9225641555334002
3.4338001201407864 -0.0003332065947174 0.0003427035506286 0.2072663014271089 0.8680810490336287 0.9217721328905357
3.4524330254235731 -0.0003365315346178 0.0003416762409754 0.2104704349347276 0.8667960910916307 0.9209744615051134
3.4636235917608675 -0.0003385344282714 0.0003410577361830 0.2124091754140579 0.8660224668611919 0.9204938485386946
3.4748141580981620 -0.0003405402277220 0.0003404380980659 0.2143587402103911 0.8652474251352305 0.9200120789632867
3.4936370304589452 -0.0003439239765748 0.0003393933098003 0.2176624241115029 0.8639406083486506 0.9191991285420729
3.5124516364351583 -0.0003473187562932 0.0003383458276441 0.2209953731044734 0.8626304241692554 0.9183832910863282
3.5313231238468203 -0.0003507363084346 0.0003372920458161 0.2243693159606251 0.8613123625515935 0.9175617455839306
3.5502514056394250 -0.0003541766684871 0.0003362319745896 0.2277845850928045 0.8599864364002271 0.9167344831665448
3.5692364253422517 -0.0003576398769079 0.0003351656231124 0.2312415187751266 0.8586526572130075 0.9159014939304869
3.5882782045245087 -0.0003611259879388 0.0003340929967074 0.2347404701246170 0.8573110317041329 0.9150627648186350
3.6073767067794278 -0.0003646350448386 0.0003330141045060 0.2382817823899574 0.8559615713529509 0.9142182855822513
3.6265319320823166 -0.0003681670971334 0.0003319289541452 0.2418658061728718 0.8546042857701230 0.9133680446366003
3.6457438516186293 -0.0003717221886663 0.0003308375554483 0.2454928873472755 0.8532391873018741 0.9125120319419434
3.6650124592489743 -0.0003753003670892 0.0003297399175141 0.2491633766348678 0.8518662873895319 0.9116502367242908
3.6843377592302882 -0.0003789016816565 0.0003286360494044 0.2528776273990055 0.8504855974288644 0.9107826480110338
3.7037196689016687 -0.0003825261650427 0.0003275259657195 0.2566359767522737 0.8490971357438234 0.9099092590180828
3.7187720556951831 -0.0003853496914488 0.0003266618150848 0.2595777771966357 0.8480162820415219 0.9092287274703539
3.7338244424886975 -0.0003881786866840 0.0003257959030059 0.2625397077665009 0.8469332258473943 0.9085462471263887
3.7514155118250461 -0.0003914936859059 0.0003247817392936 0.2660267333901165 0.8456647428072269 0.9077462040201464
3.7709962225328284 -0.0003951955861078 0.0003236500986973 0.2699405907264255 0.8442493260603550 0.9068525722914911
3.7906299111061563 -0.0003989200890083 0.0003225125029959 0.2738994002083800 0.8428264636231640 0.9059532624229193
3.8103201285361661 -0.0004026679098179 0.0003213687602293 0.2779042239044603 0.8413959154658309 0.9050481037139526
3.8300668491963115 -0.0004064390884106 0.0003202188854622 0.2819554123768015 0.8399577004991232 0.9041370886973787
3.8498700521820499 -0.0004102336652880 0.0003190628940694 0.2860533174159828 0.8385118380225497 0.9032202099891818
3.8697297081633164 -0.0004140516790790 0.0003179008025037 0.2901982892959714 0.8370583486854887 0.9022974608988908
3.8896457641280602 -0.0004178931635818 0.0003167326291999 0.2943906734421188 0.8355972556169299 0.9013688361513181
3.9096182097129466 -0.0004217581605641 0.0003155583906875 0.2986308243275629 0.8341285795640562 0.9004343287990131
3.9296469992826464 -0.0004256467047623 0.0003143781061597 0.3029190890711660 0.8326523446068631 0.8994939338545864
3.9497321242057231 -0.0004295588378895 0.0003131917932248 0.3072558227574914 0.8311685728440678 0.8985476449103991
3.9619823757655244 -0.0004319507872279 0.0003124669268925 0.3099187897025594 0.8302619533103799 0.8979688990887832
3.9730431780357880 -0.0004341125908229 0.0003118115964398 0.3123348698369475 0.8294423052955524 0.8974453179373443
3.9932662073864735 -0.0004380748781500 0.0003106113685194 0.3167809897259596 0.8279411347714755 0.8964855142955188
4.0135288966285900 -0.0004420575264126 0.0003094061586834 0.3212730549489777 0.8264337365246351 0.8955205872786900
4.0338477770063372 -0.0004460638107232 0.0003081950064644 0.3258150417321022 0.8249189093401663 0.8945497481382887
4.0542227986852772 -0.0004500937624690 0.0003069779349991 0.3304072958098087 0.8233966822362393 0.8935729940886495
4.0746538911346839 -0.0004541474087827 0.0003057549692726 0.3350501578983998 0.8218670865446337 0.8925903236821137
4.0951410333356062 -0.0004582247864951 0.0003045261319166 0.3397439796187027 0.8203301506542192 0.8916017334337264
4.1156841739525385 -0.0004623259263479 0.0003032914479810 0.3444891054101850 0.8187859059799474 0.8906072216549322
4.1362832339922466 -0.0004664508534565 0.0003020509447923 0.3492858728340755 0.8172343867852069 0.8896067883497436
4.1569382163598361 -0.0004705996092873 0.0003008046453522 0.3541346380985833 0.8156756219257629 0.8886004298915389
4.1776490030267484 -0.0004747722110040 0.0002995525805638 0.3590357286071380 0.8141096501407358 0.8875881488907506
4.1984155965890126 -0.0004789652515608 0.0002982947758530 0.3639894996277845 0.8125365017606189 0.8865699424140769
4.2175400866745214 -0.0004828366968816 0.0002971343725429 0.3685865479260665 0.8110851772518155 0.8856294375463052
4.2384166342965450 -0.0004870748658891 0.0002958654484439 0.3736430835000480 0.8094981289181342 0.8845997134537044
4.2593457906242174 -0.0004913362787552 0.0002945910520198 0.3787525608850649 0.8079042404452615 0.8835642151442588
4.2803305221869765 -0.0004956215764071 0.0002933110298679 0.3839160482634679 0.8063033200655367 0.8825227951046128
4.3013707717110039 -0.0004999307869051 0.0002920254128188 0.3891338835781803 0.8046954064341459 0.8814754551011056
4.3224664750487465 -0.0005042639370115 0.0002907342327287 0.3944064022731837 0.8030805394902557 0.8804221976078502
4.3436175492572735 -0.0005086210497375 0.0002894375232128 0.3997339341762354 0.8014587613743450 0.8793630264109713
4.3648239822093071 -0.0005130021628539 0.0002881353141456 0.4051168261127022 0.7998301095500197 0.8782979421163567
4.3860856323990181 -0.0005174072875927 0.0002868276439474 0.4105553911584851 0.7981946321699014 0.8772269521974465
4.4049647394133071 -0.0005213261212792 0.0002856648097432 0.4154195008291242 0.7967403007518064 0.8762733667974225
4.4227832872149113 -0.0005250324118795 0.0002845658629759 0.4200405603933220 0.7953658746979251 0.8753711158026322
4.4442011389877507 -0.0005294988480970 0.0002832431240951 0.4256338885668752 0.7937115616577046 0.8742837617904450
4.4656677384789116 -0.0005339879765558 0.0002819154391382 0.4312824972522656 0.7920510675525492 0.8731908346415233
4.4871892482692370 -0.0005385011207236 0.0002805824603304 0.4369883339649773 0.7903839575362883 0.8720920240586403
4.5087656039196844 -0.0005430383076559 0.0002792442247734 0.4427517250332394 0.7887102781197474 0.8709873358073426
4.5303967127117319 -0.0005475995588056 0.0002779007719129 0.4485729879654832 0.7870300787466369 0.8698767774848486
4.5520824827795456 -0.0005521848961406 0.0002765521417345 0.4544524390586204 0.7853434095371299 0.8687603570388209
4.5738228176090177 -0.0005567943410096 0.0002751983751024 0.4603903918617855 0.7836503217118043 0.8676380830515494
4.5891182060580658 -0.0005600448248696 0.0002742449143183 0.4645942625954344 0.7824578794945981 0.8668466961809922
4.6044135945071138 -0.0005632974088870 0.0002732906318549 0.4688198023868313 0.7812644104278713 0.8660538230642040
4.6264507309212206 -0.0005679943409753 0.0002719143168369 0.4749459382141431 0.7795431329549349 0.8649088808345869
4.6483762346564443 -0.0005726800178342 0.0002705433621498 0.4810856905045738 0.7778285649366030 0.8637667236023615
4.6703562011507307 -0.0005773898359765 0.0002691674379366 0.4872853992638977 0.7761077875179360 0.8626187384842154
4.6923902509515294 -0.0005821237573030 0.0002677866058637 0.4935452905410427 0.7743808779422957 0.8614649509174263
4.7144782072164180 -0.0005868817873347 0.0002664009155234 0.4998656445187974 0.7726478983545603 0.8603053762403733
4.7366200575859345 -0.0005916639675765 0.0002650104067552 0.5062467865155108 0.7709088987035008 0.8591400215645283
4.7588156686684453 -0.0005964703141104 0.0002636151275450 0.5126890054736820 0.7691639391279990 0.8579689007487690
4.7734601872520095 -0.0005996483708993 0.0002626937914163 0.5169645265589926 0.7680117040934149 0.8571946067888919
4.7881047058355737 -0.0006028283610368 0.0002617718850096 0.5212599109388008 0.7668587569113309 0.8564190534267423
4.8041363141575921 -0.0006063149313204 0.0002607620199814 0.5259849143198074 0.7655958103574371 0.8555686073778376
4.8265050375427387 -0.0006111904343006 0.0002593518861165 0.5326174252591328 0.7638322893640507 0.8543795040364072
4.8489163198632612 -0.0006160877114243 0.0002579378529815 0.5393090064476476 0.7620638983913923 0.8531852607834851
4.8713807693452225 -0.0006210091188223 0.0002565192944576 0.5460631099844986 0.7602898545442496 0.8519853232198914
4.8938982475273347 -0.0006259546740139 0.0002550962621355 0.5528800102422720 0.7585102224776658 0.8507797079548777
4.9164685728372630 -0.0006309243857962 0.0002536688108602 0.5597599660047844 0.7567250709180089 0.8495684343297984
4.9390916604436947 -0.0006359182850717 0.0002522369898798 0.5667032630510260 0.7549344615937491 0.8483515169123369
4.9497356080542252 -0.0006382722098625 0.0002515629886880 0.5699863793037739 0.7540915703641399 0.8477780034144875
4.9603795556647556 -0.0006406267592865 0.0002508887761226 0.5732799619758112 0.7532484153273953 0.8472038764187974
4.9728903924216832 -0.0006433964879758 0.0002500960468683 0.5771645984905645 0.7522570473591119 0.8465282706060783
4.9956609496299622 -0.0006484472793596 0.0002486525216062 0.5842719833491253 0.7504518152695612 0.8452964753212645
5.0184670472188690 -0.0006535184751076 0.0002472058751406 0.5914384235976258 0.7486426871787701 0.8440600047471574
5.0413252800673440 -0.0006586138039449 0.0002457551018922 0.5986693828667426 0.7468284056811978 0.8428179739781113
5.0642354780052266 -0.0006637332814584 0.0002443002592472 0.6059651066324827 0.7450090426905416 0.8415704044352575
5.0871974075587438 -0.0006688769100298 0.0002428414090943 0.6133258170990989 0.7431846757521983 0.8403173214191667
5.1102109630296866 -0.0006740447216604 0.0002413786056766 0.6207517743569827 0.7413553728524337 0.8390587436837035
5.1199936662151311 -0.0006762452971512 0.0002407565994267 0.6239231907351185 0.7405775278398538 0.8385229377234844
5.1297763694005756 -0.0006784457501582 0.0002401344857295 0.6271034071677801 0.7397995487283331 0.8379866554695503
5.1410185276032037 -0.0006809763862780 0.0002394194322884 0.6307689349772150 0.7389053459335944 0.8373697816332960
5.1641716247067011 -0.0006861975481253 0.0002379463794969 0.6383546302223556 0.7370632407732149 0.8360973807271713
5.1873561114345836 -0.0006914383751937 0.0002364708224755 0.6459999265516323 0.7352180121599180 0.8348206420876481
5.2105914584015123 -0.0006967033121719 0.0002349915721468 0.6537114643872568 0.7333681732653774 0.8335385115134282
5.2338774583002703 -0.0007019923727567 0.0002335086915865 0.6614894545282224 0.7315138031287947 0.8322510155305431
5.2572139135273162 -0.0007073055740535 0.0002320222436718 0.6693341076026317 0.7296549805423521 0.8309581805482087
5.2806006257817879 -0.0007126429342655 0.0002305322917335 0.6772456306145088 0.7277917848671313 0.8296600334286127
5.3040373458164076 -0.0007179975385261 0.0002290389053344 0.6852242097491578 0.7259242998415276 0.8283566042455991
5.3253859280894442 -0.0007228850964216 0.0002276784011943 0.6925355615453773 0.7242229918533487 0.8271671503762922
5.3489210624747816 -0.0007282853589272 0.0002261784091050 0.7006439152770809 0.7223472631157829 0.8258535191853221
5.3725021949767457 -0.0007337089049448 0.0002246753863159 0.7088187180283200 0.7204677537512170 0.8245348789862194
5.3961325020575490 -0.0007391565311424 0.0002231691829479 0.7170613181317030 0.7185842765094871 0.8232110704768052
5.4198117231333134 -0.0007446282478201 0.0002216598685199 0.7253718793969999 0.7166969184979824 0.8218821264380657
5.4341704119709675 -0.0007479524507595 0.0002207446708851 0.7304360554967959 0.7155524926220461 0.8210751229731582
5.4485291008086216 -0.0007512776410266 0.0002198295084093 0.7355189288517583 0.7144081124352027 0.8202672574823771
5.4620723834882865 -0.0007544170174062 0.0002189663584323 0.7403302757510047 0.7133287748011549 0.8195044859775752
5.4859024492127242 -0.0007599509635995 0.0002174477319905 0.7488363887021098 0.7114297955026704 0.8181605252744397
5.5097644317650403 -0.0007655051748756 0.0002159272807077 0.7574053475202819 0.7095285443883967 0.8168124588202342
5.5336741380260657 -0.0007710833941110 0.0002144040516250 0.7660430145476708 0.7076238300029379 0.8154594159508363
5.5576312919717195 -0.0007766856351962 0.0002128781170461 0.7747495243601460 0.7057157429433114 0.8141014326601519
5.5816355729019156 -0.0007823119031219 0.0002113495523896 0.7835249908102114 0.7038043777034418 0.8127385478788597
5.5970787920165144 -0.0007859343251901 0.0002103663690634 0.7891981002556151 0.7025749779647139 0.8118605680667869
5.6110378871215669 -0.0007892118737574 0.0002094778351155 0.7943444445586656 0.7014639335727630 0.8110661884798016
5.6351611806665538 -0.0007948862160139 0.0002079427184571 0.8032792653362471 0.6995443950906464 0.8096916726376397
5.6593153751700118 -0.0008005808762991 0.0002064061833948 0.8122777676470986 0.6976230940514150 0.8083132483521424
5.6835154242219996 -0.0008062994537726 0.0002048673341793 0.8213456865343968 0.6956989105836883 0.8069300866000222
5.7077609839928893 -0.0008120419550553 0.0002033262488912 0.8304831026940958 0.6937719425162514 0.8055422296946856
5.7227128564639536 -0.0008155898471038 0.0002023762358655 0.8361441389371544 0.6925840550429684 0.8046853294531350
5.7376647289350178 -0.0008191389321159 0.0002014265069992 0.8418250834746122 0.6913965253454496 0.8038276534135380
5.7512268101517083 -0.0008223608266768 0.0002005653116899 0.8469951792549880 0.6903196999629285 0.8030490349842622
5.7756133001370955 -0.0008281645369620 0.0001990174030633 0.8563328335574790 0.6883842280282596 0.8016474019871214
5.8000281570760617 -0.0008339882779395 0.0001974685614773 0.8657341967780243 0.6864476015448172 0.8002421473400774
5.8244868300697510 -0.0008398358173912 0.0001959178630458 0.8752053552624498 0.6845086655046931 0.7988324081128767
5.8489888798908396 -0.0008457071477956 0.0001943653927497 0.8847463229876402 0.6825675263709445 0.7974182343040063
5.8589818273540644 -0.0008481055814505 0.0001937325243358 0.8886527330152898 0.6817762197216672 0.7968409280952183
5.8689747748172891 -0.0008505041607581 0.0001930998317449 0.8925679449532831 0.6809851339267791 0.7962633080609584
5.8823329806299798 -0.0008537116512788 0.0001922543517763 0.8978153918934653 0.6799279919770181 0.7954906807330613
5.9069518633820097 -0.0008596333878613 0.0001906970140084 0.9075274385439707 0.6779807918044409 0.7940653063076047
5.9315967380070305 -0.0008655749118544 0.0001891391971138 0.9173030406956716 0.6760330055064943 0.7926365883394771
5.9562831992939991 -0.0008715400745618 0.0001875799716971 0.9271484954825476 0.6740834712313097 0.7912036506791321
5.9810107852498033 -0.0008775288711910 0.0001860194244594 0.9370637769880094 0.6721322975970075 0.7897665465749137
5.9923654189593289 -0.0008802834639058 0.0001853032802088 0.9416346474230318 0.6712368971279078 0.7891060574114729
6.0037200526688546 -0.0008830372603254 0.0001845874223060 0.9462167577632308 0.6703418556156689 0.7884452036531495
6.0159738321426950 -0.0008860115543692 0.0001838152029258 0.9511743118414453 0.6693763477990355 0.7877316133729132
6.0408157317014641 -0.0008920515940396 0.0001822507552170 0.9612647581419889 0.6674203252300114 0.7862836895701982
6.0656801287018602 -0.0008981109550350 0.0001806863556177 0.9714179894236725 0.6654643767655984 0.7848327766724600
6.0905834900411566 -0.0009041937506320 0.0001791210240533 0.9816408102161713 0.6635072772368740 0.7833779432841896
6.1155253098140241 -0.0009102999738572 0.0001775548497286 0.9919331428134567 0.6615491383960385 0.7819192470180609
6.1289263953460713 -0.0009135830887038 0.0001767140236134 0.9974853116987370 0.6604978839001752 0.7811348430144347
6.1416673936461876 -0.0009167065469011 0.0001759150563578 1.0027783449535654 0.6594989670306843 0.7803886573715058
6.1667016589211547 -0.0009228543551558 0.0001743464796161 1.0132190685929681 0.6575378492840143 0.7789213381908531
6.1917572970332113 -0.0009290216000013 0.0001727783056060 1.0237225606326510 0.6555772499896479 0.7774512440509822
6.2168491052501853 -0.0009352120342658 0.0001712096635632 1.0342950817812937 0.6536160806922918 0.7759775373183019
6.2323419026558486 -0.0009390414502850 0.0001702420329565 1.0408498868861202 0.6524063238550587 0.7750668761174844
6.2395343225132391 -0.0009408210943043 0.0001697930598011 1.0438998675255509 0.6518450079923792 0.7746439219138714
6.2467267423706296 -0.0009425996357281 0.0001693442428520 1.0469542569416823 0.6512838874791149 0.7742208507416006
6.2554396878417187 -0.0009447550215949 0.0001688007529179 1.0506602656146042 0.6506044060996574 0.7737081840113037
6.2806367334971620 -0.0009509979245235 0.0001672303397050 1.0614140388466944 0.6486410564005668 0.7722246529430874
6.3058515529790853 -0.0009572597517491 0.0001656608057713 1.0722293450331579 0.6466788218352457 0.7707386967656263
6.3310997203069812 -0.0009635444886001 0.0001640912358420 1.0831128925027595 0.6447165583398723 0.7692494292655474
6.3563804685867069 -0.0009698520777698 0.0001625217333831 1.0940644245101878 0.6427543954975767 0.7677569261604483
6.3816930913529326 -0.0009761726552800 0.0001609524016964 1.1050837022349160 0.6407924574044139 0.7662612597978722
6.4070121106918592 -0.0009825091592923 0.0001593848685307 1.1161596162564240 0.6388327841595923 0.7647639682630577
6.4323864941332154 -0.0009888744586655 0.0001578161568946 1.1273136425731833 0.6368716545240538 0.7632621868237477
6.4577905568630465 -0.0009952622722932 0.0001562479125053 1.1385346179885196 0.6349111261537148 0.7617574651193626
6.4665841232214776 -0.0009974769305497 0.0001557056128670 1.1424312759312414 0.6342331785645130 0.7612363391880783
6.4753776895799087 -0.0009996911464907 0.0001551635975705 1.1463343727666506 0.6335555873022735 0.7607150770630949
6.4859413431396282 -0.0010023518808918 0.0001545128561943 1.1510316423296367 0.6327420758697113 0.7600887102681753
6.5114210155889705 -0.0010087803795554 0.0001529449732866 1.1623996547557600 0.6307820305845602 0.7585771204502901
6.5369123729371186 -0.0010152271436894 0.0001513788327619 1.1738267158747784 0.6288241812716286 0.7570637556077272
6.5624301424088394 -0.0010216960302830 0.0001498135803927 1.1853193983616483 0.6268674602694693 0.7555477743664367
6.5777661277865107 -0.0010255912571232 0.0001488741028294 1.1922522375038742 0.6256930287196104 0.7546361912467736
6.5931021131641820 -0.0010294859422913 0.0001479355608840 1.1992044247540006 0.6245197700318017 0.7537242495880478
6.6164617329872080 -0.0010354289235378 0.0001465077977473 1.2098310326643880 0.6227349551920114 0.7523345172496890
6.6420579684283148 -0.0010419559669281 0.0001449458810103 1.2215264230000338 0.6207824558068749 0.7508108187632900
6.6676749140934017 -0.0010485041428996 0.0001433854130361 1.2332848507422860 0.6188317863952864 0.7492849757028431
6.6773608698750007 -0.0010509842110715 0.0001427961044964 1.2377447303979991 0.6180951238094949 0.7487078127768695
6.6870468256565996 -0.0010534646322508 0.0001422071931681 1.2422122416707371 0.6173589594405529 0.7481305263133962
6.6970003126825901 -0.0010560138621207 0.0001416024320481 1.2468110897715297 0.6166029838766052 0.7475371681426101
6.7226742654571563 -0.0010626004650350 0.0001400444765941 1.2587104221664893 0.6146554907871711 0.7460060854526708
6.7483562077059425 -0.0010692052716396 0.0001384888974705 1.2706668214684502 0.6127109877918023 0.7444737191810338
6.7740566343482831 -0.0010758311268210 0.0001369351051415 1.2826850964362231 0.6107687381767432 0.7429394764372934
6.7821485842585156 -0.0010779207151298 0.0001364464917438 1.2864801351118986 0.6101579726841613 0.7424562552412727
6.7902405341687482 -0.0010800089319789 0.0001359581731941 1.2902804356716133 0.6095475760836497 0.7419729618040625
6.8008348687250395 -0.0010827449781123 0.0001353192913043 1.2952639011934179 0.6087489785988264 0.7413401054704928
6.8265800954789757 -0.0010894054691902 0.0001337688723281 1.3074116750851690 0.6068109810658944 0.7398017113874267
6.8523303952901147 -0.0010960838780197 0.0001322211906117 1.3196148412508617 0.6048764255820532 0.7382623416818118
6.8780947885456500 -0.0011027826945184 0.0001306757473060 1.3318775701845413 0.6029446888143160 0.7367214903582604
6.9038721078895655 -0.0011094919811631 0.0001291326607977 1.3441992252198351 0.6010159134861037 0.7351792600019870
6.9273340385502395 -0.0011156126546002 0.0001277309315031 1.3554598645870688 0.5992638451093880 0.7337750583536360
6.9531339608934370 -0.0011223595505555 0.0001261925833593 1.3678928089055160 0.5973410327073799 0.7322304099012737
6.9663362759729086 -0.0011258187127026 0.0001254066343981 1.3742752621683185 0.5963586675953028 0.7314397844172295
6.9735560409650041 -0.0011277122477735 0.0001249771948864 1.3777713401036988 0.5958219094365029 0.7310073712855160
6.9807758059570997 -0.0011296042620476 0.0001245480131379 1.3812715108877520 0.5952854735491799 0.7305749202880033
7.0066090188023642 -0.0011363851945314 0.0001230144613839 1.3938290221860743 0.5933686954486798 0.7290272579111443
7.0324327590327282 -0.0011431810495980 0.0001214848021822 1.4064340862074762 0.5914568047173732 0.7274797206831423
7.0582619423641964 -0.0011499958989359 0.0001199581877548 1.4190938033850407 0.5895487419253366 0.7259314476401856
7.0716157123881551 -0.0011535229709602 0.0001191702570187 1.4256592544674866 0.5885639414879775 0.7251308356131213
7.0849694824121139 -0.0011570525804677 0.0001183832418736 1.4322385369211856 0.5875802902195023 0.7243301272352887
7.1108085507572643 -0.0011638957365887 0.0001168630110132 1.4450084012825684 0.5856802462170158 0.7227805281103878
7.1366460361903767 -0.0011707563892348 0.0001153463507538 1.4578290079843441 0.5837846878934391 0.7212307120370278
7.1454757583280255 -0.0011731050899535 0.0001148288495241 1.4622221140377267 0.5831379077808942 0.7207010109215315
7.1504305529422929 -0.0011744239893982 0.0001145386340985 1.4646899279867889 0.5827751937682478 0.7204037555335155
7.1553853475565603 -0.0011757417447690 0.0001142485492618 1.4671596271325993 0.5824126427947772 0.7201064904723420
7.1632812261797314 -0.0011778428250376 0.0001137865438338 1.4710991916653675 0.5818352253566326 0.7196327543514873
7.1891179816135811 -0.0011847297932734 0.0001122770980539 1.4840235477415509 0.5799487253670067 0.7180824466128096
7.2149506216159365 -0.0011916339407499 0.0001107714717562 1.4969968390955783 0.5780670226119017 0.7165321699531603
7.2280398968891415 -0.0011951392686662 0.0001100099546787 1.5035897534018323 0.5771153023475974 0.7157465797553000
7.2350774292807740 -0.0011970258081060 0.0001096009049713 1.5071398615226983 0.5766040872978025 0.7153241839941437
7.2419577247028712 -0.0011988689133596 0.0001092012565653 1.5106142876623971 0.5761046218742153 0.7149112141448681
7.2677727737008375 -0.0012057960165882 0.0001077040755299 1.5236824255541419 0.5742335170626517 0.7133616488622322
7.2935866957462734 -0.0012127414607592 0.0001062106317223 1.5368003931596512 0.5723671071667249 0.7118120298004816
7.3065687877112708 -0.0012162414980857 0.0001054609606599 1.5434165495751833 0.5714302258225438 0.7110326738623169
7.3154712759715332 -0.0012186444163868 0.0001049474160169 1.5479609200954358 0.5707884407624818 0.7104982181071540
7.3243737642317956 -0.0012210463182087 0.0001044343163061 1.5525112475705403 0.5701472128043993 0.7099637545807723
7.3364612303853107 -0.0012243108879178 0.0001037383609316 1.5586990347718488 0.5692774721229529 0.7092380697201637
7.3622445769004532 -0.0012312883659041 0.0001022565972154 1.5719345572435397 0.5674257191168083 0.7076901108735748
7.3880165954952766 -0.0012382818963096 0.0001007792565234 1.5852138914206821 0.5655795186399837 0.7061428209998574
7.4024758396854278 -0.0012422108392339 0.0000999520666857 1.5926858501146670 0.5645458067704605 0.7052747289904726
7.4169350838755790 -0.0012461435079701 0.0000991260792002 1.6001733433203955 0.5635136040872590 0.7044066479041443
7.4426677698770751 -0.0012531574785065 0.0000976590809879 1.6135369426308317 0.5616803765261734 0.7028617929161067
7.4683864947803364 -0.0012601871458505 0.0000961967243750 1.6269421903587933 0.5598529750509462 0.7013178557683905
7.4940845629201362 -0.0012672215998968 0.0000947394137270 1.6403853302215212 0.5580318997314018 0.6997752667421268
7.5190260163276239 -0.0012740673514419 0.0000933287324020 1.6534790246744744 0.5562691177706796 0.6982782253756449
7.5310841294091224 -0.0012773836947900 0.0000926480511701 1.6598255870737839 0.5554185500253078 0.6975545243233694
7.5394155608754492 -0.0012796776617977 0.0000921782467370 1.6642168846517535 0.5548314937710283 0.6970545129284225
7.5477469923417759 -0.0012819717889624 0.0000917088571884 1.6686132460676244 0.5542449576033158 0.6965545210391514
7.5571842778004488 -0.0012845716876153 0.0000911776660375 1.6735992581945285 0.5535811985007961 0.6959881885802491
7.5827848675673000 -0.0012916381345669 0.0000897393909165 1.6871574646281617 0.5517839950996929 0.6944520374683305
7.6083693808072796 -0.0012987202779693 0.0000883059670028 1.7007546451155555 0.5499928803076179 0.6929170810225693
7.6195555957068963 -0.0013018206696381 0.0000876804841714 1.7067145602098670 0.5492113240079672 0.6922460372395772
7.6307418106065130 -0.0013049233654290 0.0000870557632081 1.7126835054756389 0.5484307239301964 0.6915750447685652
7.6562529401172883 -0.0013120139468047 0.0000856338911254 1.7263299080047363 0.5466540886737010 0.6900449922788128
7.6696144378702087 -0.0013157358125749 0.0000848907749179 1.7334958929493594 0.5457255726718895 0.6892437445899969
7.6790502391634199 -0.0013183675710492 0.0000843666527998 1.7385641745822260 0.5450706920532120 0.6886779611638898
7.6884860404566311 -0.0013209993093337 0.0000838430809458 1.7436388296129144 0.5444165010665819 0.6881122225958326
7.6983220648585666 -0.0013237451449398 0.0000832978874933 1.7489355038463887 0.5437352980921686 0.6875225371647983
7.7237362838188810 -0.0013308540997817 0.0000818919991058 1.7626529538766762 0.5419787015345540 0.6859991566508498
7.7358730680194219 -0.0013342563603892 0.0000812220221853 1.7692200656469881 0.5411416042099725 0.6852717818654743
7.7458535724989988 -0.0013370577248968 0.0000806717654551 1.7746282730356440 0.5404540950895620 0.6846737011672306
7.7558340769785756 -0.0013398588376133 0.0000801221333439 1.7800435461092503 0.5397673686389708 0.6840756809026327
7.7832602475508930 -0.0013475728875553 0.0000786149774435 1.7949608850783803 0.5378843062354025 0.6824326600179731
7.8085565880047394 -0.0013547097402046 0.0000772290649167 1.8087668545347388 0.5361527562877851 0.6809176725354107
7.8338045122253108 -0.0013618455186584 0.0000758498504034 1.8225912728629092 0.5344295979509153 0.6794060319828391
7.8617469733366629 -0.0013697674725872 0.0000743281726605 1.8379431504924739 0.5325284824626709 0.6777336141853019
7.8690200413284730 -0.0013718337566803 0.0000739329175763 1.8419479984181160 0.5320346743634777 0.6772984035914614
7.8762931093202830 -0.0013738996224496 0.0000735380023684 1.8459565356339946 0.5315412919592196 0.6768632347894105
7.8854824690963197 -0.0013765120664224 0.0000730395211927 1.8510265029999331 0.5309185239561502 0.6763134693008066
7.9105544265397132 -0.0013836543451907 0.0000716822433834 1.8648891064961601 0.5292228542057942 0.6748138594387356
7.9233112424450329 -0.0013872966313415 0.0000709932055695 1.8719592538502705 0.5283620388465543 0.6740510494155898
7.9360680583503527 -0.0013909419779068 0.0000703052215216 1.8790406666145396 0.5275025459358537 0.6732883806879861
7.9495785619220962 -0.0013948070801298 0.0000695777416355 1.8865527190072457 0.5265937183589785 0.6724808099232686
7.9745133351355877 -0.0014019570599604 0.0000682382322817 1.9004498881149661 0.5249203156263939 0.6709908065540383
7.9994095426803327 -0.0014091130040400 0.0000669048434478 1.9143682016038870 0.5232545853065634 0.6695036910639846
8.0241796611487803 -0.0014162510857569 0.0000655822379717 1.9282581623969015 0.5216023531270239 0.6680247069036145
8.0378250835927538 -0.0014201926253077 0.0000648553601940 1.9359277998874862 0.5206943315183195 0.6672102237134213
8.0514705060367273 -0.0014241370285816 0.0000641297109025 1.9436101251277464 0.5197878511759155 0.6663959318901579
8.0644420579752580 -0.0014278923871557 0.0000634410372196 1.9509248052488719 0.5189275687639693 0.6656220339101745
8.0890809887890782 -0.0014350422325494 0.0000621359963957 1.9648501803690797 0.5172973507631007 0.6641525417663304
8.0973899016288726 -0.0014374566214565 0.0000616968100869 1.9695554614502051 0.5167487379817640 0.6636571384740578
8.1055191185392026 -0.0014398204240707 0.0000612675664156 1.9741634976128486 0.5162125478968943 0.6631725232256149
8.1300280737211370 -0.0014469617192437 0.0000599760933942 1.9880833482379734 0.5145993229319001 0.6617118963285215
8.1391151654476115 -0.0014496150792167 0.0000594982772114 1.9932546355931327 0.5140024732444509 0.6611705199279566
8.1482022571740860 -0.0014522697754353 0.0000590210137452 1.9984314718064404 0.5134063170177123 0.6606292395501275
8.1575173742917322 -0.0014549932745961 0.0000585323481784 2.0037439642890744 0.5127959219342275 0.6600744773270021
8.1818715876046504 -0.0014621290661791 0.0000572574893580 2.0176608465465877 0.5112035086221995 0.6586245502489685
8.1892408337654938 -0.0014642926294555 0.0000568725199002 2.0218797162327053 0.5107226530185475 0.6581859640214565
8.1966100799263373 -0.0014664566618882 0.0000564879165042 2.0261022100831703 0.5102422564324831 0.6577474444577620
8.2040220521194822 -0.0014686347610849 0.0000561014523378 2.0303528375011615 0.5097595380509415 0.6573064501638153
8.2282238607711253 -0.0014757612214497 0.0000548421373570 2.0442575810868848 0.5081865927618568 0.6558669809902565
8.2523878954749836 -0.0014828948252262 0.0000535887398106 2.0581794121274943 0.5066210660262483 0.6544305046738589
8.2763814409559195 -0.0014899975428227 0.0000523481032553 2.0720412415255836 0.5050715061621915 0.6530049184797498
8.2817143636663797 -0.0014915792488437 0.0000520728844902 2.0751274005535101 0.5047277609108379 0.6526881646536532
8.2870472863768398 -0.0014931610468877 0.0000517978596240 2.0782154336615353 0.5043842586957306 0.6523714490304481
8.2929263872875421 -0.0014949056523061 0.0000514948922500 2.0816219018639379 0.5040058581043292 0.6520223410568973
8.3168183306088235 -0.0015020093798360 0.0000502660936008 2.0954887502157105 0.5024711301320799 0.6506040943474789
8.3406644243480574 -0.0015091181988092 0.0000490435408142 2.1093663149808672 0.5009442307322306 0.6491893581274463
8.3644191852230403 -0.0015162195348768 0.0000478295414030 2.1232276846532931 0.4994280423600560 0.6477808401614615
8.3761366498399692 -0.0015197288156767 0.0000472321404175 2.1300786038634349 0.4986819461524076 0.6470863620837144
8.3875153145082049 -0.0015231408065714 0.0000466529158031 2.1367399830906724 0.4979585568595889 0.6464121555692026
8.3985833622266064 -0.0015264646526264 0.0000460903571516 2.1432275872674587 0.4972559882552354 0.6457565362273033
8.4065143630777239 -0.0015288494548490 0.0000456877645947 2.1478812790584820 0.4967532022832038 0.6452868524699542
8.4144453639288415 -0.0015312355070620 0.0000452856059412 2.1525390458885374 0.4962509608082984 0.6448172625490523
8.4223981193146322 -0.0015336300066123 0.0000448827798893 2.1572136762755494 0.4957478888673428 0.6443464793506447
8.4457549751720080 -0.0015406774511071 0.0000437022230551 2.1709664595890885 0.4942735627226117 0.6429643662824983
8.4552875581831053 -0.0015435584070229 0.0000432214890232 2.1765894615361310 0.4936732105425695 0.6424005275419037
8.4639137978644037 -0.0015461681728743 0.0000427870045560 2.1816828779918382 0.4931306199330549 0.6418904188898690
8.4751038249401596 -0.0015495581641527 0.0000422241555727 2.1882972250513966 0.4924277319517951 0.6412288746198371
8.4822019345997628 -0.0015517112113820 0.0000418675763896 2.1924970351090964 0.4919824380930631 0.6408093425874536
8.4893000442593660 -0.0015538654659605 0.0000415113470088 2.1967000760340913 0.4915375833150645 0.6403898900415977
8.4980275447636533 -0.0015565161849925 0.0000410738238123 2.2018723606315640 0.4909912131118507 0.6398742605263472
8.5210465353565930 -0.0015635228253221 0.0000399223840349 2.2155377504593732 0.4895533386277890 0.6385148601458189
8.5440147585841242 -0.0015705312208796 0.0000387771598030 2.2292066919722444 0.4881232524512022 0.6371593136082216
8.5527844136207669 -0.0015732130145411 0.0000383408633137 2.2344345803567838 0.4875784398660626 0.6366419713318937
8.5615540686574096 -0.0015758969041842 0.0000379051036441 2.2396673539769405 0.4870343012579136 0.6361247563174036
8.5711293528536654 -0.0015788303206152 0.0000374299258705 2.2453864115028832 0.4864409452872495 0.6355601732417038
8.5817909245783248 -0.0015821011543096 0.0000369015938426 2.2517611145981253 0.4857812216111184 0.6349317205567352
8.5885921516093440 -0.0015841902417372 0.0000365649753239 2.2558314217634772 0.4853608923639104 0.6345309182044886
8.5953933786403631 -0.0015862794804343 0.0000362286810306 2.2599046532185105 0.4849409694795093 0.6341301941538863
8.6028027540448910 -0.0015885575316648 0.0000358626844981 2.2643454277439741 0.4844839609606841 0.6336937278805218
8.6252757874719244 -0.0015954815715260 0.0000347549477305 2.2778357083320544 0.4831007838569765 0.6323704773701109
8.6477042539564177 -0.0016024139137954 0.0000336529364406 2.2913309142231157 0.4817247852126389 0.6310507226518107
8.6700071631094140 -0.0016093294762778 0.0000325605949297 2.3047818609874855 0.4803608897941451 0.6297392310396891
8.6921815987422342 -0.0016162271788895 0.0000314780110449 2.3181861659428979 0.4790092069327616 0.6284361702943891
8.7142242189559163 -0.0016231057937984 0.0000304052914820 2.3315411787468618 0.4776698694754959 0.6271417322714837
8.7361318930833747 -0.0016299641429428 0.0000293425306436 2.3448443659925502 0.4763429949017535 0.6258560954763442
8.7579014843371450 -0.0016368010306454 0.0000282898213359 2.3580931805423213 0.4750286986793665 0.6245794378546432
8.7795296806413745 -0.0016436151901426 0.0000272472629456 2.3712849585026459 0.4737271044731083 0.6233119467087438
8.8010130814529450 -0.0016504053101442 0.0000262149571820 2.3844169715043106 0.4724383388285918 0.6220538135873189
8.8223481504287697 -0.0016571700193205 0.0000251930103181 2.3974863974314844 0.4711625339686670 0.6208052370449226
8.8435308904143035 -0.0016639077820519 0.0000241815486279 2.4104901201583351 0.4698998470650995 0.6195664416239755
8.8645576448948535 -0.0016706171522303 0.0000231806800022 2.4234252205024216 0.4686504123183817 0.6183376309496518
8.8854244010567704 -0.0016772965515418 0.0000221905272727 2.4362885487461670 0.4674143825596632 0.6171190284969806
8.9061270165463213 -0.0016839443406171 0.0000212112172918 2.4490768629972295 0.4661919156168433 0.6159108643009203
8.9266610862996600 -0.0016905587754527 0.0000202428871644 2.4617867463079013 0.4649831820931248 0.6147133827057909
8.9470219155103798 -0.0016971379973944 0.0000192856853862 2.4744145887330129 0.4637883667858944 0.6135268438997782
8.9672047379818967 -0.0017036801026449 0.0000183397614808 2.4869567218861373 0.4626076557508776 0.6123515111591794
8.9872043163198327 -0.0017101830118150 0.0000174052846706 2.4994091698764520 0.4614412596058562 0.6111876741079091
9.0070151033647559 -0.0017166445204221 0.0000164824361069 2.5117677478683191 0.4602894038304698 0.6100356392540770
9.0266314868810937 -0.0017230623776875 0.0000155713973859 2.5240282139704653 0.4591523144314352 0.6088957157319366
9.0460470148020331 -0.0017294340317845 0.0000146723864103 2.5361857839589281 0.4580302627003704 0.6077682602840369
9.0652555145059175 -0.0017357569948926 0.0000137856053072 2.5482358299703503 0.4569235002079750 0.6066536121856295
9.0842495181553531 -0.0017420283242176 0.0000129113130958 2.5601728924108906 0.4558323494979675 0.6055521846075222
9.1030213170797492 -0.0017482449656260 0.0000120497766031 2.5719913379702199 0.4547571428216247 0.6044644033045111
9.1215630021866136 -0.0017544037663673 0.0000112012685836 2.5836853848385779 0.4536982197913523 0.6033907042605016
9.1398651022052100 -0.0017605010203032 0.0000103661297724 2.5952482416499980 0.4526560048183507 0.6023316124584218
9.1579179258281993 -0.0017665329100035 0.0000095447070383 2.6066729504088442 0.4516309299248387 0.6012876640240032
9.1757108678620405 -0.0017724952736424 0.0000087373848578 2.6179519465803791 0.4506234740194253 0.6002594463124504
9.1932315675482812 -0.0017783833182621 0.0000079446229601 2.6290765210614673 0.4496342098689775 0.5992476463721375
9.2104667156303783 -0.0017841918848970 0.0000071669190909 2.6400373267126693 0.4486637576243746 0.5982530041058625
9.2274011485177478 -0.0017899151389301 0.0000064048494030 2.6508237983453746 0.4477128352174765 0.5972763643865959
9.2440180905611005 -0.0017955466453371 0.0000056590567860 2.6614243007726581 0.4467822437893229 0.5963186628336283
