0.0000958387908255 -0.0000000000044717 0.0000616480421583 0.0000000000000020 0.9999999999615259 0.9999999999734436
0.0001319910714015 -0.0000000000084822 0.0000616480421509 0.0000000000000052 0.9999999999266450 0.9999999999496261
0.0001762687464489 -0.0000000000151283 0.0000616480421387 0.0000000000000125 0.9999999998688431 0.9999999999101569
0.0002294361841369 -0.0000000000256314 0.0000616480421193 0.0000000000000276 0.9999999997774957 0.9999999998477813
0.0002921931984915 -0.0000000000415714 0.0000616480420900 0.0000000000000569 0.9999999996388632 0.9999999997531175
0.0003652347867770 -0.0000000000649534 0.0000616480420469 0.0000000000001112 0.9999999994355067 0.9999999996142570
0.0004492167316483 -0.0000000000982589 0.0000616480419855 0.0000000000002069 0.9999999991458446 0.9999999994164638
0.0005447642660266 -0.0000000001445036 0.0000616480419003 0.0000000000003690 0.9999999987436483 0.9999999991418274
0.0006524993117537 -0.0000000002073112 0.0000616480417846 0.0000000000006341 0.9999999981974037 0.9999999987688284
0.0007730147647605 -0.0000000002909637 0.0000616480416304 0.0000000000010543 0.9999999974698675 0.9999999982720358
0.0009068860231462 -0.0000000004004693 0.0000616480414287 0.0000000000017024 0.9999999965174853 0.9999999976217085
0.0010546667857473 -0.0000000005416200 0.0000616480411686 0.0000000000026777 0.9999999952898814 0.9999999967834483
0.0012168922265774 -0.0000000007210554 0.0000616480408380 0.0000000000041131 0.9999999937293109 0.9999999957178243
0.0013940978493944 -0.0000000009463484 0.0000616480404229 0.0000000000061844 0.9999999917699113 0.9999999943798624
0.0015867846369953 -0.0000000012260288 0.0000616480399076 0.0000000000091195 0.9999999893374992 0.9999999927189076
0.0017954654761075 -0.0000000015697081 0.0000616480392743 0.0000000000132113 0.9999999863484804 0.9999999906778779
0.0020206065094836 -0.0000000019880549 0.0000616480385035 0.0000000000188304 0.9999999827100710 0.9999999881934165
0.0022626902336761 -0.0000000024929590 0.0000616480375732 0.0000000000264418 0.9999999783188621 0.9999999851949113
0.0025221862481089 -0.0000000030975568 0.0000616480364592 0.0000000000366224 0.9999999730606054 0.9999999816043490
0.0027995501241180 -0.0000000038162912 0.0000616480351350 0.0000000000500818 0.9999999668096904 0.9999999773359569
0.0030952161147988 -0.0000000046649500 0.0000616480335713 0.0000000000676843 0.9999999594288079 0.9999999722959747
0.0034096286001215 -0.0000000056608182 0.0000616480317364 0.0000000000904766 0.9999999507676283 0.9999999663817508
0.0037432106951587 -0.0000000068226583 0.0000616480295957 0.0000000001197149 0.9999999406629725 0.9999999594818597
0.0040963819778114 -0.0000000081708264 0.0000616480271116 0.0000000001568977 0.9999999289378012 0.9999999514754111
0.0044695480328219 -0.0000000097273001 0.0000616480242438 0.0000000002038009 0.9999999154009717 0.9999999422318847
0.0048631152406360 -0.0000000115158029 0.0000616480209485 0.0000000002625179 0.9999998998461587 0.9999999316103927
0.0052774927667633 -0.0000000135618957 0.0000616480171785 0.0000000003355044 0.9999998820510567 0.9999999194591356
0.0057130797714575 -0.0000000158929927 0.0000616480128834 0.0000000004256240 0.9999998617772405 0.9999999056153061
0.0061702349536390 -0.0000000185382405 0.0000616480080095 0.0000000005361920 0.9999998387712198 0.9999998899058100
0.0066493582258501 -0.0000000215290352 0.0000616480024989 0.0000000006710493 0.9999998127599383 0.9999998721441928
0.0071507984420074 -0.0000000248985568 0.0000616479962905 0.0000000008346009 0.9999997834548251 0.9999998521334061
0.0076749387502024 -0.0000000286823633 0.0000616479893188 0.0000000010319056 0.9999997505466302 0.9999998296622805
0.0082221393109249 -0.0000000329180993 0.0000616479815143 0.0000000012687315 0.9999997137079534 0.9999998045072529
0.0087927697793861 -0.0000000376457961 0.0000616479728035 0.0000000015516448 0.9999996725906388 0.9999997764305871
0.0093871550649422 -0.0000000429074845 0.0000616479631087 0.0000000018880660 0.9999996268291380 0.9999997451826712
0.0100056767984030 -0.0000000487481344 0.0000616479523472 0.0000000022864125 0.9999995760323456 0.9999997104964410
0.0106486506686454 -0.0000000552146350 0.0000616479404326 0.0000000027561250 0.9999995197924584 0.9999996720934309
0.0113164251683797 -0.0000000623567600 0.0000616479272731 0.0000000033078280 0.9999994576765907 0.9999996296780475
0.0120093386118280 -0.0000000702268507 0.0000616479127723 0.0000000039534149 0.9999993892295251 0.9999995829394480
0.0127277108895276 -0.0000000788797630 0.0000616478968291 0.0000000047061527 0.9999993139741736 0.9999995315518561
0.0134718818860725 -0.0000000883733880 0.0000616478793369 0.0000000055808441 0.9999992314070502 0.9999994751714689
0.0142421693283078 -0.0000000987682225 0.0000616478601843 0.0000000065939173 0.9999991410020087 0.9999994134390108
0.0150388925584954 -0.0000001101277169 0.0000616478392542 0.0000000077635903 0.9999990422072158 0.9999993459776647
0.0158623669151486 -0.0000001225182759 0.0000616478164244 0.0000000091100127 0.9999989344451410 0.9999992723930672
0.0167129048468384 -0.0000001360093434 0.0000616477915668 0.0000000106554256 0.9999988171118251 0.9999991922728078
0.0175908243405750 -0.0000001506736165 0.0000616477645476 0.0000000124243456 0.9999986895750138 0.9999991051851539
0.0184964166927721 -0.0000001665865728 0.0000616477352277 0.0000000144436752 0.9999985511782722 0.9999990106818621
0.0194299824483911 -0.0000001838271137 0.0000616477034617 0.0000000167429545 0.9999984012353857 0.9999989082943536
0.0203918365119477 -0.0000002024777888 0.0000616476690975 0.0000000193545844 0.9999982390284141 0.9999987975323849
0.0213822641112468 -0.0000002226240301 0.0000616476319777 0.0000000223139190 0.9999980638143481 0.9999986778885946
0.0224015743459170 -0.0000002443552600 0.0000616475919375 0.0000000256596281 0.9999978748154719 0.9999985488319219
0.0234500414215209 -0.0000002677637514 0.0000616475488070 0.0000000294337450 0.9999976712292820 0.9999984098143787
0.0245279607297401 -0.0000002929458709 0.0000616475024085 0.0000000336820837 0.9999974522176692 0.9999982602636639
0.0256356165944882 -0.0000003200014664 0.0000616474525581 0.0000000384543846 0.9999972169122485 0.9999980995868017
0.0267733056998111 -0.0000003490345018 0.0000616473990642 0.0000000438046775 0.9999969644088392 0.9999979271663730
0.0279413020816483 -0.0000003801522571 0.0000616473417292 0.0000000497914012 0.9999966937744189 0.9999977423652636
0.0291398614280956 -0.0000004134654056 0.0000616472803492 0.0000000564776734 0.9999964040464535 0.9999975445262067
0.0303692932240875 -0.0000004490901192 0.0000616472147100 0.0000000639320050 0.9999960942145907 0.9999973329592816
0.0316298509035697 -0.0000004871450908 0.0000616471445931 0.0000000722280048 0.9999957632465496 0.9999971069595935
0.0329218114969206 -0.0000005277538294 0.0000616470697708 0.0000000814451568 0.9999954100681676 0.9999968657936474
0.0342454336546213 -0.0000005710434888 0.0000616469900089 0.0000000916688966 0.9999950335735811 0.9999966087063006
0.0356010169907774 -0.0000006171468890 0.0000616469050627 0.0000001029914333 0.9999946326076490 0.9999963349087594
0.0369887918232735 -0.0000006661989015 0.0000616468146836 0.0000001155112321 0.9999942059973898 0.9999960436000472
0.0384090284614259 -0.0000007183401510 0.0000616467186125 0.0000001293342729 0.9999937525197843 0.9999957339450175
0.0398619957333732 -0.0000007737157615 0.0000616466165821 0.0000001445741506 0.9999932709126869 0.9999954050818045
0.0413479440160380 -0.0000008324747476 0.0000616465083177 0.0000001613522998 0.9999927598801155 0.9999950561254356
0.0428671414987668 -0.0000008947714777 0.0000616463935351 0.0000001797988185 0.9999922180795257 0.9999946861591409
0.0444198451846092 -0.0000009607646354 0.0000616462719417 0.0000002000526148 0.9999916441308474 0.9999942942405240
0.0460062904857981 -0.0000010306167533 0.0000616461432382 0.0000002222616857 0.9999910366205333 0.9999938794043265
0.0476267439200555 -0.0000011044965719 0.0000616460071136 0.0000002465843210 0.9999903940810534 0.9999934406484245
0.0492814477427339 -0.0000011825767092 0.0000616458632498 0.0000002731888567 0.9999897150111501 0.9999929769476612
0.0509706509199519 -0.0000012650350884 0.0000616457113192 0.0000003022546286 0.9999889978634340 0.9999924872453749
0.0526946019959261 -0.0000013520547082 0.0000616455509844 0.0000003339724246 0.9999882410463732 0.9999919704547577
0.0544535479329552 -0.0000014438236619 0.0000616453818989 0.0000003685450313 0.9999874429241299 0.9999914254587442
0.0562477305420169 -0.0000015405350124 0.0000616452037071 0.0000004061877390 0.9999866018176495 0.9999908511107536
0.0580774091108519 -0.0000016423881106 0.0000616450160416 0.0000004471294415 0.9999857159931954 0.9999902462268611
0.0599428003593432 -0.0000017495853315 0.0000616448185295 0.0000004916119228 0.9999847836907295 0.9999896096051770
0.0618441456291192 -0.0000018623358172 0.0000616446107855 0.0000005398919472 0.9999838030913655 0.9999889400036223
0.0637816801186349 -0.0000019808538735 0.0000616443924147 0.0000005922412650 0.9999827723313126 0.9999882361494487
0.0657556351585619 -0.0000021053591411 0.0000616441630125 0.0000006489473270 0.9999816895003861 0.9999874967382215
0.0677662861671365 -0.0000022360798055 0.0000616439221585 0.0000007103154752 0.9999805526140916 0.9999867204147569
0.0698138281323222 -0.0000023732446529 0.0000616436694311 0.0000007766659524 0.9999793596827137 0.9999859058202990
0.0718984891281946 -0.0000025170903008 0.0000616434043943 0.0000008483379123 0.9999781086484353 0.9999850515495803
0.0740205086498728 -0.0000026678600479 0.0000616431265999 0.0000009256897120 0.9999767973953372 0.9999841561576502
0.0761800989694942 -0.0000028258012099 0.0000616428355923 0.0000010090983159 0.9999754237725708 0.9999832181756975
0.0783775203192598 -0.0000029911706539 0.0000616425308981 0.0000010989629901 0.9999739855462263 0.9999822360781820
0.0806129786832193 -0.0000031642273741 0.0000616422120401 0.0000011957021859 0.9999724804638994 0.9999812083269248
0.0828866929420825 -0.0000033452374074 0.0000616418785283 0.0000012997569350 0.9999709062119452 0.9999801333419175
0.0851988887970422 -0.0000035344735502 0.0000616415298600 0.0000014115916128 0.9999692604179387 0.9999790095030008
0.0875497942940421 -0.0000037322151367 0.0000616411655206 0.0000015316947351 0.9999675406526045 0.9999778351511830
0.0899396234478750 -0.0000039387467160 0.0000616407849857 0.0000016605790570 0.9999657444413215 0.9999766085964934
0.0923686117678017 -0.0000041543611681 0.0000616403877159 0.0000017987844412 0.9999638692370261 0.9999753280994796
0.0948369576099605 -0.0000043793546264 0.0000616399731654 0.0000019468756023 0.9999619124643693 0.9999739919013585
0.0973448816745402 -0.0000046140317543 0.0000616395407730 0.0000021054464290 0.9999598714738306 0.9999725981926814
0.0998926252134817 -0.0000048587059235 0.0000616390899613 0.0000022751213011 0.9999577435401649 0.9999711451122730
0.1024803841530511 -0.0000051136929832 0.0000616386201484 0.0000024565518367 0.9999555259165896 0.9999696307842327
0.1051083716021100 -0.0000053793171726 0.0000616381307369 0.0000026504219529 0.9999532157833750 0.9999680532828262
0.1077767842976628 -0.0000056559078973 0.0000616376211200 0.0000028574466749 0.9999508102758684 0.9999664106516221
0.1104858638606083 -0.0000059438061882 0.0000616370906693 0.0000030783781254 0.9999483064283315 0.9999647008651388
0.1132358249254953 -0.0000062433574539 0.0000616365387484 0.0000033140013674 0.9999457012369688 0.9999629218718828
0.1160268232513488 -0.0000065549076065 0.0000616359647201 0.0000035651321887 0.9999429916936237 0.9999610716173567
0.1188591216297112 -0.0000068788215379 0.0000616353679121 0.0000038326331151 0.9999401746250919 0.9999591479343313
0.1217329006204522 -0.0000072154622429 0.0000616347476556 0.0000041173979739 0.9999372468746879 0.9999571486668274
0.1246483779939339 -0.0000075652042560 0.0000616341032607 0.0000044203640406 0.9999342051853893 0.9999550715903198
0.1276057436443642 -0.0000079284261712 0.0000616334340298 0.0000047425070790 0.9999310462648897 0.9999529144561558
0.1306052318844400 -0.0000083055195177 0.0000616327392416 0.0000050848504981 0.9999277667084093 0.9999506749388442
0.1336470274481717 -0.0000086968772616 0.0000616320181721 0.0000054484565134 0.9999243630986988 0.9999483507043416
0.1367313476977311 -0.0000091029041025 0.0000616312700758 0.0000058344368157 0.9999208319164895 0.9999459393489012
0.1398583587322798 -0.0000095240056206 0.0000616304942054 0.0000062439437995 0.9999171696348835 0.9999434384635248
0.1430282912415342 -0.0000099606037104 0.0000616296897838 0.0000066781868209 0.9999133725851279 0.9999408455423028
0.1462413454409007 -0.0000104131241220 0.0000616288560266 0.0000071384218621 0.9999094370649708 0.9999381580564041
0.1494976914981415 -0.0000108819961357 0.0000616279921429 0.0000076259523066 0.9999053593414915 0.9999353734560070
0.1527975697701914 -0.0000113676670765 0.0000616270973086 0.0000081421456204 0.9999011355248727 0.9999324890840976
0.1561411490741631 -0.0000118705819789 0.0000616261707040 0.0000086884138294 0.9998967617452544 0.9999295022972375
0.1595286247108961 -0.0000123911977350 0.0000616252114872 0.0000092662298446 0.9998922340296923 0.9999264103815375
0.1629602062573640 -0.0000129299816709 0.0000616242187975 0.0000098771279753 0.9998875483145410 0.9999232105611111
0.1664360797249977 -0.0000134874057376 0.0000616231917653 0.0000105226991473 0.9998827004959752 0.9999199000325708
0.1699564483435589 -0.0000140639529462 0.0000616221295009 0.0000112045999305 0.9998776863740301 0.9999164759268115
0.1735214948132892 -0.0000146601113674 0.0000616210311052 0.0000119245473764 0.9998725017047859 0.9999129353446421
0.1771313984339201 -0.0000152763768123 0.0000616198956648 0.0000126843237958 0.9998671421770572 0.9999092753408640
0.1807864013954088 -0.0000159132645196 0.0000616187222306 0.0000134857934148 0.9998616033107560 0.9999054928548601
0.1844866366726815 -0.0000165712794489 0.0000616175098724 0.0000143308671872 0.9998558807152428 0.9999015848870160
0.1882323024387631 -0.0000172509463618 0.0000616162576235 0.0000152215421266 0.9998499698277259 0.9998975483200719
0.1920236118189306 -0.0000179528016873 0.0000616149644958 0.0000161598937941 0.9998438659840085 0.9998933799674293
0.1958607597966205 -0.0000186773875758 0.0000616136294906 0.0000171480705692 0.9998375644701990 0.9998890766084596
0.1997438925151468 -0.0000194252456799 0.0000616122516102 0.0000181882866079 0.9998310605768059 0.9998846350254419
0.2036732544920502 -0.0000201969454991 0.0000616108298055 0.0000192828632918 0.9998243493522331 0.9998800518352177
0.2076489883965458 -0.0000209930458667 0.0000616093630472 0.0000204341777977 0.9998174259377193 0.9998753237179193
0.2116712762401164 -0.0000218141221629 0.0000616078502754 0.0000216447030856 0.9998102853306802 0.9998704472553482
0.2157403004439163 -0.0000226607589786 0.0000616062904134 0.0000229170000847 0.9998029224485131 0.9998654189745424
0.2198562877709032 -0.0000235335596078 0.0000616046823498 0.0000242537346938 0.9997953320460469 0.9998602352913946
0.2240193831443378 -0.0000244331195062 0.0000616030249880 0.0000256576397217 0.9997875089463680 0.9998548926682833
0.2282297834593912 -0.0000253600544498 0.0000616013171937 0.0000271315599820 0.9997794477959419 0.9998493874468330
0.2324876565443815 -0.0000263149833328 0.0000615995578270 0.0000286784282411 0.9997711432142142 0.9998437159500747
0.2367931733846780 -0.0000272985350764 0.0000615977457295 0.0000303012782798 0.9997625897335367 0.9998378744414121
0.2411465440759610 -0.0000283113572113 0.0000615958797087 0.0000320032620668 0.9997537817245308 0.9998318590736428
0.2455479472537859 -0.0000293540999219 0.0000615939585669 0.0000337876261981 0.9997447135348522 0.9998256659837178
0.2499975596617378 -0.0000304274226580 0.0000615919810897 0.0000356577250944 0.9997353794317037 0.9998192912534752
0.2544955336432959 -0.0000315319885966 0.0000615899460556 0.0000376170137165 0.9997257736499942 0.9998127309425221
0.2590420793233336 -0.0000326684849081 0.0000615878521991 0.0000396690862557 0.9997158902161088 0.9998059809678692
0.2636373481883687 -0.0000338375942371 0.0000615856982630 0.0000418176283217 0.9997057231959257 0.9997990372733072
0.2682815165462673 -0.0000350400152714 0.0000615834829605 0.0000440664562605 0.9996952665159449 0.9997918957072377
0.2729747718923939 -0.0000362764597547 0.0000615812049808 0.0000464195152929 0.9996845139892780 0.9997845520404118
0.2777172766923710 -0.0000375476430338 0.0000615788630067 0.0000488808645024 0.9996734593978542 0.9997770020220662
0.2825092333888155 -0.0000388543014397 0.0000615764556821 0.0000514547132742 0.9996620963412816 0.9997692412766892
0.2873507902927167 -0.0000401971669791 0.0000615739816589 0.0000541453750335 0.9996504184569390 0.9997612654543290
0.2922421340894881 -0.0000415769924565 0.0000615714395510 0.0000569573194952 0.9996384192015172 0.9997530700813795
0.2971834274350041 -0.0000429945344124 0.0000615688279652 0.0000598951419609 0.9996260919994017 0.9997446506619133
0.3021748473806635 -0.0000444505639286 0.0000615661454816 0.0000629635883361 0.9996134301487123 0.9997360026134965
0.3072165580170896 -0.0000459458588758 0.0000615633906678 0.0000661675423622 0.9996004268887276 0.9997271213132278
0.3123087371757595 -0.0000474812117927 0.0000615605620646 0.0000695120455761 0.9995870753313816 0.9997180020509384
0.3174515645366796 -0.0000490574266301 0.0000615576581916 0.0000730022941502 0.9995733684895761 0.9997086400485170
0.3226452021864713 -0.0000506753127764 0.0000615546775585 0.0000766436289117 0.9995592993291557 0.9996990304953967
0.3278898372489221 -0.0000523356982971 0.0000615516186408 0.0000804415683967 0.9995448606537761 0.9996891684699049
0.3331855839052206 -0.0000540393988824 0.0000615484799365 0.0000844017410987 0.9995300453749527 0.9996790491237006
0.3385326544528435 -0.0000557872723999 0.0000615452598662 0.0000885300145966 0.9995148460376754 0.9996686673577415
0.3439312023135297 -0.0000575801689714 0.0000615419568648 0.0000928323843422 0.9994992552545545 0.9996580181188033
0.3493813772667826 -0.0000594189482951 0.0000615385693496 0.0000973150164017 0.9994832655551938 0.9996470962965844
0.3548833580616900 -0.0000613044908834 0.0000615350956996 0.0001019842789782 0.9994668692884844 0.9996358966569497
0.3604373085636777 -0.0000632376835317 0.0000615315342821 0.0001068467112931 0.9994500587489701 0.9996244139282305
0.3660434267195954 -0.0000652194364407 0.0000615278834218 0.0001119090706075 0.9994328260279779 0.9996126426995181
0.3717018408626184 -0.0000672506467209 0.0000615241414670 0.0001171782432046 0.9994151633309748 0.9996005776374253
0.3774127301117985 -0.0000693322407756 0.0000615203067126 0.0001226613560409 0.9993970626090366 0.9995882132343361
0.3831762624841804 -0.0000714651527055 0.0000615163774390 0.0001283657262229 0.9993785157466449 0.9995755439366659
0.3889925771328414 -0.0000736503173571 0.0000615123519257 0.0001342988453912 0.9993595146221496 0.9995625641861455
0.3948618646170430 -0.0000758887004210 0.0000615082283950 0.0001404684652935 0.9993400508460605 0.9995492682410299
0.4007842645393617 -0.0000781812600562 0.0000615040050835 0.0001468824978772 0.9993201160947577 0.9995356504040364
0.4067599560253389 -0.0000805289813128 0.0000614996801782 0.0001535491141050 0.9992997018111868 0.9995217048178662
0.4127890894935597 -0.0000829328499505 0.0000614952518649 0.0001604766755436 0.9992787994325311 0.9995074256207106
0.4188718361960638 -0.0000853938718659 0.0000614907182923 0.0001676737937200 0.9992574002212993 0.9994928068308405
0.4250083333164323 -0.0000879130510824 0.0000614860776128 0.0001751492706450 0.9992354954567292 0.9994778424773407
0.4311987803524613 -0.0000904914292408 0.0000614813279095 0.0001829122201897 0.9992130760914194 0.9994625263655128
0.4374432790748835 -0.0000931300194431 0.0000614764673181 0.0001909718748266 0.9991901333265917 0.9994468524698492
0.4437420436273586 -0.0000958298940585 0.0000614714938653 0.0001993378554639 0.9991666578486180 0.9994308144124289
0.4500951995574634 -0.0000985921002383 0.0000614664056245 0.0002080199192664 0.9991426405636502 0.9994144059647710
0.4565029064783619 -0.0001014177117356 0.0000614612006199 0.0002170281225656 0.9991180721470582 0.9993976207399965
0.4629653212496598 -0.0001043078134502 0.0000614558768554 0.0002263727786964 0.9990929431778350 0.9993804522846242
0.4694826065656498 -0.0001072635053386 0.0000614504323074 0.0002360644756635 0.9990672441046189 0.9993628940553289
0.4760549137953850 -0.0001102858947280 0.0000614448649387 0.0002461140561180 0.9990409653125393 0.9993449394645842
0.4826824171188233 -0.0001133761120559 0.0000614391726697 0.0002565326747784 0.9990140969863927 0.9993265817871499
0.4893652482386632 -0.0001165352806050 0.0000614333534341 0.0002673317019849 0.9989866293738023 0.9993078143398461
0.4961035412589858 -0.0001197645368523 0.0000614274051413 0.0002785227953651 0.9989585526083142 0.9992886303606557
0.5028974847604754 -0.0001230650560783 0.0000614213256295 0.0002901179958856 0.9989298564867590 0.9992690228565706
0.5097472371789211 -0.0001264380122880 0.0000614151127395 0.0003021295958651 0.9989005308177499 0.9992489848416709
0.5166529394362301 -0.0001298845836380 0.0000614087643042 0.0003145701608784 0.9988705653745115 0.9992285093048692
0.5236147556144026 -0.0001334059726306 0.0000614022781123 0.0003274526076139 0.9988399497193352 0.9992075890899246
0.5306328119692231 -0.0001370033754980 0.0000613956519638 0.0003407900980942 0.9988086734697821 0.9991862170773103
0.5377072702519677 -0.0001406780193191 0.0000613888836022 0.0003545961810420 0.9987767259760112 0.9991643859636895
0.5448382786898170 -0.0001444311373337 0.0000613819707597 0.0003688847075341 0.9987440965354279 0.9991420884085509
0.5520260019999877 -0.0001482639846571 0.0000613749111287 0.0003836698961942 0.9987107742560908 0.9991193169408307
0.5592705713603566 -0.0001521778117233 0.0000613677024100 0.0003989662369324 0.9986767482876183 0.9990960641166687
0.5665721636269524 -0.0001561739068110 0.0000613603422351 0.0004147886619130 0.9986420074515084 0.9990723222667358
0.5739309059804082 -0.0001602535445276 0.0000613528282607 0.0004311523500560 0.9986065406890349 0.9990480838022813
0.5813469475501235 -0.0001644180245857 0.0000613451580977 0.0004480728848335 0.9985703367241633 0.9990233409847312
0.5888204734500717 -0.0001686686806879 0.0000613373292943 0.0004655663004022 0.9985333839863513 0.9989980858728761
0.5963516015333916 -0.0001730068220583 0.0000613293394442 0.0004836488481705 0.9984956711188727 0.9989723106702357
0.6039404440142275 -0.0001774337672321 0.0000613211861240 0.0005023371367432 0.9984571866850950 0.9989460075242843
0.6115872237836167 -0.0001819509130385 0.0000613128667665 0.0005216484340141 0.9984179185688358 0.9989191681165518
0.6192920413731124 -0.0001865595985144 0.0000613043789110 0.0005416000984224 0.9983778551574271 0.9988917844711742
0.6270550556970722 -0.0001912612105595 0.0000612957200089 0.0005622100323408 0.9983369844232706 0.9988638483271075
0.6348764011581343 -0.0001960571350425 0.0000612868875139 0.0005834964797944 0.9982952943489107 0.9988353514286126
0.6427562478547320 -0.0002009487935443 0.0000612778788139 0.0006054781953810 0.9982527726076738 0.9988062853069083
0.6506947211470433 -0.0002059375939308 0.0000612686913225 0.0006281742310655 0.9982094069933641 0.9987766415738384
0.6586919592925833 -0.0002110249655879 0.0000612593224138 0.0006516040987703 0.9981651851140142 0.9987464117124838
0.6667481183547850 -0.0002162123631564 0.0000612497694159 0.0006757877971121 0.9981200943594637 0.9987155870549380
0.6748633407129666 -0.0002215012466438 0.0000612400296469 0.0007007457273875 0.9980741220742780 0.9986841589004559
0.6830377890499088 -0.0002268931035061 0.0000612301003750 0.0007264988044940 0.9980272553658563 0.9986521183842133
0.6912715436194921 -0.0002323893805312 0.0000612199789434 0.0007530681369211 0.9979794816965470 0.9986194568820543
0.6995647747448875 -0.0002379915978245 0.0000612096625606 0.0007804755792254 0.9979307878929142 0.9985861653331126
0.7079176676631347 -0.0002437013007940 0.0000611991483888 0.0008087435176590 0.9978811605631595 0.9985522345250971
0.7163303420638195 -0.0002495200048531 0.0000611884336457 0.0008378946024857 0.9978305865777903 0.9985176554228715
0.7248029262110145 -0.0002554492449982 0.0000611775155136 0.0008679519954088 0.9977790526387428 0.9984824188738117
0.7333355531260570 -0.0002614905734909 0.0000611663911428 0.0008989393669291 0.9977265452995843 0.9984465156215466
0.7419283718794714 -0.0002676455682413 0.0000611550576372 0.0009308809488307 0.9976730508926980 0.9984099362560968
0.7505815154037584 -0.0002739158100755 0.0000611435120954 0.0009638014255031 0.9976185557269222 0.9983726713489454
0.7592951544241302 -0.0002803029218769 0.0000611317515390 0.0009977261475842 0.9975630457474189 0.9983347112203771
0.7680694294823570 -0.0002868085195512 0.0000611197730029 0.0010326808836222 0.9975065069618992 0.9982960462308629
0.7769044832790776 -0.0002934342352074 0.0000611075734925 0.0010686919484187 0.9974489252392138 0.9982566666432631
0.7858004030517762 -0.0003001816733537 0.0000610951500643 0.0011057859696875 0.9973902866900842 0.9982165628831405
0.7947573650053759 -0.0003070525199760 0.0000610824996254 0.0011439904931118 0.9973305767192142 0.9981757248904174
0.8037754741407268 -0.0003140484214792 0.0000610696191561 0.0011833333272721 0.9972697810774093 0.9981341428388496
0.8128549038009875 -0.0003211710917304 0.0000610565055129 0.0012238431472180 0.9972078849314050 0.9980918064997634
0.8219958001309069 -0.0003284222388936 0.0000610431555633 0.0012655490968464 0.9971448734997627 0.9980487056768835
0.8311982379743934 -0.0003358035287269 0.0000610295662532 0.0013084805764972 0.9970807323718486 0.9980048304244716
0.8404624165457789 -0.0003433167410205 0.0000610157343193 0.0013526681583299 0.9970154461485005 0.9979601701174062
0.8497884531444330 -0.0003509636051274 0.0000610016565915 0.0013981426441907 0.9969489998712943 0.9979147144287550
0.8591764680114067 -0.0003587458670748 0.0000609873298693 0.0014449354590095 0.9968813784394270 0.9978684529308269
0.8686266026404990 -0.0003666653051652 0.0000609727508936 0.0014930787558178 0.9968125664742314 0.9978213750023831
0.8781390069711593 -0.0003747237200814 0.0000609579163645 0.0015426053695832 0.9967425484052422 0.9977734698874057
0.8877138140873857 -0.0003829229135450 0.0000609428229808 0.0015935486957297 0.9966713086557055 0.9977247268219219
0.8973511345342484 -0.0003912646826462 0.0000609274674502 0.0016459426590527 0.9965988316919119 0.9976751350676785
0.9070511058953296 -0.0003997508624432 0.0000609118464112 0.0016998219884179 0.9965251016531423 0.9976246836588420
0.9168138824957386 -0.0004083833181110 0.0000608959564476 0.0017552221834867 0.9964501024199882 0.9975733614486192
0.9266395813879453 -0.0004171638972552 0.0000608797941759 0.0018121792186469 0.9963738180287345 0.9975211573927122
0.9365283281615818 -0.0004260944697869 0.0000608633561723 0.0018707298042972 0.9962962323249969 0.9974680603122109
0.9464802639070342 -0.0004351769347543 0.0000608466389600 0.0019309114446726 0.9962173289044717 0.9974140588529222
0.9564955079485133 -0.0004444131865787 0.0000608296390712 0.0019927622254254 0.9961370914063488 0.9973591416860619
0.9665742222491536 -0.0004538051743779 0.0000608123529384 0.0020563212202419 0.9960555029980485 0.9973032971554810
0.9767165184173635 -0.0004633548160625 0.0000607947770520 0.0021216279245288 0.9959725471215771 0.9972465137883825
0.9869225296716746 -0.0004730640647438 0.0000607769078384 0.0021887227103645 0.9958882069167222 0.9971887799004182
0.9971923761353940 -0.0004829348762983 0.0000607587417196 0.0022576466163229 0.9958024655029167 0.9971300837884975
1.0075262152912963 -0.0004929692580017 0.0000607402750239 0.0023284416982532 0.9957153055568895 0.9970704134415309
1.0179241283458724 -0.0005031691583843 0.0000607215041882 0.0024011502638176 0.9956267102695029 0.9970097571953564
1.0283862745193262 -0.0005135366171283 0.0000607024254827 0.0024758159409810 0.9955366620438330 0.9969481028413045
1.0389128164374402 -0.0005240736939486 0.0000606830351415 0.0025524831965663 0.9954451431130554 0.9968854380490336
1.0495038107505874 -0.0005347823576678 0.0000606633295667 0.0026311965294616 0.9953521365039597 0.9968217510261769
1.0601593757334535 -0.0005456646528866 0.0000606433050219 0.0027120016855939 0.9952576245894230 0.9967570295270969
1.0708797235012066 -0.0005567227365316 0.0000606229575647 0.0027949459669552 0.9951615887712049 0.9966912606354019
1.0816649305779094 -0.0005679586425184 0.0000606022834801 0.0028800764875253 0.9950640115239208 0.9966244321635463
1.0925151117778860 -0.0005793744586484 0.0000605812789550 0.0029674414924207 0.9949648748588112 0.9965565316007042
1.1034304500463006 -0.0005909723604678 0.0000605599400155 0.0030570906467850 0.9948641600298885 0.9964875459112686
1.1144110291303431 -0.0006027544344432 0.0000605382628527 0.0031490736878111 0.9947618490696151 0.9964174625865446
1.1254570071822987 -0.0006147228618073 0.0000605162434844 0.0032434418524916 0.9946579231925196 0.9963462685511577
1.1365684406233560 -0.0006268797288645 0.0000604938781041 0.0033402464021330 0.9945523644425407 0.9962739512913618
1.1477454797100077 -0.0006392272387007 0.0000604711626912 0.0034395403014701 0.9944451538548081 0.9962004975956239
1.1589882877452033 -0.0006517674538326 0.0000604480931761 0.0035413775723216 0.9943362721980317 0.9961258940628687
1.1702919858549568 -0.0006644969506285 0.0000604246759450 0.0036457661820416 0.9942257496305552 0.9960501611287913
1.1816666198373231 -0.0006774292484176 0.0000604008863883 0.0037528532822857 0.9941134700371165 0.9959732189907973
1.1931073662000762 -0.0006905610390163 0.0000603767306274 0.0038626501241252 0.9939994623216105 0.9958950872086887
1.2046143705432790 -0.0007038945998532 0.0000603522045098 0.0039752143899403 0.9938837068964501 0.9958157521081796
1.2161877044716649 -0.0007174321379524 0.0000603273040135 0.0040906040149310 0.9937661847912037 0.9957352004302693
1.2278275021944363 -0.0007311759479158 0.0000603020249565 0.0042088785303109 0.9936468762812103 0.9956534183911725
1.2395339334571500 -0.0007451283829819 0.0000602763630505 0.0043300988526370 0.9935257611390722 0.9955703918543882
1.2513071053586906 -0.0007592917383705 0.0000602503141149 0.0044543262863289 0.9934028196474624 0.9954861070247888
1.2631471214400400 -0.0007736683198826 0.0000602238739510 0.0045816231161107 0.9932780320037432 0.9954005500403706
1.2750540889392927 -0.0007882604526356 0.0000601970383260 0.0047120526960544 0.9931513782443050 0.9953137069201902
1.2870281779494315 -0.0008030705547804 0.0000601698028374 0.0048456801321735 0.9930228376049500 0.9952255631255378
1.2990694247952013 -0.0008181008945378 0.0000601421633598 0.0049825701051413 0.9928923906298116 0.9951361050058696
1.3111779857184558 -0.0008333539035801 0.0000601141154684 0.0051227897071090 0.9927600164516085 0.9950453179336178
1.3233539898738513 -0.0008488319961881 0.0000600856547722 0.0052664068322470 0.9926256943614381 0.9949531873803820
1.3355975423807389 -0.0008645375716421 0.0000600567769091 0.0054134901984493 0.9924894037881662 0.9948596989026550
1.3479087883926326 -0.0008804730961359 0.0000600274773956 0.0055641101252585 0.9923511235877608 0.9947648376541419
1.3602878336970630 -0.0008966410009510 0.0000599977518140 0.0057183375939282 0.9922108329271253 0.9946685889918006
1.3727347876555900 -0.0009130437369978 0.0000599675957121 0.0058762447663982 0.9920685108109720 0.9945709381511095
1.3852497704738136 -0.0009296837847304 0.0000599370045849 0.0060379050974436 0.9919241359960086 0.9944718701869429
1.3978328598657526 -0.0009465635829220 0.0000599059740059 0.0062033926531594 0.9917776876091032 0.9943713703975358
1.4104842260761710 -0.0009636857096706 0.0000598744992942 0.0063727838980316 0.9916291435770912 0.9942694232467143
1.4232039481613732 -0.0009810526359828 0.0000598425759674 0.0065461552933109 0.9914784827648916 0.9941660138309333
1.4359922009826556 -0.0009986669789917 0.0000598101992766 0.0067235858180735 0.9913256827789297 0.9940611263714864
1.4488490564281455 -0.0010165312303337 0.0000597773647052 0.0069051542694684 0.9911707223237268 0.9939547458317713
1.4617746177774913 -0.0010346479390539 0.0000597440676331 0.0070909410969292 0.9910135796153736 0.9938468568281277
1.4747689995016922 -0.0010530196848096 0.0000597103033859 0.0072810281570146 0.9908542326142612 0.9937374437892721
1.4878323418247827 -0.0010716490993979 0.0000596760671953 0.0074754989604764 0.9906926588386534 0.9936264908279678
1.5009647428082336 -0.0010905387702255 0.0000596413543767 0.0076744376827403 0.9905288362021605 0.9935139823158318
1.5141663301202493 -0.0011096913422627 0.0000596061601418 0.0078779302387620 0.9903627421297193 0.9933999022760335
1.5274371911407543 -0.0011291094171589 0.0000595704797841 0.0080860632313721 0.9901943544327632 0.9932842349840885
1.5407774567992463 -0.0011487956749582 0.0000595343084552 0.0082989252602824 0.9900236502539522 0.9931669642427738
1.5541872294502541 -0.0011687527690135 0.0000594976413582 0.0085166058155348 0.9898506069787367 0.9930480740079766
1.5676665828721585 -0.0011889833241726 0.0000594604737504 0.0087391952525232 0.9896752022512609 0.9929275483994700
1.5812156646160567 -0.0012094900904954 0.0000594228006620 0.0089667864993634 0.9894974126418721 0.9928053707850234
1.5948345787120140 -0.0012302757681477 0.0000593846172168 0.0091994731561370 0.9893172151656782 0.9926815248234812
1.6085234312349701 -0.0012513430750315 0.0000593459185089 0.0094373502457471 0.9891345866964254 0.9925559940617791
1.6222823743032395 -0.0012726948154498 0.0000593066994758 0.0096805150157870 0.9889495033716099 0.9924287615256624
1.6361114607704510 -0.0012943336547454 0.0000592669553133 0.0099290643892607 0.9887619425462887 0.9922998110624802
1.6500107993151347 -0.0013162623585456 0.0000592266810352 0.0101830976878494 0.9885718807194537 0.9921691259155107
1.6639805422673468 -0.0013384837768954 0.0000591858715033 0.0104427165030878 0.9883792936720801 0.9920366888182875
1.6780207714456468 -0.0013610006632478 0.0000591445217595 0.0107080226048273 0.9881841580362499 0.9919024830732670
1.6921315835081661 -0.0013838158083843 0.0000591026267798 0.0109791194995177 0.9879864501347103 0.9917664917536547
1.7063131107328389 -0.0014069320753548 0.0000590601814106 0.0112561128775316 0.9877861456785200 0.9916286974949846
1.7205654738738823 -0.0014303523240156 0.0000590171805071 0.0115391097423499 0.9875832204213730 0.9914890829447790
1.7348887337066774 -0.0014540793296496 0.0000589736190828 0.0118282174218983 0.9873776508649501 0.9913476312476508
1.7492829776226857 -0.0014781159241081 0.0000589294920505 0.0121235452753848 0.9871694130362603 0.9912043252038684
1.7637483573687653 -0.0015024650613100 0.0000588847941019 0.0124252055453700 0.9869584819207396 0.9910591468786375
1.7782849647355794 -0.0015271296097673 0.0000588395200888 0.0127333108267992 0.9867448332600625 0.9909120788389573
1.7928928968208282 -0.0015521124605663 0.0000587936648252 0.0130479753975197 0.9865284426169653 0.9907631035097780
1.8075722393471183 -0.0015774164988063 0.0000587472231390 0.0133693148745401 0.9863092856230185 0.9906122033442184
1.8223231658124364 -0.0016030447757127 0.0000587001895570 0.0136974484323714 0.9860873364884495 0.9904593597970104
1.8371457178755339 -0.0016290001285257 0.0000586525590022 0.0140324939725446 0.9858625712945565 0.9903045555912608
1.8520399605416680 -0.0016552854463608 0.0000586043263059 0.0143745714940687 0.9856349656913735 0.9901477731329796
1.8670060671155793 -0.0016819038234170 0.0000585554859271 0.0147238051477378 0.9854044935717211 0.9899889935969882
1.8820441004676722 -0.0017088581728318 0.0000585060326604 0.0150803182264709 0.9851711304152686 0.9898281992300398
1.8971541678879431 -0.0017361514997709 0.0000584559611358 0.0154442367339239 0.9849348509242644 0.9896653717218497
1.9123364336810664 -0.0017637869274670 0.0000584052657704 0.0158156897944215 0.9846956287988502 0.9895004920494813
1.9275909045808688 -0.0017917673060563 0.0000583539414866 0.0161948044051687 0.9844534401235209 0.9893335428110535
1.9429177098536916 -0.0018200957211453 0.0000583019827789 0.0165817122711959 0.9842082589651377 0.9891645051914796
1.9583169839968380 -0.0018487752830654 0.0000582493841006 0.0169765470299054 0.9839600591979444 0.9889933602195776
1.9737887816843127 -0.0018778089669841 0.0000581961401574 0.0173794420469552 0.9837088158876378 0.9888200897221890
1.9893332114268962 -0.0019071998608470 0.0000581422454525 0.0177905338331918 0.9834545031460180 0.9886446748445484
2.0049503851787120 -0.0019369510727727 0.0000580876944566 0.0182099608058331 0.9831970949330375 0.9884670966027376
2.0206403654213116 -0.0019670656292933 0.0000580324817948 0.0186378618579651 0.9829365659376537 0.9882873364910304
2.0364032772606153 -0.0019975466893005 0.0000579766018540 0.0190743793986461 0.9826728897273225 0.9881053752047808
2.0522392430595424 -0.0020283974206622 0.0000579200490098 0.0195196576491834 0.9824060398161737 0.9879211933767110
2.0681483058079997 -0.0020596208490138 0.0000578628179031 0.0199738404503601 0.9821359909732738 0.9877347724796690
2.0841305444994251 -0.0020912200808756 0.0000578049030319 0.0204370744753315 0.9818627172930980 0.9875460934946111
2.1001861199961880 -0.0021231983978635 0.0000577462985783 0.0209095106825392 0.9815861913817304 0.9873551363477726
2.1163150917990086 -0.0021555588936329 0.0000576869990741 0.0213912990000854 0.9813063874971144 0.9871618820784412
2.1325175931323757 -0.0021883048215193 0.0000576269987641 0.0218825934639836 0.9810232785433752 0.9869663107630178
2.1487936698254670 -0.0022214392706877 0.0000575662921991 0.0223835474055520 0.9807368388715154 0.9867684034489875
2.1651434086722170 -0.0022549654237573 0.0000575048737645 0.0228943173064630 0.9804470420524931 0.9865681406163287
2.1815669281763972 -0.0022888865405512 0.0000574427377100 0.0234150626128235 0.9801538610186284 0.9863655022743291
2.1980643111575180 -0.0023232058196694 0.0000573798784032 0.0239459436414365 0.9798572692607707 0.9861604687884029
2.2146356387125468 -0.0023579264671539 0.0000573162902042 0.0244871226287516 0.9795572402352886 0.9859530204699247
2.2312810333945183 -0.0023930517877046 0.0000572519672984 0.0250387651836515 0.9792537465766169 0.9857431370311204
2.2480005309233886 -0.0024285849140912 0.0000571869041924 0.0256010360588560 0.9789467624359107 0.9855307992018330
2.2647942669655197 -0.0024645292016957 0.0000571210949915 0.0261741053729291 0.9786362600728187 0.9853159863719333
2.2816623246969834 -0.0025008879062380 0.0000570545339902 0.0267581435580580 0.9783222126406665 0.9850986785169854
2.2986047714437468 -0.0025376626869086 0.0000569872155983 0.0273533225415657 0.9780045935285844 0.9848788557429830
2.3144712925537609 -0.0025723339308038 0.0000569237513654 0.0279185399554026 0.9777051606015831 0.9846715794900334
2.3315604917153405 -0.0026099292243686 0.0000568549418518 0.0285358456402623 0.9773805100624637 0.9844468029112223
2.3487216797842994 -0.0026479458705391 0.0000567853686500 0.0291647151910414 0.9770522586440850 0.9842194866849652
2.3659575387478022 -0.0026863928670986 0.0000567150155716 0.0298054224378018 0.9767203300483076 0.9839895763857910
2.3832682355898922 -0.0027252737133557 0.0000566438764995 0.0304581533219428 0.9763846954981227 0.9837570504504607
2.4006538374341893 -0.0027645916970899 0.0000565719457113 0.0311230922660272 0.9760453280798214 0.9835218885700981
2.4181144375593586 -0.0028043501746440 0.0000564992173667 0.0318004268432440 0.9757022003255110 0.9832840700153040
2.4356501256129359 -0.0028445525043215 0.0000564256856295 0.0324903466842167 0.9753552847889170 0.9830435740344112
2.4532609771788603 -0.0028852020218335 0.0000563513447126 0.0331930430636137 0.9750045542580099 0.9828003800003980
2.4709470631786461 -0.0029263020610040 0.0000562761888407 0.0339087092591334 0.9746499815770422 0.9825544672870703
2.4887084376657325 -0.0029678559246326 0.0000562002123031 0.0346375400486639 0.9742915398986611 0.9823058154434540
2.5065452657638914 -0.0030098671853851 0.0000561234089041 0.0353797370366335 0.9739292000895858 0.9820544023931712
2.5244575729806629 -0.0030523390980586 0.0000560457730381 0.0361354983419032 0.9735629358010790 0.9818002079514501
2.5424454257449103 -0.0030952750207919 0.0000559672989189 0.0369050259822299 0.9731927198363259 0.9815432113047767
2.5605089043916687 -0.0031386783530453 0.0000558879806937 0.0376885248282439 0.9728185246865499 0.9812833913819197
2.5786481002053292 -0.0031825525294047 0.0000558078124548 0.0384862025285792 0.9724403225855418 0.9810207268909518
2.5968631560771760 -0.0032269011196486 0.0000557267880569 0.0392982713831857 0.9720580846483684 0.9807551957200374
2.6151540909127982 -0.0032717274010263 0.0000556449018983 0.0401249405277501 0.9716717845588466 0.9804867774983945
2.6335209469234639 -0.0033170347127120 0.0000555621482742 0.0409664223604655 0.9712813955147557 0.9802154514744672
2.6519638557099081 -0.0033628266221418 0.0000554785210725 0.0418229357159953 0.9708868887962392 0.9799411955195457
2.6704828748055291 -0.0034091065222874 0.0000553940145100 0.0426946984152820 0.9704882372370264 0.9796639885395190
2.6890780421591121 -0.0034558777630248 0.0000553086228924 0.0435819296626539 0.9700854140929707 0.9793838096885122
2.7077495192973733 -0.0035031440129763 0.0000552223399539 0.0444848569649769 0.9696783899270690 0.9791006362011969
2.7264973200438392 -0.0035509085760669 0.0000551351601053 0.0454037031636433 0.9692671384965951 0.9788144474870786
2.7453215464937188 -0.0035991749863410 0.0000550470773483 0.0463386977643378 0.9688516316315589 0.9785252215672514
2.7642222199319191 -0.0036479465773450 0.0000549580860618 0.0472900686747527 0.9684318429434752 0.9782329376545902
2.7831994800319300 -0.0036972269942851 0.0000548681800670 0.0482580521753106 0.9680077434178681 0.9779375730847075
2.8022533435419783 -0.0037470195710131 0.0000547773537653 0.0492428807781735 0.9675793067778237 0.9776391070497689
2.8213839115224131 -0.0037973278664612 0.0000546856011591 0.0502447937467354 0.9671465048683442 0.9773375173836243
2.8405912602762138 -0.0038481553819270 0.0000545929163679 0.0512640315729268 0.9667093100907145 0.9770327822563527
2.8598753992477892 -0.0038995054464351 0.0000544992938380 0.0523008336271477 0.9662676963890702 0.9767248808620311
2.8792364828512627 -0.0039513817803786 0.0000544047273146 0.0533554495482176 0.9658216344042307 0.9764137900392645
2.8986745726626757 -0.0040037878643053 0.0000543092109929 0.0544281265631751 0.9653710969039688 0.9760994880559594
2.9181896777764038 -0.0040567270408710 0.0000542127393328 0.0555191114407648 0.9649160579061906 0.9757819539987513
2.9377818637855446 -0.0041102028086689 0.0000541153065230 0.0566286565234651 0.9644564901541951 0.9754611660109624
2.9574512851237564 -0.0041642189158895 0.0000540169063115 0.0577570218115891 0.9639923643144940 0.9751371007303716
2.9771979202350614 -0.0042187786336947 0.0000539175333291 0.0589044598189523 0.9635236552218304 0.9748097376486755
2.9970218643003017 -0.0042738855574709 0.0000538171816299 0.0600712322684751 0.9630503349952532 0.9744790543049296
3.0060704229810860 -0.0042991498375125 0.0000537711805127 0.0606087667916041 0.9628333672152299 0.9743274370946139
3.0151189816618702 -0.0043244801000200 0.0000537250568888 0.0611494251260239 0.9626158220155847 0.9741753952205898
3.0288329208124529 -0.0043630022352322 0.0000536549187240 0.0619748162910120 0.9622850126013417 0.9739441525884449
3.0488711704629017 -0.0044195752747727 0.0000535519306804 0.0631938366876654 0.9617992700124977 0.9736045195299888
3.0689737300571194 -0.0044766706388273 0.0000534480109464 0.0644323481572073 0.9613091386377203 0.9732617104759265
3.0891539136688220 -0.0045343291460666 0.0000533430858630 0.0656914235251539 0.9608142712400968 0.9729154794342330
3.1094117418635325 -0.0045925541973727 0.0000532371499099 0.0669713345102119 0.9603146419639281 0.9725658050288328
3.1297472907635617 -0.0046513493551608 0.0000531301972889 0.0682723588947741 0.9598102236459207 0.9722126649072362
3.1501606022359319 -0.0047107180859946 0.0000530222223921 0.0695947749025215 0.9593009900256132 0.9718560372864971
3.1706517982408444 -0.0047706640930071 0.0000529132191983 0.0709388686176335 0.9587869128956505 0.9714958989566960
3.1912208433897327 -0.0048311906218847 0.0000528031825346 0.0723049184562965 0.9582679680552795 0.9711322294506493
3.2118678476914706 -0.0048923013458727 0.0000526921064681 0.0736932150105000 0.9577441277223174 0.9707650057274834
3.2325928771539361 -0.0049539998126513 0.0000525799853118 0.0751040486875404 0.9572153652785819 0.9703942054958918
3.2533959817840454 -0.0050162895244852 0.0000524668134792 0.0765377114790586 0.9566816545837423 0.9700198067332222
3.2742772200194437 -0.0050791740104807 0.0000523525853529 0.0779944986177791 0.9561429693576888 0.9696417872516782
3.2952366471454124 -0.0051426567919814 0.0000522372953486 0.0794747077994782 0.9555992834788619 0.9692601249067235
3.3162743116181521 -0.0052067413709139 0.0000521209379360 0.0809786389140050 0.9550505710857172 0.9688747976676465
3.3373902171142595 -0.0052714311124525 0.0000520035078524 0.0825065912613173 0.9544968075826397 0.9684857843237528
3.3585844976055257 -0.0053367297818914 0.0000518849991282 0.0840588762615602 0.9539379650462254 0.9680930612562769
3.3798571597562610 -0.0054026407554486 0.0000517654065204 0.0856357988297632 0.9533740189829604 0.9676966071847266
3.4012082692658154 -0.0054691675912618 0.0000516447244761 0.0872376708815305 0.9528049434433322 0.9672963997336788
3.4226378198972807 -0.0055363136228723 0.0000515229478708 0.0888648016010966 0.9522307145017399 0.9668924178786031
3.4441459659227478 -0.0056040826872158 0.0000514000706879 0.0905175150883623 0.9516513040326571 0.9664846375665237
3.4657326506700525 -0.0056724779583810 0.0000512760881348 0.0921961220466047 0.9510666896853941 0.9660730387335569
3.4873979924338228 -0.0057415031618403 0.0000511509944410 0.0939009493617442 0.9504768445041295 0.9656575979994561
3.5091420139792486 -0.0058111617207512 0.0000510247844065 0.0956323192572462 0.9498817442284027 0.9652382938052947
3.5309647744511490 -0.0058814571734759 0.0000508974526455 0.0973905595436026 0.9492813637263260 0.9648151039015481
3.5528663089175803 -0.0059523929803045 0.0000507689939370 0.0991759988388636 0.9486756786481108 0.9643880065121166
3.5639774404236690 -0.0059885280999438 0.0000507035690999 0.1000898114836979 0.9483672029024077 0.9641704204747975
3.5750885719297578 -0.0060247561131289 0.0000506379733384 0.1010090403356706 0.9480579223190934 0.9639522225956986
3.5885098120747378 -0.0060686474752305 0.0000505585117661 0.1021266268549835 0.9476832681424704 0.9636878443001600
3.6106354174639859 -0.0061413199425758 0.0000504269722364 0.1039863824043594 0.9470630787573872 0.9632500589218960
3.6328225689894866 -0.0062145879478799 0.0000502943899909 0.1058730992879240 0.9464379828468242 0.9628086296765929
3.6550887321408778 -0.0062885120323643 0.0000501606565710 0.1077885754337965 0.9458074693308277 0.9623631909104094
3.6774339110818022 -0.0063630955347958 0.0000500257670953 0.1097331521914783 0.9451715154903348 0.9619137215472882
3.6998581272307329 -0.0064383418471576 0.0000498897166122 0.1117071750349478 0.9445300982801128 0.9614602001983628
3.7223614225189223 -0.0065142544270688 0.0000497525000775 0.1137109939428904 0.9438831942259964 0.9610026050877395
3.7449438960122325 -0.0065908369240011 0.0000496141121278 0.1157449668230812 0.9432307783530621 0.9605409132921442
3.7676055498128300 -0.0066680926575466 0.0000494745480232 0.1178094456931784 0.9425728286333033 0.9600751038870527
3.7903464032932423 -0.0067460250011308 0.0000493338029544 0.1199047867674509 0.9419093227174670 0.9596051556348585
3.8131665001402908 -0.0068246374077581 0.0000491918719968 0.1220313512070675 0.9412402377192173 0.9591310468303408
3.8360658525785380 -0.0069039332184256 0.0000490487504573 0.1241894999632598 0.9405655518486576 0.9586527564570132
3.8590445456162930 -0.0069839160229720 0.0000489044332229 0.1263796036028025 0.9398852413446630 0.9581702620116107
3.8821025983520778 -0.0070645891800051 0.0000487589156283 0.1286020292569443 0.9391992845623863 0.9576835424007593
3.9052400210241212 -0.0071459560120091 0.0000486121931039 0.1308571458599426 0.9385076603146142 0.9571925767655710
3.9284568474739729 -0.0072280199194755 0.0000484642609704 0.1331453273171295 0.9378103469043798 0.9566973437940888
3.9517531521184108 -0.0073107844433679 0.0000483151143273 0.1354669543341145 0.9371073215983935 0.9561978213450941
3.9751289315920761 -0.0073942528449912 0.0000481647488105 0.1378224026502990 0.9363985641988474 0.9556939889849059
3.9985842224921315 -0.0074784285224969 0.0000480131598419 0.1402120546680643 0.9356840535073652 0.9551858254750353
4.0221190140254199 -0.0075633146985352 0.0000478603431933 0.1426362906273300 0.9349637699798845 0.9546733106588765
4.0457333757309923 -0.0076489027265875 0.0000477062946840 0.1450955017088985 0.9342376917838194 0.9541564226662158
4.0690752059414725 -0.0077339129531792 0.0000475533228107 0.1475528051569005 0.9335167002233153 0.9536429069985177
4.0928483509709679 -0.0078209208669958 0.0000473968103410 0.1500826840436977 0.9327790354649483 0.9531172590631453
4.1167004631242232 -0.0079086496064830 0.0000472390570060 0.1526486367619712 0.9320355371872403 0.9525871907655208
4.1406322207856947 -0.0079971048686449 0.0000470800542769 0.1552511297583005 0.9312861656117509 0.9520526670499300
4.1646436897070851 -0.0080862901111205 0.0000469197976909 0.1578905675068030 0.9305309001325535 0.9515136664175323
4.1887348723490243 -0.0081762085519576 0.0000467582832535 0.1605673502801551 0.9297697223581998 0.9509701688480700
4.2129057642166696 -0.0082668633756039 0.0000465955070683 0.1632818801301981 0.9290026143683471 0.9504221545569321
4.2371564051267150 -0.0083582579258858 0.0000464314649917 0.1660345666899229 0.9282295570845313 0.9498696028300244
4.2614868666770649 -0.0084503956624100 0.0000462661527118 0.1688258259907940 0.9274505306448414 0.9493124922884028
4.2858970978668438 -0.0085432795745627 0.0000460995668007 0.1716560626596946 0.9266655193610122 0.9487508044333477
4.3103871067050807 -0.0086369128663045 0.0000459317034858 0.1745256905528978 0.9258745059297278 0.9481845195078531
4.3349569847570901 -0.0087312990560116 0.0000457625584730 0.1774351360326613 0.9250774705969957 0.9476136158936210
4.3596066966397728 -0.0088264411696338 0.0000455921283926 0.1803848131614615 0.9242743979763804 0.9470380749928053
4.3843362557636318 -0.0089223424122172 0.0000454204095972 0.1833751442624557 0.9234652713792032 0.9464578771685469
4.4091456821896227 -0.0090190060077366 0.0000452473984489 0.1864065550412813 0.9226500741719651 0.9458730027153437
4.4340349936055370 -0.0091164351642713 0.0000450730913827 0.1894794735006642 0.9218287900739373 0.9452834320715807
4.4471009053063666 -0.0091677517151356 0.0000449812925689 0.1911054037912844 0.9213962661607896 0.9449728055653327
4.4590430158786374 -0.0092147608518607 0.0000448972124806 0.1925991965199209 0.9210001143086796 0.9446882198405899
4.4841159955606074 -0.0093137968703322 0.0000447201344392 0.1957594960332167 0.9201658079278430 0.9440886222929779
4.5092452696242127 -0.0094135140361082 0.0000445419167591 0.1989596389115029 0.9193261523930061 0.9434848342879500
4.5344545288493121 -0.0095140088064314 0.0000443623892656 0.2022030320098615 0.9184803464629693 0.9428762718462703
4.5597436910965019 -0.0096152839403328 0.0000441815494010 0.2054901031816415 0.9176283786466038 0.9422629182953057
4.5851128191763602 -0.0097173427670124 0.0000439993936376 0.2088213014048146 0.9167702328931937 0.9416447535683734
4.6105619020794419 -0.0098201883129968 0.0000438159190379 0.2121970685698472 0.9159058959419125 0.9410217594926652
4.6360909039730638 -0.0099238234947643 0.0000436311229106 0.2156178455725502 0.9150353557020682 0.9403939186253720
4.6616998209262261 -0.0100282513483324 0.0000434450024018 0.2190840798480388 0.9141585993278361 0.9397612128651646
4.6873887269921717 -0.0101334752213860 0.0000432575541544 0.2225962319050906 0.9132756116131587 0.9391236222898868
4.7131575890884250 -0.0102394980171051 0.0000430687756565 0.2261547501587477 0.9123863813433334 0.9384811297405833
4.7390063800340307 -0.0103463226525923 0.0000428786644241 0.2297600860241837 0.9114908974477989 0.9378337180467371
4.7649351148790515 -0.0104539522106005 0.0000426872177331 0.2334126990840683 0.9105891477338883 0.9371813691089806
4.7909438332813057 -0.0105623898698216 0.0000424944327441 0.2371130548490170 0.9096811194785802 0.9365240643237160
4.8024066317023726 -0.0106103224488558 0.0000424092306195 0.2387555396581461 0.9092798185430166 0.9362334375148552
4.8131131252384174 -0.0106551708117385 0.0000423295199898 0.2402960951998438 0.9089043859078283 0.9359614711801822
4.8392974819764740 -0.0107651921134650 0.0000421340472963 0.2440900227590971 0.9079837386870984 0.9352942453366067
4.8655342640026618 -0.0108759135457987 0.0000419374347630 0.2479290438493431 0.9070577493328135 0.9346227146070502
4.8918510149721754 -0.0109874535562859 0.0000417394748911 0.2518175985191446 0.9061254412324820 0.9339461615820274
4.9182476876525962 -0.0110998149022690 0.0000415401658390 0.2557561507052426 0.9051868064128649 0.9332645705151353
4.9447242739234163 -0.0112130004975187 0.0000413395055471 0.2597451722247558 0.9042418358873962 0.9325779248032108
4.9712807620091928 -0.0113270132319250 0.0000411374920595 0.2637851365037934 0.9032905211687846 0.9318862080827635
4.9979171667496463 -0.0114418561020701 0.0000409341232933 0.2678765232042161 0.9023328531847425 0.9311894034406435
5.0246334251376688 -0.0115575317605398 0.0000407293978379 0.2720198021245908 0.9013688260404327 0.9304874961515901
5.0514295829101012 -0.0116740433219596 0.0000405233135285 0.2762154619562801 0.9003984303034158 0.9297804687905138
5.0783056096012347 -0.0117913935638515 0.0000403158688623 0.2804639817026514 0.8994216596701975 0.9290683060845345
5.1052614961735650 -0.0119095853487916 0.0000401070622518 0.2847658457418484 0.8984385074520086 0.9283509923545805
5.1322972030552947 -0.0120285971686412 0.0000398968935118 0.2891215355566770 0.8974489683575010 0.9276285128554044
5.1582480080709239 -0.0121432802618742 0.0000396944622725 0.2933412582346691 0.8964958864688569 0.9269321704169753
5.1854421101074415 -0.0122639432981517 0.0000394816050169 0.2978040691743277 0.8954937491953432 0.9261994767983489
5.2127139119272208 -0.0123854485902297 0.0000392673969268 0.3023218140205331 0.8944852856109575 0.9254616285555276
5.2400654437224699 -0.0125078079715380 0.0000390518208915 0.3068953197838979 0.8934704160026574 0.9247185560104186
5.2674967229748297 -0.0126310243585946 0.0000388348756071 0.3115250868238476 0.8924491350936580 0.9239702437571177
5.2950077069979820 -0.0127551003915530 0.0000386165603296 0.3162116072853320 0.8914214402556289 0.9232166781999773
5.3225983219755211 -0.0128800385607037 0.0000383968746518 0.3209553696166117 0.8903873304594921 0.9224578467891874
5.3502685875163909 -0.0130058417713060 0.0000381758175109 0.3257568800077424 0.8893468016062868 0.9216937345937614
5.3780184434574441 -0.0131325125601748 0.0000379533885680 0.3306166326406787 0.8882998530176148 0.9209243290633650
5.4058478695742176 -0.0132600536383926 0.0000377295872545 0.3355351302781235 0.8872464829495036 0.9201496167357971
5.4156606132024692 -0.0133051333014986 0.0000376505004042 0.3372801320358095 0.8868742497685346 0.9198757126427641
5.4245170601802766 -0.0133458699025523 0.0000375790433800 0.3388598830257674 0.8865379307253135 0.9196281721016819
5.4525115773456534 -0.0134749705513582 0.0000373526906674 0.3438833902493331 0.8854726067941194 0.9188436642950624
5.4805534577007169 -0.0136047994779029 0.0000371252240539 0.3489612501014678 0.8844020801507686 0.9180547136240117
5.5086748519209969 -0.0137355074215376 0.0000368963835968 0.3540997183615906 0.8833251283414889 0.9172604075562112
5.5368756563148072 -0.0138670966581820 0.0000366661698276 0.3592992902371874 0.8822417548653398 0.9164607358817500
5.5651557665817917 -0.0139995694500978 0.0000364345833827 0.3645604618652770 0.8811519637310929 0.9156556886414908
5.5935152421983902 -0.0141329288206773 0.0000362016236516 0.3698837612669181 0.8800557530961542 0.9148452514226602
5.6219539629571216 -0.0142671769451903 0.0000359672915912 0.3752696843546464 0.8789531285095297 0.9140294151425925
5.6504718994322030 -0.0144023164189595 0.0000357315875101 0.3807187452995174 0.8778440924862960 0.9132081683461815
5.6637943140576201 -0.0144656251736159 0.0000356212310789 0.3832808763790259 0.8773248582633105 0.9128234424605635
5.6737280723502499 -0.0145129041407295 0.0000355388435749 0.3851981805090894 0.8769372261045157 0.9125361310229119
5.6836618306428797 -0.0145602297045976 0.0000354563707544 0.3871213594434545 0.8765491945529729 0.9122484413782241
5.6935450517276607 -0.0146073739201820 0.0000353742324851 0.3890405893000432 0.8761627419937267 0.9119618405733484
5.7222947368800909 -0.0147448636370528 0.0000351348168800 0.3946566460444997 0.8750363461733879 0.9111260166087430
5.7510901620398247 -0.0148830931330397 0.0000348943085867 0.4003311638648916 0.8739048566680518 0.9102857117165580
5.7799645970000100 -0.0150222239089058 0.0000346524314604 0.4060711389423254 0.8727669753864008 0.9094399491547090
5.8089179389547416 -0.0151622581617711 0.0000344091869598 0.4118770777148906 0.8716227103417857 0.9085887208266982
5.8379500957783037 -0.0153031981334306 0.0000341645765580 0.4177494895244041 0.8704720696327070 0.9077320185724079
5.8670610386765372 -0.0154450463687947 0.0000339186012959 0.4236888974615922 0.8693150593433011 0.9068698326019681
5.8962506846945013 -0.0155878051463800 0.0000336712627723 0.4296958146064828 0.8681516881995897 0.9060021549622778
5.9121819520540191 -0.0156659427884881 0.0000335359765720 0.4329960732624577 0.8675153837065740 0.9055272600307230
5.9198517715699941 -0.0157036165565057 0.0000334707722347 0.4345904132701050 0.8672087075128569 0.9052982966516436
5.9275215910859691 -0.0157413123723879 0.0000334055211075 0.4361883245395432 0.8669018117456284 0.9050691166651009
5.9371212157515298 -0.0157885425295682 0.0000333237855120 0.4381933218971437 0.8665173894033105 0.9047819678404453
5.9665327049819457 -0.0159335988096544 0.0000330729035731 0.4443711550683023 0.8653374665274463 0.9039000924620568
5.9959892659267524 -0.0160794077416923 0.0000328209486531 0.4506112712519925 0.8641525519232077 0.9030136980494317
6.0255242253491685 -0.0162261360444171 0.0000325676382107 0.4569211747543744 0.8629613180225914 0.9021217777777665
6.0551374006895777 -0.0163737854620379 0.0000323129752628 0.4633013611375154 0.8617637803141474 0.9012243280632307
6.0848287661120359 -0.0165223585153601 0.0000320569615878 0.4697523600020724 0.8605599484822908 0.9003213408491113
6.1145981410157724 -0.0166718569493651 0.0000317996004049 0.4762746678448606 0.8593498390044705 0.8994128130468818
6.1444454854409827 -0.0168222832113240 0.0000315408938273 0.4828688121383827 0.8581334631792193 0.8984987375577286
6.1516732412681066 -0.0168587807206796 0.0000314781462718 0.4844738908190895 0.8578384461781721 0.8982769121612776
6.1589009970952304 -0.0168953043893169 0.0000314153600552 0.4860821922592501 0.8575432497924047 0.8980549019375519
6.1889030853865634 -0.0170472466236482 0.0000311543236286 0.4927926652483383 0.8563159960674366 0.8971313767868873
6.2189438445733867 -0.0171999231129426 0.0000308922881306 0.4995675566819856 0.8550841073545723 0.8962034916062137
6.2490621910392576 -0.0173535332230288 0.0000306289175377 0.5064160723932388 0.8538460052358334 0.8952700431397081
6.2792579728706492 -0.0175080788096132 0.0000303642154242 0.5133387158784756 0.8526017079619000 0.8943310289678665
6.3095310059009817 -0.0176635615599211 0.0000300981857616 0.5203359829032899 0.8513512356705776 0.8933864479800243
6.3398812355744356 -0.0178199838261406 0.0000298308314947 0.5274083990244852 0.8500946036932663 0.8924362953168111
6.3550754110413434 -0.0178984969632774 0.0000296967457458 0.5309706334143067 0.8494643924166683 0.8919594382118081
6.3631609604898616 -0.0179403194233921 0.0000296253278984 0.5328721462840729 0.8491287280196652 0.8917053586726991
6.3705669611640170 -0.0179786567913268 0.0000295598730521 0.5346174311088867 0.8488210931467166 0.8914724379050086
6.4011083319793762 -0.0181370941295488 0.0000292895494786 0.5418509942440072 0.8475506272998082 0.8905099361223848
6.4316900282618787 -0.0182962864395367 0.0000290182353310 0.5491526295988396 0.8462755759030196 0.8895430042617745
6.4623483256602663 -0.0184564242018761 0.0000287456128179 0.5565314319020759 0.8449944469307902 0.8885704955870369
6.4930829601989188 -0.0186175086625640 0.0000284716873043 0.5639878751492937 0.8437072671887660 0.8875924133610132
6.5238937576001366 -0.0187795415342757 0.0000281964634755 0.5715224539317642 0.8424140603101683 0.8866087583343961
6.5358181696616446 -0.0188423988770019 0.0000280897813786 0.5744545430216536 0.8419128082121106 0.8862272213678618
6.5477425817231527 -0.0189053382903058 0.0000279830079955 0.5773955984028779 0.8414111384330153 0.8858452160424281
6.5593982992920150 -0.0189669226734800 0.0000278785535233 0.5802790531599813 0.8409203711978083 0.8854713668863052
6.5704855865078695 -0.0190255665409611 0.0000277791134257 0.5830298459939514 0.8404531712423351 0.8851153363062267
6.6015191710053518 -0.0191900871353172 0.0000275003657939 0.5907706785263436 0.8391435820044203 0.8841166624291557
6.6325958340143618 -0.0193553887168463 0.0000272206285488 0.5985833074556544 0.8378294214321169 0.8831134638557161
6.6637477112677761 -0.0195216439800016 0.0000269396170061 0.6064762500802362 0.8365093537162129 0.8821047047212425
6.6949745633068618 -0.0196888542741678 0.0000266573370825 0.6144499784237422 0.8351834083882872 0.8810903897207448
6.7262760732717037 -0.0198570205330626 0.0000263737955154 0.6225049429489834 0.8338516188570244 0.8800705264266088
6.7333876647358375 -0.0198953047986315 0.0000263092948292 0.6243436886361275 0.8335486718744238 0.8798383832548775
6.7404992561999713 -0.0199336033998178 0.0000262447650197 0.6261856527588712 0.8332455891181875 0.8796060799248815
6.7480779983139110 -0.0199744470904532 0.0000261759637365 0.6281521565683639 0.8329224483994259 0.8793583408724585
6.7795363397800479 -0.0201443302429604 0.0000258900206424 0.6363539620860812 0.8315795047978211 0.8783280737205633
6.8110381242859317 -0.0203150065886609 0.0000256031103478 0.6446303240376232 0.8302321043419146 0.8772932728685848
6.8426135689686118 -0.0204866416605067 0.0000253149627756 0.6529896156367043 0.8288789804027482 0.8762529487688866
6.8742622267058682 -0.0206592356583877 0.0000250255864247 0.6614322425336900 0.8275201747571668 0.8752071150518645
6.8870704518179719 -0.0207292438688626 0.0000249083180580 0.6648671941463105 0.8269695507840567 0.8747829889685612
6.8998786769300757 -0.0207993437744332 0.0000247909596890 0.6683126501327714 0.8264185189804407 0.8743583597447341
6.9113532039913235 -0.0208622055001956 0.0000246857464628 0.6714082615614909 0.8259245209265389 0.8739775202505622
6.9217071749224681 -0.0209189821441287 0.0000245907470942 0.6742088103791386 0.8254784871728874 0.8736335271403780
6.9535706150168455 -0.0210940812252974 0.0000242980332675 0.6828703880414700 0.8241042209693901 0.8725728736604322
6.9854728600650828 -0.0212699580850293 0.0000240044227986 0.6916078006146296 0.8227258387490637 0.8715078526979237
7.0174466195371599 -0.0214467947978526 0.0000237096204409 0.7004304184589017 0.8213419562708432 0.8704373776462472
7.0494914272418354 -0.0216245914151596 0.0000234136355608 0.7093386235297051 0.8199526194945841 0.8693614650690056
7.0580954690120929 -0.0216724263798946 0.0000233340747118 0.7117417376740984 0.8195791818847087 0.8690720634634375
7.0627781382045667 -0.0216984772647396 0.0000232907587898 0.7130516137648736 0.8193758713658622 0.8689144673814313
7.0674608073970404 -0.0217245303072679 0.0000232474323345 0.7143629024727395 0.8191725111981095 0.8687568065572028
7.0734746080663946 -0.0217580056560380 0.0000231917735244 0.7160490205422297 0.8189112697542870 0.8685542329930188
7.1056581061073789 -0.0219374901202147 0.0000228936038281 0.7251120840765589 0.8175118329779719 0.8674683317244893
7.1378960021648803 -0.0221178474227695 0.0000225944202443 0.7342574522202048 0.8161077385685541 0.8663775580360290
7.1702029610781919 -0.0222991618180375 0.0000222940925562 0.7434897352411268 0.8146983774085244 0.8652814203764068
7.2025783892244304 -0.0224814325889734 0.0000219926319193 0.7528092570000467 0.8132838039450853 0.8641799417901130
7.2113798623670124 -0.0225310829773581 0.0000219105931036 0.7553545500427614 0.8128988633405232 0.8638799782304450
7.2201813355095945 -0.0225807566882817 0.0000218285193112 0.7579048555121531 0.8125137620195796 0.8635797934827620
7.2290158416314600 -0.0226306572551600 0.0000217461016587 0.7604697744605839 0.8121270546885970 0.8632782601037139
7.2615479459108068 -0.0228147760899896 0.0000214423003217 0.7699583762113367 0.8107016736634811 0.8621659862591557
7.2941130285782414 -0.0229996565210529 0.0000211377136947 0.7795252710538549 0.8092727171408088 0.8610495932048569
7.3267439662964708 -0.0231854868945142 0.0000208320411142 0.7891804865965035 0.8078387765780621 0.8599279630923347
7.3391071179214054 -0.0232560444194034 0.0000207161074037 0.7928566839031282 0.8072949491879230 0.8595022275653176
7.3514702695463399 -0.0233266845471940 0.0000206001079413 0.7965428030046174 0.8067508295293868 0.8590760684514495
7.3802677102280407 -0.0234914788680403 0.0000203296619154 0.8051673528545684 0.8054822932371107 0.8580817820628907
7.4063790855645646 -0.0236412869941215 0.0000200841407131 0.8130340292239436 0.8043307442013453 0.8571782692714279
7.4392398787245906 -0.0238303391679167 0.0000197747563758 0.8229971225674795 0.8028797677097065 0.8560385701882312
7.4721522706811436 -0.0240202692322925 0.0000194644486146 0.8330462732305903 0.8014245789301720 0.8548941530940317
7.4806621782641320 -0.0240694725313263 0.0000193841445533 0.8356560773449562 0.8010480123565114 0.8545977758776924
7.4874844020491604 -0.0241089353953642 0.0000193197463034 0.8377517104771713 0.8007460355809511 0.8543600360628092
7.4939540558743802 -0.0241463765656179 0.0000192586595374 0.8397418418374148 0.8004595905677927 0.8541344675724044
7.5270087123336467 -0.0243380194132337 0.0000189463025197 0.8499523381329540 0.7989949745862168 0.8529802563200272
7.5600804998154532 -0.0245303452755295 0.0000186333661525 0.8602393785018929 0.7975277653030907 0.8518225514856048
7.5932097652389547 -0.0247235901200518 0.0000183194765302 0.8706157948426893 0.7960562117380069 0.8506599549079658
7.6031984918835400 -0.0247819696525749 0.0000182247574147 0.8737584099778524 0.7956121815346442 0.8503088612739199
7.6106023085355892 -0.0248252657288368 0.0000181545271303 0.8760919713421975 0.7952829566451226 0.8500484573295529
7.6180061251876383 -0.0248685838405111 0.0000180842774388 0.8784291096027772 0.7949536454376128 0.8497879112481295
7.6512721456308910 -0.0250635751948249 0.0000177683981270 0.8889742352175318 0.7934729690204975 0.8486155071642607
7.6845522955484666 -0.0252592368808504 0.0000174519969662 0.8995961387421618 0.7919899766295582 0.8474397636352566
7.7178841532021849 -0.0254557910805045 0.0000171347249157 0.9103070615467997 0.7905030344138593 0.8462593691228874
7.7287493603395188 -0.0255199739503000 0.0000170312238335 0.9138141970373792 0.7900179865151518 0.8458739884360329
7.7387299550543993 -0.0255789773056353 0.0000169361155530 0.9170425910044504 0.7895722810778315 0.8455197226248120
7.7721710034671387 -0.0257770578376914 0.0000166172084082 0.9279071311234990 0.7880778762766367 0.8443308996847936
7.8056304614507681 -0.0259758382996333 0.0000162977680450 0.9388508379095531 0.7865811098627919 0.8431386394878464
7.8178556689719727 -0.0260486148222978 0.0000161809655370 0.9428676462589144 0.7860338557700149 0.8427023294727716
7.8300808764931773 -0.0261214701881935 0.0000160641169843 0.9468942319984718 0.7854864045403487 0.8422656523815469
7.8391496957022131 -0.0261755480673080 0.0000159774086231 0.9498875234342714 0.7850801718704301 0.8419414831425864
7.8473966134733386 -0.0262247603088365 0.0000158985370725 0.9526142066775559 0.7847106634254570 0.8416465187589937
7.8809924751671341 -0.0264256083448851 0.0000155770244083 0.9637680237288028 0.7832044844788730 0.8404431993917497
7.9145889502058600 -0.0266270536951958 0.0000152551759334 0.9749959252710845 0.7816968756903968 0.8392371325961638
7.9289287959443087 -0.0267132165087693 0.0000151177045260 0.9798107862474651 0.7810529735462165 0.8387215283191871
7.9326136305713426 -0.0267353747721957 0.0000150823698819 0.9810502101420281 0.7808874739351861 0.8385889569920316
7.9362984651983766 -0.0267575345737419 0.0000150470317244 0.9822905231289295 0.7807219582679306 0.8384563533417234
7.9403420108069067 -0.0267818569762838 0.0000150082492596 0.9836526011607390 0.7805403116093229 0.8383108038405280
7.9737497187306277 -0.0269831364067381 0.0000146876570438 0.9949470353387420 0.7790388248854370 0.8371067940684844
8.0074413376222822 -0.0271867192140605 0.0000143640359477 1.0064114870318770 0.7775233004197392 0.8358898918513353
8.0202219565127439 -0.0272641022974792 0.0000142411951226 1.0107798790450446 0.7769480734562644 0.8354275770078090
8.0268423037835479 -0.0273042203316397 0.0000141775471131 1.0130469086855274 0.7766500373370964 0.8351879491382980
8.0303729275776092 -0.0273256246314658 0.0000141435991054 1.0142570870207455 0.7764910758774854 0.8350601143051923
8.0339035513716706 -0.0273470279512616 0.0000141096482939 1.0154680820071189 0.7763321011256582 0.8349322505984044
8.0406668276611342 -0.0273880461946395 0.0000140446031547 1.0177901491791985 0.7760275316956351 0.8346872338655285
8.0744106693708932 -0.0275930551333868 0.0000137199038342 1.0294203572007317 0.7745072409095232 0.8334632036690889
8.1081770889978078 -0.0277987977667828 0.0000133947085480 1.0411330301923796 0.7729847821275929 0.8322357473437003
8.1176733232216005 -0.0278567669189913 0.0000133032039365 1.0444404818244135 0.7725564152686468 0.8318900796426820
8.1271695574453933 -0.0279147713134023 0.0000132116788327 1.0477538428897120 0.7721279619387893 0.8315442082430526
8.1373202564455713 -0.0279768167067991 0.0000131138233159 1.0513020898016201 0.7716698858562190 0.8311742753298280
8.1711255484819016 -0.0281838372728775 0.0000127877622021 1.0631676522071953 0.7701436485575858 0.8299406075072252
8.2049314202042130 -0.0283914587000657 0.0000124614429807 1.0751083123583010 0.7686163626416527 0.8287043770857654
8.2116757680953611 -0.0284329422532298 0.0000123963126161 1.0774994624252534 0.7683115472636337 0.8284574444648044
8.2180766481339695 -0.0284723303963144 0.0000123344904875 1.0797715960032017 0.7680222194784336 0.8282229948762541
8.2519545295304049 -0.0286811558420479 0.0000120071435535 1.0918420095181967 0.7664903315483336 0.8269806333661734
8.2857642283533135 -0.0288901585583110 0.0000116802249400 1.1039631143490554 0.7649606119554264 0.8257382882554768
8.2922427090352837 -0.0289302671326743 0.0000116175569777 1.1062942641678049 0.7646673925543370 0.8254999538271005
8.2987211897172539 -0.0289703925272470 0.0000115548812257 1.1086281641713913 0.7643741415416618 0.8252615293892380
8.3324860880650498 -0.0291798747594839 0.0000112280965724 1.1208366284008633 0.7628452612097026 0.8240174458382168
8.3449552721299494 -0.0292573858161195 0.0000111073638748 1.1253640306703345 0.7622804487714246 0.8235574010036347
8.3574244561948490 -0.0293349780677966 0.0000109866033196 1.1299016193329445 0.7617155289561609 0.8230970281258978
8.3643046585017835 -0.0293778264157616 0.0000109199587292 1.1324097147546219 0.7614037743517753 0.8228428652309343
8.3711848608087180 -0.0294206867874795 0.0000108533065243 1.1349209112608634 0.7610919880250107 0.8225886030564747
8.3792392912107321 -0.0294708926554683 0.0000107752685857 1.1378646278307019 0.7607269501570224 0.8222908206846430
8.4129688270453649 -0.0296815075006446 0.0000104483500428 1.1502381877344818 0.7591978294671251 0.8210423303882673
8.4252663669327390 -0.0297584438839685 0.0000103291113346 1.1547680328935819 0.7586401478574781 0.8205865541652884
8.4314479485577944 -0.0297971471889213 0.0000102691646605 1.1570487823463589 0.7583597848116663 0.8203573323913397
8.4376295301828499 -0.0298358686111637 0.0000102092120181 1.1593320342500451 0.7580793991930501 0.8201280321567190
8.4433162674322428 -0.0298714989741735 0.0000101540538233 1.1614347185052905 0.7578214390798811 0.8199170185665199
8.4771281380910715 -0.0300836964605640 0.0000098259948262 1.1739804611002871 0.7562872968401034 0.8186610242513231
8.4902745192479117 -0.0301663620929607 0.0000096983961658 1.1788785759517248 0.7556906390571309 0.8181720555370169
8.5034209004047518 -0.0302491180467933 0.0000095707724722 1.1837880047632394 0.7550938909198566 0.8176827385762011
8.5099435700894812 -0.0302902017944330 0.0000095074424502 1.1862280514852377 0.7547977773180370 0.8174398317157896
8.5159113004202762 -0.0303278077312918 0.0000094494953257 1.1884629420147925 0.7545268379594197 0.8172175163878882
8.5493963404459219 -0.0305391603887983 0.0000091242626822 1.2010461823396952 0.7530062733078015 0.8159687850510897
8.5630846815889932 -0.0306257279729275 0.0000089912681042 1.2062112093271795 0.7523845326235208 0.8154576769297202
8.5767730227320644 -0.0307123794069840 0.0000088582502982 1.2113884952755771 0.7517627094402466 0.8149462001310235
8.5899419227939937 -0.0307958256239728 0.0000087302586405 1.2163808837231882 0.7511644078708986 0.8144537862681676
8.6233377495656178 -0.0310078487770436 0.0000084055833225 1.2290922453685758 0.7496468256462849 0.8132035305477882
8.6283187123944636 -0.0310395219076663 0.0000083571471417 1.2309943858153736 0.7494204428547279 0.8130168709249583
8.6332996752233093 -0.0310712010947975 0.0000083087085215 1.2328981484871289 0.7491940509324125 0.8128301635352077
8.6383546013261583 -0.0311033624712113 0.0000082595478725 1.2348318389485147 0.7489642881198666 0.8126406349334386
8.6714180119236577 -0.0313140544702432 0.0000079379281760 1.2475209742503994 0.7474612318321454 0.8113997552287203
8.6795931904114134 -0.0313662379763908 0.0000078583876092 1.2506694768056899 0.7470895347173793 0.8110926175876181
8.6854390464812798 -0.0314035745227791 0.0000078015060858 1.2529235667683438 0.7468237311796130 0.8108729139425235
8.6912849025511463 -0.0314409208847353 0.0000077446215763 1.2551798898565401 0.7465579172700336 0.8106531457662556
8.6970289148509625 -0.0314776326846095 0.0000076887248795 1.2573990793019585 0.7462967244063182 0.8104371435539017
8.7300041865295714 -0.0316887227876444 0.0000073677720572 1.2701807257334696 0.7447970884745768 0.8091959193380844
8.7371801593529970 -0.0317347351300290 0.0000072979141569 1.2729716364606554 0.7444707048524040 0.8089255394246291
8.7443561321764225 -0.0317807680303232 0.0000072280520681 1.2757659100554966 0.7441443086246924 0.8086550639984134
8.7616833405267709 -0.0318920197361753 0.0000070593444977 1.2825268652529223 0.7433561381619167 0.8080015777634659
8.7719519799519592 -0.0319580253347243 0.0000069593514351 1.2865428665732166 0.7428890129071383 0.8076140408244089
8.7822206193771475 -0.0320240863399323 0.0000068593499371 1.2905657509213249 0.7424218660152272 0.8072263106668599
8.7899050087088835 -0.0320735584121926 0.0000067845098760 1.2935807209533150 0.7420722698936615 0.8069360323774384
8.7958310995826299 -0.0321117246770325 0.0000067267915953 1.2959084544823711 0.7418026588221891 0.8067121004767860
8.8012336994175850 -0.0321465339087606 0.0000066741697550 1.2980325607711527 0.7415568587974740 0.8065078943587253
8.8336412918975356 -0.0323556599496836 0.0000063584729725 1.3108140222989364 0.7400823231156298 0.8052818526993127
8.8386006017721748 -0.0323877111276333 0.0000063101558121 1.3127760037886296 0.7398566623825890 0.8050940658051097
8.8435599116468140 -0.0324197689180505 0.0000062618373840 1.3147395892358562 0.7396309983621954 0.8049062348990126
8.8490115849353401 -0.0324550234909126 0.0000062087201054 1.3168999712713236 0.7393829266906191 0.8046997053289049
8.8812788435302341 -0.0326640081914885 0.0000058942936621 1.3297264737493664 0.7379145777005320 0.8034762206612978
8.8883887336595713 -0.0327101251617115 0.0000058250040005 1.3325618383450404 0.7375910229235768 0.8032063860001629
8.8954986237889084 -0.0327562643150458 0.0000057557118491 1.3354004971318891 0.7372674642134642 0.8029364624920742
8.9127969143607348 -0.0328686317987627 0.0000055871138660 1.3423206801397938 0.7364802353085668 0.8022793717206710
8.9226628923135003 -0.0329327906887652 0.0000054909484345 1.3462762949942548 0.7360312368382913 0.8019043702565497
8.9267982175224674 -0.0329596981886727 0.0000054506393369 1.3479361767684563 0.7358430378991587 0.8017471380953828
8.9309335427314345 -0.0329866100166684 0.0000054103297104 1.3495971722598907 0.7356548383210348 0.8015898763008741
8.9355964982414839 -0.0330169655405596 0.0000053648760716 1.3514714316742038 0.7354426255361437 0.8014125138240888
8.9673905693855378 -0.0332242492068574 0.0000050549292720 1.3642886857632290 0.7339956567635556 0.8002021811516344
8.9827455665323424 -0.0333245298946863 0.0000049052273508 1.3705023599020092 0.7332968418166629 0.7996170299272496
8.9968290686672479 -0.0334166159608204 0.0000047679148978 1.3762149886920449 0.7326558985347240 0.7990799812191894
9.0038532989990383 -0.0334625837275879 0.0000046994272395 1.3790690186302921 0.7323362270972480 0.7988119997362941
9.0094085370829635 -0.0334989526072038 0.0000046452617699 1.3813284517897535 0.7320834108637090 0.7986000029563695
9.0149637751668887 -0.0335353352199340 0.0000045910955996 1.3835898919257967 0.7318305962796612 0.7983879543268788
9.0256751938063484 -0.0336055331295693 0.0000044866520277 1.3879559878020409 0.7313431333126209 0.7979789435023587
