0.0001041243754314 -0.0000000000056642 0.0001057491509855 0.0000000000000023 0.9999999999669953 0.9999999999760270
0.0001449947390832 -0.0000000000109843 0.0001057491509762 0.0000000000000061 0.9999999999357121 0.9999999999535101
0.0001954580647947 -0.0000000000199615 0.0001057491509603 0.0000000000000150 0.9999999998829250 0.9999999999155148
0.0002564298090796 -0.0000000000343584 0.0001057491509350 0.0000000000000338 0.9999999997982696 0.9999999998545810
0.0003288008794065 -0.0000000000564896 0.0001057491508960 0.0000000000000714 0.9999999996681365 0.9999999997609128
0.0004134252845895 -0.0000000000893101 0.0001057491508382 0.0000000000001418 0.9999999994751498 0.9999999996220030
0.0005111176151082 -0.0000000001365056 0.0001057491507550 0.0000000000002680 0.9999999991976369 0.9999999994222520
0.0006226756283125 -0.0000000002025975 0.0001057491506386 0.0000000000004846 0.9999999988090125 0.9999999991425239
0.0007488539824361 -0.0000000002930256 0.0001057491504793 0.0000000000008430 0.9999999982772895 0.9999999987597946
0.0008903925283038 -0.0000000004142620 0.0001057491502657 0.0000000000014170 0.9999999975644127 0.9999999982466724
0.0010480098330469 -0.0000000005739093 0.0001057491499844 0.0000000000023106 0.9999999966256771 0.9999999975709790
0.0012223986810691 -0.0000000007807980 0.0001057491496199 0.0000000000036667 0.9999999954091600 0.9999999966953410
0.0014142167318175 -0.0000000010450694 0.0001057491491544 0.0000000000056778 0.9999999938552290 0.9999999955768354
0.0016241269086613 -0.0000000013783303 0.0001057491485672 0.0000000000085999 0.9999999918956360 0.9999999941663379
0.0018527682614347 -0.0000000017937244 0.0001057491478354 0.0000000000127672 0.9999999894530951 0.9999999924082188
0.0021007468626625 -0.0000000023060093 0.0001057491469329 0.0000000000186104 0.9999999864408307 0.9999999902400177
0.0023686770646419 -0.0000000029317396 0.0001057491458305 0.0000000000266779 0.9999999827615011 0.9999999875916690
0.0026571471666001 -0.0000000036893084 0.0001057491444959 0.0000000000376600 0.9999999783069539 0.9999999843853254
0.0029667316169903 -0.0000000045990731 0.0001057491428931 0.0000000000524165 0.9999999729574863 0.9999999805348262
0.0032979866662769 -0.0000000056834444 0.0001057491409827 0.0000000000720079 0.9999999665813218 0.9999999759453195
0.0036514710909525 -0.0000000069670606 0.0001057491387213 0.0000000000977321 0.9999999590335864 0.9999999705125265
0.0040277304509965 -0.0000000084768534 0.0001057491360614 0.0000000001311640 0.9999999501559198 0.9999999641224607
0.0044273065043338 -0.0000000102421957 0.0001057491329514 0.0000000001742017 0.9999999397756079 0.9999999566508040
0.0048506899337103 -0.0000000122947848 0.0001057491293352 0.0000000002291100 0.9999999277062684 0.9999999479634003
0.0052984002174245 -0.0000000146690987 0.0001057491251523 0.0000000002985849 0.9999999137451695 0.9999999379143245
0.0057709433913679 -0.0000000174023359 0.0001057491203370 0.0000000003858104 0.9999998976735819 0.9999999263461375
0.0062688108777015 -0.0000000205345060 0.0001057491148189 0.0000000004945258 0.9999998792562466 0.9999999130895019
0.0067925065116932 -0.0000000241087144 0.0001057491085221 0.0000000006291058 0.9999998582397014 0.9999998979619775
0.0073424746425752 -0.0000000281707777 0.0001057491013657 0.0000000007946225 0.9999998343545424 0.9999998807696502
0.0079191977622074 -0.0000000327699895 0.0001057490932631 0.0000000009969584 0.9999998073109212 0.9999998613038888
0.0085231375153881 -0.0000000379588384 0.0001057490841216 0.0000000012428879 0.9999997768002014 0.9999998393425399
0.0091547598505874 -0.0000000437933161 0.0001057490738428 0.0000000015401901 0.9999997424931493 0.9999998146486236
0.0098145041650196 -0.0000000503327479 0.0001057490623219 0.0000000018977479 0.9999997040409286 0.9999997869710505
0.0105028173685767 -0.0000000576402073 0.0001057490494480 0.0000000023256849 0.9999996610726640 0.9999997560428674
0.0112201218499013 -0.0000000657822987 0.0001057490351037 0.0000000028354770 0.9999996131967193 0.9999997215821775
0.0119668600558252 -0.0000000748297533 0.0001057490191644 0.0000000034401235 0.9999995599971903 0.9999996832896165
0.0127434555343393 -0.0000000848571210 0.0001057490014987 0.0000000041542728 0.9999995010357203 0.9999996408496584
0.0135503234827849 -0.0000000959429772 0.0001057489819683 0.0000000049943889 0.9999994358502835 0.9999995939297402
0.0143878923048387 -0.0000001081703430 0.0001057489604267 0.0000000059789495 0.9999993639527106 0.9999995421784815
0.0152565472486559 -0.0000001216259794 0.0001057489367213 0.0000000071285648 0.9999992848328442 0.9999994852286743
0.0161566951324989 -0.0000001364014152 0.0001057489106907 0.0000000084662462 0.9999991979524910 0.9999994226929309
0.0170887635256016 -0.0000001525931632 0.0001057488821650 0.0000000100176349 0.9999991027441512 0.9999993541627682
0.0180531291710019 -0.0000001703016097 0.0001057488509672 0.0000000118111102 0.9999989986175504 0.9999992792133107
0.0190501900303386 -0.0000001896323268 0.0001057488169114 0.0000000138781367 0.9999988849519199 0.9999991973977325
0.0200803121715065 -0.0000002106952007 0.0001057487798039 0.0000000162534130 0.9999987611011261 0.9999991082509502
0.0211438798044635 -0.0000002336054963 0.0001057487394418 0.0000000189752366 0.9999986263874078 0.9999990112851146
0.0222413014739801 -0.0000002584842325 0.0001057486956118 0.0000000220858292 0.9999984800991704 0.9999989059880233
0.0233729388168341 -0.0000002854567210 0.0001057486480932 0.0000000256314422 0.9999983214995776 0.9999987918293047
0.0245391568705644 -0.0000003146537160 0.0001057485966555 0.0000000296627863 0.9999981498197920 0.9999986682555525
0.0257403137591629 -0.0000003462112881 0.0001057485410591 0.0000000342353280 0.9999979642597163 0.9999985346908591
0.0269767850877878 -0.0000003802715998 0.0001057484810535 0.0000000394097344 0.9999977639834329 0.9999983905335331
0.0282489208949932 -0.0000004169818825 0.0001057484163793 0.0000000452520713 0.9999975481252199 0.9999982351604297
0.0295571116283065 -0.0000004564964387 0.0001057483467648 0.0000000518344853 0.9999973157777773 0.9999980679184757
0.0309016854675192 -0.0000004989737413 0.0001057482719306 0.0000000592351174 0.9999970660092841 0.9999978881369467
0.0322829786365637 -0.0000005445785044 0.0001057481915867 0.0000000675388212 0.9999967978512233 0.9999976951187038
0.0337013658678624 -0.0000005934829407 0.0001057481054296 0.0000000768378338 0.9999965102909856 0.9999974881348700
0.0351571704583827 -0.0000006458638797 0.0001057480131478 0.0000000872316865 0.9999962022888167 0.9999972664370279
0.0366507361813637 -0.0000007019052663 0.0001057479144173 0.0000000988281229 0.9999958727631240 0.9999970292466440
0.0381824141243235 -0.0000007617979269 0.0001057478089018 0.0000001117435587 0.9999955205918546 0.9999967757560604
0.0397525358158161 -0.0000008257386488 0.0001057476962547 0.0000001261033901 0.9999951446179071 0.9999965051323895
0.0413614339668798 -0.0000008939310526 0.0001057475761173 0.0000001420426957 0.9999947436440002 0.9999962165138208
0.0430094095610926 -0.0000009665842575 0.0001057474481211 0.0000001597064570 0.9999943164405256 0.9999959090152728
0.0446968149559355 -0.0000010439166181 0.0001057473118815 0.0000001792510242 0.9999938617235719 0.9999955817125749
0.0464239816461951 -0.0000011261528067 0.0001057471670026 0.0000002008440391 0.9999933781720814 0.9999952336548161
0.0481912328100902 -0.0000012135243988 0.0001057470130766 0.0000002246651782 0.9999928644244106 0.9999948638618694
0.0499988824061833 -0.0000013062698849 0.0001057468496831 0.0000002509067840 0.9999923190782569 0.9999944713243386
0.0518472409761992 -0.0000014046350322 0.0001057466763894 0.0000002797746198 0.9999917406885351 0.9999940550020294
0.0537366369700999 -0.0000015088741812 0.0001057464927473 0.0000003114889555 0.9999911277597532 0.9999936138184612
0.0556673804006530 -0.0000016192484446 0.0001057462982967 0.0000003462847673 0.9999904787566027 0.9999931466684902
0.0576397679161213 -0.0000017360259640 0.0001057460925654 0.0000003844125211 0.9999897921024503 0.9999926524172222
0.0596541062271359 -0.0000018594833639 0.0001057458750660 0.0000004261394051 0.9999890661707872 0.9999921298938587
0.0617107256176216 -0.0000019899068611 0.0001057456452942 0.0000004717505605 0.9999882992787088 0.9999915778870023
0.0638099076538870 -0.0000021275878369 0.0001057454027368 0.0000005215483828 0.9999874897129490 0.9999909951633963
0.0659519900980249 -0.0000022728296694 0.0001057451468593 0.0000005758558020 0.9999866356897077 0.9999903804390073
0.0681372516650602 -0.0000024259402943 0.0001057448771192 0.0000006350144884 0.9999857353983924 0.9999897324105109
0.0703659841671417 -0.0000025872369746 0.0001057445929576 0.0000006993874730 0.9999847869735750 0.9999890497351046
0.0726384845792391 -0.0000027570459795 0.0001057442937997 0.0000007693600224 0.9999837884968789 0.9999883310318659
0.0749550437156356 -0.0000029357018932 0.0001057439790561 0.0000008453403550 0.9999827380010462 0.9999875748846799
0.0773159471438384 -0.0000031235477482 0.0001057436481226 0.0000009277606965 0.9999816334691518 0.9999867798416718
0.0797215206856904 -0.0000033209388846 0.0001057433003730 0.0000010170800812 0.9999804728119132 0.9999859443988746
0.0821720148917147 -0.0000035282336776 0.0001057429351762 0.0000011137812878 0.9999792539222139 0.9999850670394739
0.0846677323611331 -0.0000037458039735 0.0001057425518770 0.0000012183766303 0.9999779746137401 0.9999841461896377
0.0872089605822397 -0.0000039740297779 0.0001057421498060 0.0000013314067563 0.9999766326522157 0.9999831802409986
0.0897959890227896 -0.0000042133007982 0.0001057417282767 0.0000014534425612 0.9999752257463315 0.9999821675441242
0.0924290923981057 -0.0000044640149920 0.0001057412865881 0.0000015850856725 0.9999737515562862 0.9999811064146624
0.0951085408186091 -0.0000047265795070 0.0001057408240229 0.0000017269701400 0.9999722076882546 0.9999799951293606
0.0978346365682971 -0.0000050014145087 0.0001057403398409 0.0000018797658678 0.9999705916718875 0.9999788319098674
0.1006076245292712 -0.0000052889443594 0.0001057398332947 0.0000020441751078 0.9999689010121788 0.9999776149600659
0.1034278116314495 -0.0000055896098303 0.0001057393036078 0.0000022209406728 0.9999671331176593 0.9999763424143860
0.1062954535010473 -0.0000059038565600 0.0001057387499951 0.0000024108408192 0.9999652853682621 0.9999750123866536
0.1092108280318916 -0.0000062321428209 0.0001057381716495 0.0000026146951747 0.9999633550696584 0.9999736229372191
0.1121741944878866 -0.0000065749351964 0.0001057375677489 0.0000028333636582 0.9999613394786768 0.9999721720912529
0.1151858461198875 -0.0000069327147601 0.0001057369374460 0.0000030677519636 0.9999592357669734 0.9999706578125931
0.1182460444364258 -0.0000073059696265 0.0001057362798809 0.0000033188084352 0.9999570410648319 0.9999690780352724
0.1213550440460954 -0.0000076951977341 0.0001057355941766 0.0000035875273493 0.9999547524448036 0.9999674306517397
0.1245131209025129 -0.0000081009105390 0.0001057348794321 0.0000038749531729 0.9999523668999915 0.9999657134972264
0.1277205214577844 -0.0000085236267158 0.0001057341347337 0.0000041821779082 0.9999498813810899 0.9999639243764071
0.1309775372219337 -0.0000089638820019 0.0001057333591379 0.0000045103499602 0.9999472927385032 0.9999620610217329
0.1342844061040837 -0.0000094222162579 0.0001057325516936 0.0000048606665191 0.9999445977984315 0.9999601211481970
0.1376413824663912 -0.0000098991827551 0.0001057317114264 0.0000052343821335 0.9999417933082656 0.9999581024140274
0.1410487388635806 -0.0000103953488477 0.0001057308373368 0.0000056328113823 0.9999388759326348 0.9999560024178389
0.1445067387235695 -0.0000109112923092 0.0001057299284073 0.0000060573280636 0.9999358422749539 0.9999538187141407
0.1480156240895338 -0.0000114475994118 0.0001057289836051 0.0000065093654770 0.9999326888887171 0.9999515488214634
0.1515756692894479 -0.0000120048731688 0.0001057280018681 0.0000069904253793 0.9999294122290380 0.9999491901874741
0.1551870992805714 -0.0000125837208296 0.0001057269821268 0.0000075020694437 0.9999260087261799 0.9999467402419013
0.1588501840976214 -0.0000131847687592 0.0001057259232780 0.0000080459342633 0.9999224746980708 0.9999441963335589
0.1625651753896432 -0.0000138086526522 0.0001057248242019 0.0000086237251672 0.9999188064078478 0.9999415557717641
0.1663323213775620 -0.0000144560199154 0.0001057236837584 0.0000092372205001 0.9999150000498490 0.9999388158162513
0.1701518612585149 -0.0000151275287410 0.0001057225007882 0.0000098882729993 0.9999110517550713 0.9999359736810970
0.1740240432810184 -0.0000158238513446 0.0001057212741073 0.0000105788152671 0.9999069575721315 0.9999330265210110
0.1779491101126300 -0.0000165456715604 0.0001057200025115 0.0000113108599316 0.9999027134814126 0.9999299714415161
0.1819273241865745 -0.0000172936896796 0.0001057186847673 0.0000120865071212 0.9998983153666217 0.9999268054784695
0.1859589093992310 -0.0000180686116697 0.0001057173196314 0.0000129079359179 0.9998937590781773 0.9999235256436880
0.1900441389500407 -0.0000188711659415 0.0001057159058211 0.0000137774245180 0.9998890403346357 0.9999201288539852
0.1941832376213201 -0.0000197020847099 0.0001057144420468 0.0000146973331864 0.9998841548322845 0.9999166120100584
0.1983764396846105 -0.0000205621150888 0.0001057129269928 0.0000156701185912 0.9998790981799159 0.9999129719495294
0.2026239969077786 -0.0000214520211221 0.0001057113593136 0.0000166983391876 0.9998738658868886 0.9999092054383463
0.2069261358674577 -0.0000223725750783 0.0001057097376493 0.0000177846481578 0.9998684534143223 0.9999053092076302
0.2112830900534737 -0.0000233245641064 0.0001057080606136 0.0000189318038082 0.9998628561359669 0.9999012799255023
0.2156951075300337 -0.0000243087922495 0.0001057063267907 0.0000201426752374 0.9998570693263712 0.9998971141885594
0.2201624236377956 -0.0000253260746372 0.0001057045347452 0.0000214202384480 0.9998510881950353 0.9998928085464547
0.2246852968707486 -0.0000263772457490 0.0001057026830078 0.0000227675898352 0.9998449078378336 0.9998883594669208
0.2292639290363347 -0.0000274631409763 0.0001057007701073 0.0000241879257457 0.9998385233454299 0.9998837634138091
0.2338985423243568 -0.0000285846142335 0.0001056987945404 0.0000256845677497 0.9998319296997373 0.9998790167725476
0.2385893803053617 -0.0000297425388222 0.0001056967547692 0.0000272609677327 0.9998251217688485 0.9998741158464833
0.2433366569239725 -0.0000309377951204 0.0001056946492438 0.0000289206947301 0.9998180943794245 0.9998690569089865
0.2481406352766071 -0.0000321712904050 0.0001056924763666 0.0000306674657434 0.9998108422001573 0.9998638361195494
0.2530015477659244 -0.0000334439391163 0.0001056902345277 0.0000325051222350 0.9998033598578144 0.9998584496073163
0.2579196139860896 -0.0000347566670431 0.0001056879220971 0.0000344376389356 0.9997956419126408 0.9998528934533683
0.2628950321895895 -0.0000361104087820 0.0001056855374294 0.0000364691232018 0.9997876828733073 0.9998471637014766
0.2679280708740179 -0.0000375061329433 0.0001056830788195 0.0000386038568113 0.9997794770487255 0.9998412562514140
0.2730189350665138 -0.0000389448059918 0.0001056805445658 0.0000408462456773 0.9997710187606526 0.9998351670119999
0.2781678273726454 -0.0000404274084419 0.0001056779329424 0.0000432008472000 0.9997623022484848 0.9998288918325529
0.2833749993351272 -0.0000419549501183 0.0001056752421715 0.0000456723989825 0.9997533215795475 0.9998224264382950
0.2886406752532203 -0.0000435284486479 0.0001056724704618 0.0000482657892183 0.9997440707755609 0.9998157665213868
0.2939650469793629 -0.0000451489272538 0.0001056696160123 0.0000509860559508 0.9997345438256174 0.9998089077502600
0.2993483623882000 -0.0000468174416465 0.0001056666769646 0.0000538384361351 0.9997247345281014 0.9998018456557987
0.3047908431260039 -0.0000485350555383 0.0001056636514466 0.0000568283295358 0.9997146366346563 0.9997945757349738
0.3102926841564483 -0.0000503028398916 0.0001056605375732 0.0000599613005530 0.9997042438546142 0.9997870934540219
0.3158541338546013 -0.0000521218987075 0.0001056573334014 0.0000632431282331 0.9996935497034017 0.9997793941392913
0.3214753854779985 -0.0000539933342604 0.0001056540369912 0.0000666797491347 0.9996825477069401 0.9997714731243875
0.3271566587005436 -0.0000559182734812 0.0001056506463595 0.0000702773087972 0.9996712312465552 0.9997633256385023
0.3328981950346384 -0.0000578978672730 0.0001056471594808 0.0000740421664974 0.9996595935630154 0.9997549468093053
0.3387001643953845 -0.0000599332582453 0.0001056435743446 0.0000779808383361 0.9996476279462363 0.9997463317995119
0.3445628422863456 -0.0000620256424501 0.0001056398888459 0.0000821001205369 0.9996353273723629 0.9997374755455761
0.3504863770981249 -0.0000641761875470 0.0001056361009305 0.0000864069353606 0.9996226849848763 0.9997283731040624
0.3564710159927215 -0.0000663861131194 0.0001056322084522 0.0000909084934321 0.9996096936224514 0.9997190193116942
0.3625169888721538 -0.0000686566499400 0.0001056282092457 0.0000956122198110 0.9995963460584496 0.9997094089577676
0.3686244642401243 -0.0000709890225760 0.0001056241011566 0.0001005257212966 0.9995826351031892 0.9996995368577719
0.3747936915829650 -0.0000733845032988 0.0001056198819464 0.0001056569040598 0.9995685532870563 0.9996893976252073
0.3810248521475660 -0.0000758443554269 0.0001056155493929 0.0001110138600710 0.9995540931935871 0.9996789859113908
0.3873181510973088 -0.0000783698685250 0.0001056111012275 0.0001166049464510 0.9995392472525709 0.9996682962564684
0.3936737984411885 -0.0000809623514661 0.0001056065351479 0.0001224387768979 0.9995240077808575 0.9996573231187759
0.4000920473133323 -0.0000836231487186 0.0001056018487893 0.0001285242652418 0.9995083668866435 0.9996460608058987
0.4065730634391557 -0.0000863535864996 0.0001055970398191 0.0001348705084180 0.9994923167860207 0.9996345037025829
0.4131170526006576 -0.0000891550249522 0.0001055921058451 0.0001414869098277 0.9994758494962903 0.9996226460498839
0.4197242240607146 -0.0000920288435925 0.0001055870444414 0.0001483831531023 0.9994589569215316 0.9996104820067576
0.4263947882412259 -0.0000949764405256 0.0001055818531492 0.0001555692065037 0.9994416308572431 0.9995980056533776
0.4331289259789818 -0.0000979992187087 0.0001055765295016 0.0001630552948994 0.9994238630711134 0.9995852110492751
0.4399268848703484 -0.0001010986293020 0.0001055710709469 0.0001708520133118 0.9994056450482344 0.9995720920498417
0.4467888416243374 -0.0001042761099390 0.0001055654749575 0.0001789701802146 0.9993869683539751 0.9995586425676090
0.4537149876483666 -0.0001075331228793 0.0001055597389626 0.0001874209374349 0.9993678244097534 0.9995448564107576
0.4607055331055151 -0.0001108711576056 0.0001055538603436 0.0001962157647901 0.9993482044778016 0.9995307272721163
0.4677606798699900 -0.0001142917184225 0.0001055478364563 0.0002053664550414 0.9993280997340944 0.9995162487816505
0.4748806203437413 -0.0001177963236938 0.0001055416646317 0.0002148851177758 0.9993075012728606 0.9995014145096838
0.4820655561102863 -0.0001213865150064 0.0001055353421603 0.0002247842107304 0.9992864000527608 0.9994862179281078
0.4893157000174813 -0.0001250638587016 0.0001055288662892 0.0002350765519526 0.9992647868879209 0.9994706524038917
0.4966312479301965 -0.0001288299317827 0.0001055222342471 0.0002457752877395 0.9992426525307979 0.9994547112587292
0.5040123587213523 -0.0001326863108653 0.0001055154432635 0.0002568938659360 0.9992199877371566 0.9994383878158051
0.5114592591778648 -0.0001366346268926 0.0001055084904726 0.0002684462002532 0.9991967829445323 0.9994216751681884
0.5189721878808933 -0.0001406765374816 0.0001055013729620 0.0002804466024415 0.9991730284348096 0.9994045662958804
0.5265512574148049 -0.0001448136517743 0.0001054940879049 0.0002929095633918 0.9991487147759078 0.9993870543839030
0.5341967007546812 -0.0001490476630005 0.0001054866323268 0.0003058501539017 0.9991238320427480 0.9993691322611731
0.5419086648327988 -0.0001533802365793 0.0001054790033024 0.0003192836970912 0.9990983704749250 0.9993507928741505
0.5496874361926680 -0.0001578131362884 0.0001054711977337 0.0003332261652870 0.9990723197352748 0.9993320287527659
0.5575331554543882 -0.0001623480638521 0.0001054632126323 0.0003476936902134 0.9990456698526323 0.9993128326894265
0.5654460038583041 -0.0001669867632369 0.0001054550449356 0.0003627028923681 0.9990184106089490 0.9992931972975345
0.5734262083809144 -0.0001717310254887 0.0001054466914987 0.0003782709101387 0.9989905315109315 0.9992731149910045
0.5814739171195646 -0.0001765826151165 0.0001054381492239 0.0003944151676075 0.9989620222226909 0.9992525782958699
0.5895893437253538 -0.0001815433558022 0.0001054294149094 0.0004111536632639 0.9989328720621312 0.9992315794874707
0.5977726496020696 -0.0001866150597743 0.0001054204853743 0.0004285047442586 0.9989030704160247 0.9992101108894050
0.6060240773738002 -0.0001917996101330 0.0001054113573132 0.0004464873949716 0.9988726062563166 0.9991881645250391
0.6143437788047151 -0.0001970988541164 0.0001054020274843 0.0004651208798668 0.9988414687673549 0.9991657325693052
0.6227319348877942 -0.0002025146773485 0.0001053924925788 0.0004844250052393 0.9988096469096607 0.9991428070344007
0.6311887337730745 -0.0002080489906778 0.0001053827492438 0.0005044200845027 0.9987771294973316 0.9991193798254943
0.6397143643597593 -0.0002137037263289 0.0001053727940895 0.0005251269341326 0.9987439052207140 0.9990954427570049
0.6483090032197263 -0.0002194808292061 0.0001053626237041 0.0005465668504755 0.9987099626975638 0.9990709875894077
0.6569728773660081 -0.0002253822994946 0.0001053522345792 0.0005687617782576 0.9986752902228186 0.9990460058488898
0.6657060989269986 -0.0002314100802009 0.0001053416233073 0.0005917338971704 0.9986398764293889 0.9990204893033966
0.6745089154912194 -0.0002375662282585 0.0001053307862813 0.0006155062767158 0.9986037092829495 0.9989944292383093
0.6833814708345830 -0.0002438527502065 0.0001053197199832 0.0006401022622564 0.9985667770474206 0.9989678171520313
0.6923239943269173 -0.0002502717343586 0.0001053084207517 0.0006655459937762 0.9985290675085517 0.9989406441964876
0.7013366540419977 -0.0002568252474017 0.0001052968849641 0.0006918620134485 0.9984905685814658 0.9989129016148292
0.7104195969572155 -0.0002635153614467 0.0001052851089890 0.0007190753752405 0.9984512681518020 0.9988845806269160
0.7195730090667416 -0.0002703441982597 0.0001052730891082 0.0007472118341630 0.9984111538159604 0.9988556722420648
0.7287970599034591 -0.0002773138890354 0.0001052608215874 0.0007762976949299 0.9983702131174977 0.9988261674293282
0.7380919707965478 -0.0002844266262791 0.0001052483025854 0.0008063600397298 0.9983284332424517 0.9987960568978508
0.7474579282528226 -0.0002916845988859 0.0001052355282679 0.0008374264697299 0.9982858014007827 0.9987653313716859
0.7568950288170962 -0.0002990899470347 0.0001052224948872 0.0008695249121653 0.9982423050913792 0.9987339817807414
0.7664035150596964 -0.0003066449465273 0.0001052091984577 0.0009026844258808 0.9981979310193908 0.9987019984803915
0.7759835497979030 -0.0003143518333504 0.0001051956350645 0.0009369344588082 0.9981526661268021 0.9986693719941585
0.7856353023102536 -0.0003222128704821 0.0001051818007462 0.0009723051444098 0.9981064972001182 0.9986360927308846
0.7953589437563368 -0.0003302303445154 0.0001051676915007 0.0010088272986371 0.9980594108902966 0.9986021509990152
0.8051546902564350 -0.0003384066020315 0.0001051533032212 0.0010465326003129 0.9980113934992377 0.9985675368525995
0.8150226839307539 -0.0003467439508878 0.0001051386318700 0.0010854531496010 0.9979624315596091 0.9985322405091730
0.8249631144168710 -0.0003552447610791 0.0001051236733007 0.0011256219416385 0.9979125112426056 0.9984962519227523
0.8349761333909228 -0.0003639113928585 0.0001051084233855 0.0011670725436627 0.9978616187801784 0.9984595610881228
0.8450618734362177 -0.0003727462114916 0.0001050928779884 0.0012098391693096 0.9978097403784774 0.9984221579783671
0.8552205786803724 -0.0003817517028318 0.0001050770327624 0.0012539572548743 0.9977568615393173 0.9983840320555476
0.8654524036834628 -0.0003909302978375 0.0001050608834581 0.0012994626248915 0.9977029680907479 0.9983451730136188
0.8757575261613938 -0.0004002844708606 0.0001050444257508 0.0013463919775358 0.9976480456100087 0.9983055703622988
0.8861360985277911 -0.0004098166962131 0.0001050276553171 0.0013947826812250 0.9975920796786761 0.9982652136109380
0.8965882754640241 -0.0004195294726682 0.0001050105677917 0.0014446729067648 0.9975350557389181 0.9982240921647759
0.9071142487937202 -0.0004294253566462 0.0001049931587090 0.0014961018137745 0.9974769588988002 0.9981821951844254
0.9177141670750826 -0.0004395068874246 0.0001049754236347 0.0015491091783865 0.9974177743715065 0.9981395119025002
0.9283882299412912 -0.0004497766761460 0.0001049573580096 0.0016037358699793 0.9973574869529297 0.9980960312467582
0.9391365740069948 -0.0004602372970691 0.0001049389573404 0.0016600232906230 0.9972960816602221 0.9980517423005109
0.9499593871565275 -0.0004708913973001 0.0001049202170072 0.0017180139702590 0.9972335430877698 0.9980066338380246
0.9608568143227159 -0.0004817416054122 0.0001049011324239 0.0017777510894108 0.9971698559437518 0.9979606947113953
0.9718290190534236 -0.0004927905914603 0.0001048816989328 0.0018392788155017 0.9971050046979972 0.9979139135964401
0.9828761866747103 -0.0005040410713607 0.0001048619117974 0.0019026423468395 0.9970389735564503 0.9978662789741342
0.9939984577630595 -0.0005154957393354 0.0001048417663202 0.0019678875464777 0.9969717468578262 0.9978177794166262
1.0051960303795811 -0.0005271573724856 0.0001048212576600 0.0020350615472450 0.9969033084600132 0.9977684031444537
1.0164690646827361 -0.0005390287332103 0.0001048003810027 0.0021042122132461 0.9968336423129502 0.9977181384396904
1.0278176834853823 -0.0005511125676898 0.0001047791315645 0.0021753881325614 0.9967627324676412 0.9976669736523576
1.0392420994004290 -0.0005634117413941 0.0001047575043535 0.0022486394298149 0.9966905622811376 0.9976148966266419
1.0507424221673036 -0.0005759290336231 0.0001047354945309 0.0023240165679423 0.9966171156223754 0.9975618955708304
1.0623188310285272 -0.0005886673221783 0.0001047130970866 0.0024015714567223 0.9965423757886915 0.9975079582753583
1.0739714883350751 -0.0006016294909708 0.0001046903070013 0.0024813569204153 0.9964663260481681 0.9974530725039982
1.0857005524048229 -0.0006148184436291 0.0001046671192232 0.0025634267917319 0.9963889495599577 0.9973972259362224
1.0975061980359695 -0.0006282371267772 0.0001046435286266 0.0026478360725147 0.9963102292379131 0.9973404060686202
1.1093885886607877 -0.0006418884989613 0.0001046195300668 0.0027346407566275 0.9962301479330818 0.9972826003464503
1.1213478242596364 -0.0006557754692351 0.0001045951184882 0.0028238974441795 0.9961486887941317 0.9972237964236890
1.1333841025822200 -0.0006699010835048 0.0001045702885965 0.0029156645483974 0.9960658341744473 0.9971639813739399
1.1454976096242893 -0.0006842684000904 0.0001045450350779 0.0030100015287070 0.9959815663623580 0.9971031422173400
1.1576884844999407 -0.0006988804467658 0.0001045193526744 0.0031069686158133 0.9958958678332803 0.9970412661024590
1.1699568171510912 -0.0007137402150980 0.0001044932361937 0.0032066267700667 0.9958087212830451 0.9969783403302663
1.1823028287090378 -0.0007288508792727 0.0001044666801250 0.0033090391666044 0.9957201083448017 0.9969143514274629
1.1947266322358550 -0.0007442155070953 0.0001044396791466 0.0034142692780411 0.9956300112841271 0.9968492863702656
1.2072284440279419 -0.0007598373185438 0.0001044122276721 0.0035223826425549 0.9955384114830341 0.9967831314894986
1.2198083118875931 -0.0007757193476823 0.0001043843204438 0.0036334445498266 0.9954452914226500 0.9967158739022894
1.2324664724874885 -0.0007918648899351 0.0001043559517477 0.0037475231576878 0.9953506320608514 0.9966474996179401
1.2452030666666578 -0.0008082771457303 0.0001043271160390 0.0038646870380239 0.9952544149220147 0.9965779950470010
1.2580182565779379 -0.0008249593675731 0.0001042978076842 0.0039850062160353 0.9951566212349127 0.9965073463784249
1.2709121621372106 -0.0008419147775250 0.0001042680211061 0.0041085515929246 0.9950572324167291 0.9964355399290223
1.2838849185670780 -0.0008591466412726 0.0001042377506533 0.0042353954904017 0.9949562296390797 0.9963625618297653
1.2969366891895986 -0.0008766582864420 0.0001042069905689 0.0043656118116804 0.9948535937209794 0.9962883979481998
1.3100676601150920 -0.0008944530973110 0.0001041757349990 0.0044992760328720 0.9947493051601776 0.9962130339108128
1.3232779681417914 -0.0009125344172493 0.0001041439781649 0.0046364644887544 0.9946433447052048 0.9961364555161942
1.3365677171867287 -0.0009309055682590 0.0001041117143283 0.0047772545159639 0.9945356932410261 0.9960586486522733
1.3499370541076003 -0.0009495699551338 0.0001040789376087 0.0049217252631362 0.9944263311789497 0.9959795988551635
1.3633861726653647 -0.0009685310740585 0.0001040456419684 0.0050699577985468 0.9943152384066577 0.9958992912727027
1.3769151993442132 -0.0009877923525682 0.0001040118214935 0.0052220338842498 0.9942023952262269 0.9958177113422648
1.3905242500858306 -0.0010073572268932 0.0001039774702582 0.0053780365776338 0.9940877819011614 0.9957348444631706
1.4042134715468615 -0.0010272292014325 0.0001039425822205 0.0055380507244632 0.9939713783083070 0.9956506757447684
1.4179830470646770 -0.0010474118597342 0.0001039071512032 0.0057021630840149 0.9938531638739558 0.9955651899598947
1.4318330864858790 -0.0010679087033214 0.0001038711711765 0.0058704610395022 0.9937331185182265 0.9954783722275251
1.4457637447750180 -0.0010887233245838 0.0001038346359549 0.0060430340145095 0.9936112216426859 0.9953902072804595
1.4597751632271396 -0.0011098593209319 0.0001037975393480 0.0062199727961215 0.9934874526335249 0.9953006798289126
1.4738674572509953 -0.0011313202751667 0.0001037598751948 0.0064013693791953 0.9933617909768011 0.9952097746436540
1.4880408125799320 -0.0011531099022481 0.0001037216371066 0.0065873182278145 0.9932342153994240 0.9951174759343020
1.5022953283733758 -0.0011752318098042 0.0001036828188870 0.0067779142651903 0.9931047052717917 0.9950237683637534
1.5166311584524117 -0.0011976897141397 0.0001036434141531 0.0069732547265130 0.9929732393434039 0.9949286361331858
1.5310484404756020 -0.0012204873317545 0.0001036034165260 0.0071734382558990 0.9928397963784035 0.9948320634415547
1.5455473029756224 -0.0012436283894714 0.0001035628196133 0.0073785650060141 0.9927043550966285 0.9947340344426833
1.5601278831197096 -0.0012671166525280 0.0001035216169594 0.0075887369042630 0.9925668940095717 0.9946345331262468
1.5747903306957882 -0.0012909559317554 0.0001034798020335 0.0078040577434737 0.9924273913788128 0.9945335432873438
1.5895347720950403 -0.0013151500251824 0.0001034373683320 0.0080246326758634 0.9922858255581559 0.9944310487738592
1.6043613359373057 -0.0013397027589291 0.0001033943093068 0.0082505685952569 0.9921421747547023 0.9943270333132221
1.6192701505421765 -0.0013646179831461 0.0001033506183728 0.0084819741208029 0.9919964170530393 0.9942214805295939
1.6342613959087602 -0.0013898996600651 0.0001033062887531 0.0087189604461530 0.9918485299006383 0.9941143735708237
1.6493351414343602 -0.0014155515905738 0.0001032613139591 0.0089616387992588 0.9916984917077365 0.9940056962668126
1.6644915458929370 -0.0014415777506670 0.0001032156872006 0.0092101236090816 0.9915462798796358 0.9938954317041168
1.6797307195699216 -0.0014679820584081 0.0001031694017941 0.0094645303362897 0.9913918721803080 0.9937835632132227
1.6950527814962932 -0.0014947684706841 0.0001031224509938 0.0097249764029075 0.9912352461668950 0.9936700739586278
1.7104579180848534 -0.0015219410877727 0.0001030748278081 0.0099915822500138 0.9910763785788991 0.9935549464957848
1.7259462306308702 -0.0015495038860643 0.0001030265254684 0.0102644687536257 0.9909152469014585 0.9934381639035073
1.7415178287934652 -0.0015774608799490 0.0001029775371456 0.0105437588043032 0.9907518284191480 0.9933197090980908
1.7571728488555867 -0.0016058161556846 0.0001029278558906 0.0108295776772283 0.9905861000185846 0.9931995646897978
1.7729114302512725 -0.0016345738304374 0.0001028774747061 0.0111220526565277 0.9904180384284533 0.9930777131563912
1.7887336703374579 -0.0016637379688132 0.0001028263866937 0.0114213121995507 0.9902476207077667 0.9929541371968080
1.8046397043752282 -0.0016933127288292 0.0001027745847975 0.0117274874412334 0.9900748233933226 0.9928288191126535
1.8206297306113339 -0.0017233024122068 0.0001027220617167 0.0120407127750077 0.9898996222066802 0.9927017405950566
1.8367037782456053 -0.0017537110286625 0.0001026688106687 0.0123611213189002 0.9897219946001203 0.9925728845709565
1.8528619766764332 -0.0017845427980735 0.0001026148245096 0.0126888501521743 0.9895419168233042 0.9924422330752448
1.8691044453212107 -0.0018158019456889 0.0001025600960934 0.0130240382180241 0.9893593651203841 0.9923097681185297
1.8854313750233056 -0.0018474928599843 0.0001025046179954 0.0133668280518449 0.9891743148088328 0.9921754710181974
1.9018427906478634 -0.0018796196318666 0.0001024483833194 0.0137173608197772 0.9889867429707297 0.9920393243511373
1.9183388709238831 -0.0019121866749787 0.0001023913846115 0.0140757830452652 0.9887966248312360 0.9919013093250805
1.9349197058345127 -0.0019451982534450 0.0001023336146876 0.0144422415082794 0.9886039365166932 0.9917614077799020
1.9515854385150333 -0.0019786587605169 0.0001022750661453 0.0148168863184593 0.9884086534284687 0.9916196010067806
1.9683361675947553 -0.0020125725244785 0.0001022157317040 0.0151998687870273 0.9882107513765586 0.9914758705707737
1.9851720422256312 -0.0020469439996764 0.0001021556038706 0.0155913435917408 0.9880102054653770 0.9913301975012381
2.0020931804672037 -0.0020817776020824 0.0001020946752280 0.0159914669525528 0.9878069910540679 0.9911825629887430
2.0190996161906685 -0.0021170775959620 0.0001020329386325 0.0164003953060659 0.9876010844179635 0.9910329488654609
2.0361915126105181 -0.0021528485353302 0.0001019703864428 0.0168182904213359 0.9873924601740610 0.9908813357341573
2.0533690077124089 -0.0021890949475397 0.0001019070110729 0.0172453158104474 0.9871810931278164 0.9907277043092388
2.0706321815227655 -0.0022258212611778 0.0001018428051190 0.0176816358670949 0.9869669586940268 0.9905720357224190
2.0879811652629456 -0.0022630320360660 0.0001017777609567 0.0181274185959400 0.9867500315563158 0.9904143105478932
2.1054160181580266 -0.0023007317002235 0.0001017118712021 0.0185828324990976 0.9865302872014130 0.9902545099172868
2.1229368449528372 -0.0023389248007136 0.0001016451282725 0.0190480495896692 0.9863077004574248 0.9900926144564434
2.1405438282780445 -0.0023776160789939 0.0001015775242555 0.0195232463925090 0.9860822450559885 0.9899286039660113
2.1582370568983000 -0.0024168100957890 0.0001015090515650 0.0200085993905355 0.9858538958192035 0.9897624590116046
2.1760166050373249 -0.0024565114005763 0.0001014397026447 0.0205042870696606 0.9856226276722934 0.9895941602054560
2.1938825757110072 -0.0024967246281453 0.0001013694697996 0.0210104911451562 0.9853884150819091 0.9894236877971372
2.2118350859544496 -0.0025374544674604 0.0001012983452512 0.0215273962205382 0.9851512322385517 0.9892510218055849
2.2298743029763157 -0.0025787057458720 0.0001012263209904 0.0220551909094662 0.9849110525672942 0.9890761416621303
2.2480002336889222 -0.0026204829466114 0.0001011533896199 0.0225940616712734 0.9846678515378190 0.9888990282560951
2.2662130411273518 -0.0026627909321170 0.0001010795430922 0.0231442020868829 0.9844216024538004 0.9887196608683948
2.2845127925016544 -0.0027056325756084 0.0001010047738448 0.0237058054620283 0.9841722798118642 0.9885380196174461
2.3025368560263355 -0.0027481545214730 0.0001009305729219 0.0242676718629435 0.9839248558546430 0.9883577267036588
2.3210101113468031 -0.0027920721114788 0.0001008539487225 0.0248525919426155 0.9836693553688353 0.9881715120435407
2.3395696139367872 -0.0028365369324548 0.0001007763823255 0.0254495382260692 0.9834107172228552 0.9879829727459556
2.3582164727357067 -0.0028815561960931 0.0001006978616390 0.0260587471499298 0.9831489012525824 0.9877920781129229
2.3769507517206820 -0.0029271346581850 0.0001006183788690 0.0266804249330318 0.9828838816293204 0.9875988078589437
2.3957725947651918 -0.0029732772897771 0.0001005379258590 0.0273147831378762 0.9826156313203525 0.9874031407851684
2.4146820594775908 -0.0030199888725461 0.0001004564947962 0.0279620331711748 0.9823441244426097 0.9872050564952581
2.4336792300635941 -0.0030672742726171 0.0001003740777341 0.0286223900323656 0.9820693346714230 0.9870045342343864
2.4527641704239227 -0.0031151383249017 0.0001002906667943 0.0292960707377461 0.9817912359138444 0.9868015533798123
2.4719370934446925 -0.0031635862604674 0.0001002062534225 0.0299833004014296 0.9815097998270130 0.9865960916285624
2.4911980096290005 -0.0032126228227283 0.0001001208299284 0.0306842997836274 0.9812250009539325 0.9863881287456127
2.5105469997642977 -0.0032622529500932 0.0001000343882966 0.0313992949059167 0.9809368127580539 0.9861776436690565
2.5299841509028567 -0.0033124816165160 0.0000999469204649 0.0321285148480427 0.9806452085509675 0.9859646151863974
2.5495095540958599 -0.0033633138260835 0.0000998584183338 0.0328721917008960 0.9803501615250102 0.9857490219576222
2.5691233339472750 -0.0034147546911065 0.0000997688736310 0.0336305617517862 0.9800516443013267 0.9855308421841075
2.5888255091251824 -0.0034668090653946 0.0000996782785501 0.0344038600897686 0.9797496310590302 0.9853100551641858
2.6086161989250605 -0.0035194820856518 0.0000995866248085 0.0351923286067307 0.9794440943945336 0.9850866389970304
2.6284954724085110 -0.0035727787752330 0.0000994939043375 0.0359962101716131 0.9791350076220886 0.9848605722634290
2.6484634445126032 -0.0036267042996381 0.0000994001088376 0.0368157524760596 0.9788223432929321 0.9846318329422450
2.6685201638070470 -0.0036812636644846 0.0000993052303051 0.0376512034865911 0.9785060749478915 0.9844003996916935
2.6886657488803132 -0.0037364620839143 0.0000992092603907 0.0385028170703331 0.9781861749826108 0.9841662502868151
2.7089002612141000 -0.0037923046353112 0.0000991121910009 0.0393708477412867 0.9778626166504426 0.9839293630842822
2.7292237741763903 -0.0038487964460036 0.0000990140139738 0.0402555535284611 0.9775353729812909 0.9836897162306315
2.7496363488065225 -0.0039059426262991 0.0000989147211951 0.0411571949571003 0.9772044171708958 0.9834472879465265
2.7701380214990308 -0.0039637482332886 0.0000988143046621 0.0420760344737745 0.9768697227914510 0.9832020566805314
2.7907289349034938 -0.0040222186412702 0.0000987127558402 0.0430123423809321 0.9765312616484626 0.9829539995378348
2.8114091697524426 -0.0040813590696994 0.0000986100664832 0.0439663893942781 0.9761890065157308 0.9827030942830345
2.8321787187575835 -0.0041411745014152 0.0000985062287761 0.0449384452302071 0.9758429316085705 0.9824493196873827
2.8530377447535273 -0.0042016704248912 0.0000984012340462 0.0459287906721450 0.9754930082905329 0.9821926523799419
2.8739862623645123 -0.0042628519184384 0.0000982950743533 0.0469377027290877 0.9751392103735876 0.9819330707331976
2.8950243479631625 -0.0043247242546319 0.0000981877414415 0.0479654644783114 0.9747815106225020 0.9816705522989566
2.9161520707093223 -0.0043872927015543 0.0000980792270840 0.0490123618571962 0.9744198819062476 0.9814050746518593
2.9373695008410019 -0.0044505625467477 0.0000979695230421 0.0500786840781482 0.9740542970609553 0.9811366152880293
2.9586766759107506 -0.0045145389954785 0.0000978586212421 0.0511647219196617 0.9736847294790600 0.9808651520570382
2.9800737031084852 -0.0045792274776403 0.0000977465132437 0.0522707729544693 0.9733111513379288 0.9805906618599576
3.0015606289218892 -0.0046446332567391 0.0000976331909181 0.0533971349420445 0.9729335358602749 0.9803131223088015
3.0231375110543848 -0.0047107616446351 0.0000975186460762 0.0545441094763933 0.9725518560750045 0.9800325108156638
3.0448044088108808 -0.0047776179728124 0.0000974028705190 0.0557120015243220 0.9721660849848506 0.9797488047149497
3.0665613477376898 -0.0048452074821981 0.0000972858562285 0.0569011175044019 0.9717761962035215 0.9794619817312770
3.0884084209645422 -0.0049135356375041 0.0000971675948243 0.0581117708314782 0.9713821621439872 0.9791720186458852
3.1103456659855415 -0.0049826077449346 0.0000970480782256 0.0593442752232484 0.9709839562255590 0.9788788929192870
3.1323731662022487 -0.0050524292691343 0.0000969272981034 0.0605989503280438 0.9705815510477078 0.9785825813466168
3.1544909353874639 -0.0051230054680231 0.0000968052465123 0.0618761152054569 0.9701749204966665 0.9782830616077054
3.1766990401950665 -0.0051943417801015 0.0000966819152213 0.0631760952894855 0.9697640375147777 0.9779803106238244
3.1989975640527084 -0.0052664437127989 0.0000965572959078 0.0644992204587888 0.9693488747465507 0.9776743050318936
3.2213864986066163 -0.0053393164896532 0.0000964313807672 0.0658458185502625 0.9689294065715660 0.9773650226823202
3.2438659240984244 -0.0054129656332498 0.0000963041615065 0.0672162260725362 0.9685056057496934 0.9770524401654020
3.2664358596818408 -0.0054873964793548 0.0000961756301838 0.0686107792748142 0.9680774462200737 0.9767365348738517
3.2890963926818029 -0.0055626146006580 0.0000960457784775 0.0700298220589759 0.9676449006647801 0.9764172832048029
3.3118475410808155 -0.0056386253530855 0.0000959145984700 0.0714736974967416 0.9672079431205226 0.9760946624858677
3.3346893689588386 -0.0057154342576005 0.0000957820819889 0.0729427550268162 0.9667665467846720 0.9757686493551508
3.3576218738570662 -0.0057930466226416 0.0000956482212593 0.0744373432779383 0.9663206861873379 0.9754392213642965
3.3806451505887676 -0.0058714680964968 0.0000955130079514 0.0759578206858850 0.9658703340195658 0.9751063546344658
3.4037591449161892 -0.0059507038306882 0.0000953764346237 0.0775045393413972 0.9654154659405655 0.9747700274079402
3.4269639940017789 -0.0060307596417930 0.0000952384927206 0.0790778675819115 0.9649560539085043 0.9744302151172125
3.4502596689833234 -0.0061116344204684 0.0000950991751420 0.0806781661432956 0.9644920731810438 0.9740868955673951
3.4730106595642396 -0.0061911085777769 0.0000949623085742 0.0822612908810800 0.9640362684740786 0.9737495004545649
3.4964871958260018 -0.0062736285684378 0.0000948202436080 0.0839159939790322 0.9635631665114567 0.9733991700211774
3.5200532065459389 -0.0063569847506146 0.0000946767877887 0.0855986716281064 0.9630854481909360 0.9730452850341671
3.5437101498619819 -0.0064411876148388 0.0000945319246662 0.0873098024742634 0.9626030592278120 0.9726878011162131
3.5674580970790375 -0.0065262428049729 0.0000943856461718 0.0890497717629175 0.9621159732595633 0.9723266944819852
3.5912970802919157 -0.0066121558357378 0.0000942379444955 0.0908189655411450 0.9616241647952050 0.9719619419111934
3.6152270856190327 -0.0066989320636051 0.0000940888121359 0.0926177699736528 0.9611276093825865 0.9715935208728996
3.6392481801670828 -0.0067865771461872 0.0000939382411113 0.0944465808601326 0.9606262809816254 0.9712214075758281
3.6633603483493657 -0.0068750964484585 0.0000937862239811 0.0963057913379212 0.9601201553643440 0.9708455794900714
3.6875636123258841 -0.0069644954795508 0.0000936327530955 0.0981958009533855 0.9596092076178402 0.9704660134933664
3.7118579834157339 -0.0070547797157612 0.0000934778209004 0.1001170119904341 0.9590934131592148 0.9700826866233176
3.7362435020166584 -0.0071459547489070 0.0000933214196836 0.1020698326431702 0.9585727468905006 0.9696955754483081
3.7607201423317829 -0.0072380259300420 0.0000931635421864 0.1040546693981923 0.9580471852357504 0.9693046575810305
3.7852879660908654 -0.0073309989452933 0.0000930041806168 0.1060719394079832 0.9575167028556300 0.9689099092344302
3.8099469578469614 -0.0074248791967823 0.0000928433277119 0.1081220571696197 0.9569812761840117 0.9685113078510673
3.8346971343402294 -0.0075196722138174 0.0000926809760333 0.1102054433982352 0.9564408810833285 0.9681088303581492
3.8595384576674685 -0.0076153833209107 0.0000925171185367 0.1123225177558834 0.9558954947399848 0.9677024545779886
3.8844709582966614 -0.0077120181095889 0.0000923517477646 0.1144737092486725 0.9553450929775956 0.9672921572256922
3.9094946661769421 -0.0078095821767472 0.0000921848562953 0.1166594505411619 0.9547896517522413 0.9668779150210288
3.9346095577182663 -0.0079080809159400 0.0000920164371004 0.1188801732454042 0.9542291483425700 0.9664597055755593
3.9598156710440153 -0.0080075199671030 0.0000918464827768 0.1211363180163738 0.9536635587924380 0.9660375054841915
3.9851129797393212 -0.0081079047211364 0.0000916749863939 0.1234283233859751 0.9530928607327395 0.9656112924296686
4.0105015014921115 -0.0082092407472187 0.0000915019407645 0.1257566354370594 0.9525170309532027 0.9651810433693290
4.0359811479061003 -0.0083115331931309 0.0000913273394689 0.1281216940274553 0.9519360488126964 0.9647467370822642
4.0615519912445182 -0.0084147878530139 0.0000911511750336 0.1305239574071404 0.9513498901761753 0.9643083496369996
4.0872140057628243 -0.0085190101324607 0.0000909734406983 0.1329638783868072 0.9507585332971965 0.9638658587865934
4.1129671404161670 -0.0086242053348285 0.0000907941299278 0.1354419108235284 0.9501619571920159 0.9634192427541569
4.1388113600154233 -0.0087303788277361 0.0000906132361284 0.1379585135062871 0.9495601406974865 0.9629684795271425
4.1647467355607173 -0.0088375364191257 0.0000904307520091 0.1405141592004733 0.9489530603449635 0.9625135452620323
4.1907732183365525 -0.0089456834283355 0.0000902466711645 0.1431093126136325 0.9483406956283474 0.9620544182293741
4.2168907637476840 -0.0090548251908840 0.0000900609872157 0.1457444422614950 0.9477230261438850 0.9615910766719354
4.2430994065035073 -0.0091649673757275 0.0000898736932713 0.1484200282099496 0.9471000297994275 0.9611234974591915
4.2693990788980294 -0.0092761152244475 0.0000896847832227 0.1511365436709785 0.9464716871225202 0.9606516593185345
4.2884769819739601 -0.0093571228962990 0.0000895471443741 0.1531270364776472 0.9460138962293528 0.9603077367558119
4.3071457483833093 -0.0094367045684781 0.0000894119680169 0.1550911201771760 0.9455643094971034 0.9599698495200192
4.3336832013251989 -0.0095503677726447 0.0000892189851296 0.1579108641107894 0.9449224886901957 0.9594872681982918
4.3602949622963409 -0.0096649834878455 0.0000890244852421 0.1607714446017520 0.9442756539854049 0.9590006542429252
4.3869976569329348 -0.0097806282420744 0.0000888283414133 0.1636751136433731 0.9436233841043589 0.9585096838611727
4.4137911927357854 -0.0098973071505980 0.0000886305480399 0.1666223602821888 0.9429656613408479 0.9580143365119221
4.4406756252952002 -0.0100150259729331 0.0000884310984879 0.1696136932754516 0.9423024645772962 0.9575145889709212
4.4676508491660769 -0.0101337897658845 0.0000882299873762 0.1726496070414341 0.9416337768805392 0.9570104210507061
4.4947167866449318 -0.0102536037021241 0.0000880272091897 0.1757306022327989 0.9409595808887157 0.9565018121269283
4.5218734369695852 -0.0103744732930617 0.0000878227579035 0.1788571916007176 0.9402798575636580 0.9559887401940226
4.5491207588038316 -0.0104964038708150 0.0000876166278613 0.1820298867287347 0.9395945891107339 0.9554711840659721
4.5764586226376709 -0.0106194003685831 0.0000874088141466 0.1852491921238188 0.9389037602125021 0.9549491243100668
4.6038871004509971 -0.0107434686237221 0.0000871993103815 0.1885156393093097 0.9382073507132153 0.9544225377177185
4.6314060510518846 -0.0108686135114327 0.0000869881118815 0.1918297379459335 0.9375053461043672 0.9538914052277964
4.6590154344337789 -0.0109948403599349 0.0000867752132651 0.1951920128855022 0.9367977295802917 0.9533557059217401
4.6867152113507196 -0.0111221544999807 0.0000865606092167 0.1986029924073238 0.9360844845729717 0.9528154189375631
4.7145052984161904 -0.0112505610569650 0.0000863442948371 0.2020632025921797 0.9353655959193450 0.9522705243539076
4.7423856276957999 -0.0113800652231139 0.0000861262651860 0.2055731745499910 0.9346410483389329 0.9517210020368037
4.7703561795070195 -0.0115106724129694 0.0000859065150218 0.2091334487106817 0.9339108255698821 0.9511668309820019
4.7984168303276302 -0.0116423875535809 0.0000856850399965 0.2127445554703298 0.9331749143415442 0.9506079923287384
4.8265675654541953 -0.0117752160778697 0.0000854618349863 0.2164070422637953 0.9324332988246748 0.9500444651469113
4.8548082907534429 -0.0119091630428702 0.0000852368955748 0.2201214494274005 0.9316859655631410 0.9494762301803644
4.8831389015184916 -0.0120442334491773 0.0000850102175170 0.2238883188223506 0.9309329016901062 0.9489032684934547
4.9115593046909813 -0.0121804323464891 0.0000847817965626 0.2277081967425408 0.9301740943430648 0.9483255610254634
4.9400694546674595 -0.0123177650080492 0.0000845516281652 0.2315816388705264 0.9294095296980326 0.9477430878530262
4.9553968868022258 -0.0123918877519874 0.0000844274635068 0.2336812929429875 0.9289971041844021 0.9474287273944647
4.9689383492993100 -0.0124575328703789 0.0000843175220130 0.2355463512666637 0.9286319315563116 0.9471502906773333
4.9824798117963942 -0.0125233302554866 0.0000842073513189 0.2374208647086275 0.9282660071029247 0.9468711924892522
5.0112432346956011 -0.0126636150855251 0.0000839725781306 0.2414339736481964 0.9274862607851323 0.9462761686943039
5.0400654019398559 -0.0128049009790317 0.0000837362935279 0.2454983257531232 0.9267015454482923 0.9456769468096570
5.0689769512634708 -0.0129473424436871 0.0000834982434629 0.2496187482303814 0.9259110186737167 0.9450728742298737
5.0979777459890832 -0.0130909442659552 0.0000832584246225 0.2537958000133544 0.9251146708525669 0.9444639335197706
5.1270676907213879 -0.0132357114288881 0.0000830168334505 0.2580300485889154 0.9243124915912670 0.9438501065099874
5.1562466687061104 -0.0133816488033463 0.0000827734666643 0.2623220610262324 0.9235044714290405 0.9432313756089477
5.1855145408260359 -0.0135287611404476 0.0000825283212682 0.2666724036380960 0.9226906018815149 0.9426077238371965
5.2148712291495931 -0.0136770534920320 0.0000822813938539 0.2710816543944660 0.9218708731190688 0.9419791330475333
5.2443166364333536 -0.0138265308088598 0.0000820326812721 0.2755503910951965 0.9210452761963889 0.9413455856312312
5.2738505948002077 -0.0139771976759453 0.0000817821810727 0.2800791832841860 0.9202138045146256 0.9407070656420964
5.3034730271819974 -0.0141290591335853 0.0000815298901406 0.2846686168025030 0.9193764492921592 0.9400635553194427
5.3331838225528312 -0.0142821200446566 0.0000812758057495 0.2893192748541551 0.9185332030639720 0.9394150377725639
5.3629828365255685 -0.0144363850936906 0.0000810199255637 0.2940317378027731 0.9176840596871352 0.9387614969870572
5.3928699367076485 -0.0145918590194375 0.0000807622472528 0.2988065901555031 0.9168290130626324 0.9381029168421597
5.4228449578977438 -0.0147485463818727 0.0000805027688793 0.3036444133615803 0.9159680584209028 0.9374392821005572
5.4529078168296117 -0.0149064521624682 0.0000802414879054 0.3085458043131314 0.9151011890281433 0.9367705758689474
5.4830583273823112 -0.0150655807972129 0.0000799784027956 0.3135113454030974 0.9142284015027050 0.9360967836964192
5.5132964112676133 -0.0152259372838701 0.0000797135111859 0.3185416388650130 0.9133496897414002 0.9354178888884809
5.5436218297282185 -0.0153875257629080 0.0000794468122299 0.3236372623322519 0.9124650527037274 0.9347338785184067
5.5564813831572977 -0.0154562639068448 0.0000793334055705 0.3258134761490857 0.9120889015523295 0.9344428708678238
5.5682802766904329 -0.0155194503819016 0.0000792291892567 0.3278182827612207 0.9117432436187591 0.9341753678538561
5.5987996828742599 -0.0156834287132424 0.0000789588956990 0.3330399589177713 0.9108468018177902 0.9334812300189245
5.6293702620409576 -0.0158484591078280 0.0000786871067496 0.3383225576531517 0.9099454741355339 0.9327827462566159
5.6600276912220213 -0.0160147381724672 0.0000784135045317 0.3436727783036191 0.9090382081419903 0.9320790893034796
5.6907717192544549 -0.0161822699145677 0.0000781380888819 0.3490912047981765 0.9081250051901179 0.9313702474025003
5.7216021922920630 -0.0163510588596136 0.0000778608588916 0.3545784395792112 0.9072058641905753 0.9306562067594932
5.7525189694418124 -0.0165211095988678 0.0000775818136537 0.3601350891712243 0.9062807840898088 0.9299369534612227
5.7835218539839017 -0.0166924264105025 0.0000773009528860 0.3657617517136925 0.9053497659346912 0.9292124750811713
5.8146106033204115 -0.0168650133082447 0.0000770182768500 0.3714590182606177 0.9044128126047132 0.9284827604761658
5.8457851036471373 -0.0170388750123242 0.0000767337847623 0.3772275048046499 0.9034699235463717 0.9277477956847272
5.8770451128557299 -0.0172140155226985 0.0000764474771327 0.3830678051207907 0.9025211025236025 0.9270075699631475
5.9083904361358952 -0.0173904390936725 0.0000761593541693 0.3889805228547369 0.9015663523304493 0.9262620716681524
5.9398209439451124 -0.0175681503422853 0.0000758694156048 0.3949662753420840 0.9006056742176537 0.9255112878037622
5.9713363643873265 -0.0177471530752870 0.0000755776626118 0.4010256540517838 0.8996390742390883 0.9247552089807806
6.0029365211609944 -0.0179274516320253 0.0000752840956124 0.4071592696440324 0.8986665559931321 0.9239938237465728
6.0346211501615343 -0.0181090498437991 0.0000749887159754 0.4133677166953592 0.8976881262472337 0.9232271229843922
6.0506632891436585 -0.0182013060692589 0.0000748387731138 0.4165334645159531 0.8971914842845896 0.9228376882434897
6.0608095426061128 -0.0182597639622741 0.0000747438031590 0.4185434988816108 0.8968769366133669 0.9225909478736214
6.0709557960685672 -0.0183182882088589 0.0000746487303570 0.4205595668598862 0.8965620535319627 0.9223438727148950
6.0824824921653811 -0.0183848744461351 0.0000745405965085 0.4228572579491677 0.8962039233947837 0.9220627761065218
6.1144153992071253 -0.0185699039505980 0.0000742403308301 0.4292634293232529 0.8952095355161113 0.9212817920287054
6.1463949137616547 -0.0187560313793195 0.0000739386051048 0.4357391478900173 0.8942104114934416 0.9204963633463845
6.1784579300439662 -0.0189434753314138 0.0000736350725032 0.4422924309662475 0.8932054050512208 0.9197055751232277
6.2106041840747439 -0.0191322395702473 0.0000733297351397 0.4489238765493886 0.8921945255997230 0.9189094195320965
6.2428334316440566 -0.0193223279668925 0.0000730225950807 0.4556340869951347 0.8911777824235512 0.9181078885052881
6.2751454043727444 -0.0195137442424713 0.0000727136547625 0.4624236598783203 0.8901551860655409 0.9173009748251922
6.3075397983691950 -0.0197064918980267 0.0000724029171039 0.4692931852893242 0.8891267487005636 0.9164886724230255
6.3400163808156362 -0.0199005748489214 0.0000720903844847 0.4762432683460811 0.8880924807542998 0.9156709737091963
6.3725749074747124 -0.0200959969385720 0.0000717760595329 0.4832745119349907 0.8870523935082272 0.9148478716277636
6.4052150509762367 -0.0202927615044269 0.0000714599458218 0.4903875008475990 0.8860065014075694 0.9140193614874940
6.4379365123298111 -0.0204908720444229 0.0000711420467977 0.4975828255355763 0.8849548185129829 0.9131854381579149
6.4707390611199278 -0.0206903324663623 0.0000708223653838 0.5048610912892495 0.8838973571893939 0.9123460950253219
6.5036223747031885 -0.0208911461135450 0.0000705009055437 0.5122228827029839 0.8828341332804588 0.9115013280980525
6.5197200457447329 -0.0209897666623839 0.0000703431789623 0.5158507691431863 0.8823124991372102 0.9110865598807615
6.5315495128475654 -0.0210623534254965 0.0000702271241760 0.5185268148049144 0.8819286963956889 0.9107812543561536
6.5422789244815203 -0.0211282780764164 0.0000701217529071 0.5209613944175508 0.8815802364335970 0.9105039664081452
6.5753790528707032 -0.0213322313268928 0.0000697960310054 0.5285163885435130 0.8805031656980579 0.9096463010860658
6.6085170184535480 -0.0215372889551215 0.0000694689559395 0.5361472382618738 0.8794217470575563 0.9087842842786860
6.6417344265974876 -0.0217437120446686 0.0000691401203212 0.5438640523334471 0.8783346361943971 0.9079168289136998
6.6750309449480527 -0.0219515038150953 0.0000688095289770 0.5516674086690859 0.8772418519850821 0.9070439327368014
6.7084062059834721 -0.0221606672591343 0.0000684771872335 0.5595578756767955 0.8761434149959834 0.9061655947161443
6.7418599032084696 -0.0223712057455648 0.0000681430999602 0.5675360348742259 0.8750393443198051 0.9052818125147519
6.7753916620007590 -0.0225831222102106 0.0000678072728557 0.5756024502531846 0.8739296618272087 0.9043925858919525
6.8090010536761811 -0.0227964192372690 0.0000674697123156 0.5837576709338037 0.8728143917294622 0.9034979163632672
6.8426877768254464 -0.0230111002110772 0.0000671304236108 0.5920022751005374 0.8716935545598474 0.9025978023736888
6.8764513587863281 -0.0232271674195477 0.0000667894138889 0.6003367972661068 0.8705671770883494 0.9016922472559351
6.9102914704941387 -0.0234446240597643 0.0000664466890038 0.6087618051162063 0.8694352818507367 0.9007812508250364
6.9274048991240909 -0.0235549376696324 0.0000662730118556 0.6130497927723949 0.8688617463917806 0.9003192597376453
6.9366762363952885 -0.0236147970364332 0.0000661788214931 0.6153805246538189 0.8685507168324331 0.9000686121674883
6.9433755803834822 -0.0236580926259574 0.0000661107174733 0.6170680418521801 0.8683258350150693 0.8998873402694749
6.9500749243716760 -0.0237014068800768 0.0000660425784992 0.6187583806730246 0.8681008392161962 0.8997059364966858
6.9727287345985927 -0.0238481343451789 0.0000658118990123 0.6244951749403702 0.8673391764282619 0.8990915446781562
7.0068037281497091 -0.0240695930369261 0.0000654641461282 0.6331851353967848 0.8661910868548516 0.8981645716541270
7.0409343737510248 -0.0242923242491565 0.0000651149018273 0.6419627638530031 0.8650382303091471 0.8972326914867949
7.0751395036223128 -0.0245164554043519 0.0000647639774146 0.6508334828358314 0.8638799871656943 0.8962953852609099
7.1094186507634181 -0.0247419887443039 0.0000644113810497 0.6597978107071640 0.8627163877869457 0.8953526584688402
7.1437714043207619 -0.0249689268741318 0.0000640571204702 0.6688562775164342 0.8615474611814348 0.8944045154046705
7.1781972458859000 -0.0251972716828284 0.0000637012046782 0.6780093818377261 0.8603732405685557 0.8934509636788768
7.2126956522607406 -0.0254270250156398 0.0000633436428867 0.6872576171784653 0.8591937599017960 0.8924920114095198
7.2472661938643004 -0.0256581893338020 0.0000629844434958 0.6966014985548385 0.8580090504910635 0.8915276644744187
7.2819083505673161 -0.0258907664893024 0.0000626236160000 0.7060415130632617 0.8568191472953891 0.8905579316293637
7.3166215901207980 -0.0261247582434698 0.0000622611701792 0.7155781404352930 0.8556240862522665 0.8895828223451300
7.3272062003087131 -0.0261962926058451 0.0000621504814204 0.7185014128690111 0.8552591577918224 0.8892848241984053
7.3377908104966281 -0.0262678859462573 0.0000620397143972 0.7214318921239276 0.8548939804672989 0.8889865127265268
7.3518268133086631 -0.0263629574572191 0.0000618927051948 0.7253290537803412 0.8544093455759780 0.8885904463714333
7.3867170663285506 -0.0265999459266458 0.0000615266670965 0.7350714935466195 0.8532027834276750 0.8876035399084193
7.4216418500247823 -0.0268381152579777 0.0000611594072659 0.7449022490747811 0.8519923815040542 0.8866122739479788
7.4566355680353658 -0.0270777039805687 0.0000607905700280 0.7548314986059812 0.8507769711529829 0.8856156729723070
7.4916976165524476 -0.0273187133005313 0.0000604201667023 0.7648596793768196 0.8495565935672788 0.8846137503899266
7.5268273105876942 -0.0275611438513212 0.0000600482096276 0.7749871998831734 0.8483312933350913 0.8836065223429386
7.5620241138536288 -0.0278049972795964 0.0000596747097283 0.7852145059313247 0.8471011104210259 0.8825940011206915
7.5972873927961011 -0.0280502745524171 0.0000592996791139 0.7955420099411353 0.8458660887307161 0.8815762021986127
7.6326164757926467 -0.0282969763592858 0.0000589231304569 0.8059701072931031 0.8446262740606290 0.8805531425663389
7.6680107526803667 -0.0285451038071491 0.0000585450759314 0.8164992055301761 0.8433817106024157 0.8795248378481243
7.6793970537822167 -0.0286251326375192 0.0000584232853030 0.8199038243536012 0.8429808182428803 0.8791933216871393
7.6868305342672203 -0.0286774174734557 0.0000583437316901 0.8221310886616602 0.8427189629383774 0.8789767068567740
7.6936266341003057 -0.0287252509699801 0.0000582709690955 0.8241705434464519 0.8424794673133826 0.8787785368353069
7.7291737131276266 -0.0289760270033969 0.0000578899080839 0.8348872540729901 0.8412253464167395 0.8777400071942200
7.7647427640800259 -0.0292279368446616 0.0000575078201455 0.8456935667066272 0.8399680638075619 0.8766974885398068
7.8003744388755152 -0.0294812720592996 0.0000571242761657 0.8566022568300152 0.8387062113363241 0.8756497945007715
7.8360679820592622 -0.0297360326445654 0.0000567392906060 0.8676136572760664 0.8374398408778163 0.8745969469421833
7.8718225799218873 -0.0299922181624884 0.0000563528787129 0.8787280752572156 0.8361690069222151 0.8735389699000556
7.9076374799284244 -0.0302498285935952 0.0000559650552276 0.8899458291415866 0.8348937623295970 0.8724758860556177
7.9435118876743420 -0.0305088636010264 0.0000555758354960 0.9012672164514767 0.8336141619813885 0.8714077197775214
7.9794450187267714 -0.0307693229023160 0.0000551852349067 0.9126925298300512 0.8323302609314409 0.8703344955880059
8.0071223009563717 -0.0309706229680095 0.0000548838763166 0.9215511498806962 0.8313398624944306 0.8695056040041411
8.0144568421365250 -0.0310240519590920 0.0000548039445533 0.9239072208668442 0.8310771909920157 0.8692856192984787
8.0212351447920565 -0.0310734592292635 0.0000547300484315 0.9260877860236433 0.8308343609239858 0.8690821964066762
8.0573133686227472 -0.0313370335532865 0.0000543362983536 0.9377454116410825 0.8295406056902894 0.8679974989616603
8.0934275066715298 -0.0316018806981793 0.0000539414386481 0.9495012932270885 0.8282434546490292 0.8669084334844076
8.1295967447892750 -0.0318681458852740 0.0000535452675728 0.9613621157274920 0.8269422494664044 0.8658144269306228
8.1658202302164486 -0.0321358282021225 0.0000531478020246 0.9733281041457723 0.8256370502928356 0.8647155082635802
8.2020969659924567 -0.0324049256467042 0.0000527490606261 0.9853994262050851 0.8243279229735093 0.8636117112956979
8.2384260581578275 -0.0326754369523017 0.0000523490610127 0.9975762736788500 0.8230149301367317 0.8625030671948916
8.2748064527543956 -0.0329473596335460 0.0000519478227225 1.0098587744483432 0.8216981406817818 0.8613896124958907
8.3112371654173671 -0.0332206916905591 0.0000515453646701 1.0222470688278371 0.8203776214821652 0.8602713821101323
8.3195119985595607 -0.0332829040357934 0.0000514538605361 1.0250733280983979 0.8200774178927882 0.8600169391031263
8.3277868317017543 -0.0333451587101915 0.0000513623236802 1.0279041784890621 0.8197771181043044 0.8597623301757212
8.3643190827151557 -0.0336206420682700 0.0000509578022460 1.0404569002916719 0.8184501991366727 0.8586362889998382
8.4008698993147757 -0.0338973067057984 0.0000505524325700 1.0531056740365725 0.8171207803652675 0.8575064619053929
8.4374673972146486 -0.0341753695104212 0.0000501459120717 1.0658605642866696 0.8157878740398402 0.8563719898538353
8.4741104378478802 -0.0344548271410897 0.0000497382619795 1.0787216069612695 0.8144515547012144 0.8552329147536768
8.5107978730010245 -0.0347356761403725 0.0000493295037611 1.0916888219772587 0.8131118976912284 0.8540892793354788
8.5475285796773317 -0.0350179132022231 0.0000489196587320 1.1047622255056055 0.8117689778661579 0.8529411260596221
8.5843012662954941 -0.0353015336788127 0.0000485087502165 1.1179417605103683 0.8104228766761759 0.8517885031831733
8.5972524014041483 -0.0354016762883692 0.0000483638908074 1.1226052612118580 0.8099484025386522 0.8513818071188853
8.6034504470356818 -0.0354496342228697 0.0000482945408869 1.1248410892222618 0.8097212624833692 0.8511870363528115
8.6095053997633908 -0.0354965072517123 0.0000482267767307 1.1270278056670766 0.8094993227306425 0.8509966763190464
8.6463764811737143 -0.0357825581768232 0.0000478137972566 1.1403971079934181 0.8081469222460183 0.8498356687516530
8.6832569403421296 -0.0360697519287759 0.0000474001435697 1.1538617971599650 0.8067926281442510 0.8486712389781061
8.7201748386459368 -0.0363583109497375 0.0000469855109008 1.1674323713292980 0.8054354473521593 0.8475025141973249
8.7571287145968917 -0.0366482289916025 0.0000465699250503 1.1811086442749559 0.8040754694479417 0.8463295505702443
8.7941172389306406 -0.0369395007745449 0.0000461534104487 1.1948904628478523 0.8027127795265115 0.8451524006299456
8.8311389599352719 -0.0372321199901012 0.0000457359930159 1.2087776127188896 0.8013474675542098 0.8439711213562443
8.8442973876358888 -0.0373363861689199 0.0000455875072261 1.2137358619192056 0.8008618726847603 0.8435505288673190
8.8574558153365057 -0.0374407899862463 0.0000454389564671 1.2187058717660817 0.8003761079150504 0.8431295513228351
8.8650965151249022 -0.0375014773223132 0.0000453526679270 1.2215972041306147 0.8000939617933147 0.8428849260643603
8.8727372149132986 -0.0375621864030340 0.0000452663598342 1.2244925035046563 0.7998117590251355 0.8426401714196459
8.8810518786284618 -0.0376283008429159 0.0000451724144722 1.2276476968146752 0.7995046003170521 0.8423736808448594
8.9181803206298422 -0.0379242005104647 0.0000447526011273 1.2417943033215630 0.7981322112010757 0.8411818274705447
8.9553041338399826 -0.0382211615415206 0.0000443323449296 1.2560328927503959 0.7967587205535749 0.8399870953713535
8.9924548769584618 -0.0385194398944093 0.0000439112992136 1.2703757153587283 0.7953830001519799 0.8387884856223418
9.0296308469411635 -0.0388190268331501 0.0000434894932833 1.2848223708466890 0.7940051509685971 0.8375860662841796
9.0668305068163786 -0.0391199148657682 0.0000430669546519 1.2993725048505891 0.7926252681061172 0.8363799006345285
9.1040522553976668 -0.0394220958960007 0.0000426437116458 1.3140257200495038 0.7912434493055033 0.8351700545874333
9.1126156653996286 -0.0394917751055354 0.0000425462753449 1.3174102801986611 0.7909253878060238 0.8348912942347447
9.1198342748239813 -0.0395505422570277 0.0000424641237007 1.3202672146407357 0.7906572306750784 0.8346561895583298
9.1270528842483341 -0.0396093411285753 0.0000423819564598 1.3231277049618531 0.7903890335307427 0.8344209743765624
9.1643387374749530 -0.0399137210031318 0.0000419572835999 1.3379594574029789 0.7890031069694670 0.8332042772523183
9.2016116814244260 -0.0402191190774603 0.0000415323315130 1.3528809539258362 0.7876166450621856 0.8319850779326941
9.2389005586209620 -0.0405257749520192 0.0000411067822385 1.3679037994089878 0.7862286151811372 0.8307624521681213
9.2762035804473530 -0.0408336785199779 0.0000406806665847 1.3830274327368701 0.7848391230301740 0.8295364746306028
9.3135189495936999 -0.0411428194886912 0.0000402540155228 1.3982512688732778 0.7834482748068549 0.8283072208531221
9.3299502454066765 -0.0412793063705469 0.0000400660234703 1.4049850739661949 0.7828355605669842 0.8277650309370976
9.3463815412196531 -0.0414160144183824 0.0000398779579644 1.4117373514664486 0.7822226837499073 0.8272222898146685
9.3546929414435880 -0.0414852327160686 0.0000397828030280 1.4151598748134491 0.7819126127741090 0.8269475470631623
9.3630043416675228 -0.0415544941424921 0.0000396876308113 1.4185871257616620 0.7816025012877191 0.8266726638808598
9.4003663834975058 -0.0418665435702376 0.0000392595807787 1.4340519693428111 0.7802079780981952 0.8254352591618055
9.4377108746700813 -0.0421795938420091 0.0000388313725875 1.4496050570580505 0.7788133445265354 0.8241956237243372
9.4750594811585600 -0.0424938297179646 0.0000384027687313 1.4652553935457493 0.7774178317780603 0.8229530593851266
9.5124102584316645 -0.0428092389875004 0.0000379738021267 1.4810022187468972 0.7760215521278724 0.8217076495971988
9.5497612070237583 -0.0431258088358984 0.0000375445063535 1.4968447271866472 0.7746246199512857 0.8204594802058663
9.5652624567393918 -0.0432575317702472 0.0000373662480749 1.5034477056238558 0.7740446900720935 0.8199406656245281
9.5705769241293677 -0.0433027379928943 0.0000373051213727 1.5057152709545170 0.7738458426638658 0.8197626864326003
9.5758913915193435 -0.0433479490507190 0.0000372439900062 1.5079847727432780 0.7736469831421457 0.8195846520912966
9.5834554888631462 -0.0434123377354523 0.0000371569708455 1.5112183010807561 0.7733639255564771 0.8193311602658273
9.6208093288796590 -0.0437310100485891 0.0000367270604500 1.5272439867827199 0.7719657624802410 0.8180777083360521
9.6581507559689435 -0.0440507452159076 0.0000362969964075 1.5433599960218434 0.7705675316247617 0.8168219752950275
9.6954842077984313 -0.0443715846262111 0.0000358667383179 1.5595681859533279 0.7691691064564707 0.8155638334110548
9.7328075265860381 -0.0446935133337028 0.0000354363216700 1.5758675684064158 0.7677706072070352 0.8143033765898345
9.7701185267126522 -0.0450165159788449 0.0000350057822753 1.5922571188087917 0.7663721550732340 0.8130407002263449
9.7760849476428096 -0.0450682772390276 0.0000349369106371 1.5948868407995624 0.7661484920424965 0.8128385419043183
9.7820513685729669 -0.0451200560778550 0.0000348680336464 1.5975190060887292 0.7659248193689309 0.8126363167623355
9.7923728637121084 -0.0452096855882904 0.0000347488674583 1.6020782393066564 0.7655378589919126 0.8122863236736695
9.8296794264272958 -0.0455344045688886 0.0000343179898862 1.6186183573908928 0.7641389890557059 0.8110196301478194
9.8669499777986491 -0.0458599984161870 0.0000338872904649 1.6352379129447543 0.7627411549105874 0.8097515772838650
9.9042001443182013 -0.0461866058573239 0.0000334565992994 1.6519436665972498 0.7613438094723368 0.8084816582464169
9.9414277575377152 -0.0465142108317442 0.0000330259519335 1.6687344882010253 0.7599470726392584 0.8072099702741417
9.9527350059622393 -0.0466139525797844 0.0000328951087701 1.6738532526385959 0.7595227965798921 0.8068232174307252
9.9640422543867633 -0.0467138051803253 0.0000327642468020 1.6789807959515468 0.7590985031837080 0.8064362328002259
9.9722630851598808 -0.0467864717717710 0.0000326690931677 1.6827142406282583 0.7587900142999331 0.8061547339717615
9.9787070537723377 -0.0468434576703333 0.0000325945007616 1.6856439775966707 0.7585481966466479 0.8059339933648567
9.9846462208683917 -0.0468960039473444 0.0000325257471331 1.6883467325976105 0.7583253178433268 0.8057304785841247
10.0217551131341001 -0.0472250165930487 0.0000320960521636 1.7052888354356621 0.7569326502852245 0.8044574485297228
10.0588977011389247 -0.0475555314644037 0.0000316657824710 1.7223410085446436 0.7555385997262731 0.8031807963433322
10.0960079811390653 -0.0478869667089603 0.0000312357124324 1.7394729542245444 0.7541456806173734 0.8019028090716899
10.1330835090373643 -0.0482193027451995 0.0000308058805577 1.7566832854040342 0.7527540218865267 0.8006235959507980
10.1461194794770790 -0.0483364427239837 0.0000306547118916 1.7627569641450103 0.7522647030150749 0.8001732452436907
10.1591554499167938 -0.0484537333077037 0.0000305035245006 1.7688423105971207 0.7517753848491461 0.7997225982447769
10.1961640556238162 -0.0487874047507093 0.0000300742229124 1.7861819478441394 0.7503862450823778 0.7984416211652934
10.2365817088228273 -0.0491532055581604 0.0000296052188045 1.8052262453722809 0.7488692075783469 0.7970399465178800
10.2735052510487019 -0.0494886610226105 0.0000291766266339 1.8227221770409092 0.7474834144152251 0.7957570020704675
10.3103821706000840 -0.0498249171956135 0.0000287484580044 1.8402894167714228 0.7460994996948588 0.7944733661826340
10.3240402597378118 -0.0499497679603557 0.0000285898493951 1.8468194728258034 0.7455869795446984 0.7939973638860526
10.3311210455392803 -0.0500145610400286 0.0000285076159785 1.8502098993853744 0.7453212823310630 0.7937504657715424
10.3382018313407489 -0.0500793835988158 0.0000284253801826 1.8536037665508618 0.7450555916308388 0.7935034835146928
10.3449737735040159 -0.0501414122479715 0.0000283467285847 1.8568528216134945 0.7448014959986552 0.7932671952947284
10.3817737322579031 -0.0504792154320678 0.0000279192642474 1.8745637859421516 0.7434208158330037 0.7919818232553490
10.4185017959045432 -0.0508175898022274 0.0000274925450788 1.8923327885595822 0.7420430630615409 0.7906967198453729
10.4551736764944394 -0.0511566800079772 0.0000270663979784 1.9101669303209998 0.7406676817562188 0.7894113644573124
10.4917868945291222 -0.0514964637502805 0.0000266408610213 1.9280645542132246 0.7392947980395244 0.7881258717005548
10.4977517143802075 -0.0515519368397892 0.0000265715287610 1.9309890422716036 0.7390711660248556 0.7879162399973864
10.5037165342312928 -0.0516074246351647 0.0000265021965105 1.9339159698438764 0.7388475426296729 0.7877065506454934
10.5096626174473649 -0.0516627680861088 0.0000264330807199 1.9368361313223164 0.7386246306523817 0.7874974626506169
10.5461563913729641 -0.0520031547697994 0.0000260088538156 1.9548115591720152 0.7372567260562457 0.7862129469677008
10.5826148296826847 -0.0523444516554291 0.0000255849883137 1.9728607373897580 0.7358905238423356 0.7849275421891899
10.6190059054794297 -0.0526863604035290 0.0000251618653139 1.9909674033546556 0.7345272558378739 0.7836424032706952
10.6332133463763601 -0.0528201833878969 0.0000249966646640 1.9980610537599892 0.7339951406620127 0.7831401038463884
10.6474207872732904 -0.0529541970207057 0.0000248314596187 2.0051685315574272 0.7334630949187632 0.7826374867835547
10.6638203679537700 -0.0531090927298738 0.0000246407623995 2.0133898492586462 0.7328490453498915 0.7820569246557794
10.6802199486342495 -0.0532642193913594 0.0000244500629061 2.0216295861698819 0.7322350933244801 0.7814759419940966
10.7164053389619447 -0.0536074085572897 0.0000240292758925 2.0398755690889434 0.7308807802149060 0.7801925336445432
10.7525288702325899 -0.0539512589264904 0.0000236091985700 2.0581797671583355 0.7295293045863591 0.7789093006224297
10.7885733711876028 -0.0542956068282613 0.0000231900387530 2.0765329291144501 0.7281813375527947 0.7776268807591837
10.7962383767212113 -0.0543689954205081 0.0000231009033271 2.0804472628920325 0.7278947611181840 0.7773539137716817
10.8012038828664956 -0.0544165679957126 0.0000230431602469 2.0829851725287529 0.7277091267927273 0.7771770340167398
10.8061693890117798 -0.0544641486690832 0.0000229854187695 2.0855247687836633 0.7275235034434366 0.7770001168581188
10.8121809112344316 -0.0545217830432922 0.0000229155140673 2.0886016043353375 0.7272987924826126 0.7767858809482717
10.8480789813148899 -0.0548666793056402 0.0000224980830538 2.1070265102523975 0.7259572749470484 0.7755054256976686
10.8839039160994684 -0.0552121250152273 0.0000220815217542 2.1255017220683081 0.7246191170979555 0.7742256500997249
10.9196410176868515 -0.0555579773417714 0.0000216660086325 2.1440190371749273 0.7232848941987766 0.7729471076237627
10.9332438262385523 -0.0556899515303003 0.0000215078582444 2.1510903143099873 0.7227772196220683 0.7724599523788889
10.9380982919257370 -0.0557370937213410 0.0000214514200390 2.1536169179003095 0.7225960689204173 0.7722860341335320
10.9409134364549452 -0.0557644421313842 0.0000214186914207 2.1550828535366326 0.7224910240380387 0.7721851616289626
10.9436708179617259 -0.0557912281954156 0.0000213866353842 2.1565192349264382 0.7223881385909935 0.7720863475954849
10.9712446330295332 -0.0560595029826420 0.0000210660885235 2.1709116103839765 0.7213595166029180 0.7710975937070386
11.0067485032068255 -0.0564060449835443 0.0000206533946207 2.1895196034900359 0.7200357081007953 0.7698228457017665
11.0421660210120010 -0.0567529995483399 0.0000202417563358 2.2081680668077790 0.7187158627284902 0.7685493782717049
11.0543258074852488 -0.0568724089025802 0.0000201004430938 2.2145903244764815 0.7182629007564740 0.7681117461521275
11.0664855939584967 -0.0569919672686774 0.0000199591371042 2.2210226693669188 0.7178100308923729 0.7676739021066169
11.0707070930119720 -0.0570335091122423 0.0000199100818159 2.2232581377329970 0.7176528303366498 0.7675218468439793
11.0749285920654472 -0.0570750610745529 0.0000198610281697 2.2254948216360337 0.7174956409200247 0.7673697661330353
11.0833437808455670 -0.0571579333694861 0.0000197632478789 2.2299570815514724 0.7171823312086820 0.7670665306983637
11.1185009298055988 -0.0575049351468704 0.0000193547815860 2.2486518323663902 0.7158738749493812 0.7657985787507247
11.1536001120247850 -0.0578526200322075 0.0000189470619159 2.2673998085319362 0.7145683945755408 0.7645309754271106
11.1885933479474158 -0.0582005117290794 0.0000185406525580 2.2861747571562177 0.7132676965989735 0.7632654797156383
11.1967577511786054 -0.0582818609614446 0.0000184458438312 2.2905672112767266 0.7129643497522735 0.7629699767601914
11.2049221544097950 -0.0583632542731696 0.0000183510421527 2.2949642047583785 0.7126610500070516 0.7626743813087573
11.2136408110523416 -0.0584502479010910 0.0000182498101981 2.2996647065995894 0.7123372131606135 0.7623586169414975
11.2484083983095751 -0.0587979376064273 0.0000178461824492 2.3184604686873418 0.7110463932206258 0.7610983931438805
11.2831036503442288 -0.0591461583205604 0.0000174434906103 2.3372991301641588 0.7097591582256646 0.7598391388425255
11.2940630356513640 -0.0592564144653017 0.0000173163110674 2.3432668233722973 0.7093527429943944 0.7594410301560721
11.3050224209584993 -0.0593667966877417 0.0000171891419590 2.3492426851426482 0.7089464208739334 0.7590427585206643
11.3119868775931582 -0.0594370078793919 0.0000171083342060 2.3530444626682612 0.7086882605589961 0.7587895808679858
11.3189513342278172 -0.0595072581051589 0.0000170275319098 2.3568495381018550 0.7084301381495203 0.7585363376836670
11.3270959495091290 -0.0595894664325621 0.0000169330438903 2.3613035838500007 0.7081283241596809 0.7582400982869235
11.3614859223961613 -0.0599373573640678 0.0000165341441412 2.3801601402128472 0.7068545250035769 0.7569882686870679
11.3957995675678720 -0.0602857279141227 0.0000161362442528 2.3990549338867648 0.7055845159593039 0.7557376428825160
11.4061039325310656 -0.0603905886889780 0.0000160167784303 2.4047446411037647 0.7052033246551641 0.7553617756041622
11.4164082974942591 -0.0604955631712518 0.0000158973236407 2.4104415579798615 0.7048222230457560 0.7549857679780637
11.4231396165707793 -0.0605641991841655 0.0000158192959208 2.4141669575039550 0.7045733174494285 0.7547400656411295
11.4272984188960596 -0.0606066268056426 0.0000157710907470 2.4164701535948043 0.7044195557365318 0.7545882338608652
11.4314572212213399 -0.0606490626252474 0.0000157228883855 2.4187745236944074 0.7042658086453251 0.7544363793281292
11.4653966600552870 -0.0609960721776411 0.0000153295858206 2.4376240605161059 0.7030116587590294 0.7531962666877966
11.4993340096296350 -0.0613443067500224 0.0000149364373027 2.4565505733169606 0.7017586006117120 0.7519547286798354
11.5125884094973774 -0.0614806516873081 0.0000147829277117 2.4639636245619116 0.7012694932330616 0.7514694347216060
11.5258428093651197 -0.0616171884699880 0.0000146294391503 2.4713885851372530 0.7007805456910189 0.7509839142777794
11.5409438306243928 -0.0617729570509533 0.0000144545947408 2.4798625121205755 0.7002236733686820 0.7504304753312360
11.5560448518836658 -0.0619289573986315 0.0000142797802794 2.4883518911444358 0.6996670119809248 0.7498767442774019
11.5895890229788421 -0.0622763826887971 0.0000138915653013 2.5072647673954287 0.6984312565334636 0.7486456916669282
11.6230437092384395 -0.0626241225835642 0.0000135045326203 2.5262030706723126 0.6971998692116393 0.7474165041301518
11.6300603818185646 -0.0626972144202201 0.0000134233767830 2.5301847359606238 0.6969417400800071 0.7471585197898820
11.6354386188681271 -0.0627532670794274 0.0000133611767167 2.5332389136038778 0.6967439181459615 0.7469607345547417
11.6408168559176897 -0.0628093460651085 0.0000132989811825 2.5362950482419984 0.6965461245303602 0.7467629130855117
11.6741306793137465 -0.0631574319724901 0.0000129138201231 2.5552689209472095 0.6953215926549459 0.7455367647670627
11.7072358737685533 -0.0635045755409449 0.0000125312282538 2.5741983034909239 0.6941058359455288 0.7443169307795369
11.7197748418491834 -0.0636363839445642 0.0000123863591973 2.5813873619187007 0.6936456468028280 0.7438545519115777
11.7247230465256767 -0.0636884481151981 0.0000123291965252 2.5842272755123927 0.6934640887923035 0.7436720319825236
11.7296712512021699 -0.0637405324884454 0.0000122720382400 2.5870688431797313 0.6932825559999402 0.7434894820342294
11.7384248863775085 -0.0638327307147496 0.0000121709322000 2.5920997772154846 0.6929614770603648 0.7431664681056406
11.7711826622904230 -0.0641785302026063 0.0000117926781026 2.6109724084279802 0.6917606515306963 0.7419568587533204
11.8038636259681020 -0.0645247456225128 0.0000114154782239 2.6298729652605344 0.6905637790852818 0.7407487890162667
11.8113500917798522 -0.0646042290680428 0.0000113290943301 2.6342127980887415 0.6902897648908679 0.7404718664414179
11.8161061695481369 -0.0646547577877931 0.0000112742202071 2.6369718148464103 0.6901157180183076 0.7402959052956035
11.8208622473164215 -0.0647053011186893 0.0000112193508463 2.6397323573046640 0.6899416955494200 0.7401199170118541
11.8266200942622053 -0.0647665245139429 0.0000111529294183 2.6430763921955416 0.6897310519058883 0.7399068241680221
11.8588684388274981 -0.0651101343299810 0.0000107810198759 2.6618468634382570 0.6885519611087471 0.7387126094287227
11.8911446760519635 -0.0654552571073933 0.0000104089639705 2.6807037509457419 0.6873730110470351 0.7375161251831439
11.8975695421119365 -0.0655241026749561 0.0000103349243301 2.6844657541886732 0.6871384710452719 0.7372778077854298
11.9010646719712625 -0.0655615750936665 0.0000102946497408 2.6865134531439248 0.6870109008860418 0.7371481426218449
11.9045598018305885 -0.0655990534517541 0.0000102543780708 2.6885619747954368 0.6868833444546111 0.7370184630974740
11.9100215071025701 -0.0656576478434334 0.0000101914513864 2.6917647680978867 0.6866840448140110 0.7368157891514016
11.9419539365465344 -0.0660009315385964 0.0000098236492512 2.7105304287102592 0.6855195045828516 0.7356301358198305
11.9738273129799140 -0.0663447878214177 0.0000094567097247 2.7293298160123189 0.6843582996623137 0.7344454913784352
11.9799975030119334 -0.0664114931082266 0.0000093856973553 2.7329769800852897 0.6841336464155895 0.7342160267823310
11.9844087497834497 -0.0664592034053849 0.0000093349335419 2.7355860123665723 0.6839730627960294 0.7340519490030034
11.9885398492876121 -0.0665039016830135 0.0000092873971749 2.7380305380120848 0.6838226982974503 0.7338982710577706
12.0199855156132820 -0.0668448138867035 0.0000089256577898 2.7566757161373769 0.6826788009638834 0.7327278417288665
12.0514615101190099 -0.0671872498598197 0.0000085637572321 2.7754054213834793 0.6815349949403239 0.7315551521692014
12.0656340826593969 -0.0673418106507055 0.0000084008698707 2.7838604992591476 0.6810203723814121 0.7310267625679032
12.0798066551997838 -0.0674966025115502 0.0000082380230387 2.7923290632732050 0.6805059969339500 0.7304981459560244
12.1109025286036847 -0.0678370905103713 0.0000078808620206 2.8109570776228399 0.6793782866456386 0.7293375228849729
12.1228198750292471 -0.0679678957749687 0.0000077440330885 2.8181133717795088 0.6789464183099756 0.7288924326529248
12.1266778090987497 -0.0680102781209596 0.0000076997443999 2.8204320787548443 0.6788066504690627 0.7287483122141772
12.1298414719210221 -0.0680450457983687 0.0000076634282508 2.8223342576417294 0.6786920491870979 0.7286301152262064
12.1328048968750259 -0.0680776187917564 0.0000076294130145 2.8241166506300717 0.6785847127562008 0.7285193891830312
12.1624391464150641 -0.0684039466317369 0.0000072893596342 2.8419729630336414 0.6775119637876552 0.7274115927495698
12.1931352650787233 -0.0687431192056213 0.0000069373134780 2.8605311661115476 0.6764019660733006 0.7262630789525508
12.1973419426519847 -0.0687896919680358 0.0000068890835788 2.8630793493300453 0.6762499443038007 0.7261056029531632
12.2015486202252461 -0.0688362780900811 0.0000068408582639 2.8656287176918509 0.6760979454216201 0.7259481075788143
12.2319800596647585 -0.0691739479159228 0.0000064921049603 2.8841063389518480 0.6749990647391001 0.7248081982263043
12.2448719206193015 -0.0693173491724219 0.0000063444205408 2.8919528211527821 0.6745339077720190 0.7243249876468072
12.2577637815738445 -0.0694609608486830 0.0000061967722812 2.8998104237393432 0.6740689719636318 0.7238415971777872
12.2611173261719237 -0.0694983529475515 0.0000061583706719 2.9018562349006665 0.6739480651522362 0.7237158239713471
12.2644708707700030 -0.0695357537118363 0.0000061199720660 2.9039027983045860 0.6738271732754012 0.7235900386393029
12.2681916802262752 -0.0695772658693160 0.0000060773712381 2.9061743722334352 0.6736930594942095 0.7234504636920556
12.2987394962432077 -0.0699187475720702 0.0000057277346712 2.9248589753864516 0.6725926919610322 0.7223039922287307
12.3086404866711359 -0.0700296828555615 0.0000056144570745 2.9309283120551384 0.6722363184019876 0.7219321898651504
12.3185414770990640 -0.0701407439968620 0.0000055012015508 2.9370041995848108 0.6718800786651083 0.7215602830071517
12.3226735355095141 -0.0701871312307582 0.0000054539422931 2.9395418347781597 0.6717314460288124 0.7214050413410303
12.3268055939199641 -0.0702335325230920 0.0000054066876632 2.9420806106220869 0.6715828366434117 0.7212497815344023
12.3560491528173912 -0.0705625555760987 0.0000050723668171 2.9600807245645755 0.6705317657588779 0.7201504540047032
12.3680496502657515 -0.0706978953494986 0.0000049352305778 2.9674838432354269 0.6701007876597810 0.7196990685951394
12.3800501477141118 -0.0708334224655028 0.0000047981277645 2.9748965741331208 0.6696700107281646 0.7192475318413689
12.4093254905363306 -0.0711647775355178 0.0000044638105698 2.9930203233851449 0.6686199740930930 0.7181453707280195
