0.0001072375290517 -0.0000000000203255 0.0000171511823513 0.0000000000000018 0.9999999999783308 0.9999999999817323
0.0001499039430810 -0.0000000000397210 0.0000171511823484 0.0000000000000049 0.9999999999574762 0.9999999999643003
0.0002027181909552 -0.0000000000726446 0.0000171511823434 0.0000000000000120 0.9999999999220761 0.9999999999347099
0.0002666609686612 -0.0000000001257044 0.0000171511823353 0.0000000000000273 0.9999999998650257 0.9999999998870218
0.0003426946194532 -0.0000000002076129 0.0000171511823229 0.0000000000000580 0.9999999997769575 0.9999999998134057
0.0004317289855526 -0.0000000003295090 0.0000171511823043 0.0000000000001159 0.9999999996458948 0.9999999997038503
0.0005346357374411 -0.0000000005053171 0.0000171511822776 0.0000000000002202 0.9999999994568660 0.9999999995458410
0.0006522805961693 -0.0000000007521750 0.0000171511822401 0.0000000000003999 0.9999999991914446 0.9999999993239748
0.0007854667065889 -0.0000000010907039 0.0000171511821886 0.0000000000006982 0.9999999988274587 0.9999999990197184
0.0009349854806850 -0.0000000015454749 0.0000171511821195 0.0000000000011776 0.9999999983384896 0.9999999986109881
0.0011016093718547 -0.0000000021453990 0.0000171511820283 0.0000000000019261 0.9999999976934522 0.9999999980718000
0.0012860703872790 -0.0000000029240364 0.0000171511819099 0.0000000000030647 0.9999999968562628 0.9999999973719914
0.0014890925413680 -0.0000000039200986 0.0000171511817585 0.0000000000047573 0.9999999957852987 0.9999999964767700
0.0017113742654479 -0.0000000051777830 0.0000171511815673 0.0000000000072216 0.9999999944330391 0.9999999953464128
0.0019536002220511 -0.0000000067472285 0.0000171511813288 0.0000000000107425 0.9999999927455746 0.9999999939358571
0.0022164181308886 -0.0000000086847543 0.0000171511810342 0.0000000000156875 0.9999999906623508 0.9999999921944853
0.0025004843466801 -0.0000000110535689 0.0000171511806742 0.0000000000225254 0.9999999881154064 0.9999999900654881
0.0028064338523360 -0.0000000139239975 0.0000171511802378 0.0000000000318467 0.9999999850291275 0.9999999874856601
0.0031348719541191 -0.0000000173737667 0.0000171511797134 0.0000000000443873 0.9999999813199429 0.9999999843851436
0.0034864163042727 -0.0000000214888367 0.0000171511790879 0.0000000000610573 0.9999999768954285 0.9999999806866809
0.0038616507088554 -0.0000000263633401 0.0000171511783469 0.0000000000829695 0.9999999716543730 0.9999999763056695
0.0042611641018969 -0.0000000321004413 0.0000171511774748 0.0000000001114768 0.9999999654858545 0.9999999711493892
0.0046854987742121 -0.0000000388120124 0.0000171511764546 0.0000000001482065 0.9999999582695877 0.9999999651172937
0.0051352363848010 -0.0000000466203363 0.0000171511752676 0.0000000001951107 0.9999999498740950 0.9999999580994802
0.0056109027770732 -0.0000000556570293 0.0000171511738940 0.0000000002545059 0.9999999401578625 0.9999999499776568
0.0061130366123654 -0.0000000660645588 0.0000171511723119 0.0000000003291324 0.9999999289677096 0.9999999406237797
0.0066421699405582 -0.0000000779963930 0.0000171511704981 0.0000000004222111 0.9999999161386282 0.9999999298999177
0.0071988228649212 -0.0000000916173094 0.0000171511684276 0.0000000005375070 0.9999999014934492 0.9999999176579751
0.0077835078525025 -0.0000001071039033 0.0000171511660735 0.0000000006794004 0.9999998848422982 0.9999999037392353
0.0083967135146193 -0.0000001246445336 0.0000171511634071 0.0000000008529581 0.9999998659826522 0.9999998879744085
0.0090389488958949 -0.0000001444409806 0.0000171511603979 0.0000000010640290 0.9999998446975575 0.9999998701821426
0.0097107058648307 -0.0000001667078939 0.0000171511570131 0.0000000013193258 0.9999998207562236 0.9999998501695191
0.0104124281107577 -0.0000001916719654 0.0000171511532182 0.0000000016265061 0.9999997939149117 0.9999998277327962
0.0111446185365629 -0.0000002195760545 0.0000171511489765 0.0000000019943220 0.9999997639125006 0.9999998026537014
0.0119077420433698 -0.0000002506763681 0.0000171511442490 0.0000000024326963 0.9999997304735172 0.9999997747019661
0.0127022622493516 -0.0000002852441214 0.0000171511389943 0.0000000029528600 0.9999996933063517 0.9999997436338328
0.0135286173640418 -0.0000003235648782 0.0000171511331691 0.0000000035674661 0.9999996521039672 0.9999997091926480
0.0143872651971519 -0.0000003659409726 0.0000171511267275 0.0000000042907613 0.9999996065412953 0.9999996711066859
0.0152786346479236 -0.0000004126896943 0.0000171511196212 0.0000000051386996 0.9999995562771868 0.9999996290907788
0.0162031872805860 -0.0000004641468700 0.0000171511117992 0.0000000061291596 0.9999995009505627 0.9999995828430990
0.0171613407450692 -0.0000005206632696 0.0000171511032081 0.0000000072820424 0.9999994401842772 0.9999995320483885
0.0181535313371086 -0.0000005826083960 0.0000171510937918 0.0000000086195164 0.9999993735810414 0.9999994763745526
0.0191801872214249 -0.0000006503695080 0.0000171510834914 0.0000000101661860 0.9999993007244775 0.9999994154735383
0.0202416933492204 -0.0000007243494845 0.0000171510722457 0.0000000119492330 0.9999992211814120 0.9999993489832542
0.0213384975059207 -0.0000008049745129 0.0000171510599898 0.0000000139988059 0.9999991344936107 0.9999992765206598
0.0224709906901366 -0.0000008926863194 0.0000171510466567 0.0000000163480560 0.9999990401861323 0.9999991976887490
0.0236395883436562 -0.0000009879483484 0.0000171510321759 0.0000000190335220 0.9999989377606844 0.9999991120709965
0.0248446850359215 -0.0000010912427982 0.0000171510164740 0.0000000220952993 0.9999988266988110 0.9999990192340213
0.0260866799778174 -0.0000012030730492 0.0000171509994747 0.0000000255773650 0.9999987064592810 0.9999989187254054
0.0273659610252544 -0.0000013239627332 0.0000171509810982 0.0000000295278243 0.9999985764790903 0.9999988100745290
0.0286828975046501 -0.0000014544552649 0.0000171509612619 0.0000000339991737 0.9999984361739637 0.9999986927929925
0.0300378939815805 -0.0000015951196228 0.0000171509398795 0.0000000390488008 0.9999982849321412 0.9999985663694209
0.0314313416895141 -0.0000017465463128 0.0000171509168610 0.0000000447391756 0.9999981221187166 0.9999984302730905
0.0328636025098116 -0.0000019093457173 0.0000171508921138 0.0000000511381108 0.9999979470774139 0.9999982839554142
0.0343350676415903 -0.0000020841549878 0.0000171508655410 0.0000000583193729 0.9999977591231748 0.9999981268437454
0.0358461008796478 -0.0000022716321386 0.0000171508370426 0.0000000663628210 0.9999975575485111 0.9999979583466873
0.0373970570812120 -0.0000024724582814 0.0000171508065149 0.0000000753548650 0.9999973416211004 0.9999977778520834
0.0389883065928703 -0.0000026873412527 0.0000171507738505 0.0000000853890284 0.9999971105798879 0.9999975847237588
0.0406202088831031 -0.0000029170127768 0.0000171507389380 0.0000000965662457 0.9999968636381346 0.9999973783040687
0.0422931274715647 -0.0000031622309063 0.0000171507016624 0.0000001089954140 0.9999965999807955 0.9999971579117057
0.0440074269270686 -0.0000034237801965 0.0000171506619042 0.0000001227938674 0.9999963187643306 0.9999969228415430
0.0457634296111203 -0.0000037024652686 0.0000171506195412 0.0000001380874984 0.9999960191236273 0.9999966723704190
0.0475615253617704 -0.0000039991284483 0.0000171505744454 0.0000001550122109 0.9999957001530350 0.9999964057412855
0.0494020515069890 -0.0000043146314795 0.0000171505264857 0.0000001737134521 0.9999953609260254 0.9999961221796412
0.0512853277642122 -0.0000046498606879 0.0000171504755275 0.0000001943469865 0.9999950004896424 0.9999958208888925
0.0532116965290901 -0.0000050057344686 0.0000171504214311 0.0000002170799044 0.9999946178564521 0.9999955010436227
0.0551815344160265 -0.0000053832068127 0.0000171503640515 0.0000002420914864 0.9999942120007489 0.9999951617864230
0.0571951368165069 -0.0000057832457028 0.0000171503032416 0.0000002695723823 0.9999937818817868 0.9999948022473097
0.0592528826876342 -0.0000062068652639 0.0000171502388472 0.0000002997273818 0.9999933264092110 0.9999944215148283
0.0613550773146135 -0.0000066550952164 0.0000171501707118 0.0000003327739838 0.9999928444759006 0.9999940186635079
0.0635020574752162 -0.0000071290022854 0.0000171500986733 0.0000003689445507 0.9999923349349513 0.9999935927346191
0.0656941323473920 -0.0000076296781772 0.0000171500225657 0.0000004084861283 0.9999917966126033 0.9999931427469807
0.0679316407833731 -0.0000081582527784 0.0000171499422172 0.0000004516621889 0.9999912282940483 0.9999926676850966
0.0702149124538085 -0.0000087158862021 0.0000171498574515 0.0000004987527939 0.9999906287319837 0.9999921665063047
0.0725442339837904 -0.0000093037602692 0.0000171497680890 0.0000005500545967 0.9999899966557719 0.9999916381484326
0.0749199729859293 -0.0000099231100920 0.0000171496739419 0.0000006058843900 0.9999893307374804 0.9999910815014121
0.0773424125765788 -0.0000105751827560 0.0000171495748206 0.0000006665763329 0.9999886296363096 0.9999904954444140
0.0798118687030367 -0.0000112612673457 0.0000171494705293 0.0000007324854301 0.9999878919663087 0.9999898788188623
0.0823286910171828 -0.0000119826971281 0.0000171493608652 0.0000008039887677 0.9999871162940281 0.9999892304264718
0.0848931432834380 -0.0000127408157100 0.0000171492456242 0.0000008814830798 0.9999863011749082 0.9999885490596646
0.0875055478642877 -0.0000135370183620 0.0000171491245941 0.0000009653897410 0.9999854451088482 0.9999878334644294
0.0901662248353063 -0.0000143727358094 0.0000171489975574 0.0000010561542241 0.9999845465576346 0.9999870823548902
0.0928754597488604 -0.0000152494240839 0.0000171488642929 0.0000011542459641 0.9999836039558528 0.9999862944224265
0.0956335709618353 -0.0000161685861546 0.0000171487245721 0.0000012601617561 0.9999826156876318 0.9999854683162331
0.0984408588920993 -0.0000171317563840 0.0000171485781617 0.0000013744251396 0.9999815801033557 0.9999846026572898
0.1012976115681480 -0.0000181405021616 0.0000171484248235 0.0000014975876207 0.9999804955179092 0.9999836960368933
0.1042041268452524 -0.0000191964319754 0.0000171482643131 0.0000016302307686 0.9999793602019996 0.9999827470094030
0.1071607145012391 -0.0000203011972237 0.0000171480963794 0.0000017729676908 0.9999781723802099 0.9999817540906127
0.1101676672026710 -0.0000214564820649 0.0000171479207665 0.0000019264429661 0.9999769302419127 0.9999807157668733
0.1132252727758380 -0.0000226640079537 0.0000171477372126 0.0000020913344157 0.9999756319363947 0.9999796304910156
0.1163338089847895 -0.0000239255317486 0.0000171475454508 0.0000022683540848 0.9999742755748908 0.9999784966840511
0.1194935851215849 -0.0000252428632380 0.0000171473452059 0.0000024582520437 0.9999728592117431 0.9999773127194211
0.1227048779015794 -0.0000266178396180 0.0000171471361987 0.0000026618141699 0.9999713808718421 0.9999760769459342
0.1259679736659590 -0.0000280523429711 0.0000171469181432 0.0000028798659817 0.9999698385318357 0.9999747876720575
0.1292831724477975 -0.0000295483031921 0.0000171466907460 0.0000031132746151 0.9999682301169835 0.9999734431632871
0.1326507389457619 -0.0000311076763346 0.0000171464537098 0.0000033629469207 0.9999665535244412 0.9999720416616092
0.1360709563937784 -0.0000327324689438 0.0000171462067296 0.0000036298347038 0.9999648065970974 0.9999705813636310
0.1395441019419964 -0.0000344247275380 0.0000171459494945 0.0000039149346556 0.9999629871348868 0.9999690604300342
0.1430704799500755 -0.0000361865555979 0.0000171456816846 0.0000042192928632 0.9999610928765243 0.9999674769703057
0.1466503502561886 -0.0000380200786137 0.0000171454029769 0.0000045440004831 0.9999591215370868 0.9999658290741524
0.1502839919545683 -0.0000399274756863 0.0000171451130403 0.0000048902007568 0.9999570707740381 0.9999641147830988
0.1539717015161993 -0.0000419109802500 0.0000171448115352 0.0000052590910815 0.9999549381864540 0.9999623320898374
0.1577137006959406 -0.0000439728303998 0.0000171444981216 0.0000056519154268 0.9999527213684301 0.9999604789828735
0.1615102774805433 -0.0000461153449298 0.0000171441724470 0.0000060699802339 0.9999504178273309 0.9999585533781842
0.1653617064254608 -0.0000483408816913 0.0000171438341530 0.0000065146486675 0.9999480250285626 0.9999565531566444
0.1692682692367873 -0.0000506518495374 0.0000171434828736 0.0000069873448344 0.9999455403827334 0.9999544761532925
0.1732302224121761 -0.0000530506895368 0.0000171431182378 0.0000074895518697 0.9999429612658546 0.9999523201742139
0.1772478717762102 -0.0000555399204402 0.0000171427398627 0.0000080228234342 0.9999402849704578 0.9999500829556779
0.1813214398877103 -0.0000581220577315 0.0000171423473662 0.0000085887685701 0.9999375087926314 0.9999477622368915
0.1854512227723709 -0.0000607997109163 0.0000171419403515 0.0000091890745816 0.9999346299274227 0.9999453556725605
0.1896374558936124 -0.0000635754995327 0.0000171415184206 0.0000098254908643 0.9999316455591414 0.9999428609083755
0.1938803735502944 -0.0000664520899117 0.0000171410811683 0.0000104998388250 0.9999285528218391 0.9999402755479732
0.1981802743426960 -0.0000694322414269 0.0000171406281753 0.0000112140252597 0.9999253487495885 0.9999375971113693
0.2025374094309628 -0.0000725187318984 0.0000171401590194 0.0000119700273260 0.9999220303566873 0.9999348231020028
0.2069520398407245 -0.0000757143964201 0.0000171396732698 0.0000127699038807 0.9999185945959164 0.9999319509718394
0.2114244271826886 -0.0000790221217077 0.0000171391704878 0.0000136157966036 0.9999150383646199 0.9999289781264510
0.2159548371715281 -0.0000824448493613 0.0000171386502264 0.0000145099333351 0.9999113585012023 0.9999259019220846
0.2205435117521033 -0.0000859855549948 0.0000171381120334 0.0000154546250597 0.9999075518075689 0.9999227196844193
0.2251906876317658 -0.0000896472615804 0.0000171375554495 0.0000164522716444 0.9999036150347835 0.9999194286965726
0.2298966487753612 -0.0000934330821766 0.0000171369800016 0.0000175053763184 0.9998995448371356 0.9999160261606997
0.2346616314064826 -0.0000973461455782 0.0000171363852143 0.0000186165281003 0.9998953378520776 0.9999125092648149
0.2394859063556748 -0.0001013896625574 0.0000171357705997 0.0000197884228374 0.9998909906290148 0.9999088751232580
0.2443697028649383 -0.0001055668635093 0.0000171351356670 0.0000210238482085 0.9998864996963456 0.9999051208327354
0.2493132677747266 -0.0001098810475523 0.0000171344799149 0.0000223257005087 0.9998818615086805 0.9999012434281916
0.2543168241857475 -0.0001143355473942 0.0000171338028369 0.0000236969770583 0.9998770724846173 0.9998972399143858
0.2593806688521784 -0.0001189338170347 0.0000171331039084 0.0000251408063168 0.9998721289124586 0.9998931071870685
0.2645050369219995 -0.0001236793124208 0.0000171323826042 0.0000266604143703 0.9998670270785249 0.9998888421402441
0.2696901139017912 -0.0001285754978368 0.0000171316383979 0.0000282591284522 0.9998617632602892 0.9998844416604281
0.2749362188401249 -0.0001336260198518 0.0000171308707357 0.0000299404370152 0.9998563335393734 0.9998799024703101
0.2802435721698932 -0.0001388344902282 0.0000171300790686 0.0000317079226045 0.9998507340349481 0.9998752213238672
0.2856124181050327 -0.0001442046008344 0.0000171292628359 0.0000335653022920 0.9998449607801970 0.9998703949030850
0.2910429774691837 -0.0001497400778636 0.0000171284214715 0.0000355164154611 0.9998390097715423 0.9998654198591049
0.2965355063495723 -0.0001554447415760 0.0000171275543950 0.0000375652480757 0.9998328769044235 0.9998602927585296
0.3020902521228390 -0.0001613224632732 0.0000171266610182 0.0000397159214560 0.9998265580195617 0.9998550101220937
0.3077074277460341 -0.0001673771370212 0.0000171257407497 0.0000419726849219 0.9998200489333650 0.9998495684500776
0.3133872884162180 -0.0001736127616627 0.0000171247929821 0.0000443399495539 0.9998133453497685 0.9998439641485991
0.3191300465836444 -0.0001800333496856 0.0000171238171057 0.0000468222578719 0.9998064429582142 0.9998381936115186
0.3249359858042409 -0.0001866430541770 0.0000171228124897 0.0000494243363665 0.9997993372971762 0.9998322531063382
0.3308052810451492 -0.0001934459665209 0.0000171217785128 0.0000521510203469 0.9997920239716549 0.9998261389560232
0.3367382056647311 -0.0002004463520289 0.0000171207145270 0.0000550073504057 0.9997844983998720 0.9998198473272276
0.3427349618903147 -0.0002076484553561 0.0000171196198877 0.0000579984989112 0.9997767560224652 0.9998133744051778
0.3487958028906017 -0.0002150566440064 0.0000171184939314 0.0000611298321916 0.9997687921482249 0.9998067162646972
0.3549209512694540 -0.0002226753120299 0.0000171173359909 0.0000644068750817 0.9997606020576327 0.9997998689567585
0.3611106533199384 -0.0002305089465008 0.0000171161453847 0.0000678353430817 0.9997521809314057 0.9997928284487375
0.3673651315190915 -0.0002385620689392 0.0000171149214261 0.0000714211214213 0.9997435239134802 0.9997855906770603
0.3736846047848915 -0.0002468392599619 0.0000171136634195 0.0000751702795209 0.9997346260845222 0.9997781515250489
0.3800693031714102 -0.0002553451791220 0.0000171123706574 0.0000790890843969 0.9997254824406108 0.9997705068050904
0.3865194035060418 -0.0002640844787315 0.0000171110424333 0.0000831839649650 0.9997160879858896 0.9997626523360905
0.3930352362594015 -0.0002730620856606 0.0000171096779990 0.0000874616491020 0.9997064374296538 0.9997545836902050
0.3996169528378219 -0.0002822827496237 0.0000171082766333 0.0000919289559591 0.9996965256719389 0.9997462965988203
0.4062648076920234 -0.0002917514280317 0.0000171068375836 0.0000965929820292 0.9996863473898334 0.9997377866066665
0.4129790110393849 -0.0003014730835588 0.0000171053600965 0.0001014610094499 0.9996758972550972 0.9997290492537552
0.4197597456909215 -0.0003114527043923 0.0000171038434145 0.0001065405187379 0.9996651699124087 0.9997200800571805
0.4266073122718328 -0.0003216955203786 0.0000171022867437 0.0001118393046868 0.9996541597470371 0.9997108743168583
0.4335218868976800 -0.0003322066465010 0.0000171006893076 0.0001173652997563 0.9996428612680938 0.9997014274359515
0.4405036950349586 -0.0003429913389242 0.0000170990503083 0.0001231267093388 0.9996312688333175 0.9996917346907501
0.4475529525185112 -0.0003540549082339 0.0000170973689397 0.0001291319725556 0.9996193767423522 0.9996817913086481
0.4546698582760674 -0.0003654027070541 0.0000170956443894 0.0001353897600191 0.9996071792500715 0.9996715924792730
0.4618546615900858 -0.0003770402381991 0.0000170938758221 0.0001419090390416 0.9995946704503469 0.9996611332572848
0.4691075934849150 -0.0003889730478179 0.0000170920623960 0.0001486990213362 0.9995818443909232 0.9996504086584135
0.4764288602008467 -0.0004012067126242 0.0000170902032648 0.0001557691599424 0.9995686950871602 0.9996394136709363
0.4838186651584521 -0.0004137468747593 0.0000170882975723 0.0001631291736660 0.9995552164845787 0.9996281432243459
0.4912772355369094 -0.0004265992880481 0.0000170863444453 0.0001707890802858 0.9995414024091621 0.9996165921477783
0.4988047679455000 -0.0004397697258523 0.0000170843430077 0.0001787591479876 0.9995272466664190 0.9996047552528305
0.5064014904534573 -0.0004532640885201 0.0000170822923643 0.0001870499653395 0.9995127429259147 0.9995926272369917
0.5140675899446219 -0.0004670882761171 0.0000170801916199 0.0001956723698179 0.9994978848580801 0.9995802027980257
0.5218032883037966 -0.0004812483238368 0.0000170780398589 0.0002046375368021 0.9994826659886978 0.9995674765122737
0.5296088348909687 -0.0004957503931714 0.0000170758361465 0.0002139569829225 0.9994670797084144 0.9995544428425889
0.5374843858444810 -0.0005106005469912 0.0000170735795629 0.0002236424270730 0.9994511195145005 0.9995410963404850
0.5454301885916564 -0.0005258050927136 0.0000170712691515 0.0002337060172204 0.9994347786420495 0.9995274313377152
0.5534464582303960 -0.0005413703538029 0.0000170689039530 0.0002441601904905 0.9994180503095865 0.9995134421516366
0.5615333662398112 -0.0005573026433405 0.0000170664830100 0.0002550176587000 0.9994009277474941 0.9994991231089654
0.5696911269328236 -0.0005736084322999 0.0000170640053412 0.0002662915278956 0.9993834040171879 0.9994844683945409
0.5779199848590082 -0.0005902943304426 0.0000170614699441 0.0002779952956389 0.9993654720316827 0.9994694720684973
0.5862200942372846 -0.0006073668414942 0.0000170588758325 0.0002901426855682 0.9993471248187249 0.9994541282862986
0.5945917080756555 -0.0006248327477424 0.0000170562219781 0.0003027479245588 0.9993283551075025 0.9994384309530846
0.6030350048691839 -0.0006426987558273 0.0000170535073640 0.0003158254989376 0.9993091557093342 0.9994223740420161
0.6115501741872958 -0.0006609716711019 0.0000170507309585 0.0003293902840494 0.9992895193303164 0.9994059514375704
0.6201374702725985 -0.0006796585171799 0.0000170478916969 0.0003434576431300 0.9992694384428921 0.9993891568281011
0.6287970177883335 -0.0006987661146734 0.0000170449885454 0.0003580431182040 0.9992489057385727 0.9993719840844446
0.6375290758540892 -0.0007183016566167 0.0000170420204136 0.0003731628709774 0.9992279135096206 0.9993544267427650
0.6463338441843558 -0.0007382722869165 0.0000170389862189 0.0003888333729348 0.9992064541020805 0.9993364783834192
0.6552115026794035 -0.0007586851833301 0.0000170358848736 0.0004050714725393 0.9991845198266419 0.9993181325563834
0.6641622860487618 -0.0007795477299237 0.0000170327152587 0.0004218945404343 0.9991621027733630 0.9992993826262589
0.6731864175800154 -0.0008008673686969 0.0000170294762466 0.0004393203620752 0.9991391949711474 0.9992802219056257
0.6822840192959588 -0.0008226513817484 0.0000170261667341 0.0004573669627892 0.9991157886218343 0.9992606438508184
0.6914553141895805 -0.0008449073694701 0.0000170227855698 0.0004760530065147 0.9990918755864223 0.9992406416321589
0.7007004810889027 -0.0008676429080060 0.0000170193316063 0.0004953975237693 0.9990674477531654 0.9992202084418113
0.7100197620557758 -0.0008908658119278 0.0000170158036597 0.0005154201418675 0.9990424967553854 0.9991993372577093
0.7194133710058648 -0.0009145839128916 0.0000170122005440 0.0005361409075508 0.9990170142093376 0.9991780210424864
0.7288814411872563 -0.0009388049202922 0.0000170085210920 0.0005575801676038 0.9989909918639541 0.9991562528687128
0.7384241773848290 -0.0009635368052350 0.0000170047640965 0.0005797589120584 0.9989644211883517 0.9991340255738087
0.7480418486672141 -0.0009887877938054 0.0000170009283122 0.0006026987870466 0.9989372933791276 0.9991113317660971
0.7577345580637382 -0.0010145657620603 0.0000169970125469 0.0006264215533941 0.9989096000103810 0.9990881643685449
0.7675025295773200 -0.0010408789862056 0.0000169930155477 0.0006509497735350 0.9988813322278212 0.9990645159445585
0.7773459927139590 -0.0010677358467567 0.0000169889360463 0.0006763065581885 0.9988524810666566 0.9990403789638663
0.7872650896158905 -0.0010951445718086 0.0000169847727975 0.0007025153296807 0.9988230377274331 0.9990157460332514
0.7972600673181391 -0.0011231137635879 0.0000169805244997 0.0007296003298664 0.9987929930104377 0.9989906094233280
0.8073310654176971 -0.0011516518119475 0.0000169761898836 0.0007575860683393 0.9987623379457942 0.9989649615956512
0.8174782615682494 -0.0011807672958334 0.0000169717676515 0.0007864977146726 0.9987310633622478 0.9989387948419121
0.8277018592237528 -0.0012104689546305 0.0000169672564813 0.0008163610852833 0.9986991599180112 0.9989121013096927
0.8380020940235174 -0.0012407657121617 0.0000169626550235 0.0008472026823002 0.9986666180750563 0.9988848729809015
0.8483790823546443 -0.0012716662293416 0.0000169579619684 0.0008790492456980 0.9986334285796650 0.9988571020738154
0.8588330762051793 -0.0013031796557370 0.0000169531759325 0.0009119285298894 0.9985995816552388 0.9988287803676408
0.8693642124261111 -0.0013353148852081 0.0000169482955714 0.0009458685484054 0.9985650678018636 0.9987998998714865
0.8799727116663781 -0.0013680811531797 0.0000169433194891 0.0009808982043308 0.9985298771548700 0.9987704522875890
0.8906587707624742 -0.0014014877142840 0.0000169382462867 0.0010170469660305 0.9984939998311295 0.9987404293010240
0.9014225394481169 -0.0014355437642505 0.0000169330745748 0.0010543447869960 0.9984574260129948 0.9987098226499092
0.9122642110403185 -0.0014702587234920 0.0000169278029300 0.0010928224227732 0.9984201456438091 0.9986786238705446
0.9231840058694742 -0.0015056421918137 0.0000169224299020 0.0011325113993933 0.9983821484766308 0.9986468243381215
0.9341820503637914 -0.0015417035552930 0.0000169169540732 0.0011734435813015 0.9983434244964637 0.9986144156200276
0.9452585522055904 -0.0015784525530426 0.0000169113739727 0.0012156518165551 0.9983039633116971 0.9985813889664954
0.9564136875612472 -0.0016158989126698 0.0000169056881318 0.0012591695393956 0.9982637545456509 0.9985477356382231
0.9676476401802896 -0.0016540524781068 0.0000168998950641 0.0013040309255874 0.9982227876993842 0.9985134467914971
0.9789606219433759 -0.0016929232825415 0.0000168939932553 0.0013502709926239 0.9981810520734745 0.9984785134126545
0.9903528177094318 -0.0017325213616737 0.0000168879811905 0.0013979253918542 0.9981385369686121 0.9984429264859149
1.0018243444464203 -0.0017728566042439 0.0000168818573779 0.0014470302307873 0.9980952318461443 0.9984066771277160
1.0133754053433126 -0.0018139392899184 0.0000168756202665 0.0014976227340219 0.9980511257506554 0.9983697561033191
1.0250061991458888 -0.0018557797791622 0.0000168692682933 0.0015497408874540 0.9980062076430433 0.9983321541055287
1.0367169026914957 -0.0018983884488975 0.0000168627998935 0.0016034233678250 0.9979604664696764 0.9982938618125207
1.0485076504664443 -0.0019417756127822 0.0000168562135121 0.0016587094470873 0.9979138912480504 0.9982548699594938
1.0603786888084734 -0.0019859520898389 0.0000168495075176 0.0017156397300502 0.9978664704564716 0.9982151688276512
1.0723301270659087 -0.0020309282865644 0.0000168426803418 0.0017742549935699 0.9978181930194820 0.9981747490691109
1.0843622133318971 -0.0020767152236667 0.0000168357303236 0.0018345975225971 0.9977690472058167 0.9981336007841896
1.0964750530426690 -0.0021233234770380 0.0000168286558699 0.0018967097417446 0.9977190217652631 0.9980917144731499
1.1086688630867896 -0.0021707641418572 0.0000168214553091 0.0019606354942783 0.9976681048939240 0.9980490801697763
1.1209437652715568 -0.0022190480399649 0.0000168141270115 0.0020264190005757 0.9976162850850662 0.9980056881537064
1.1333000006481422 -0.0022681865567204 0.0000168066692627 0.0020941060023937 0.9975635502310609 0.9979615281983660
1.1457377038781258 -0.0023181907552376 0.0000167990803972 0.0021637425709632 0.9975098885741308 0.9979165903670013
1.1582570454759815 -0.0023690719347996 0.0000167913587145 0.0022353758788475 0.9974552881071468 0.9978708645108466
1.1708582076820242 -0.0024208415394151 0.0000167835024924 0.0023090540929813 0.9973997366718975 0.9978243403513134
1.1835413699068247 -0.0024735111000366 0.0000167755099964 0.0023848263082191 0.9973432220212171 0.9977770075319261
1.1963067207496538 -0.0025270922850500 0.0000167673794712 0.0024627426339517 0.9972857317649311 0.9977288555729577
1.2091543102968318 -0.0025815962728134 0.0000167591092367 0.0025428532838013 0.9972272540431820 0.9976798744353194
1.2220844645872537 -0.0026370355071140 0.0000167506974213 0.0026252111647752 0.9971677756430987 0.9976300529429925
1.2350972631532366 -0.0026934214844010 0.0000167421422977 0.0027098686436814 0.9971072843730323 0.9975793807715877
1.2481928893179057 -0.0027507662399352 0.0000167334420575 0.0027968797451251 0.9970457674681878 0.9975278471127965
1.2613715471572668 -0.0028090820025284 0.0000167245948634 0.0028862996685816 0.9969832119612224 0.9974754409846789
1.2746333562271923 -0.0028683807266073 0.0000167155989204 0.0029781840816272 0.9969196051843285 0.9974221516521897
1.2879784655928554 -0.0029286745907552 0.0000167064524003 0.0030725898888122 0.9968549342345552 0.9973679681791692
1.3014071068978641 -0.0029899762483860 0.0000166971534033 0.0031695756549494 0.9967891857051311 0.9973128792030864
1.3149193956543668 -0.0030522979264037 0.0000166877000951 0.0032692002024736 0.9967223466523660 0.9972568737450470
1.3285154928428322 -0.0031156521549268 0.0000166780905960 0.0033715237675737 0.9966544038130962 0.9971999405540335
1.3421956010453342 -0.0031800517600926 0.0000166683229823 0.0034766080201479 0.9965853436126112 0.9971420681133872
1.3559598757712854 -0.0032455094505784 0.0000166583953486 0.0035845154102922 0.9965151526082320 0.9970832450123945
1.3698084054387678 -0.0033120377099740 0.0000166483058245 0.0036953089851999 0.9964438176048095 0.9970234600430159
1.3837414542269919 -0.0033796499651229 0.0000166380523973 0.0038090543522821 0.9963713244021367 0.9969627011499814
1.3977591332461474 -0.0034483590095133 0.0000166276331513 0.0039258170736981 0.9962976594856537 0.9969009568476118
1.4118615811028403 -0.0035181778645116 0.0000166170461366 0.0040456641050706 0.9962228091031173 0.9968382154458922
1.4260490134394901 -0.0035891200353102 0.0000166062893313 0.0041686642679904 0.9961467589904456 0.9967744648204889
1.4403215499581083 -0.0036611986525420 0.0000165953607707 0.0042948867885044 0.9960694952921247 0.9967096931841366
1.4546793742788624 -0.0037344272679871 0.0000165842584273 0.0044244026860409 0.9959910037083662 0.9966438883716103
1.4691226234313530 -0.0038088192989316 0.0000165729802949 0.0045572838201707 0.9959112700909167 0.9965770383390563
1.4836514646633290 -0.0038843884181629 0.0000165615243295 0.0046936035930816 0.9958302800252088 0.9965091308135516
1.4982660728764314 -0.0039611484428388 0.0000165498884659 0.0048334367761828 0.9957480189496947 0.9964401533929884
1.5129665386831581 -0.0040391128467928 0.0000165380706922 0.0049768586290137 0.9956644726786537 0.9963700939843400
1.5277530684367642 -0.0041182958154382 0.0000165260688894 0.0051239468449262 0.9955796262719154 0.9962989398557331
1.5426257776416119 -0.0041987111535640 0.0000165138809972 0.0052747795643433 0.9954934652054859 0.9962266786179333
1.5575848864305839 -0.0042803733342470 0.0000165015048553 0.0054294373439852 0.9954059742478372 0.9961532972818099
1.5726304938106712 -0.0043632962763465 0.0000164889383880 0.0055880008768245 0.9953171387699575 0.9960787833569008
1.5877628023938728 -0.0044474945693357 0.0000164761794195 0.0057505533249828 0.9952269434332970 0.9960031237508062
1.6029819094824602 -0.0045329823218859 0.0000164632258476 0.0059171781345930 0.9951353734234964 0.9959263058038648
1.6182879776840082 -0.0046197741061585 0.0000164500755011 0.0060879608659886 0.9950424134390211 0.9958483164406459
1.6336811588897846 -0.0047078845382568 0.0000164367262034 0.0062629884075010 0.9949480481408464 0.9957691425469771
1.6491616027124087 -0.0047973283245994 0.0000164231757652 0.0064423490811070 0.9948522621030089 0.9956887709283002
1.6647294700054098 -0.0048881203407666 0.0000164094219730 0.0066261328194351 0.9947550397284125 0.9956071882388475
1.6803848861696846 -0.0049802753586793 0.0000163954626301 0.0068144306299992 0.9946563655412087 0.9955243812268184
1.6961280375561885 -0.0050738086125366 0.0000163812954710 0.0070073357661438 0.9945562235810576 0.9954403362258765
1.7119590621068503 -0.0051687351570383 0.0000163669182587 0.0072049424376343 0.9944545980905738 0.9953550397318565
1.7278780676104197 -0.0052650699652849 0.0000163523287700 0.0074073460084375 0.9943514734106684 0.9952684783148213
1.7438852355732819 -0.0053628285578208 0.0000163375247000 0.0076146443371190 0.9942468333074316 0.9951806380538673
1.7599806681041199 -0.0054620260754492 0.0000163225038027 0.0078269358454327 0.9941406619649268 0.9950915053702761
1.7761645801847306 -0.0055626784583859 0.0000163072637126 0.0080443220479170 0.9940329427233550 0.9950010659680318
1.7924370683491933 -0.0056648010200400 0.0000162918021603 0.0082669045168463 0.9939236596058114 0.9949093061153654
1.8087982793785737 -0.0057684094867799 0.0000162761168157 0.0084947871260948 0.9938127962057036 0.9948162117105224
1.8252483539177260 -0.0058735196504901 0.0000162602053399 0.0087280753263316 0.9937003360589082 0.9947217685939895
1.8417874345981340 -0.0059801474196139 0.0000162440653783 0.0089668762752488 0.9935862625894427 0.9946259625026700
1.8584156773694787 -0.0060883088939479 0.0000162276945485 0.0092112990279752 0.9934705590297668 0.9945287790027196
1.8751332135234398 -0.0061980201183708 0.0000162110904783 0.0094614540014435 0.9933532086845377 0.9944302037108635
1.8919401812007053 -0.0063092972853907 0.0000161942507749 0.0097174534458717 0.9932341947142237 0.9943302221124461
1.9088367099065577 -0.0064221566334213 0.0000161771730399 0.0099794112317670 0.9931135002442245 0.9942288196528730
1.9258229375724778 -0.0065366145598676 0.0000161598548529 0.0102474431297396 0.9929911082442446 0.9941259816360479
1.9428989886088297 -0.0066526874739234 0.0000161422937933 0.0105216664868277 0.9928670016860351 0.9940216933566774
1.9600650204193097 -0.0067703912488677 0.0000161244874023 0.0108022009944736 0.9927411632039322 0.9939159398147087
1.9773296892965497 -0.0068898024656453 0.0000161064242587 0.0110893107700755 0.9926135122228880 0.9938086528703016
1.9946761280353518 -0.0070108204491976 0.0000160881196752 0.0113828361451968 0.9924841570522965 0.9936999231265606
2.0121129828386417 -0.0071335207151947 0.0000160695622972 0.0116830423610890 0.9923530175358217 0.9935896827773985
2.0296403517722270 -0.0072579200071621 0.0000160507496627 0.0119900555921394 0.9922200763641992 0.9934779168233125
2.0472583744709185 -0.0073840354627210 0.0000160316792522 0.0123040046320725 0.9920853158235966 0.9933646099123806
2.0649671571140540 -0.0075118840824145 0.0000160123485688 0.0126250196063155 0.9919487183636471 0.9932497468175487
2.0827668688800864 -0.0076414834247909 0.0000159927550335 0.0129532337346618 0.9918102658551611 0.9931333118122024
2.1006575738363962 -0.0077728503863474 0.0000159728961694 0.0132887802719288 0.9916699408939669 0.9930152897663564
2.1186394936944182 -0.0079060031228769 0.0000159527693115 0.0136317974161187 0.9915277247488270 0.9928956644205419
2.1367127136963515 -0.0080409588932532 0.0000159323719326 0.0139824228305825 0.9913835996651342 0.9927744203230474
2.1548773192542652 -0.0081777350501029 0.0000159117014935 0.0143407961620480 0.9912375478069044 0.9926515419399373
2.1731334866512646 -0.0083163497313520 0.0000158907553387 0.0147070608955654 0.9910895505188684 0.9925270130338479
2.1914813562500757 -0.0084568209142467 0.0000158695308394 0.0150813619206296 0.9909395893371628 0.9924008175139237
2.2099210307887400 -0.0085991663909254 0.0000158480253973 0.0154638454576496 0.9907876460156657 0.9922729394578221
2.2284526486209417 -0.0087434043288923 0.0000158262363595 0.0158546605721822 0.9906337019280922 0.9921433626082727
2.2470762821032508 -0.0088895524817895 0.0000158041611385 0.0162539570622103 0.9904777389108003 0.9920120710821601
2.2657920934356346 -0.0090376294062108 0.0000157817970280 0.0166618887872869 0.9903197379646097 0.9918790482774751
2.2846001996458210 -0.0091876534093928 0.0000157591413619 0.0170786108352024 0.9901596803783606 0.9917442778187403
2.3035007166793933 -0.0093396428906509 0.0000157361914630 0.0175042804640793 0.9899975473649438 0.9916077432503597
2.3224938013408098 -0.0094936166824285 0.0000157129445913 0.0179390580902590 0.9898333196980312 0.9914694277303377
2.3415795142578153 -0.0096495929393260 0.0000156893981121 0.0183831041732392 0.9896669788975205 0.9913293150283583
2.3607580042580860 -0.0098075906315194 0.0000156655492703 0.0188365834510875 0.9894985056371316 0.9911873881843268
2.3800293826487673 -0.0099676285256420 0.0000156413953446 0.0192996620851922 0.9893278808318979 0.9910436304239423
2.3993938013265135 -0.0101297258288432 0.0000156169335500 0.0197725095334050 0.9891550849519329 0.9908980245802460
2.4188513683757336 -0.0102939014873778 0.0000155921611441 0.0202552965417660 0.9889800987707563 0.9907505537237780
2.4384021467022192 -0.0104601741603255 0.0000155670754309 0.0207481950461956 0.9888029033935508 0.9906012011862628
2.4580462884213024 -0.0106285633608276 0.0000155416735884 0.0212513815726648 0.9886234790414580 0.9904499495356083
2.4777838959884182 -0.0107990882816664 0.0000155159528467 0.0217650337982498 0.9884418063038258 0.9902967816309315
2.4976151108861080 -0.0109717685537193 0.0000154899103726 0.0222893328355742 0.9882578653305788 0.9901416799414036
2.5175399819201716 -0.0111466230989460 0.0000154635434434 0.0228244597723330 0.9880716370545903 0.9899846275766112
2.5375586493973024 -0.0113236717338594 0.0000154368492050 0.0233706005618195 0.9878831014842187 0.9898256068464326
2.5576712651936591 -0.0115029344856577 0.0000154098247749 0.0239279440079617 0.9876922384326191 0.9896645998754292
2.5778778608763679 -0.0116844304071734 0.0000153824674211 0.0244966780743606 0.9874990287798767 0.9895015896673210
2.5981786116184340 -0.0118681799331008 0.0000153547742069 0.0250769972459104 0.9873034519650000 0.9893365579888471
2.6185735763422571 -0.0120542025506053 0.0000153267423422 0.0256690952670895 0.9871054884663673 0.9891694874620414
2.6390628870595165 -0.0122425185055698 0.0000152983689263 0.0262731705301338 0.9869051179861146 0.9890003600319157
2.6596466682760513 -0.0124331480788629 0.0000152696510570 0.0268894238317633 0.9867023202212292 0.9888291576166180
2.6803249788158929 -0.0126261110387549 0.0000152405859134 0.0275180565980968 0.9864970754465293 0.9886558625993362
2.7010979474554269 -0.0128214278977011 0.0000152111705664 0.0281592749730656 0.9862893631783358 0.9884804566997419
2.7219656726232113 -0.0130191189832681 0.0000151814021189 0.0288132868379682 0.9860791631635134 0.9883029218085312
2.7429282676017519 -0.0132192035845142 0.0000151512776568 0.0294803032121294 0.9858664549299376 0.9881232396075474
2.7619783199448276 -0.0134023313431385 0.0000151237099947 0.0300952449167719 0.9856718051549112 0.9879587865663239
2.7831270874429670 -0.0136070828867665 0.0000150928917022 0.0307877964284596 0.9854542090806384 0.9877749181474967
2.8043658020999986 -0.0138142387229377 0.0000150617164401 0.0314938101459950 0.9852340987703208 0.9875888942284995
2.8256997621018360 -0.0140238697956700 0.0000150301737128 0.0322136762323921 0.9850114003452637 0.9874006512687797
2.8471290509888525 -0.0142359968413695 0.0000149982605867 0.0329476181151848 0.9847860933266440 0.9872101708208795
2.8686537878686447 -0.0144506410422957 0.0000149659740660 0.0336958632346360 0.9845581568005717 0.9870174340430248
2.8902740701198133 -0.0146678234617927 0.0000149333111774 0.0344586411223681 0.9843275700187804 0.9868224222064532
2.9119899709079231 -0.0148875650109759 0.0000149002689754 0.0352361832789054 0.9840943124345379 0.9866251167254964
2.9338015365068815 -0.0151098864122289 0.0000148668445476 0.0360287230342317 0.9838583637419049 0.9864254991905255
2.9557089342004939 -0.0153348097130024 0.0000148330347878 0.0368365009904295 0.9836197022701233 0.9862235500089611
2.9777122329202723 -0.0155623560539583 0.0000147988367307 0.0376597571046542 0.9833783073532112 0.9860192504094265
2.9998114760997452 -0.0157925463937881 0.0000147642474440 0.0384987332312560 0.9831341585610021 0.9858125817911093
3.0220068646999101 -0.0160254034264434 0.0000147292637398 0.0393536801733038 0.9828872336668238 0.9856035240026902
3.0442983561904171 -0.0162609473877500 0.0000146938828048 0.0402248423618509 0.9826375130955064 0.9853920591074069
3.0666860941702851 -0.0164992005516950 0.0000146581015252 0.0411124743473136 0.9823849751559754 0.9851781673465078
3.0891701902571986 -0.0167401849546180 0.0000146219168284 0.0420168325152559 0.9821295984558353 0.9849618291827359
3.1117506818643088 -0.0169839219256104 0.0000145853257537 0.0429381732842757 0.9818713623993646 0.9847430257220904
3.1344276844628181 -0.0172304337189976 0.0000145483252076 0.0438767592584530 0.9816102454584633 0.9845217372485540
3.1572012272205860 -0.0174797417383789 0.0000145109122297 0.0448328525303309 0.9813462270551089 0.9842979448186246
3.1800714575630433 -0.0177318687662522 0.0000144730836592 0.0458067232177566 0.9810792852007746 0.9840716282601112
3.2030384203167492 -0.0179868365490401 0.0000144348364966 0.0467986402374152 0.9808093990549486 0.9838427683402238
3.2261021811253325 -0.0182446671416789 0.0000143961677025 0.0478088764593424 0.9805365475019391 0.9836113455588484
3.2492628628321416 -0.0185053833263903 0.0000143570741347 0.0488377104192539 0.9802607087091122 0.9833773397729944
3.2725204612550365 -0.0187690065394114 0.0000143175528595 0.0498854181629310 0.9799818623214337 0.9831407320579489
3.2958751223560414 -0.0190355599953326 0.0000142776006830 0.0509522856168357 0.9796999861570793 0.9829015019033434
3.3119219504186215 -0.0192197693148921 0.0000142499955347 0.0516939617661572 0.9795052286379301 0.9827361795869606
3.3279687784812015 -0.0194048407280074 0.0000142222648902 0.0524427107192834 0.9793095905906719 0.9825700848542115
3.3458763688778093 -0.0196123916624900 0.0000141911706089 0.0532866724115793 0.9790902282237508 0.9823838186328202
3.3695485448769675 -0.0198884057021127 0.0000141498274568 0.0544159634737297 0.9787985725761218 0.9821361175410374
3.3933044724508683 -0.0201672848773111 0.0000141080643679 0.0555649700874794 0.9785039660119197 0.9818858536749472
3.4171578490982508 -0.0204492103221601 0.0000140658545266 0.0567346370648032 0.9782062197487680 0.9816328648545933
3.4411086778122781 -0.0207342040973273 0.0000140231949541 0.0579252635333419 0.9779053131738860 0.9813771316706426
3.4651570574964947 -0.0210222894750037 0.0000139800824981 0.0591371566203605 0.9776012244566827 0.9811186336392751
3.4893030159011262 -0.0213134889556455 0.0000139365141290 0.0603706232095782 0.9772939326440716 0.9808573509822028
3.5135466190695586 -0.0216078255721931 0.0000138924867454 0.0616259754208570 0.9769834162846613 0.9805932634567356
3.5378879337306715 -0.0219053224440948 0.0000138479972410 0.0629035287767205 0.9766696539008706 0.9803263507563572
3.5623270294393556 -0.0222060028037470 0.0000138030425005 0.0642036023402909 0.9763526239622500 0.9800565924873960
3.5868639483817786 -0.0225098896221981 0.0000137576194558 0.0655265171074622 0.9760323052812135 0.9797839685052138
3.6114988021001597 -0.0228170068074853 0.0000137117249072 0.0668726012485241 0.9757086757511554 0.9795084578395634
3.6362316140262712 -0.0231273772503347 0.0000136653558156 0.0682421816049070 0.9753817144074816 0.9792300404482348
3.6610624208914171 -0.0234410240727847 0.0000136185091156 0.0696355891135798 0.9750514001123796 0.9789486960972729
3.6859912906351973 -0.0237579708617592 0.0000135711816814 0.0710531598995119 0.9747177113104486 0.9786644041519413
3.7110182618490013 -0.0240782409042438 0.0000135233704407 0.0724952319001132 0.9743806268354639 0.9783771442632284
3.7361433827704840 -0.0244018576786905 0.0000134750723020 0.0739621470647361 0.9740401253941149 0.9780868959275067
3.7613667737162015 -0.0247288456706934 0.0000134262840323 0.0754542551276781 0.9736961847096894 0.9777936377555093
3.7866884245650345 -0.0250592277521112 0.0000133770026491 0.0769719016919704 0.9733487842804284 0.9774973498233727
3.8121083799914381 -0.0253930200504566 0.0000133272251514 0.0785154390589326 0.9729979028595221 0.9771980115254130
3.8351503171033894 -0.0256974317783411 0.0000132818408273 0.0799319934777680 0.9726780036144315 0.9769250327674478
3.8607631079011728 -0.0260378669816657 0.0000132310993013 0.0815261426983039 0.9723203599757662 0.9766197648952056
3.8864687679328540 -0.0263817148981363 0.0000131798635969 0.0831468816209649 0.9719592511982781 0.9763114527189048
3.9122729404640242 -0.0267290736115697 0.0000131281195669 0.0847949227495764 0.9715945781411102 0.9760000089588818
3.9381756077596286 -0.0270799662467166 0.0000130758642482 0.0864706319291660 0.9712263205085089 0.9756854135737556
3.9641768733358203 -0.0274344176312230 0.0000130230944349 0.0881743864195644 0.9708544563037769 0.9753676450169319
3.9902767043670324 -0.0277924508025835 0.0000129698071982 0.0899065582157520 0.9704789654964757 0.9750466833688696
4.0164751817336599 -0.0281540904116869 0.0000129159993800 0.0916675304023683 0.9700998264529159 0.9747225072863294
4.0427723283176382 -0.0285193603790579 0.0000128616679419 0.0934576858918695 0.9697170183964234 0.9743950961041534
4.0691681683205765 -0.0288882847011997 0.0000128068098455 0.0952774113075709 0.9693305205628117 0.9740644291129738
4.0956627482034360 -0.0292608877462477 0.0000127514220086 0.0971270984757030 0.9689403118924125 0.9737304852948770
4.1222560836768034 -0.0296371935109498 0.0000126955014159 0.0990071407680914 0.9685463718099715 0.9733932439900042
4.1489482046372883 -0.0300172262487428 0.0000126390450256 0.1009179362183630 0.9681486795682848 0.9730526843342684
4.1757391359641343 -0.0304010101997263 0.0000125820498099 0.1028598861994292 0.9677472145326393 0.9727087855020433
4.1895355069566165 -0.0305995607151356 0.0000125525706385 0.1038693760228400 0.9675395770542441 0.9725308784633312
4.2033318779490987 -0.0307987287109069 0.0000125230041653 0.1048853180315900 0.9673313304658280 0.9723524202219185
4.2177771695451591 -0.0310079292126509 0.0000124919535224 0.1059559801077940 0.9671126368965608 0.9721649777559898
4.2448487047207664 -0.0314018205790338 0.0000124335050851 0.1079816568035676 0.9667009957880233 0.9718120718320059
4.2719918773120744 -0.0317991541234207 0.0000123745657584 0.1100379209091123 0.9662859220340910 0.9714561066345970
4.2992340347968341 -0.0322003506878161 0.0000123150737098 0.1121272228182469 0.9658669809051165 0.9710967061126154
4.3265751242975101 -0.0326054336756337 0.0000122550261050 0.1142499787781453 0.9654441532072977 0.9707338503412798
4.3540152183692316 -0.0330144283929610 0.0000121944198405 0.1164066184395295 0.9650174178695302 0.9703675177225178
4.3815542240692382 -0.0334273577289269 0.0000121332521847 0.1185975621835524 0.9645867564533862 0.9699976888549930
4.4091921758254342 -0.0338442465121142 0.0000120715201322 0.1208232440589438 0.9641521486089270 0.9696243426328197
4.4369291789255971 -0.0342651207073265 0.0000120092205236 0.1230841077780138 0.9637135729175306 0.9692474569662958
4.4647651508890434 -0.0346900034880539 0.0000119463506268 0.1253805856168282 0.9632710109863102 0.9688670122997645
4.4927000848795782 -0.0351189192079681 0.0000118829075495 0.1277131196201785 0.9628244433095634 0.9684829880557664
4.5207340801225753 -0.0355518939059387 0.0000118188881648 0.1300821645728810 0.9623738487477920 0.9680953621842292
4.5399619430224201 -0.0358503298561975 0.0000117747757117 0.1317234702051946 0.9620633846811218 0.9678282029840868
4.5591898059222649 -0.0361499516664358 0.0000117304984492 0.1333782024913864 0.9617517742767039 0.9675599906767426
4.5772704921336844 -0.0364327840595497 0.0000116887126869 0.1349465017481239 0.9614577113056956 0.9673068206531277
4.6056236945964777 -0.0368784302876355 0.0000116228938043 0.1374299154618433 0.9609945436792221 0.9669079411196260
4.6340543779588526 -0.0373278954857615 0.0000115565370335 0.1399497881538767 0.9605276231296442 0.9665056797331083
4.6625840912115883 -0.0377815421003205 0.0000114895896284 0.1425084615773961 0.9600565794226880 0.9660997135101250
4.6912128229357490 -0.0382393947225462 0.0000114220487677 0.1451064039923523 0.9595813936746721 0.9656900219224550
4.7199405401111667 -0.0387014776344403 0.0000113539116919 0.1477440854328464 0.9591020474559208 0.9652765847610800
4.7487672318960064 -0.0391678155088867 0.0000112851756004 0.1504219816877534 0.9586185220662499 0.9648593815107502
4.7776928844754121 -0.0396384330093684 0.0000112158377110 0.1531405720491230 0.9581307989527158 0.9644383917092494
4.8067174657540344 -0.0401133545372808 0.0000111458952969 0.1559003378383544 0.9576388599733342 0.9640135951744589
4.8358409756871481 -0.0405926050538857 0.0000110753455663 0.1587017671799122 0.9571426865477215 0.9635849712702322
4.8544050292374434 -0.0408995068783137 0.0000110301829971 0.1605044050501835 0.9568250796216706 0.9633105134597874
4.8729690827877388 -0.0412074985644237 0.0000109848710640 0.1623202791126865 0.9565064367425249 0.9630350896156898
4.9023390375350777 -0.0416970157439056 0.0000109128788913 0.1652202877373138 0.9560002047090826 0.9625973741640566
4.9317859952372309 -0.0421905788638394 0.0000108403239605 0.1681614305501286 0.9554900550944904 0.9621560897629693
4.9613317675825748 -0.0426885755442606 0.0000107671502081 0.1711463531215226 0.9549755947946632 0.9617108916782655
4.9909763424145259 -0.0431910307212253 0.0000106933549401 0.1741755622943715 0.9544568060243760 0.9612617595503044
5.0207196867848252 -0.0436979690132835 0.0000106189355281 0.1772495665689962 0.9539336714817719 0.9608086733572290
5.0505617396354756 -0.0442094145858829 0.0000105438894298 0.1803688752150256 0.9534061744895780 0.9603516135372185
5.0805025036818199 -0.0447253927258281 0.0000104682139577 0.1835340078736427 0.9528742973735977 0.9598905595827338
5.1105418571191228 -0.0452459265998120 0.0000103919067550 0.1867454746955962 0.9523380248068121 0.9594254929383156
5.1275973105608319 -0.0455427427126725 0.0000103484116775 0.1885849250902253 0.9520323697334361 0.9591603314358456
5.1425098659619835 -0.0458030140365307 0.0000103102807697 0.1902028332233136 0.9517644220188649 0.9589278273002417
5.1574224213631350 -0.0460639853691109 0.0000102720560432 0.1918296934072728 0.9514958260175338 0.9586947095085820
5.1877441601983394 -0.0465967873915539 0.0000101940447243 0.1951652854367889 0.9509476943000191 0.9582188202201064
5.2181337817808391 -0.0471336964967875 0.0000101154711389 0.1985457420331027 0.9503956597343507 0.9577393264766249
5.2486218881489615 -0.0476752743467890 0.0000100362541583 0.2019749510148759 0.9498391535964745 0.9572557289841391
5.2792083637149396 -0.0482215443144026 0.0000099563915090 0.2054534431756652 0.9492781612719933 0.9567680093351812
5.3098931269547940 -0.0487725303843234 0.0000098758808497 0.2089817565543889 0.9487126676935742 0.9562761486421666
5.3406760612547233 -0.0493282559178267 0.0000097947199520 0.2125604285593320 0.9481426586119805 0.9557801286417291
5.3715571656437868 -0.0498887463789673 0.0000097129063029 0.2161900135494639 0.9475681178029589 0.9552799292630453
5.4025363046595682 -0.0504540114891002 0.0000096304379239 0.2198710536885548 0.9469890316854369 0.9547755326540613
5.4333101048583679 -0.0510185001233261 0.0000095481256792 0.2235674727979877 0.9464110950071376 0.9542718965173226
5.4644848286453360 -0.0515933681940351 0.0000094643454021 0.2273526544477579 0.9458229063631857 0.9537590790636241
5.4957567736822108 -0.0521730850030132 0.0000093799050717 0.2311908832547855 0.9452301405833320 0.9532420180796378
5.5271264215519365 -0.0527576849587554 0.0000092948009855 0.2350827893186388 0.9446327732204044 0.9527206858719693
5.5585936760255903 -0.0533471918502323 0.0000092090310134 0.2390289362999578 0.9440307908928866 0.9521950642998633
5.5901583767571452 -0.0539416282633096 0.0000091225932245 0.2430298830169148 0.9434241816458910 0.9516651363753457
5.6069574500018327 -0.0542592601623667 0.0000090764263313 0.2451766818315643 0.9431002131804606 0.9513820109806409
5.6237565232465201 -0.0545777634676924 0.0000090301460288 0.2473356407123899 0.9427754656175489 0.9510981279574761
5.6516283948981636 -0.0551081308571989 0.0000089531112160 0.2509445368057995 0.9422349524291913 0.9506254595200775
5.6834866330906157 -0.0557173130350038 0.0000088646777846 0.2551108486554234 0.9416145208361246 0.9500826407926725
5.7154343051375376 -0.0563313721808528 0.0000087755896202 0.2593332318691340 0.9409895605912870 0.9495355750173514
5.7474787779637762 -0.0569504743878701 0.0000086858240760 0.2636132395611766 0.9403599145295654 0.9489841177277153
5.7796199834556576 -0.0575746439677388 0.0000085953791202 0.2679514610568491 0.9397255701530931 0.9484282508957064
5.8118577428005453 -0.0582039030870632 0.0000085042530587 0.2723484738929229 0.9390865173619615 0.9478679584960992
5.8205687478149413 -0.0583744880302066 0.0000084795596030 0.2735444857920341 0.9389133579154563 0.9477160883081767
5.8292797528293372 -0.0585453031360249 0.0000084548364051 0.2747438615870278 0.9387399946004913 0.9475640171426034
5.8402721198394891 -0.0587611852111874 0.0000084235959061 0.2762621535884798 0.9385209378429870 0.9473718327640714
5.8727345334102461 -0.0594009031475972 0.0000083310610424 0.2807773154716769 0.9378721360040366 0.9468024132584438
5.9052494251929692 -0.0600449173640148 0.0000082379642560 0.2853469201204514 0.9372194666554288 0.9462292848212508
5.9378601930769168 -0.0606941064909331 0.0000081441800299 0.2899775852558987 0.9365620515897326 0.9456516693644452
5.9705666178249581 -0.0613484917692503 0.0000080497069355 0.2946698958228606 0.9358998827129997 0.9450695521473292
6.0033683832510736 -0.0620080924489970 0.0000079545438593 0.2994244250301690 0.9352329541715608 0.9444829203019192
6.0157921270022445 -0.0622587819784466 0.0000079183925525 0.3012379470442502 0.9349796162269375 0.9442599966373496
6.0282158707534155 -0.0625099359308301 0.0000078821821271 0.3030584813337381 0.9347258742862642 0.9440366693904276
6.0437371590889297 -0.0628243742793970 0.0000078368604591 0.3053427884600629 0.9344083016560403 0.9437570946187059
6.0767841682263590 -0.0634963222310759 0.0000077400574732 0.3102430095224583 0.9337300540433204 0.9431597469295315
6.1098921368814167 -0.0641728699253877 0.0000076426586722 0.3152023916543586 0.9330477130010969 0.9425584456445091
6.1430944366234028 -0.0648547196521503 0.0000075445646278 0.3202264866745432 0.9323605839242703 0.9419525710584628
6.1763906902302814 -0.0655418890965170 0.0000074457746000 0.3253158688073818 0.9316686637386051 0.9413421122433323
6.1879052306135520 -0.0657803161025329 0.0000074115137530 0.3270878210972906 0.9314287223353566 0.9411303352705424
6.1994197709968226 -0.0660191440513701 0.0000073772031291 0.3288659217892381 0.9311884421647327 0.9409182156739809
6.2099060163568547 -0.0662369910999018 0.0000073459133509 0.3304905871523083 0.9309693257110011 0.9407247413479651
6.2434346872540667 -0.0669357885328896 0.0000072455912514 0.3357196204008248 0.9302668464398447 0.9401042245344358
6.2770112118314252 -0.0676390226131095 0.0000071447054644 0.3410086962705068 0.9295605089252573 0.9394799220041022
6.3106803006717396 -0.0683476480668864 0.0000070431207930 0.3463653907427684 0.9288493686599503 0.9388509911052374
6.3444414490278156 -0.0690616794174208 0.0000069408370972 0.3517902636076460 0.9281334269278698 0.9382174242854218
6.3782941527424137 -0.0697811131165130 0.0000068378545038 0.3572838749083467 0.9274126853525864 0.9375792142185605
6.4121791213140806 -0.0705047092707692 0.0000067343528411 0.3628371032078987 0.9266884049337144 0.9369374696774783
6.4462134750261235 -0.0712350066715363 0.0000066299726744 0.3684697851066137 0.9259580739045497 0.9362899561625706
6.4803377072667443 -0.0719707622832566 0.0000065248939267 0.3741728578611883 0.9252229537946286 0.9356377820518250
6.4951521340273342 -0.0722912768715080 0.0000064791445077 0.3766661018530025 0.9249029266432485 0.9353537344030234
6.5099665607879240 -0.0726124567002538 0.0000064333157853 0.3791698780136433 0.9245823637025167 0.9350691319021912
6.5442927711354555 -0.0733591801617393 0.0000063268234495 0.3850118941134718 0.9238375414307529 0.9344075562006139
6.5753982427664814 -0.0740389197480081 0.0000062299576451 0.3903548548535505 0.9231601378586045 0.9338054906901828
6.6098621776112623 -0.0747954678825258 0.0000061222293506 0.3963293865545942 0.9224068710860071 0.9331355805840966
6.6444065788702096 -0.0755573838915926 0.0000060138254002 0.4023757611130902 0.9216489872939999 0.9324611184616058
6.6634092959423512 -0.0759780364687266 0.0000059540126876 0.4057266305104874 0.9212308644893684 0.9320888273594171
6.6824120130144928 -0.0763997709480677 0.0000058940725070 0.4090951357450044 0.9208118830637232 0.9317156346695989
6.7171638053912188 -0.0771738468306232 0.0000057841262395 0.4153011206711095 0.9200434458815128 0.9310308195033890
6.7519706682939589 -0.0779527967378416 0.0000056735812641 0.4215763841764277 0.9192709374323152 0.9303419089843903
6.7676085904772156 -0.0783039485729707 0.0000056237781920 0.4244151387283344 0.9189229417206403 0.9300314187133352
6.7832465126604724 -0.0786558363203857 0.0000055738899711 0.4272659619714992 0.9185743742972992 0.9297203227149874
6.8182433487718308 -0.0794459754593963 0.0000054619356267 0.4336897745850227 0.9177922350321160 0.9290219155077136
6.8502114360394630 -0.0801709491092712 0.0000053593001097 0.4396107302054237 0.9170753028531695 0.9283813097500696
6.8853315798340393 -0.0809709428820325 0.0000052461393378 0.4461741091810924 0.9162849648506765 0.9276746409911359
6.9036000875788366 -0.0813885405433608 0.0000051871091690 0.4496125245349775 0.9158727343064177 0.9273058543872711
6.9147638987254902 -0.0816442182996977 0.0000051509800317 0.4517219398360934 0.9156204462666837 0.9270800876593214
6.9248278326408244 -0.0818750237861213 0.0000051183740052 0.4536288790397459 0.9153927703846614 0.9268763022661302
6.9601462624227990 -0.0826874156894373 0.0000050036736748 0.4603612912289138 0.9145919409359308 0.9261591769764358
6.9954969105825837 -0.0835042899070762 0.0000048884455741 0.4671626413044679 0.9137875537135378 0.9254383497602845
7.0120674555279470 -0.0838884857058856 0.0000048342875262 0.4703724457132199 0.9134095300298404 0.9250994162717058
7.0207293977080507 -0.0840896438402529 0.0000048059406669 0.4720558300056535 0.9132116799799718 0.9249219795437786
7.0293913398881545 -0.0842910190504992 0.0000047775687067 0.4737430075071358 0.9130136618720825 0.9247443606323800
7.0407967973597803 -0.0845565177161325 0.0000047401720746 0.4759703590173901 0.9127526691767311 0.9245102064408852
7.0763512699458095 -0.0853866576190418 0.0000046233156283 0.4829560427990615 0.9119372105280945 0.9237782501462181
7.1119290763530474 -0.0862211225015933 0.0000045059611177 0.4900106084464980 0.9111184101622910 0.9230427547283414
7.1260417156672791 -0.0865531763672252 0.0000044592938670 0.4928268035513542 0.9107928430618288 0.9227501603334567
7.1401543549815107 -0.0868858138985033 0.0000044125609178 0.4956531641845565 0.9104668380941401 0.9224570864408213
