0.0001120201851723 -0.0000000000144719 0.0000233808728659 0.0000000000000020 0.9999999999835990 0.9999999999830271
0.0001574357958577 -0.0000000000285884 0.0000233808728623 0.0000000000000056 0.9999999999674760 0.9999999999664710
0.0002138663689977 -0.0000000000527589 0.0000233808728563 0.0000000000000140 0.9999999999398707 0.9999999999381235
0.0002824317774094 -0.0000000000920136 0.0000233808728465 0.0000000000000323 0.9999999998950373 0.9999999998920849
0.0003641922189069 -0.0000000001530012 0.0000233808728312 0.0000000000000692 0.9999999998253831 0.9999999998205575
0.0004601708294965 -0.0000000002442739 0.0000233808728084 0.0000000000001396 0.9999999997211405 0.9999999997135113
0.0005713585842622 -0.0000000003765822 0.0000233808727753 0.0000000000002672 0.9999999995700312 0.9999999995583378
0.0006987038733621 -0.0000000005631586 0.0000233808727287 0.0000000000004886 0.9999999993569426 0.9999999993395178
0.0008431263257541 -0.0000000008200326 0.0000233808726645 0.0000000000008586 0.9999999990635672 0.9999999990382514
0.0010055168868127 -0.0000000011663410 0.0000233808725779 0.0000000000014564 0.9999999986680492 0.9999999986320950
0.0011867232831198 -0.0000000016245999 0.0000233808724633 0.0000000000023942 0.9999999981446730 0.9999999980946409
0.0013875959371126 -0.0000000022211301 0.0000233808723142 0.0000000000038273 0.9999999974633773 0.9999999973950199
0.0016089196391480 -0.0000000029861870 0.0000233808721229 0.0000000000059663 0.9999999965896079 0.9999999964977478
0.0018514839032200 -0.0000000039544713 0.0000233808718808 0.0000000000090921 0.9999999954837332 0.9999999953621271
0.0021160764905237 -0.0000000051654892 0.0000233808715780 0.0000000000135737 0.9999999941006330 0.9999999939418243
0.0024034194847096 -0.0000000066635862 0.0000233808712035 0.0000000000198881 0.9999999923896606 0.9999999921848299
0.0027142387984222 -0.0000000084985547 0.0000233808707447 0.0000000000286450 0.9999999902939484 0.9999999900327469
0.0030492514372502 -0.0000000107259439 0.0000233808701879 0.0000000000406147 0.9999999877500538 0.9999999874204261
0.0034091443851552 -0.0000000134072558 0.0000233808695175 0.0000000000567597 0.9999999846877352 0.9999999842757367
0.0037945996375886 -0.0000000166104377 0.0000233808687167 0.0000000000782712 0.9999999810293906 0.9999999805189892
0.0042062823962823 -0.0000000204101428 0.0000233808677667 0.0000000001066103 0.9999999766897585 0.9999999760626288
0.0046448341723307 -0.0000000248879799 0.0000233808666472 0.0000000001435538 0.9999999715756339 0.9999999708109434
0.0051108934626878 -0.0000000301330367 0.0000233808653359 0.0000000001912469 0.9999999655852702 0.9999999646594495
0.0056050823115299 -0.0000000362420914 0.0000233808638086 0.0000000002522609 0.9999999586081370 0.9999999574946437
0.0061280151794791 -0.0000000433200492 0.0000233808620390 0.0000000003296578 0.9999999505244224 0.9999999491934914
0.0066802925226826 -0.0000000514802028 0.0000233808599989 0.0000000004270614 0.9999999412047355 0.9999999396231212
0.0072625274615409 -0.0000000608449970 0.0000233808576576 0.0000000005487408 0.9999999305092325 0.9999999286399275
0.0078752716156315 -0.0000000715451815 0.0000233808549825 0.0000000006996817 0.9999999182885843 0.9999999160905648
0.0085191120383177 -0.0000000837216874 0.0000233808519382 0.0000000008857005 0.9999999043818342 0.9999999018097467
0.0091946041185459 -0.0000000975248718 0.0000233808484873 0.0000000011135328 0.9999998886172600 0.9999998856211318
0.0099023265336553 -0.0000001131159398 0.0000233808445894 0.0000000013909631 0.9999998708107496 0.9999998673356560
0.0106428159755070 -0.0000001306659497 0.0000233808402017 0.0000000017269253 0.9999998507669382 0.9999998467526990
0.0114165968891714 -0.0000001503566562 0.0000233808352788 0.0000000021316401 0.9999998282782449 0.9999998236590961
0.0122241910715029 -0.0000001723810752 0.0000233808297725 0.0000000026167622 0.9999998031242263 0.9999997978284747
0.0130661508932527 -0.0000001969448663 0.0000233808236313 0.0000000031955593 0.9999997750700003 0.9999997690196337
0.0139429631146394 -0.0000002242639578 0.0000233808168013 0.0000000038830152 0.9999997438689554 0.9999997369793288
0.0148551760402043 -0.0000002545686558 0.0000233808092248 0.0000000046960992 0.9999997092580608 0.9999997014374528
0.0158032564990067 -0.0000002880994970 0.0000233808008418 0.0000000056538412 0.9999996709626006 0.9999996621119005
0.0167877141026128 -0.0000003251115870 0.0000233807915884 0.0000000067776404 0.9999996286912199 0.9999996187034795
0.0178090291183356 -0.0000003658725303 0.0000233807813978 0.0000000080914163 0.9999995821382897 0.9999995708983390
0.0188677087821135 -0.0000004106649530 0.0000233807701993 0.0000000096219101 0.9999995309810238 0.9999995183650101
0.0199642183075079 -0.0000004597840781 0.0000233807579190 0.0000000113988416 0.9999994748822507 0.9999994607572504
0.0210990221601565 -0.0000005135396241 0.0000233807444796 0.0000000134552186 0.9999994134882426 0.9999993977118169
0.0222726025466433 -0.0000005722571543 0.0000233807297997 0.0000000158276580 0.9999993464271765 0.9999993288468836
0.0234854084089767 -0.0000006362759732 0.0000233807137944 0.0000000185565864 0.9999992733115355 0.9999992537645085
0.0247379178836991 -0.0000007059526453 0.0000233806963745 0.0000000216866837 0.9999991937340901 0.9999991720465069
0.0260305849992822 -0.0000007816586379 0.0000233806774473 0.0000000252671046 0.9999991072705913 0.9999990832572161
0.0273638100682636 -0.0000008637785213 0.0000233806569166 0.0000000293517075 0.9999990134818253 0.9999989869456056
0.0287381107587651 -0.0000009527208834 0.0000233806346802 0.0000000339999505 0.9999989119011480 0.9999988826324773
0.0301538957454233 -0.0000010489048751 0.0000233806106333 0.0000000392766013 0.9999988020498527 0.9999987698262441
0.0316115852663770 -0.0000011527676640 0.0000233805846666 0.0000000452524825 0.9999986834286555 0.9999986480141893
0.0331116353758938 -0.0000012647668799 0.0000233805566657 0.0000000520050409 0.9999985555149036 0.9999985166595972
0.0346544289790201 -0.0000013853729492 0.0000233805265131 0.0000000596183229 0.9999984177713301 0.9999983752107449
0.0362404435605761 -0.0000015150822276 0.0000233804940846 0.0000000681842375 0.9999982696310550 0.9999982230854986
0.0378700782089171 -0.0000016544040453 0.0000233804592529 0.0000000778022289 0.9999981105123811 0.9999980596865086
0.0395437170770089 -0.0000018038654611 0.0000233804218861 0.0000000885800374 0.9999979398133642 0.9999978843956324
0.0412618161420636 -0.0000019640196292 0.0000233803818461 0.0000001006348398 0.9999977569022576 0.9999976965641230
0.0430247858355814 -0.0000021354360011 0.0000233803389905 0.0000001140931161 0.9999975611287033 0.9999974955241195
0.0448329933288718 -0.0000023187000817 0.0000233802931728 0.0000001290911422 0.9999973518240095 0.9999972805889338
0.0466868798555571 -0.0000025144255686 0.0000233802442397 0.0000001457765704 0.9999971282872873 0.9999970510388131
0.0485868358382220 -0.0000027232423615 0.0000233801920337 0.0000001643080972 0.9999968897991449 0.9999968061350026
0.0505332337950918 -0.0000029457997255 0.0000233801363924 0.0000001848563281 0.9999966356180756 0.9999965451160362
0.0525264764422234 -0.0000031827721251 0.0000233800771472 0.0000002076049882 0.9999963649737940 0.9999962671908933
0.0545669438474533 -0.0000034348536829 0.0000233800141246 0.0000002327511286 0.9999960770735653 0.9999959715454986
0.0566550555741566 -0.0000037027661943 0.0000233799471442 0.0000002605066615 0.9999957710930528 0.9999956573333223
0.0587911461809757 -0.0000039872436284 0.0000233798760224 0.0000002910975300 0.9999954461940184 0.9999953236935573
0.0609756399254780 -0.0000042890550270 0.0000233798005670 0.0000003247668923 0.9999951014981702 0.9999949697242630
0.0632089027792573 -0.0000046089856057 0.0000233797205818 0.0000003617739642 0.9999947361087478 0.9999945945045309
0.0654912730611754 -0.0000049478403238 0.0000233796358653 0.0000004023951622 0.9999943491064449 0.9999941970902970
0.0678231905114585 -0.0000053064637507 0.0000233795462066 0.0000004469274131 0.9999939395267206 0.9999937764910428
0.0702049620666343 -0.0000056857052989 0.0000233794513932 0.0000004956848672 0.9999935063995063 0.9999933317105703
0.0726369762045773 -0.0000060864519239 0.0000233793512034 0.0000005490038426 0.9999930487118603 0.9999928617086512
0.0751196230627135 -0.0000065096169686 0.0000233792454088 0.0000006072425402 0.9999925654207094 0.9999923654141106
0.0776532406167853 -0.0000069561310217 0.0000233791337770 0.0000006707807773 0.9999920554632884 0.9999918417355486
0.0802381887672041 -0.0000074269545339 0.0000233790160676 0.0000007400227400 0.9999915177427329 0.9999912895465431
0.0828748170974604 -0.0000079230727190 0.0000233788920344 0.0000008153973888 0.9999909511339025 0.9999907076916309
0.0855634795046596 -0.0000084454985501 0.0000233787614243 0.0000008973600346 0.9999903544799602 0.9999900949827935
0.0883045361533682 -0.0000089952737115 0.0000233786239767 0.0000009863936988 0.9999897265912850 0.9999894501983405
0.0910983518154616 -0.0000095734688778 0.0000233784794240 0.0000010830104203 0.9999890662451542 0.9999887720825826
0.0939452516845858 -0.0000101811747255 0.0000233783274935 0.0000011877509824 0.9999883721960089 0.9999880593563738
0.0968455805612146 -0.0000108195142776 0.0000233781679046 0.0000013011882308 0.9999876431613567 0.9999873107026326
0.0997996789479627 -0.0000114896384676 0.0000233780003694 0.0000014239277004 0.9999868778268390 0.9999865247715459
0.1028079367167287 -0.0000121927391453 0.0000233778245901 0.0000015566114713 0.9999860748313772 0.9999857001653151
0.1058706405033477 -0.0000129300139698 0.0000233776402672 0.0000016999130150 0.9999852328072687 0.9999848354793301
0.1089881287351460 -0.0000137027021670 0.0000233774470909 0.0000018545452555 0.9999843503393503 0.9999839292602332
0.1121607666352523 -0.0000145120803180 0.0000233772447421 0.0000020212615469 0.9999834259698086 0.9999829800108578
0.1153888536033515 -0.0000153594391284 0.0000233770328982 0.0000022008524645 0.9999824582247127 0.9999819862174748
0.1186727544792735 -0.0000162461173401 0.0000233768112246 0.0000023941544224 0.9999814455752847 0.9999809463100197
0.1220127920035889 -0.0000171734743643 0.0000233765793812 0.0000026020456411 0.9999803864691569 0.9999798586941900
0.1254092614912624 -0.0000181428933475 0.0000233763370225 0.0000028254482496 0.9999792793268697 0.9999787217478486
0.1288625392309942 -0.0000191558127271 0.0000233760837889 0.0000030653373657 0.9999781225058360 0.9999775337840165
0.1323729181733601 -0.0000202136797123 0.0000233758193185 0.0000033227321904 0.9999769143534689 0.9999762931054297
0.1359407201708929 -0.0000213179825524 0.0000233755432393 0.0000035987052728 0.9999756531703320 0.9999749979666959
0.1395662874427550 -0.0000224702493825 0.0000233752551695 0.0000038943843978 0.9999743372114568 0.9999736465756481
0.1432499353963177 -0.0000236720339246 0.0000233749547205 0.0000042109509717 0.9999729647026776 0.9999722371101152
0.1469919364160738 -0.0000249249092888 0.0000233746414992 0.0000045496400808 0.9999715338477092 0.9999707677251913
0.1507926477386885 -0.0000262305109984 0.0000233743150967 0.0000049117541425 0.9999700427790136 0.9999692365027771
0.1546523590588716 -0.0000275904867597 0.0000233739751012 0.0000052986515667 0.9999684896151669 0.9999676415104896
0.1585713867584742 -0.0000290065283669 0.0000233736210898 0.0000057117575681 0.9999668724244237 0.9999659807642443
0.1625500757655973 -0.0000304803740184 0.0000233732526280 0.0000061525674453 0.9999651892220737 0.9999642522255393
0.1665887036417473 -0.0000320137732173 0.0000233728692786 0.0000066226384148 0.9999634380105293 0.9999624538426207
0.1706876041568817 -0.0000336085327249 0.0000233724705899 0.0000071236056709 0.9999616167268470 0.9999605834965878
0.1748470457851360 -0.0000352664706280 0.0000233720561075 0.0000076571706616 0.9999597232951868 0.9999586390552644
0.1790673350211523 -0.0000369894563070 0.0000233716253641 0.0000082251159332 0.9999577555811680 0.9999566183263237
0.1833488216460995 -0.0000387794149172 0.0000233711778787 0.0000088293097722 0.9999557113867553 0.9999545190520335
0.1876917592692866 -0.0000406382695980 0.0000233707131704 0.0000094716893683 0.9999535885162607 0.9999523389770341
0.1920964428767118 -0.0000425679980410 0.0000233702307451 0.0000101542821328 0.9999513847117428 0.9999500757819950
0.1965632189548965 -0.0000445706395725 0.0000233697300931 0.0000108792117038 0.9999490976449208 0.9999477270753097
0.2010923621894519 -0.0000466482410594 0.0000233692107027 0.0000116486814754 0.9999467249789562 0.9999452904565372
0.2056841486211093 -0.0000488028883181 0.0000233686720526 0.0000124649882014 0.9999442643325849 0.9999427634795671
0.2103389017929220 -0.0000510367289762 0.0000233681136063 0.0000133305338819 0.9999417132540115 0.9999401436258067
0.2150568929232861 -0.0000533519259269 0.0000233675348230 0.0000142478111049 0.9999390692740706 0.9999374283587718
0.2198384261796072 -0.0000557506981625 0.0000233669351482 0.0000152194217751 0.9999363298595958 0.9999346150761966
0.2246837843282454 -0.0000582352948378 0.0000233663140200 0.0000162480701211 0.9999334924430442 0.9999317011404534
0.2295932296690055 -0.0000608079950001 0.0000233656708687 0.0000173365653387 0.9999305544228099 0.9999286838788702
0.2345671040666693 -0.0000634711609632 0.0000233650051039 0.0000184878476966 0.9999275131022727 0.9999255605211338
0.2396056588232159 -0.0000662271492748 0.0000233643161369 0.0000197049541269 0.9999243657914791 0.9999223283037084
0.2447092048515943 -0.0000690783906757 0.0000233636033602 0.0000209910558995 0.9999211097158335 0.9999189843760604
0.2498780100737716 -0.0000720273348792 0.0000233628661617 0.0000223494379706 0.9999177420791641 0.9999155258654217
0.2551123565638658 -0.0000750764820739 0.0000233621039166 0.0000237835164280 0.9999142600277519 0.9999119498398441
0.2604125147302312 -0.0000782283686798 0.0000233613159912 0.0000252968356308 0.9999106606666024 0.9999082533249058
0.2657787466848111 -0.0000814855691186 0.0000233605017422 0.0000268930724963 0.9999069410574291 0.9999044333016360
0.2712114154188732 -0.0000848507640143 0.0000233596604998 0.0000285760745034 0.9999030981407765 0.9999004866265303
0.2767107176151653 -0.0000883265764216 0.0000233587916086 0.0000303497823771 0.9998991289230468 0.9998964102236226
0.2822769864475769 -0.0000919157588958 0.0000233578943810 0.0000322183272307 0.9998950302628804 0.9998922008650919
0.2879104474706367 -0.0000956210405183 0.0000233569681351 0.0000341859570033 0.9998907990458508 0.9998878553506702
0.2936114168709362 -0.0000994452546245 0.0000233560121630 0.0000362571068869 0.9998864320386136 0.9998833703578459
0.2993801136640378 -0.0001033912154702 0.0000233550257618 0.0000384363379260 0.9998819260297529 0.9998787425865100
0.3052168840710733 -0.0001074618701749 0.0000233540081950 0.0000407284242449 0.9998772776562789 0.9998739685807591
0.3111219526956394 -0.0001116601291285 0.0000233529587358 0.0000431382639159 0.9998724835972986 0.9998690449277939
0.3170955913780441 -0.0001159889816803 0.0000233518766373 0.0000456709472345 0.9998675404419163 0.9998639681222429
0.3231380506028459 -0.0001204514486475 0.0000233507611450 0.0000483317345009 0.9998624447434712 0.9998587346218599
0.3292496070377380 -0.0001250506173484 0.0000233496114876 0.0000511260812988 0.9998571929795430 0.9998533408064403
0.3354305693236506 -0.0001297896483451 0.0000233484268759 0.0000540596485587 0.9998517815442601 0.9998477829699143
0.3416811686190239 -0.0001346716919081 0.0000233472065228 0.0000571382557463 0.9998462068436981 0.9998420574183178
0.3480016436251550 -0.0001396999511218 0.0000233459496285 0.0000603679233226 0.9998404652238276 0.9998361603957845
0.3543923092626440 -0.0001448777389587 0.0000233446553656 0.0000637549156863 0.9998345529053544 0.9998300880176133
0.3608534340909271 -0.0001502083822942 0.0000233433229031 0.0000673056854471 0.9998284660933313 0.9998238363828387
0.3673852354620414 -0.0001556952148149 0.0000233419514085 0.0000710268717149 0.9998222009852665 0.9998174015825496
0.3739879635071995 -0.0001613416460154 0.0000233405400305 0.0000749253508717 0.9998157536923487 0.9998107796189741
0.3806619371335376 -0.0001671511956836 0.0000233390878900 0.0000790082680107 0.9998091202000832 0.9998039663650379
0.3874073856531793 -0.0001731273581165 0.0000233375941147 0.0000832829482452 0.9998022965233471 0.9997969577236102
0.3942245768432666 -0.0001792737120629 0.0000233360578109 0.0000877569782949 0.9997952785808648 0.9997897494985689
0.4011137779560344 -0.0001855938880746 0.0000233344780722 0.0000924381899356 0.9997880622324998 0.9997823374330918
0.4080751968083460 -0.0001920915134460 0.0000233328539929 0.0000973346240212 0.9997806433421351 0.9997747172742318
0.4151090919283746 -0.0001987703133130 0.0000233311846432 0.0001024546109919 0.9997730176622512 0.9997668846543549
0.4222157240167731 -0.0002056340678737 0.0000233294690792 0.0001078067462379 0.9997651808827874 0.9997588351413120
0.4293953753615645 -0.0002126866322291 0.0000233277063387 0.0001133999122843 0.9997571286085023 0.9997505642151742
0.4366482975264607 -0.0002199318859280 0.0000233258954533 0.0001192432455056 0.9997488564165964 0.9997420673274061
0.4439747135682827 -0.0002273737331142 0.0000233240354485 0.0001253461406803 0.9997403598565578 0.9997333399006969
0.4513748886946609 -0.0002350161740883 0.0000233221253259 0.0001317183156182 0.9997316343684738 0.9997243772450380
0.4588490757791902 -0.0002428632516424 0.0000233201640766 0.0001383697747717 0.9997226753443197 0.9997151746206634
0.4663975105422175 -0.0002509190452473 0.0000233181506825 0.0001453108100621 0.9997134781346104 0.9997057272448683
0.4740204133816080 -0.0002591876719744 0.0000233160841162 0.0001525520072172 0.9997040380473655 0.9996960302909322
0.4817180641603174 -0.0002676733686418 0.0000233139633206 0.0001601043251100 0.9996943502543431 0.9996860787917857
0.4894906950022613 -0.0002763803764653 0.0000233117872373 0.0001679790022389 0.9996844099227502 0.9996758677752887
0.4973385999305797 -0.0002853130630009 0.0000233095547768 0.0001761876731089 0.9996742120760467 0.9996653921212277
0.5052619581010027 -0.0002944757221657 0.0000233072648679 0.0001847421924635 0.9996637518222670 0.9996546467958412
0.5132610581253170 -0.0003038728297468 0.0000233049163939 0.0001936548772773 0.9996530240623451 0.9996436265521804
0.5213361166980238 -0.0003135088357752 0.0000233025082449 0.0002029383219501 0.9996420237271672 0.9996323261736029
0.5294873743424363 -0.0003233882752105 0.0000233000392898 0.0002126055088359 0.9996307456512317 0.9996207403439729
0.5377150574019237 -0.0003335157234298 0.0000232975083874 0.0002226697734470 0.9996191846234884 0.9996088636998658
0.5460194114086062 -0.0003438958373142 0.0000232949143765 0.0002331448527242 0.9996073353404569 0.9995966907823883
0.5544007311136272 -0.0003545333959012 0.0000232922560652 0.0002440449367603 0.9995951923598491 0.9995842159895113
0.5628592051934583 -0.0003654331039827 0.0000232895322804 0.0002553844760306 0.9995827503247905 0.9995714338063962
0.5713950748947986 -0.0003765997912845 0.0000232867418181 0.0002671783910678 0.9995700037364764 0.9995583385718203
0.5800084944528261 -0.0003880382312671 0.0000232838834882 0.0002794418902510 0.9995569471610355 0.9995449246906745
0.5886998395683074 -0.0003997535517265 0.0000232809560123 0.0002921909190400 0.9995435747608705 0.9995311861524565
0.5974692486358981 -0.0004117506251866 0.0000232779581761 0.0003054415141576 0.9995298809905321 0.9995171172461640
0.6063170093286132 -0.0004240345860263 0.0000232748886997 0.0003192103704690 0.9995158600064702 0.9995027119538648
0.6152433526193567 -0.0004366105537674 0.0000232717463074 0.0003335145493139 0.9995015059829161 0.9994879642752029
0.6242484498871614 -0.0004494836235323 0.0000232685297296 0.0003483714701311 0.9994868131227972 0.9994728682385929
0.6333325889699338 -0.0004626591174011 0.0000232652376401 0.0003637992087493 0.9994717753708767 0.9994574176064632
0.6424959894064630 -0.0004761423232073 0.0000232618687215 0.0003798162080678 0.9994563867119217 0.9994416061815733
0.6517388572336987 -0.0004899385701519 0.0000232584216463 0.0003964413710220 0.9994406410844263 0.9994254277183475
0.6610614362584379 -0.0005040533059226 0.0000232548950575 0.0004136941631636 0.9994245322926324 0.9994088758324468
0.6704639347173954 -0.0005184919877374 0.0000232512875960 0.0004315944910860 0.9994080541309169 0.9993919441285448
0.6799466223913669 -0.0005332602312007 0.0000232475978632 0.0004501628959656 0.9993912002139452 0.9993746260257778
0.6895097107687468 -0.0005483636268760 0.0000232438244670 0.0004694203363614 0.9993739641860462 0.9993569149728491
0.6991533772044809 -0.0005638077732535 0.0000232399660138 0.0004893882333007 0.9993563396836190 0.9993388044093762
0.7088779135945152 -0.0005795985163893 0.0000232360210478 0.0005100887916540 0.9993383200617043 0.9993202874848858
0.7186835175579291 -0.0005957416170285 0.0000232319881354 0.0005315445815818 0.9993198987738992 0.9993013574491696
0.7285703868323551 -0.0006122428990174 0.0000232278658270 0.0005537787366812 0.9993010692030289 0.9992820074782567
0.7385387642852455 -0.0006291083263452 0.0000232236526385 0.0005768150702757 0.9992818245732811 0.9992622305840796
0.7485889227058800 -0.0006463439824722 0.0000232193470560 0.0006006780642573 0.9992621579738481 0.9992420196387262
0.7587210321668493 -0.0006639558421627 0.0000232149475932 0.0006253925627475 0.9992420626193206 0.9992213676420019
0.7689352836966056 -0.0006819499792210 0.0000232104527392 0.0006509840640612 0.9992215316126870 0.9992002674778406
0.7792319342985110 -0.0007003326501930 0.0000232058609379 0.0006774788563036 0.9992005578498899 0.9991787118161667
0.7896111372072275 -0.0007191099934854 0.0000232011706627 0.0007049035974600 0.9991791343631712 0.9991566934657196
0.8000731732490555 -0.0007382884442372 0.0000231963803136 0.0007332859269288 0.9991572538477761 0.9991342048875839
0.8106182787865256 -0.0007578744284408 0.0000231914882928 0.0007626540377947 0.9991349090110044 0.9991112385538756
0.8212466602850004 -0.0007778743856071 0.0000231864929997 0.0007930367158090 0.9991120925463945 0.9990877869211739
0.8319584646444700 -0.0007982947085887 0.0000231813928455 0.0008244632527061 0.9990887972024186 0.9990638425010921
0.8427539619357871 -0.0008191420917097 0.0000231761861665 0.0008569639928962 0.9990650153853946 0.9990393974520794
0.8536333276702536 -0.0008404231178409 0.0000231708713274 0.0008905697127796 0.9990407396306102 0.9990144440636193
0.8645968024549640 -0.0008621445652945 0.0000231654466442 0.0009253121088479 0.9990159622522857 0.9989889743963849
0.8756446190782142 -0.0008843132691927 0.0000231599104191 0.0009612235970316 0.9989906755017874 0.9989629804448077
0.8867768935557702 -0.0009069358981031 0.0000231542609964 0.0009983369553661 0.9989648718224551 0.9989364543989929
0.8979939387815478 -0.0009300195889035 0.0000231484966037 0.0010366863735195 0.9989385431255250 0.9989093879003245
0.9092959648681920 -0.0009535713442729 0.0000231426155027 0.0010763064873847 0.9989116814774448 0.9988817727479494
0.9206831368656672 -0.0009775981423451 0.0000231366159615 0.0011172325587793 0.9988842789748441 0.9988536007702145
0.9321556907442952 -0.0010021071804545 0.0000231304961939 0.0011595009015058 0.9988563274666101 0.9988248635388801
0.9437138122882927 -0.0010271056213353 0.0000231242544230 0.0012031484646791 0.9988278188434218 0.9987955526667244
0.9553576563677125 -0.0010526006292904 0.0000231178888718 0.0012482128992443 0.9987987449965571 0.9987656597651449
0.9670875167497225 -0.0010785997450394 0.0000231113976696 0.0012947332387883 0.9987690973905106 0.9987351760046664
0.9789035336081431 -0.0011051102446906 0.0000231047790127 0.0013427487786322 0.9987388677940783 0.9987040928665613
0.9908059568521582 -0.0011321397208567 0.0000230980310185 0.0013923001246533 0.9987080476177641 0.9986724014615102
1.0027949743344753 -0.0011596957008363 0.0000230911518215 0.0014434285217574 0.9986766283492554 0.9986400929772964
1.0148708134095339 -0.0011877858761112 0.0000230841395154 0.0014961762864213 0.9986446012918193 0.9986071584097427
1.0270336221016225 -0.0012164178268281 0.0000230769922227 0.0015505863047731 0.9986119578785215 0.9985735888857616
1.0392836252353272 -0.0012455993851711 0.0000230697080033 0.0016067027292373 0.9985786892580151 0.9985393752373348
1.0516210201624008 -0.0012753383937150 0.0000230622849149 0.0016645705406491 0.9985447865701448 0.9985045082848525
1.0640459894495438 -0.0013056427330474 0.0000230547210067 0.0017242356107145 0.9985102409145376 0.9984689788047441
1.0765587586082583 -0.0013365204633028 0.0000230470142835 0.0017857449965381 0.9984750431893537 0.9984327773635604
1.0891595389434321 -0.0013679796872208 0.0000230391627401 0.0018491466905944 0.9984391842475021 0.9983958944785496
1.1018485083055163 -0.0014000284996040 0.0000230311643739 0.0019144895288928 0.9984026549543376 0.9983583206769298
1.1146258477825683 -0.0014326750770876 0.0000230230171626 0.0019818233830568 0.9983654460854264 0.9983200463906625
1.1274917270243332 -0.0014659276408048 0.0000230147190737 0.0020511990985092 0.9983275483692015 0.9982810620002444
1.1404464136510550 -0.0014997947426774 0.0000230062679924 0.0021226691142554 0.9982889521607986 0.9982413574990924
1.1534900744390821 -0.0015342847517516 0.0000229976618507 0.0021962864072027 0.9982496480275853 0.9982009230957726
1.1666228723685927 -0.0015694061004768 0.0000229888985652 0.0022721050118572 0.9982096264685641 0.9981597489252878
1.1798449880936770 -0.0016051673428361 0.0000229799760232 0.0023501801627266 0.9981688778482465 0.9981178249809532
1.1931566539442471 -0.0016415772508800 0.0000229708920583 0.0024305685307136 0.9981273922867938 0.9980751410012555
1.2065580606528041 -0.0016786445636100 0.0000229616445131 0.0025133276936646 0.9980851599462784 0.9980316867642696
1.2200494129857233 -0.0017163781374254 0.0000229522312018 0.0025985164812677 0.9980421708593765 0.9979874519113114
1.2336308750752039 -0.0017547867932204 0.0000229426499483 0.0026861946462851 0.9979984151036891 0.9979424261262110
1.2473026411978814 -0.0017938795138801 0.0000229328985371 0.0027764233259193 0.9979538825768615 0.9978965989038154
1.2610648612551068 -0.0018336652327474 0.0000229229747657 0.0028692645736157 0.9979085632376886 0.9978499597979913
1.2749177439497357 -0.0018741531301209 0.0000229128763712 0.0029647820636238 0.9978624467684973 0.9978024980740793
1.2888614576799815 -0.0019153523485473 0.0000229026011009 0.0030630404477621 0.9978155228995977 0.9977542030426756
1.3028962281697121 -0.0019572722798982 0.0000228921466410 0.0031641060542129 0.9977677810824466 0.9977050637231392
1.3170222384360533 -0.0019999222713517 0.0000228815106898 0.0032680462075566 0.9977192108246683 0.9976550691882822
1.3312396193927882 -0.0020433115900137 0.0000228706909667 0.0033749291433617 0.9976698017304446 0.9976042086058631
1.3455485725398282 -0.0020874497951646 0.0000228596851191 0.0034848249372822 0.9976195430767519 0.9975524708022719
1.3599492546592133 -0.0021323463887968 0.0000228484908100 0.0035978046678013 0.9975684242114746 0.9974998446722028
1.3744419088491364 -0.0021780112236055 0.0000228371056160 0.0037139414598361 0.9975164340890178 0.9974463187004547
1.3890267231397342 -0.0022244540549696 0.0000228255271366 0.0038333094090320 0.9974635617689783 0.9973918814751610
1.4037085538437704 -0.0022716997261292 0.0000228137491892 0.0039560234489000 0.9974097790332357 0.9973365037888324
1.4184781471656871 -0.0023197278883280 0.0000228017769083 0.0040820815821654 0.9973551093584835 0.9972802096571232
1.4333404156932721 -0.0023685636732310 0.0000227896040660 0.0042116012437063 0.9972995243300451 0.9972229696606464
1.4482955077624446 -0.0024182170394763 0.0000227772282186 0.0043446619069375 0.9972430128128481 0.9971647721661154
1.4633436296706688 -0.0024686982192120 0.0000227646468553 0.0044813450396427 0.9971855633672982 0.9971056052210563
1.4784849591276534 -0.0025200174336049 0.0000227518574695 0.0046217333685841 0.9971271645732663 0.9970454568872986
1.4937196338631720 -0.0025721848490214 0.0000227388575697 0.0047659107650969 0.9970678050800899 0.9969843152923653
1.5090478506573113 -0.0026252109146480 0.0000227256445951 0.0049139631935357 0.9970074732225787 0.9969221682338120
1.5244697291035314 -0.0026791058946826 0.0000227122160326 0.0050659774341571 0.9969461575534937 0.9968590037275515
1.5399854823543708 -0.0027338804607705 0.0000226985692690 0.0052220427620577 0.9968838461696948 0.9967948093135606
1.5555952570395368 -0.0027895451352684 0.0000226847017298 0.0053822494043951 0.9968205273457531 0.9967295727084196
1.5712992922972613 -0.0028461108553510 0.0000226706107387 0.0055466901760573 0.9967561888924518 0.9966632811442446
1.5870976350265706 -0.0029035879489394 0.0000226562937728 0.0057154575274326 0.9966908193217948 0.9965959225688882
1.6029905600109078 -0.0029619876515192 0.0000226417480849 0.0058886479849228 0.9966244061220062 0.9965274838683750
1.6189781617291454 -0.0030213206256766 0.0000226269710718 0.0060663578377387 0.9965569374415394 0.9964579526019468
1.6350606780623460 -0.0030815981475782 0.0000226119599794 0.0062486866691103 0.9964884007399821 0.9963873156116704
1.6512382584992575 -0.0031428312521029 0.0000225967121156 0.0064357348329737 0.9964187837604190 0.9963155600243049
1.6675109801875592 -0.0032050307784442 0.0000225812248386 0.0066276035688992 0.9963480744776586 0.9962426731978872
1.6838790680075491 -0.0032682082103642 0.0000225654953480 0.0068243976119279 0.9962762601432378 0.9961686417371548
1.7003426789785629 -0.0033323748598841 0.0000225495208880 0.0070262227198182 0.9962033282137319 0.9960934524501890
1.7169020074751264 -0.0033975422708877 0.0000225332986471 0.0072331869447632 0.9961292658921931 0.9960170918755235
1.7335571684172333 -0.0034637217601740 0.0000225168258722 0.0074453992000768 0.9960540606499930 0.9959395468199822
1.7503083402681900 -0.0035309249789879 0.0000225000997290 0.0076629710616746 0.9959776995888854 0.9958608037007579
1.7671556621133575 -0.0035991635066391 0.0000224831174032 0.0078860154951159 0.9959001699030920 0.9957808490216516
1.7840993212030511 -0.0036684492028628 0.0000224658760129 0.0081146480226289 0.9958214584792026 0.9956996689602726
1.8011394523144284 -0.0037387938000667 0.0000224483727098 0.0083489854123873 0.9957415523597077 0.9956172498458653
1.8182761844170459 -0.0038102090887597 0.0000224306046336 0.0085891462950995 0.9956604385325497 0.9955335779421007
1.8355097611076121 -0.0038827074256705 0.0000224125687853 0.0088352529161825 0.9955781033543514 0.9954486388518368
1.8528402291211852 -0.0039563004278449 0.0000223942623523 0.0090874267407403 0.9954945340338487 0.9953624190471956
1.8702677428314682 -0.0040310002450476 0.0000223756823916 0.0093457927666604 0.9954097171870164 0.9952749043788666
1.8877925442077379 -0.0041068194943225 0.0000223568258467 0.0096104793908690 0.9953236389119329 0.9951860801528990
1.9054147203476233 -0.0041837702142928 0.0000223376898074 0.0098816147942402 0.9952362859763179 0.9950959323558518
1.9231344533681016 -0.0042618649405733 0.0000223182712422 0.0101593306998983 0.9951476445968345 0.9950044463949821
1.9409518526912966 -0.0043411159759011 0.0000222985671805 0.0104437598335140 0.9950577012679644 0.9949116079533732
1.9588670948046421 -0.0044215360057908 0.0000222785745587 0.0107350381356007 0.9949664420635198 0.9948174022687900
1.9768802461904340 -0.0045031373067615 0.0000222582904181 0.0110333019282552 0.9948738535354960 0.9947218150612701
1.9949915841452803 -0.0045859331971180 0.0000222377115434 0.0113386932330344 0.9947799210682398 0.9946248308337663
2.0132011944675052 -0.0046699362167156 0.0000222168349159 0.0116513531506100 0.9946846309441399 0.9945264350044511
2.0315092130697066 -0.0047551592171089 0.0000221956574421 0.0119714258537064 0.9945879691069680 0.9944266126298011
2.0499157389538119 -0.0048416149616551 0.0000221741760537 0.0122990571281341 0.9944899216158707 0.9943253488731042
2.0684209735470267 -0.0049293167812383 0.0000221523875440 0.0126343968869350 0.9943904739021000 0.9942226282365221
2.0870250153268284 -0.0050182776098127 0.0000221302888084 0.0129775955410180 0.9942896118631420 0.9941184356908335
2.1057280481943343 -0.0051085108755850 0.0000221078766224 0.0133288074261940 0.9941873208525229 0.9940127556317324
2.1245302138801514 -0.0052000298957530 0.0000220851477926 0.0136881885122369 0.9940835863664967 0.9939055725888382
2.1434316597419527 -0.0052928481034774 0.0000220620990998 0.0140558972980633 0.9939783937870652 0.9937968709599599
2.1624324147170708 -0.0053869784321253 0.0000220387274526 0.0144320923714842 0.9938717290800926 0.9936866357323055
2.1815327051059201 -0.0054824348747227 0.0000220150294997 0.0148169386470141 0.9937635770284965 0.9935748506563082
2.2007326159302538 -0.0055792308126266 0.0000219910020453 0.0152106007368245 0.9936539231266431 0.9934615002030385
2.2200323060558795 -0.0056773800835305 0.0000219666417838 0.0156132472543343 0.9935427523705772 0.9933465683135940
2.2394318810419938 -0.0057768963428985 0.0000219419454587 0.0160250482527340 0.9934300499818705 0.9932300391470010
2.2589315188050354 -0.0058777937053932 0.0000219169097032 0.0164461778924847 0.9933158006815669 0.9931118963292371
2.2785312848144068 -0.0059800857926239 0.0000218915312766 0.0168768105092485 0.9931999897689534 0.9929921240683800
2.2982313530538923 -0.0060837868762631 0.0000218658067810 0.0173171254106395 0.9930826018276084 0.9928707058162320
2.3180318538241531 -0.0061889110912117 0.0000218397328564 0.0177673036216089 0.9929636216168203 0.9927476251897734
2.3379328509397186 -0.0062954723033639 0.0000218133062135 0.0182275272977074 0.9928430342214757 0.9926228661260657
2.3579345464199650 -0.0064034852046828 0.0000217865233625 0.0186979844768454 0.9927208238132831 0.9924964116002958
2.3780369957459420 -0.0065129637877731 0.0000217593809910 0.0191788625143294 0.9925969753774373 0.9923682454118393
2.3982403736562188 -0.0066239227783478 0.0000217318756095 0.0196703543368592 0.9924714730922812 0.9922383505073478
2.4185447478558237 -0.0067363764044202 0.0000217040038561 0.0201726530695541 0.9923443017221849 0.9921067104218010
2.4389502554859690 -0.0068503393613603 0.0000216757622577 0.0206859563194666 0.9922154455264007 0.9919733081488852
2.4594570434650045 -0.0069658264908719 0.0000216471473096 0.0212104648106006 0.9920848886228177 0.9918381265169818
2.4800652075660388 -0.0070828524361511 0.0000216181555608 0.0217463808376040 0.9919526153782781 0.9917011485929633
2.5007748200892936 -0.0072014317891569 0.0000215887835781 0.0222939089226787 0.9918186102424003 0.9915623575099209
2.5215860123986125 -0.0073215795636490 0.0000215590278286 0.0228532580284097 0.9916828572135387 0.9914217359136593
2.5424989767676913 -0.0074433112201815 0.0000215288846736 0.0234246417676320 0.9915453398114362 0.9912792659336847
2.5635137455643413 -0.0075666413797417 0.0000214983506877 0.0240082723891445 0.9914060425309246 0.9911349306888759
2.5846304381590723 -0.0076915851865597 0.0000214674223059 0.0246043674713328 0.9912649492282578 0.9909887126154956
2.6047826928156952 -0.0078117707842610 0.0000214376764059 0.0251823137756134 0.9911292533345140 0.9908480672407778
2.6261015771219554 -0.0079399228777188 0.0000214059640570 0.0258034413991818 0.9909845901433233 0.9906981050655358
2.6475195554485040 -0.0080697149667574 0.0000213738514102 0.0264376011292150 0.9908381043942107 0.9905462299811437
2.6690398994014961 -0.0082011814808407 0.0000213413301643 0.0270851137852499 0.9906897583564621 0.9903924019604178
2.6906627192026069 -0.0083343380106855 0.0000213083966859 0.0277462119640100 0.9905395355972813 0.9902366030293064
2.7123880685909754 -0.0084691998832601 0.0000212750474130 0.0284211296650779 0.9903874200117740 0.9900788155303052
2.7342160536197335 -0.0086057828313918 0.0000212412786890 0.0291101056409436 0.9902333950681258 0.9899190213391845
2.7561468257601627 -0.0087441029632443 0.0000212070867706 0.0298133833336414 0.9900774438430205 0.9897572019009848
2.7781804487850597 -0.0088841759243107 0.0000211724680352 0.0305312066505990 0.9899195499671624 0.9895933392106164
2.8003170210560926 -0.0090260176622283 0.0000211374187918 0.0312638238488011 0.9897596967634333 0.9894274149182830
2.8225566170823471 -0.0091696440567306 0.0000211019353727 0.0320114856734502 0.9895978676647262 0.9892594107626078
2.8448993263615083 -0.0093150711675486 0.0000210660140723 0.0327744466611815 0.9894340459352048 0.9890893082808605
2.8673452487158699 -0.0094623152076455 0.0000210296511538 0.0335529650460597 0.9892682147012521 0.9889170888405194
2.8898944923057459 -0.0096113925328365 0.0000209928428521 0.0343473027469023 0.9891003569639472 0.9887427336516691
2.9125471415081079 -0.0097623194292738 0.0000209555854261 0.0351577242627003 0.9889304558390574 0.9885662240157905
2.9353032304519067 -0.0099151119291053 0.0000209178752049 0.0359844956683042 0.9887584947650078 0.9883875415415371
2.9581629571216879 -0.0100697872518023 0.0000208797082313 0.0368278924617462 0.9885844558815889 0.9882066664594620
2.9811262979632911 -0.0102263612091558 0.0000208410809032 0.0376881855109276 0.9884083229510053 0.9880235806569345
3.0041933543716275 -0.0103848505372856 0.0000208019893980 0.0385656537300568 0.9882300787342475 0.9878382649512907
3.0273642482346195 -0.0105452722035347 0.0000207624298435 0.0394605804034218 0.9880497057722162 0.9876506999007193
3.0506389912591212 -0.0107076424970141 0.0000207223985428 0.0403732481143725 0.9878671874088973 0.9874608668678378
3.0740177295673075 -0.0108719787253945 0.0000206818915557 0.0413039482580052 0.9876825058844607 0.9872687460361144
3.0975005471980581 -0.0110382978538223 0.0000206409050347 0.0422529734734060 0.9874956438664063 0.9870743180015334
3.1210874940290338 -0.0112066166885767 0.0000205994351797 0.0432206186414755 0.9873065842435140 0.9868775635580771
3.1447786067915815 -0.0113769520196927 0.0000205574782028 0.0442071816905915 0.9871153099661877 0.9866784635312438
3.1685739691094237 -0.0115493210540243 0.0000205150302224 0.0452129661396887 0.9869218035610380 0.9864769982721718
3.1924736282734476 -0.0117237408183997 0.0000204720874094 0.0462382776773722 0.9867260478020048 0.9862731483556034
3.2164776770311909 -0.0119002287534638 0.0000204286458423 0.0472834276628306 0.9865280250446151 0.9860668938861367
3.2405862104335896 -0.0120788024053927 0.0000203847015823 0.0483487313805644 0.9863277175731374 0.9858582148589242
3.2647993070291568 -0.0122594792858766 0.0000203402507085 0.0494345072295590 0.9861251077585157 0.9856470913236296
3.2891169558436388 -0.0124422763168546 0.0000202952894546 0.0505410733525589 0.9859201786815074 0.9854335040335068
3.3135392259222147 -0.0126272110944031 0.0000202498138977 0.0516687552504132 0.9857129127162219 0.9852174329688650
3.3380662459741184 -0.0128143017551441 0.0000202038199920 0.0528178851173181 0.9855032916816704 0.9849988574937240
3.3626979834358779 -0.0130035636524811 0.0000201573040092 0.0539887914969976 0.9852912987308127 0.9847777583257304
3.3873116608599845 -0.0131940610087940 0.0000201104964174 0.0551758441358762 0.9850779844600508 0.9845552298260000
3.4121529314970318 -0.0133877133441140 0.0000200629262207 0.0563912270400918 0.9848612027618984 0.9843290314051978
3.4370987358429432 -0.0135835891017103 0.0000200148227951 0.0576293891308826 0.9846419992630007 0.9841002519048955
3.4621495767205683 -0.0137817097488338 0.0000199661813274 0.0588907006684066 0.9844203523165456 0.9838688668767563
3.4873054430729282 -0.0139820928277529 0.0000199169979792 0.0601755107766488 0.9841962447255899 0.9836348564745030
3.5125663822183877 -0.0141847564172699 0.0000198672687915 0.0614841754736408 0.9839696587497243 0.9833982002430022
3.5379323985218609 -0.0143897183278341 0.0000198169898822 0.0628170525495902 0.9837405770063979 0.9831588780586746
3.5634035121653134 -0.0145969965692409 0.0000197661573318 0.0641745045873653 0.9835089819488672 0.9829168695837364
3.5889798824747765 -0.0148066103695704 0.0000197147669337 0.0655569057596148 0.9832748547295789 0.9826721530771692
3.6146614226361700 -0.0150185770245332 0.0000196628149667 0.0669646211216044 0.9830381787207453 0.9824247090735433
3.6404482433543635 -0.0152329155266307 0.0000196102973060 0.0683980305263415 0.9827989354615208 0.9821745161464842
3.6663403372899306 -0.0154496439722489 0.0000195572100582 0.0698575115048256 0.9825571075548988 0.9819215539361839
3.6923377653115872 -0.0156687811026674 0.0000195035491848 0.0713434495502576 0.9823126769484106 0.9816658013510072
3.7184405579414346 -0.0158903454847945 0.0000194493107025 0.0728562326632279 0.9820656258497366 0.9814072375243004
3.7446486867481656 -0.0161143552570144 0.0000193944907456 0.0743962495648536 0.9818159370106319 0.9811458421113345
3.7709622601964914 -0.0163408298032402 0.0000193390851568 0.0759639012295840 0.9815635918621550 0.9808815933363834
3.7973812559571285 -0.0165697874659264 0.0000192830900471 0.0775595851934817 0.9813085730650868 0.9806144706619373
3.8239056508067719 -0.0168012466446115 0.0000192265015268 0.0791837030482417 0.9810508632859736 0.9803444535071855
3.8505355225393565 -0.0170352266941909 0.0000191693154865 0.0808366668275842 0.9807904441987300 0.9800715202007834
3.8772708790459909 -0.0172717464382485 0.0000191115279606 0.0825188886320095 0.9805272981414618 0.9797956497158182
3.9041117671331755 -0.0175108251207099 0.0000190531348952 0.0842307873444715 0.9802614070582955 0.9795168205602351
3.9310581466459560 -0.0177524812851235 0.0000189941324220 0.0859727806311259 0.9799927537471024 0.9792350120844874
3.9581099839206741 -0.0179967306558662 0.0000189345167041 0.0877452907498881 0.9797213209438943 0.9789502035229849
3.9837847237459849 -0.0182300740450535 0.0000188775819032 0.0894496692203240 0.9794621065622887 0.9786781361297203
4.0110455666529816 -0.0184794623312785 0.0000188167531133 0.0912830421500549 0.9791851767073713 0.9783873891034592
4.0384082445185525 -0.0187314698605868 0.0000187553074187 0.0931479655682442 0.9789054521852657 0.9780936179536762
4.0658764482834044 -0.0189861495366244 0.0000186932326427 0.0950451278173959 0.9786228780140005 0.9777967621009857
4.0934501922365367 -0.0192435208164906 0.0000186305247842 0.0969749760912633 0.9783374364420709 0.9774967999906184
4.1211294858611467 -0.0195036031872994 0.0000185671798508 0.0989379617315571 0.9780491097686596 0.9771937100627963
4.1489142150562612 -0.0197664150376568 0.0000185031941341 0.1009345316370961 0.9777578815952578 0.9768874720683259
4.1768044581599399 -0.0200319766380035 0.0000184385634845 0.1029651508568542 0.9774637335238707 0.9765780635963254
4.2048001912197694 -0.0203003073671193 0.0000183732839860 0.1050302816444329 0.9771666482328788 0.9762654633069898
4.2329013522170040 -0.0205714263017662 0.0000183073518139 0.1071303878204180 0.9768666088238116 0.9759496502449022
4.2611080017812117 -0.0208453537706347 0.0000182407628561 0.1092659468513262 0.9765635971033800 0.9756306020297276
4.2894200502117279 -0.0211221087164570 0.0000181735133557 0.1114374294004960 0.9762575965039407 0.9753082979296317
4.3178375208581219 -0.0214017112481055 0.0000181055992902 0.1136453191974115 0.9759485892615388 0.9749827158894677
4.3463603421805264 -0.0216841806110139 0.0000180370168656 0.1158900971510063 0.9756365586617284 0.9746538348952384
4.3749884329727831 -0.0219695360091166 0.0000179677623161 0.1181722477254080 0.9753214881314411 0.9743216340174384
4.4037218882568192 -0.0222577984728014 0.0000178978314521 0.1204922740090614 0.9750033591792867 0.9739860902375915
4.4281190694329293 -0.0225040182581222 0.0000178381231908 0.1224854882441175 0.9747317495092492 0.9736995181767889
4.4525162506090394 -0.0227515742874404 0.0000177781115250 0.1245002246775589 0.9744587730053036 0.9734114165650797
4.4784711529770016 -0.0230164070741091 0.0000177139355356 0.1266673454429092 0.9741668692618037 0.9731032419191150
4.5075889196725196 -0.0233153177592727 0.0000176415314581 0.1291278448431810 0.9738375590313657 0.9727554551518182
4.5368046570016798 -0.0236171525955064 0.0000175684512785 0.1316279298307116 0.9735051940734396 0.9724043124892883
4.5661254550101713 -0.0239220045784981 0.0000174946734820 0.1341687166804051 0.9731696771648399 0.9720497073926813
4.5955512238666794 -0.0242298932854683 0.0000174201943629 0.1367507231423713 0.9728309920952112 0.9716916187947265
4.6250819796725624 -0.0245408394645743 0.0000173450099531 0.1393744808089905 0.9724891214761537 0.9713300243100457
4.6547176422371326 -0.0248548629208763 0.0000172691165348 0.1420405174107163 0.9721440490686422 0.9709649026948861
4.6844580860068499 -0.0251719830293310 0.0000171925105156 0.1447493609606749 0.9717957592186501 0.9705962332509506
4.7143032543929664 -0.0254922199503762 0.0000171151881357 0.1475015501142450 0.9714442355235107 0.9702239944131086
4.7442530875649487 -0.0258155938712552 0.0000170371456514 0.1502976277871838 0.9710894616680007 0.9698481646327121
4.7743075548549365 -0.0261421253584101 0.0000169583792506 0.1531381442298865 0.9707314210398136 0.9694687219691522
4.8044664447054144 -0.0264718330642208 0.0000168788856062 0.1560236369889344 0.9703700992448703 0.9690856467554650
4.8347297572984882 -0.0268047379982794 0.0000167986608460 0.1589546681121129 0.9700054794262587 0.9686989166361628
4.8509642638328643 -0.0269841706536808 0.0000167554370338 0.1605417391297262 0.9698090386039124 0.9684904977704203
4.8671987703672404 -0.0271641923262457 0.0000167120822420 0.1621391444559305 0.9696120096423189 0.9682814084333270
4.8860764575901836 -0.0273742676429801 0.0000166615041679 0.1640096626995085 0.9693821632345027 0.9680374339926989
4.9166458711383907 -0.0277161497886421 0.0000165792261784 0.1670685133575268 0.9690082816664884 0.9676404353809785
4.9472936556965834 -0.0280610165092935 0.0000164962727839 0.1701724253031091 0.9686313580740462 0.9672400364800237
4.9780455123086851 -0.0284091756598782 0.0000164125711768 0.1733245384339918 0.9682510624072763 0.9668358820641653
5.0089011171202102 -0.0287606449226556 0.0000163281184252 0.1765254075807102 0.9678673821668400 0.9664279539427655
5.0398605578854951 -0.0291154467025212 0.0000162429104881 0.1797756343602551 0.9674802998299040 0.9660162285013592
5.0709235482393398 -0.0294735991837498 0.0000161569443649 0.1830757857814920 0.9670898026156793 0.9656006870829469
5.1020900812703784 -0.0298351238040777 0.0000160702163003 0.1864264625682043 0.9666958743316215 0.9651813073155203
5.1333599424139074 -0.0302000396512733 0.0000159827231300 0.1898282476322757 0.9662985014863078 0.9647580696150401
5.1647330082455243 -0.0305683669090998 0.0000158944614544 0.1932817378258589 0.9658976695343916 0.9643309531886158
5.1962091259408183 -0.0309401254618232 0.0000158054279730 0.1967875310221076 0.9654933643995051 0.9638999376547090
5.2153264227671832 -0.0311670023530024 0.0000157511175296 0.1989369224862215 0.9652467539481687 0.9636369370363772
5.2344437195935480 -0.0313946970144764 0.0000156966296846 0.2011015754611865 0.9649993497728010 0.9633730153457569
5.2544931985590084 -0.0316343727900531 0.0000156392946101 0.2033882278676879 0.9647390304360357 0.9630952354870383
5.2862868347042227 -0.0320162911920025 0.0000155479760338 0.2070489656626045 0.9643244429235562 0.9626526689890915
5.3181576923759311 -0.0324014150642780 0.0000154559454473 0.2107614538277430 0.9639066573337811 0.9622064755538692
5.3501308346759782 -0.0327900664855980 0.0000153631274111 0.2145291967460902 0.9634853321472152 0.9617562849033444
5.3822061245539583 -0.0331822657662616 0.0000152695186913 0.2183528183111593 0.9630604536909184 0.9613020765543205
5.4143833522750704 -0.0335780323680781 0.0000151751162871 0.2222329378155617 0.9626320093676317 0.9608438310794055
5.4466623046923068 -0.0339773857381694 0.0000150799172316 0.2261701779369337 0.9621999867529472 0.9603815291423111
5.4790427577065293 -0.0343803452140831 0.0000149839186150 0.2301651637647742 0.9617643736998598 0.9599151516090992
5.5115245433437305 -0.0347869308623509 0.0000148871173852 0.2342185311264251 0.9613251574348964 0.9594446785793073
5.5441074333891374 -0.0351971620301488 0.0000147895106936 0.2383309122019636 0.9608823261259618 0.9589700910637454
5.5708046466817152 -0.0355350613423690 0.0000147091599456 0.2417352430930388 0.9605178127096947 0.9585792549900043
5.5975018599742929 -0.0358745569947299 0.0000146284717154 0.2451710534886945 0.9601517952492228 0.9581866399410685
5.6303624053607120 -0.0362946258277261 0.0000145286933002 0.2494434634723169 0.9596992188659040 0.9577009451298250
5.6633104524158879 -0.0367182474537120 0.0000144281379924 0.2537755620372538 0.9592431611225658 0.9572112555820220
5.6963584447096496 -0.0371456028274880 0.0000143267646940 0.2581696359200450 0.9587834367786910 0.9567173658058558
5.7295060884235935 -0.0375767105539204 0.0000142245709164 0.2626263282407489 0.9583200357458379 0.9562192581307524
5.7627531486170565 -0.0380115900179559 0.0000141215540199 0.2671462933017040 0.9578529472726975 0.9557169140732082
5.7960992592198988 -0.0384502589005430 0.0000140177118034 0.2717301707430718 0.9573821626155017 0.9552103172079515
5.8295440973544137 -0.0388927354429105 0.0000139130419674 0.2763786088799357 0.9569076726057969 0.9546994505532720
5.8512244798749657 -0.0391809102189423 0.0000138449127975 0.2794193214504873 0.9565988543046927 0.9543668041229710
5.8729048623955178 -0.0394701327053090 0.0000137765657711 0.2824816607351335 0.9562890679739924 0.9540329938622315
5.9038753007912819 -0.0398851186158740 0.0000136785546103 0.2868938576781198 0.9558448626626590 0.9535541284414281
5.9376407647777389 -0.0403400119642940 0.0000135711933421 0.2917549117208627 0.9553583286465348 0.9530293444208512
5.9714979852603483 -0.0407987140510421 0.0000134630129506 0.2966824852050900 0.9548681332597244 0.9525003070339607
6.0054520811298371 -0.0412613161867761 0.0000133539940692 0.3016780193837107 0.9543741900963487 0.9519669154828233
6.0395027442467910 -0.0417278367823721 0.0000132441345803 0.3067421812294003 0.9538764909456254 0.9514291531828392
6.0736494694323762 -0.0421982915353350 0.0000131334330424 0.3118756106704522 0.9533750306821217 0.9508870067797187
6.1078918886106113 -0.0426726979969139 0.0000130218876149 0.3170789699995706 0.9528698023936343 0.9503404608860808
6.1376361944207831 -0.0430869194072903 0.0000129245624302 0.3216441502266966 0.9524290269932529 0.9498633712592628
6.1673805002309550 -0.0435031256654289 0.0000128268361787 0.3262516561725513 0.9519864770883184 0.9493841095905473
6.2018910859303942 -0.0439885202628407 0.0000127129486480 0.3316507379373069 0.9514707950499232 0.9488253307703223
6.2364861784627887 -0.0444777937308022 0.0000125982430612 0.3371207092686034 0.9509514674387685 0.9482622547245314
6.2711746377451218 -0.0449710928767277 0.0000124826874158 0.3426636758240948 0.9504283508694796 0.9476947177480222
6.3059557696473094 -0.0454684303932198 0.0000123662812257 0.3482802563068176 0.9499014446916928 0.9471227106580112
6.3408290454519634 -0.0459698212506280 0.0000122490235093 0.3539710962910225 0.9493707460341470 0.9465462217636189
6.3614047330295662 -0.0462669336923381 0.0000121795854648 0.3573567617767078 0.9490565046166570 0.9462046938160743
6.3819804206071691 -0.0465649930136086 0.0000121099590921 0.3607632702259118 0.9487414323811345 0.9458621336227109
6.4010647042610680 -0.0468422988964096 0.0000120452113663 0.3639415401974741 0.9484484565963747 0.9455434813372811
6.4362167450574832 -0.0473552277102252 0.0000119255274540 0.3698429061718119 0.9479069514852871 0.9449542230123535
6.4714274078951846 -0.0478718053358926 0.0000118050960356 0.3758156677935676 0.9473621305679224 0.9443609686652109
6.5067270628159681 -0.0483924959690456 0.0000116838114446 0.3818656307440824 0.9468135174086031 0.9437631909864070
6.5421149654963626 -0.0489173109038306 0.0000115616737749 0.3879934031719595 0.9462611141329318 0.9431608831686502
6.5775903279322927 -0.0494462606605010 0.0000114386833390 0.3941995843631942 0.9457049238756081 0.9425540394130313
6.6065227435508422 -0.0498797497255490 0.0000113379697485 0.3993082020138841 0.9452495263576001 0.9420568631946376
6.6346907530561410 -0.0503035966814785 0.0000112395666481 0.4043226339697099 0.9448046214917341 0.9415708768261849
6.6704036874630077 -0.0508435508543307 0.0000111143100439 0.4107382652707867 0.9442383709006132 0.9409519597493192
6.7061867613874018 -0.0513874576884224 0.0000109882530791 0.4172318599901303 0.9436685766080193 0.9403287385803184
6.7420530071644382 -0.0519355353137767 0.0000108613480512 0.4238064757755762 0.9430950247724488 0.9397009700556649
6.7780013319131358 -0.0524877886340688 0.0000107335967786 0.4304626412644221 0.9425177254566440 0.9390686554843282
6.7935550102029607 -0.0527276376733621 0.0000106781509179 0.4333632528322738 0.9422671935527966 0.9387941095032940
6.8091086884927856 -0.0529680288677291 0.0000106226014666 0.4362764012548994 0.9420162078416285 0.9385189817453388
6.8245370563247940 -0.0532070229271939 0.0000105673972946 0.4391784868761955 0.9417667966560870 0.9382454961157380
6.8607063698687023 -0.0537694203207554 0.0000104375814759 0.4460305208803285 0.9411803492992071 0.9376021120045125
6.8969167867716630 -0.0543354277095166 0.0000103070599024 0.4529587652785366 0.9405907953563780 0.9369548521969274
6.9332041429474485 -0.0549056215702586 0.0000101757025367 0.4599706871231042 0.9399975492702487 0.9363030645034343
6.9695669524890969 -0.0554799992259145 0.0000100435131190 0.4670667101229827 0.9394006298844708 0.9356467595309315
6.9862223182624019 -0.0557440858257765 0.0000099827797006 0.4703402361626783 0.9391264083452390 0.9353450943258096
7.0028776840357070 -0.0560087951664785 0.0000099219296073 0.4736284466649569 0.9388516774742370 0.9350427662275664
7.0217872223444973 -0.0563100939917605 0.0000098527025985 0.4773795240163006 0.9385391477752119 0.9346987173232177
7.0583576980838805 -0.0568951030806587 0.0000097183941763 0.4846879351979386 0.9379328709514507 0.9340309162497604
7.0949682151411340 -0.0574837998956994 0.0000095833784863 0.4920758101746905 0.9373234909617814 0.9333591905072872
7.1316471854941357 -0.0580766570512548 0.0000094475502117 0.4995494780620751 0.9367105343915209 0.9326830085267142
7.1492063283059801 -0.0583615572628834 0.0000093823279390 0.5031528922839626 0.9364162363049197 0.9323581706174691
7.1625608282593065 -0.0585787067792925 0.0000093326379456 0.5059045625566614 0.9361920376870129 0.9321106265040413
7.1759153282126329 -0.0587962568904110 0.0000092828742096 0.5086658510661217 0.9359675182231472 0.9318626587238961
7.1915282998799581 -0.0590511129604914 0.0000092246010989 0.5119063336240720 0.9357046225801240 0.9315722184535519
7.2284107552130950 -0.0596553664621308 0.0000090865433496 0.5196137156160566 0.9350818511680853 0.9308838157042751
7.2653220041140578 -0.0602632001226809 0.0000089478175214 0.5274010624558034 0.9344561625492106 0.9301916474095816
7.3022923255018384 -0.0608751262452493 0.0000088083098394 0.5352753048361644 0.9338270455385066 0.9294951383088171
7.3227291768971856 -0.0612147343011250 0.0000087309515613 0.5396601853980294 0.9334782369453163 0.9291087273276691
7.3381259094011906 -0.0614712141461209 0.0000086725589431 0.5429787894456987 0.9332149642746396 0.9288169608894296
7.3529791469876358 -0.0617191519177355 0.0000086161361552 0.5461925822127734 0.9329605892091773 0.9285349631080482
7.3901119425629416 -0.0623412007888311 0.0000084746883653 0.5542801058075310 0.9323229610502538 0.9278276968117037
7.4272634305181988 -0.0629667238066715 0.0000083326106767 0.5624478462670996 0.9316825966437909 0.9271168217804094
7.4644628238526725 -0.0635962243112728 0.0000081897919532 0.5707027086027494 0.9310389970777373 0.9264017744674914
7.5017071782501628 -0.0642296560322745 0.0000080462436970 0.5790446036846901 0.9303922154270147 0.9256826034639305
7.5384972536410544 -0.0648584822965501 0.0000079039012384 0.5873607177678072 0.9297509718883878 0.9249690064773134
7.5758224391343836 -0.0654996353389975 0.0000077589367490 0.5958752189878398 0.9290980250574487 0.9242417864910898
7.6131822797029054 -0.0661445949597711 0.0000076132833637 0.6044759974091808 0.9284420864115468 0.9235106238161118
7.6322800444372492 -0.0664755244421800 0.0000075386142290 0.6089029542310471 0.9281058626963965 0.9231356036552454
7.6513778091715929 -0.0668072907179613 0.0000074638010949 0.6133505081754105 0.9277690198226728 0.9227597309497239
7.6888175929307918 -0.0674601361289470 0.0000073167184020 0.6221295247218152 0.9271068729713247 0.9220203879788121
7.7262616665610802 -0.0681162937662262 0.0000071690683314 0.6309891348517699 0.9264422877560339 0.9212776896708188
7.7460629193673283 -0.0684645944466724 0.0000070907658961 0.6357065592561773 0.9260898893166576 0.9208836136953316
7.7632762748989634 -0.0687681059878154 0.0000070225728250 0.6398256242269519 0.9257830142372724 0.9205402992219980
7.7804896304305986 -0.0690722998674015 0.0000069542643715 0.6439616236799361 0.9254756447342606 0.9201962953297286
7.8179907843964314 -0.0697373951928584 0.0000068050483387 0.6530311065768641 0.9248043006426359 0.9194444606316593
7.8554843408181627 -0.0704056152238893 0.0000066553179701 0.6621794983357713 0.9241307637340519 0.9186895133704210
7.8702144317245555 -0.0706690313940845 0.0000065963449049 0.6657957755925077 0.9238655167824096 0.9183920250330492
7.8849445226309482 -0.0709329467629590 0.0000065372883464 0.6694245721483147 0.9235999129424208 0.9180940337567122
7.9005085983186385 -0.0712123493038282 0.0000064747975286 0.6732724435320410 0.9233188842298382 0.9177786247107249
7.9380174845988307 -0.0718880142020000 0.0000063238149809 0.6826033011142891 0.9226399859366476 0.9170161956629475
7.9755053989349092 -0.0725665734314181 0.0000061723793603 0.6920105316344840 0.9219591764485290 0.9162509423179866
7.9893042756377923 -0.0728171679240787 0.0000061165027635 0.6954938167910251 0.9217080039128674 0.9159684438617819
8.0031031523406746 -0.0730682001134945 0.0000060605538781 0.6989882022350260 0.9214565232738601 0.9156855059149300
8.0197616233528173 -0.0733718458663520 0.0000059929142014 0.7032215503997220 0.9211525176978688 0.9153433484109541
8.0572195258951407 -0.0740569841706546 0.0000058404372029 0.7127998464918521 0.9204673054703750 0.9145716436588872
8.0946451105797905 -0.0747448070582572 0.0000056875629451 0.7224520401871514 0.9197804386026646 0.9137973782258724
8.1147381318188483 -0.0751154290604524 0.0000056052707580 0.7276680748786974 0.9194107520029576 0.9133803621194673
8.1329358903039406 -0.0754519071488836 0.0000055306101079 0.7324126353516854 0.9190753819868989 0.9130018802433953
8.1702885645988346 -0.0761449940170701 0.0000053769738883 0.7422125563816495 0.9183853588936493 0.9122226274813151
8.1890448182732936 -0.0764942554219250 0.0000052996308539 0.7471646114324493 0.9180380404827676 0.9118301269423266
8.2078010719477525 -0.0768443387880018 0.0000052221570830 0.7521375197319673 0.9176901687888422 0.9114368202137368
8.2250068340750495 -0.0771662058075186 0.0000051509729695 0.7567177069678396 0.9173705687345973 0.9110753177924966
8.2622248231737192 -0.0778648237719292 0.0000049966189824 0.7666854057300482 0.9166776551215458 0.9102910302577605
8.2810977971637012 -0.0782203349168286 0.0000049181518611 0.7717714994990889 0.9163254593101275 0.9098921136712085
8.2913448396512131 -0.0784137107974647 0.0000048754933798 0.7745418913317859 0.9161340037218402 0.9096751819253461
8.3015918821387249 -0.0786073300382357 0.0000048327963813 0.7773185587537579 0.9159423854476952 0.9094580104416840
8.3150988864892525 -0.0788629248364834 0.0000047764570173 0.7809881829606999 0.9156895582148461 0.9091713825800430
8.3521296750023346 -0.0795658739519639 0.0000046216544053 0.7911048859252838 0.9149949644479459 0.9083834299551333
8.3704224146630004 -0.0799143185819788 0.0000045449990636 0.7961327817817956 0.9146510663483401 0.9079930383307738
8.3785404956177878 -0.0800692075653438 0.0000045109413567 0.7983705422957960 0.9144982846093752 0.9078195434932237
8.3866585765725752 -0.0802242497603610 0.0000044768597196 0.8006122687352839 0.9143454020864517 0.9076458986624697
