0.0000981209814527 -0.0000000000041329 0.0000749074346025 0.0000000000000020 0.9999999999591639 0.9999999999736610
0.0001355350649419 -0.0000000000078861 0.0000749074345953 0.0000000000000052 0.9999999999216955 0.9999999999497413
0.0001814606721271 -0.0000000000141366 0.0000749074345832 0.0000000000000124 0.9999999998592984 0.9999999999099072
0.0002366739643163 -0.0000000000240486 0.0000749074345641 0.0000000000000275 0.9999999997603489 0.9999999998467374
0.0003019408891270 -0.0000000000391416 0.0000749074345349 0.0000000000000572 0.9999999996096792 0.9999999997505493
0.0003779751206456 -0.0000000000613373 0.0000749074344920 0.0000000000001122 0.9999999993881054 0.9999999996090954
0.0004654743795636 -0.0000000000930233 0.0000749074344308 0.0000000000002095 0.9999999990717917 0.9999999994071590
0.0005651088774461 -0.0000000001371090 0.0000749074343457 0.0000000000003749 0.9999999986316960 0.9999999991261992
0.0006775201902179 -0.0000000001970821 0.0000749074342298 0.0000000000006460 0.9999999980330007 0.9999999987439884
0.0008033501508783 -0.0000000002770851 0.0000749074340753 0.0000000000010770 0.9999999972343525 0.9999999982341266
0.0009431727382041 -0.0000000003819323 0.0000749074338727 0.0000000000017429 0.9999999961876918 0.9999999975659316
0.0010975962067851 -0.0000000005172368 0.0000749074336114 0.0000000000027467 0.9999999948369838 0.9999999967036310
0.0012671857849739 -0.0000000006894218 0.0000749074332788 0.0000000000042268 0.9999999931181075 0.9999999956062894
0.0014524857990636 -0.0000000009057918 0.0000749074328608 0.0000000000063654 0.9999999909581447 0.9999999942273552
0.0016540523871629 -0.0000000011746359 0.0000749074323415 0.0000000000094002 0.9999999882743483 0.9999999925140022
0.0018723994761488 -0.0000000015052265 0.0000749074317029 0.0000000000136359 0.9999999849741524 0.9999999904071358
0.0021080379093139 -0.0000000019079270 0.0000749074309250 0.0000000000194592 0.9999999809541044 0.9999999878407111
0.0023614564157075 -0.0000000023942243 0.0000749074299856 0.0000000000273545 0.9999999760995312 0.9999999847415201
0.0026331663879008 -0.0000000029768820 0.0000749074288601 0.0000000000379249 0.9999999702830196 0.9999999810282212
0.0029236340884293 -0.0000000036698734 0.0000749074275214 0.0000000000519109 0.9999999633650768 0.9999999766117614
0.0032333280725781 -0.0000000044885350 0.0000749074259400 0.0000000000702164 0.9999999551926023 0.9999999713944006
0.0035627096883633 -0.0000000054496168 0.0000749074240835 0.0000000000939356 0.9999999455983872 0.9999999652693911
0.0039122265723343 -0.0000000065713274 0.0000749074219167 0.0000000001243830 0.9999999344006580 0.9999999581206878
0.0042823129974797 -0.0000000078733931 0.0000749074194015 0.0000000001631264 0.9999999214024943 0.9999999498225750
0.0046734081142274 -0.0000000093771863 0.0000749074164967 0.0000000002120265 0.9999999063905395 0.9999999402388451
0.0050859459259023 -0.0000000111057683 0.0000749074131576 0.0000000002732778 0.9999998891345803 0.9999999292225277
0.0055203244814221 -0.0000000130838136 0.0000749074093366 0.0000000003494483 0.9999998693882980 0.9999999166163719
0.0059769725535126 -0.0000000153379621 0.0000749074049823 0.0000000004435401 0.9999998468857534 0.9999999022505999
0.0064562912681994 -0.0000000178966344 0.0000749074000397 0.0000000005590342 0.9999998213432317 0.9999998859440864
0.0069586704675319 -0.0000000207901525 0.0000749073944503 0.0000000006999514 0.9999997924580368 0.9999998675035878
0.0074845094843080 -0.0000000240509268 0.0000749073881515 0.0000000008709216 0.9999997599066254 0.9999998467225522
0.0080341990840272 -0.0000000277134314 0.0000749073810767 0.0000000010772508 0.9999997233448502 0.9999998233812736
0.0086081035029770 -0.0000000318141319 0.0000749073731554 0.0000000013249866 0.9999996824086873 0.9999997972473564
0.0092066139734813 -0.0000000363919205 0.0000749073643125 0.0000000016210217 0.9999996367098857 0.9999997680729383
0.0098301081557118 -0.0000000414879226 0.0000749073544686 0.0000000019731673 0.9999995858379030 0.9999997355959263
0.0104789266215236 -0.0000000471453303 0.0000749073435403 0.0000000023902283 0.9999995293615636 0.9999996995410546
0.0111534527673507 -0.0000000534101423 0.0000749073314386 0.0000000028821526 0.9999994668216764 0.9999996596151721
0.0118540334954814 -0.0000000603305597 0.0000749073180705 0.0000000034600901 0.9999993977370635 0.9999996155110913
0.0125810119487038 -0.0000000679573110 0.0000749073033379 0.0000000041365251 0.9999993216013167 0.9999995669055169
0.0133347481933483 -0.0000000763439550 0.0000749072871375 0.0000000049254212 0.9999992378797740 0.9999995134571171
0.0141155953082348 -0.0000000855467257 0.0000749072693606 0.0000000058423355 0.9999991460110667 0.9999994548075091
0.0149238724484138 -0.0000000956242467 0.0000749072498939 0.0000000069045194 0.9999990454099736 0.9999993905830834
0.0157599297473030 -0.0000001066383698 0.0000749072286181 0.0000000081311444 0.9999989354590464 0.9999993203896549
0.0166241028607351 -0.0000001186537171 0.0000749072054081 0.0000000095434073 0.9999988155131808 0.9999992438153841
0.0175167142760473 -0.0000001317377292 0.0000749071801338 0.0000000111646911 0.9999986848991383 0.9999991604304694
0.0184380786241718 -0.0000001459607785 0.0000749071526593 0.0000000130207418 0.9999985429144125 0.9999990697864241
0.0193885019510609 -0.0000001613962044 0.0000749071228428 0.0000000151398462 0.9999983888268780 0.9999989714158523
0.0203683488278637 -0.0000001781215289 0.0000749070905347 0.0000000175531930 0.9999982218626564 0.9999988648247022
0.0213779161935449 -0.0000001962164714 0.0000749070555808 0.0000000202947973 0.9999980412259339 0.9999987495049190
0.0224175000773186 -0.0000002157640235 0.0000749070178210 0.0000000234018449 0.9999978460882309 0.9999986249275918
0.0234874366714206 -0.0000002368513497 0.0000749069770868 0.0000000269150610 0.9999976355794127 0.9999984905372173
0.0245879917103169 -0.0000002595677180 0.0000749069332058 0.0000000308786011 0.9999974088083460 0.9999983457648856
0.0257194958149067 -0.0000002840072348 0.0000749068859963 0.0000000353407475 0.9999971648355959 0.9999981900108507
0.0268822550352940 -0.0000003102671741 0.0000749068352702 0.0000000403538896 0.9999969026901093 0.9999980226551798
0.0280765554295274 -0.0000003384480501 0.0000749067808335 0.0000000459747857 0.9999966213684865 0.9999978430572898
0.0293027036897362 -0.0000003686546168 0.0000749067224838 0.0000000522650343 0.9999963198250047 0.9999976505495770
0.0305610125712786 -0.0000004009956747 0.0000749066600109 0.0000000592913438 0.9999959969735464 0.9999974444386484
0.0318517213752681 -0.0000004355820139 0.0000749065932008 0.0000000671253726 0.9999956517081322 0.9999972240184304
0.0331751329460639 -0.0000004725299864 0.0000749065218288 0.0000000758448164 0.9999952828672646 0.9999969885474046
0.0345315468666374 -0.0000005119599616 0.0000749064456624 0.0000000855334296 0.9999948892493399 0.9999967372584480
0.0359212438462087 -0.0000005539959106 0.0000749063644620 0.0000000962812626 0.9999944696167993 0.9999964693614815
0.0373445081115040 -0.0000005987660949 0.0000749062779800 0.0000001081851847 0.9999940226892609 0.9999961840390857
0.0388016025697793 -0.0000006464023405 0.0000749061859616 0.0000001213490625 0.9999935471507564 0.9999958804511219
0.0402928235950782 -0.0000006970418796 0.0000749060881419 0.0000001358846538 0.9999930416313522 0.9999955577229966
0.0418184221819277 -0.0000007508248153 0.0000749059842500 0.0000001519113045 0.9999925047324590 0.9999952149618209
0.0433786882354644 -0.0000008078970439 0.0000749058740044 0.0000001695572097 0.9999919349976546 0.9999948512377824
0.0449738877568975 -0.0000008684081705 0.0000749057571158 0.0000001889592489 0.9999913309334982 0.9999944655974334
0.0466042898160888 -0.0000009325125073 0.0000749056332864 0.0000002102637353 0.9999906909995614 0.9999940570573260
0.0482701632540934 -0.0000010003690389 0.0000749055022089 0.0000002336268851 0.9999900136087742 0.9999936246042335
0.0499717551610893 -0.0000010721405787 0.0000749053635688 0.0000002592150061 0.9999892971358475 0.9999931672005262
0.0517093643445912 -0.0000011479969511 0.0000749052170382 0.0000002872061458 0.9999885398855091 0.9999926837638933
0.0534832117862180 -0.0000012281095118 0.0000749050622861 0.0000003177886357 0.9999877401472033 0.9999921732022627
0.0552935843661599 -0.0000013126574595 0.0000749048989662 0.0000003511639572 0.9999868961320826 0.9999916343735770
0.0571407399868914 -0.0000014018237723 0.0000749047267251 0.0000003875458158 0.9999860060135760 0.9999910661116903
0.0590249099563010 -0.0000014957951843 0.0000749045452021 0.0000004271606382 0.9999850679276227 0.9999904672265184
0.0609463587280803 -0.0000015947651743 0.0000749043540236 0.0000004702494110 0.9999840799428368 0.9999898364849913
0.0629053487838477 -0.0000016989324209 0.0000749041528057 0.0000005170677159 0.9999830400759278 0.9999891726208965
0.0649021072226658 -0.0000018084990090 0.0000749039411580 0.0000005678855346 0.9999819463096100 0.9999884743463127
0.0669369150719974 -0.0000019236753382 0.0000749037186742 0.0000006229901689 0.9999807965435987 0.9999877403203242
0.0690099879863950 -0.0000020446736076 0.0000749034849443 0.0000006826838902 0.9999795886596538 0.9999869691905462
0.0711216104722908 -0.0000021717155118 0.0000749032395402 0.0000007472883561 0.9999783204447515 0.9999861595440744
0.0732720020840596 -0.0000023050245291 0.0000749029820302 0.0000008171415556 0.9999769896680696 0.9999853099566341
0.0754613955810179 -0.0000024448304696 0.0000749027119703 0.0000008926007688 0.9999755940355860 0.9999844189635944
0.0776900582236963 -0.0000025913710953 0.0000749024289013 0.0000009740443193 0.9999741311739080 0.9999834850496427
0.0799582015879985 -0.0000027448863420 0.0000749021323598 0.0000010618692147 0.9999725986879505 0.9999825066856091
0.0822660841127303 -0.0000029056251016 0.0000749018218650 0.0000011564957348 0.9999709940932344 0.9999814822852409
0.0846139456235115 -0.0000030738410093 0.0000749014969269 0.0000012583659644 0.9999693148579425 0.9999804102320535
0.0870020033177772 -0.0000032497920403 0.0000749011570473 0.0000013679443275 0.9999675584069414 0.9999792888818958
0.0894304923068409 -0.0000034337434704 0.0000749008017137 0.0000014857202760 0.9999657220922361 0.9999781165440875
0.0918996556620660 -0.0000036259673542 0.0000749004304008 0.0000016122089886 0.9999638031981706 0.9999768914847378
0.0944097499906450 -0.0000038267431454 0.0000749000425686 0.0000017479528200 0.9999617989352454 0.9999756119227977
0.0969609914910921 -0.0000040363534381 0.0000748996376714 0.0000018935194112 0.9999597064826258 0.9999742760571972
0.0995535799983805 -0.0000042550856626 0.0000748992151539 0.0000020495036472 0.9999575229712141 0.9999728820560375
0.1021877870958213 -0.0000044832397080 0.0000748987744370 0.0000022165342130 0.9999552454075623 0.9999714280080123
0.1048638021976984 -0.0000047211149582 0.0000748983149423 0.0000023952653853 0.9999528708032828 0.9999699120050276
0.1075818611189624 -0.0000049690213066 0.0000748978360714 0.0000025863860630 0.9999503960650972 0.9999683320720031
0.1103422137950241 -0.0000052272767155 0.0000748973372099 0.0000027906193358 0.9999478180192027 0.9999666861824279
0.1131450487013402 -0.0000054962001275 0.0000748968177420 0.0000030087179827 0.9999451334820286 0.9999649723035312
0.1159906027995094 -0.0000057761217561 0.0000748962770298 0.0000032414737490 0.9999423391575201 0.9999631883307045
0.1188791067558091 -0.0000060673781632 0.0000748957144232 0.0000034897147924 0.9999394316862761 0.9999613321188706
0.1218107783455019 -0.0000063703115762 0.0000748951292613 0.0000037543062940 0.9999364076523634 0.9999594014868320
0.1247858456577122 -0.0000066852722951 0.0000748945208675 0.0000040361538005 0.9999332635592960 0.9999573942019345
0.1278044884617082 -0.0000070126124718 0.0000748938885615 0.0000043361989016 0.9999299958921317 0.9999553080197083
0.1308669551315166 -0.0000073526986979 0.0000748932316354 0.0000046554319705 0.9999266009918183 0.9999531406036459
0.1339734493597194 -0.0000077058999544 0.0000748925493765 0.0000049948826543 0.9999230751754840 0.9999508896019963
0.1371241741221455 -0.0000080725922771 0.0000748918410585 0.0000053556254067 0.9999194146898703 0.9999485526180341
0.1403193878750169 -0.0000084531655936 0.0000748911059283 0.0000057387878855 0.9999156156430846 0.9999461271664842
0.1435592553654940 -0.0000088480061822 0.0000748903432399 0.0000061455349418 0.9999116741797045 0.9999436107853128
0.1468440273480059 -0.0000092575181076 0.0000748895522129 0.0000065770916983 0.9999075862667995 0.9999410008991140
0.1501738922079644 -0.0000096821053811 0.0000748887320670 0.0000070347269041 0.9999033478720191 0.9999382949328041
0.1535490565337110 -0.0000101221817752 0.0000748878820030 0.0000075197645646 0.9998989548656193 0.9999354902490694
0.1569697494200746 -0.0000105781717434 0.0000748870012012 0.0000080335868902 0.9998944030112875 0.9999325841425054
0.1604361619785591 -0.0000110505025023 0.0000748860888366 0.0000085776271357 0.9998896880451846 0.9999295738900780
0.1639485222046572 -0.0000115396140857 0.0000748851440592 0.0000091533826563 0.9998848055755799 0.9999264566870416
0.1675069920807567 -0.0000120459451844 0.0000748841660220 0.0000097624000896 0.9998797512242116 0.9999232297371883
0.1711118125343765 -0.0000125699535096 0.0000748831538408 0.0000104063012441 0.9998745204230141 0.9999198901230645
0.1747631924925994 -0.0000131121004462 0.0000748821066248 0.0000110867669169 0.9998691085673157 0.9999164349037767
0.1784613200621350 -0.0000136728523530 0.0000748810234732 0.0000118055398881 0.9998635110028662 0.9999128611067044
0.1822063940381370 -0.0000142526852394 0.0000748799034668 0.0000125644326022 0.9998577229791524 0.9999091656976924
0.1859986340512584 -0.0000148520866343 0.0000748787456641 0.0000133653318475 0.9998517396307519 0.9999053455691398
0.1898382344866622 -0.0000154715484976 0.0000748775491151 0.0000142101914476 0.9998455560480916 0.9999013975851727
0.1937253830049256 -0.0000161115699675 0.0000748763128559 0.0000151010376307 0.9998391672500303 0.9998973185641358
0.1976603204434543 -0.0000167726674894 0.0000748750358891 0.0000160399854742 0.9998325680827540 0.9998931052140341
0.2016431856696869 -0.0000174553489422 0.0000748737172341 0.0000170292044443 0.9998257534780569 0.9998887542974334
0.2056742088137665 -0.0000181601460913 0.0000748723558639 0.0000180709665392 0.9998187181293938 0.9998842624246244
0.2097535795711199 -0.0000188875925268 0.0000748709507483 0.0000191676171546 0.9998114567121119 0.9998796261942290
0.2138815008182547 -0.0000196382328851 0.0000748695008355 0.0000203215906594 0.9998039637914022 0.9998748421344233
0.2180581587772766 -0.0000204126175776 0.0000748680050627 0.0000215354047112 0.9997962338749268 0.9998699067365349
0.2222837544530127 -0.0000212113085701 0.0000748664623448 0.0000228116714789 0.9997882613551305 0.9998648164182025
0.2265584885020493 -0.0000220348767875 0.0000748648715795 0.0000241530961904 0.9997800405351573 0.9998595675399177
0.2308825583179263 -0.0000228839016120 0.0000748632316479 0.0000255624787514 0.9997715656338630 0.9998541564082186
0.2352561343099820 -0.0000237589661142 0.0000748615414243 0.0000270427080205 0.9997628308334263 0.9998485793060834
0.2396794156141748 -0.0000246606680848 0.0000748597997545 0.0000285967826862 0.9997538301692357 0.9998428324226156
0.2441525905715560 -0.0000255896123732 0.0000748580054707 0.0000302278011773 0.9997445576063739 0.9998369119018733
0.2486758450988616 -0.0000265464125475 0.0000748561573882 0.0000319389669579 0.9997350070230550 0.9998308138322846
0.2532493831720735 -0.0000275316953784 0.0000748542542969 0.0000337335993697 0.9997251721658739 0.9998245342180682
0.2578733682837699 -0.0000285460883156 0.0000748522949855 0.0000356151135845 0.9997150467748197 0.9998180690590462
0.2625480510318980 -0.0000295902475170 0.0000748502781872 0.0000375870753389 0.9997046243035126 0.9998114141720035
0.2672735263063655 -0.0000306648039746 0.0000748482026838 0.0000396531025584 0.9996938984569569 0.9998045655340428
0.2720500730026469 -0.0000317704397612 0.0000748460671585 0.0000418170128370 0.9996828624304841 0.9997975187966287
0.2768778241771822 -0.0000329078134879 0.0000748438703399 0.0000440826837865 0.9996715096538240 0.9997902697606793
0.2817569592848744 -0.0000340776038632 0.0000748416109178 0.0000464541393280 0.9996598333563157 0.9997828140989381
0.2866876920789396 -0.0000352805077522 0.0000748392875469 0.0000489355505205 0.9996478265862938 0.9997751473683402
0.2916701995329553 -0.0000365172231912 0.0000748368988798 0.0000515312042234 0.9996354823806400 0.9997672651182647
0.2967046373161650 -0.0000377884526263 0.0000748344435606 0.0000542455116745 0.9996227937324668 0.9997591628698915
0.3017912421343037 -0.0000390949290327 0.0000748319201744 0.0000570830678979 0.9996097533304170 0.9997508359497207
0.3069301303203135 -0.0000404373647085 0.0000748293273464 0.0000600485447153 0.9995963540697892 0.9997422798159377
0.3121215508277124 -0.0000418165164709 0.0000748266636158 0.0000631468360310 0.9995825884018004 0.9997334896428745
0.3173656174824945 -0.0000432331157565 0.0000748239275708 0.0000663829066995 0.9995684490312896 0.9997244607665171
0.3226625692322698 -0.0000446879377303 0.0000748211177153 0.0000697619510434 0.9995539282269347 0.9997151882440274
0.3280125575745401 -0.0000461817443615 0.0000748182325787 0.0000732892672745 0.9995390183894383 0.9997056672165509
0.3334157611286542 -0.0000477153152863 0.0000748152706564 0.0000769703311919 0.9995237117434951 0.9996958927125044
0.3388723364846578 -0.0000492894342127 0.0000748122304360 0.0000808107677818 0.9995080004734984 0.9996858597342220
0.3443824836148368 -0.0000509049078093 0.0000748091103607 0.0000848164008377 0.9994918765350262 0.9996755631375575
0.3499464299919386 -0.0000525625620374 0.0000748059088365 0.0000889932498773 0.9994753316914686 0.9996649976552557
0.3555642963754418 -0.0000542632019481 0.0000748026243100 0.0000933474319975 0.9994583579153029 0.9996541581531918
0.3612362544786408 -0.0000560076580633 0.0000747992551787 0.0000978852809087 0.9994409469251824 0.9996430393347435
0.3669624891171385 -0.0000577967757577 0.0000747957998113 0.0001026133255862 0.9994230902919341 0.9996316358084617
0.3727431658225231 -0.0000596314052989 0.0000747922565672 0.0001075382681672 0.9994047795379808 0.9996199421515458
0.3785784569793683 -0.0000615124099366 0.0000747886237809 0.0001126670089840 0.9993860060566220 0.9996079528582790
0.3844685407794413 -0.0000634406658022 0.0000747848997620 0.0001180066508347 0.9993667611130562 0.9995956623406606
0.3904136147321082 -0.0000654170666575 0.0000747810827862 0.0001235645170328 0.9993470357970042 0.9995830648981308
0.3964138300225512 -0.0000674425021426 0.0000747771711372 0.0001293480945107 0.9993268212398287 0.9995701548562121
0.4024693647667148 -0.0000695178819568 0.0000747731630600 0.0001353651054595 0.9993061083732081 0.9995569264123707
0.4085803895853727 -0.0000716441245613 0.0000747690567831 0.0001416234801498 0.9992848880419180 0.9995433737080205
0.4147470925339065 -0.0000738221659298 0.0000747648505008 0.0001481313871782 0.9992631509165157 0.9995294907727377
0.4209696306837918 -0.0000760529426004 0.0000747605424068 0.0001548971876018 0.9992408876625068 0.9995152716322797
0.4272481378559123 -0.0000783373937602 0.0000747561306896 0.0001619294435504 0.9992180889195593 0.9995007102952924
0.4335828348296760 -0.0000806765016765 0.0000747516134546 0.0001692370480818 0.9991947448980256 0.9994858004955866
0.4399738760474060 -0.0000830712362739 0.0000747469888313 0.0001768290601885 0.9991708459320898 0.9994705360454024
0.4464213978892431 -0.0000855225718886 0.0000747422549407 0.0001847147583630 0.9991463823125732 0.9994549107286054
0.4529256261667977 -0.0000880315285971 0.0000747374098156 0.0001929037796023 0.9991213438745213 0.9994389180372424
0.4594866804835719 -0.0000905990976751 0.0000747324515446 0.0002014058838041 0.9990957207411189 0.9994225516466685
0.4661047510725365 -0.0000932263093922 0.0000747273781410 0.0002102311784794 0.9990695026471571 0.9994058049834031
0.4727799825557042 -0.0000959141879409 0.0000747221876301 0.0002193899756785 0.9990426793888423 0.9993886715124104
0.4795125519624141 -0.0000986637822948 0.0000747168779895 0.0002288929001916 0.9990152405158833 0.9993711445403927
0.4863026326519179 -0.0001014761521636 0.0000747114471762 0.0002387508483306 0.9989871754716759 0.9993532173053021
0.4931503848335066 -0.0001043523639546 0.0000747058931343 0.0002489749784723 0.9989584736336412 0.9993348830020790
0.5000559720405141 -0.0001072934975242 0.0000747002137822 0.0002595767396095 0.9989291242458723 0.9993161347395978
0.5070195387439665 -0.0001103006366129 0.0000746944070310 0.0002705678419225 0.9988991165146214 0.9992969656016326
0.5140412823347161 -0.0001133749000749 0.0000746884707241 0.0002819603767108 0.9988684392966943 0.9992773684477684
0.5211213513671684 -0.0001165173980692 0.0000746824027220 0.0002937666621219 0.9988370815366486 0.9992573361926513
0.5282598976028666 -0.0001197292542312 0.0000746762008590 0.0003059993284635 0.9988050320455774 0.9992368616646430
0.5354570817187104 -0.0001230116084555 0.0000746698629386 0.0003186713350365 0.9987722794733785 0.9992159375880674
0.5427130557424213 -0.0001263656090637 0.0000746633867481 0.0003317959461016 0.9987388123869430 0.9991945566331253
0.5500280084145742 -0.0001297924339958 0.0000746567700177 0.0003453868203130 0.9987046190587453 0.9991727112807918
0.5574021097690962 -0.0001332932655468 0.0000746500104695 0.0003594579190421 0.9986696877189657 0.9991503939838476
0.5648355032897634 -0.0001368692860571 0.0000746431058257 0.0003740234926026 0.9986340065985273 0.9991275971943407
0.5723283421944896 -0.0001405216949392 0.0000746360537758 0.0003890981537226 0.9985975637592426 0.9991043132550307
0.5798807781273640 -0.0001442517034303 0.0000746288519866 0.0004046968628444 0.9985603471462139 0.9990805344328240
0.5874929734803144 -0.0001480605408112 0.0000746214980905 0.0004208349606773 0.9985223445258261 0.9990562528791123
0.5951651089206142 -0.0001519494586629 0.0000746139896768 0.0004375281944107 0.9984835434433288 0.9990314606026217
0.6028972945687328 -0.0001559196856382 0.0000746063243795 0.0004547925288947 0.9984439316741363 0.9990061497577311
0.6106897157351294 -0.0001599725014749 0.0000745984997343 0.0004726444711962 0.9984034964854207 0.9989803121726144
0.6185425498930682 -0.0001641091955434 0.0000745905132584 0.0004911009018646 0.9983622250497501 0.9989539396134828
0.6264559294321029 -0.0001683310466657 0.0000745823624897 0.0005101789889518 0.9983201046464800 0.9989270239132334
0.6344300217665263 -0.0001726393652109 0.0000745740449057 0.0005298963818842 0.9982771222418161 0.9988995567030586
0.6424649293111497 -0.0001770354392805 0.0000745655580267 0.0005502709726758 0.9982332650257528 0.9988715297555161
0.6505609157359246 -0.0001815206586623 0.0000745568991776 0.0005713214778806 0.9981885191755184 0.9988429341942532
0.6587180374594532 -0.0001860963124859 0.0000745480658774 0.0005930665041269 0.9981428718742883 0.9988137617840227
0.6669364882065806 -0.0001907637789681 0.0000745390554738 0.0006155254401714 0.9980963094182789 0.9987840037209493
0.6752164289222078 -0.0001955244318808 0.0000745298653232 0.0006387180281848 0.9980488181499144 0.9987536512288211
0.6835579717454902 -0.0002003796300832 0.0000745204928112 0.0006626643138065 0.9980003845622953 0.9987226956258141
0.6919613372275301 -0.0002053308090338 0.0000745109351761 0.0006873851045994 0.9979509943863668 0.9986911277410138
0.7004266213771767 -0.0002103793449731 0.0000745011897705 0.0007129013062117 0.9979006339458416 0.9986589387803348
0.7089539800983875 -0.0002155266624945 0.0000744912538543 0.0007392344612350 0.9978492890841767 0.9986261196406503
0.7175436054853213 -0.0002207742222004 0.0000744811246182 0.0007664067032497 0.9977969452878053 0.9985926609884664
0.7261955811760816 -0.0002261234321351 0.0000744707993547 0.0007944403046805 0.9977435885696394 0.9985585538246050
0.7349101194744042 -0.0002315757930787 0.0000744602751780 0.0008233584389650 0.9976892040198618 0.9985237885577817
0.7436873317098243 -0.0002371327571341 0.0000744495492962 0.0008531844499699 0.9976337772165499 0.9984883559062407
0.7525273886068991 -0.0002427958273561 0.0000744386188199 0.0008839423844276 0.9975772932319924 0.9984522462624855
0.7614304592551115 -0.0002485665202514 0.0000744274808340 0.0009156568046310 0.9975197370068177 0.9984154499323565
0.7703966019366517 -0.0002544462937752 0.0000744161325369 0.0009483523938245 0.9974610940681958 0.9983779575941354
0.7794260682593802 -0.0002604367460820 0.0000744045708569 0.0009820550654647 0.9974013485476330 0.9983397590311934
0.7885189529643339 -0.0002665393866289 0.0000743927928940 0.0010167907026209 0.9973404854640033 0.9983008445915191
0.7976754166397623 -0.0002727557822456 0.0000743807956380 0.0010525859785392 0.9972784892667768 0.9982612042562767
0.8068956022712849 -0.0002790875021094 0.0000743685760746 0.0010894680571940 0.9972153443848969 0.9982208279906484
0.8161796697960768 -0.0002855361412494 0.0000743561311402 0.0011274647373011 0.9971510349924634 0.9981797055939273
0.8255277839227242 -0.0002921033126663 0.0000743434577370 0.0011666044178003 0.9970855450874111 0.9981378267497336
0.8349400362723512 -0.0002987905919551 0.0000743305528402 0.0012069157723234 0.9970188590438325 0.9980951813791364
0.8444165800222881 -0.0003055996117094 0.0000743174133153 0.0012484283192181 0.9969509606706294 0.9980517590386064
0.8539576274804767 -0.0003125320622678 0.0000743040359170 0.0012911724498389 0.9968818332042223 0.9980075489152099
0.8635632541633571 -0.0003195895494330 0.0000742904175639 0.0013351785607300 0.9968114607274107 0.9979625407339390
0.8732336254389523 -0.0003267737582481 0.0000742765550223 0.0013804780667484 0.9967398265363472 0.9979167237132459
0.8829688933716117 -0.0003340863788111 0.0000742624450493 0.0014271029574712 0.9966669138803973 0.9978700870381023
0.8927691601507350 -0.0003415290778570 0.0000742480844478 0.0014750856191232 0.9965927062455744 0.9978226200412165
0.9026345967222761 -0.0003491035883026 0.0000742334698936 0.0015244594174507 0.9965171864618202 0.9977743116319174
0.9125653841032834 -0.0003568116663710 0.0000742185980185 0.0015752584417231 0.9964403371306484 0.9977251505695532
0.9225616410656483 -0.0003646550350322 0.0000742034655189 0.0016275171388283 0.9963621411891407 0.9976751258241883
0.9326235055625777 -0.0003726354463445 0.0000741880690360 0.0016812707279156 0.9962825812884963 0.9976242261789726
0.9427510582489647 -0.0003807546206697 0.0000741724052729 0.0017365547994184 0.9962016404001329 0.9975724406178001
0.9529445386260136 -0.0003890144203168 0.0000741564706595 0.0017934065094740 0.9961193000847380 0.9975197572177367
0.9632040554885161 -0.0003974166180645 0.0000741402617994 0.0018518630181728 0.9960355428000386 0.9974661646253857
0.9735297034614099 -0.0004059629885069 0.0000741237752934 0.0019119621067867 0.9959503509902260 0.9974116514742515
0.9839216713665435 -0.0004146553985767 0.0000741070075652 0.0019737428298569 0.9958637061837582 0.9973562058072938
0.9943800659985081 -0.0004234956619923 0.0000740899551418 0.0020372445038349 0.9957755904443931 0.9972998160052956
1.0049050471137271 -0.0004324856515756 0.0000740726144373 0.0021025075114078 0.9956859852517358 0.9972424700703983
1.0154967442198262 -0.0004416272294561 0.0000740549818873 0.0021695728142785 0.9955948721970876 0.9971841560712683
1.0261553136936532 -0.0004509222958265 0.0000740370538548 0.0022384823173788 0.9955022324976266 0.9971248618320520
1.0368808987242657 -0.0004603727547176 0.0000740188266964 0.0023092786309387 0.9954080473376774 0.9970645751506523
1.0476736097301858 -0.0004699804959223 0.0000740002967975 0.0023820049395720 0.9953122980489835 0.9970032839140104
1.0585336006570014 -0.0004797474624999 0.0000739814604412 0.0024567055207273 0.9952149654380982 0.9969409756674333
1.0694609989140318 -0.0004896755888264 0.0000739623139290 0.0025334252897048 0.9951160304039405 0.9968776380097503
1.0804559552325070 -0.0004997668453978 0.0000739428534933 0.0026122101530411 0.9950154734914560 0.9968132583074445
1.0915185966959005 -0.0005100231961821 0.0000739230753806 0.0026931066901563 0.9949132753167739 0.9967478239666898
1.1026490269810407 -0.0005204465977768 0.0000739029758526 0.0027761621493376 0.9948094165757251 0.9966813224386971
1.1138474183609071 -0.0005310390857899 0.0000738825510198 0.0028614251488902 0.9947038771833147 0.9966137406685536
1.1251138769410436 -0.0005418026487230 0.0000738617970846 0.0029489446841561 0.9945966375305265 0.9965450658998072
1.1364485861306290 -0.0005527393639796 0.0000738407100795 0.0030387712364177 0.9944876771293725 0.9964752848066594
1.1478515917049072 -0.0005638511911102 0.0000738192862652 0.0031309550913617 0.9943769766729607 0.9964043848131016
1.1593231376707525 -0.0005751402973657 0.0000737975215035 0.0032255490371703 0.9942645147923106 0.9963323520156699
1.1708632936210033 -0.0005866086951650 0.0000737754119558 0.0033226053736507 0.9941502716682524 0.9962591734965580
1.1824722138390638 -0.0005982584949464 0.0000737529535961 0.0034221780248988 0.9940342265126363 0.9961848357102275
1.1941500395530305 -0.0006100918097886 0.0000737301423945 0.0035243217590503 0.9939163585187163 0.9961093250919312
1.2058968481443020 -0.0006221107025834 0.0000737069744195 0.0036290917325710 0.9937966473874901 0.9960326283947893
1.2177128214629618 -0.0006343173576096 0.0000736834455067 0.0037365449923029 0.9936750716189516 0.9959547315948782
1.2295980633506327 -0.0006467138945012 0.0000736595516182 0.0038467388719259 0.9935516103652483 0.9958756210783010
1.2415527551199419 -0.0006593025288856 0.0000736352885325 0.0039597324189172 0.9934262418309792 0.9957952826160265
1.2535769917672441 -0.0006720854013492 0.0000736106521742 0.0040755848848872 0.9932989449767854 0.9957137024553239
1.2656708736925686 -0.0006850646720047 0.0000735856384319 0.0041943565684561 0.9931696985776890 0.9956308667162337
1.2778346138248935 -0.0006982426373686 0.0000735602429331 0.0043161099148887 0.9930384800595572 0.9955467606455539
1.2900682474701672 -0.0007116214173303 0.0000735344616472 0.0044409066490349 0.9929052686163818 0.9954613706146289
1.3023719432389724 -0.0007252032908893 0.0000735082902389 0.0045688108797143 0.9927700418673786 0.9953746819765312
1.3147458635037717 -0.0007389905468202 0.0000734817243557 0.0046998877507390 0.9926327773443243 0.9952866800190825
1.3271901052378186 -0.0007529854165401 0.0000734547597574 0.0048342028046336 0.9924934531600974 0.9951973503933134
1.3397048011370685 -0.0007671901860231 0.0000734273921008 0.0049718230525112 0.9923520468946819 0.9951066783990943
1.3522900365343633 -0.0007816071020578 0.0000733996171199 0.0051128160843538 0.9922085365286459 0.9950146495834493
1.3649460070073347 -0.0007962385527961 0.0000733714302783 0.0052572518481889 0.9920628986461584 0.9949212485879836
1.3776728078233298 -0.0008110868268262 0.0000733428272335 0.0054052003102350 0.9919151108335411 0.9948264606867585
1.3904705733388525 -0.0008261542727236 0.0000733138035294 0.0055567330276482 0.9917651500913098 0.9947302707677587
1.4033393835103551 -0.0008414431895659 0.0000732843548075 0.0057119220667657 0.9916129939241541 0.9946326640317767
1.4162794120303466 -0.0008569560023936 0.0000732544764685 0.0058708417924165 0.9914586185949865 0.9945336248721962
1.4292908021480717 -0.0008726951163860 0.0000732241639540 0.0060335674196445 0.9913020005766012 0.9944331378058666
1.4423736093256243 -0.0008886628449271 0.0000731934128843 0.0062001742575269 0.9911431172676011 0.9943311879323614
1.4555280072963108 -0.0009048616596857 0.0000731622185773 0.0063707403175071 0.9909819445042488 0.9942277593372625
1.4687541100991699 -0.0009212939749980 0.0000731305764637 0.0065453440948544 0.9908184587063258 0.9941228364687242
1.4820520321273907 -0.0009379622201907 0.0000730984819476 0.0067240653273095 0.9906526361577506 0.9940164036756758
1.4954219111665119 -0.0009548688688519 0.0000730659303505 0.0069069853276466 0.9904844527157250 0.9939084450208477
1.5088638619213348 -0.0009720163805835 0.0000730329170233 0.0070941863738088 0.9903138843905386 0.9937989446526490
1.5223780273052887 -0.0009894072659972 0.0000729994372212 0.0072857524286035 0.9901409066993428 0.9936878863900639
1.5359645261838357 -0.0010070440201635 0.0000729654862323 0.0074817684293469 0.9899654953284999 0.9935752541475762
1.5496234268124165 -0.0010249290863199 0.0000729310594466 0.0076823198789785 0.9897876264947352 0.9934610321669193
1.5633549408319760 -0.0010430651103049 0.0000728961518675 0.0078874957187859 0.9896072744151591 0.9933452033920842
1.5771591111301622 -0.0010614545311084 0.0000728607588989 0.0080973837437222 0.9894244153795817 0.9932277520842038
1.5910360579930301 -0.0010800999033644 0.0000728248757254 0.0083120742356672 0.9892390245436764 0.9931086617619116
1.6049859683407168 -0.0010990038871101 0.0000727884973313 0.0085316599099207 0.9890510760315226 0.9929879152665806
1.6190089331099884 -0.0011181690284404 0.0000727516189237 0.0087562333954033 0.9888605451168802 0.9928654961632775
1.6331050510301162 -0.0011375978975768 0.0000727142356659 0.0089858888235415 0.9886674068506413 0.9927413878588754
1.6472744433214461 -0.0011572931098059 0.0000726763426379 0.0092207220991629 0.9884716358531448 0.9926155734682320
1.6615172401432838 -0.0011772573076926 0.0000726379348706 0.0094608307168828 0.9882732064914740 0.9924880359277214
1.6758335534422966 -0.0011974931230487 0.0000725990074186 0.0097063133200433 0.9880720932578867 0.9923587582381366
1.6902234962061520 -0.0012180032033917 0.0000725595553098 0.0099572700283958 0.9878682705072063 0.9922277232956179
1.7046871824275029 -0.0012387902119267 0.0000725195735454 0.0102138024542746 0.9876617124574406 0.9920949138917147
1.7192247378835319 -0.0012598568432625 0.0000724790570699 0.0104760139155539 0.9874523930340777 0.9919603126129111
1.7338362639623892 -0.0012812057710185 0.0000724380008716 0.0107440088001711 0.9872402863911178 0.9918239021753250
1.7485219243383014 -0.0013028397745356 0.0000723963997391 0.0110178941742432 0.9870253656526408 0.9916856646150223
1.7632817878281135 -0.0013247615082648 0.0000723542487053 0.0112977768905887 0.9868076052043540 0.9915455827615041
1.7781159724121847 -0.0013469737125164 0.0000723115426415 0.0115837662548693 0.9865869786002568 0.9914036388910454
1.7930246022014125 -0.0013694791511811 0.0000722682763780 0.0118759732684629 0.9863634591819488 0.9912598151245599
1.8080077784458346 -0.0013922805677743 0.0000722244447879 0.0121745100720860 0.9861370205156643 0.9911140937084564
1.8230656689801972 -0.0014153808217643 0.0000721800425258 0.0124794917507072 0.9859076350389492 0.9909664561433243
1.8381983386348246 -0.0014387826293359 0.0000721350645261 0.0127910329407897 0.9856752766354957 0.9908168848406705
1.8534058922686991 -0.0014624887808336 0.0000720895055845 0.0131092506909089 0.9854399184762372 0.9906653617332266
1.8686884691004852 -0.0014865021342474 0.0000720433603717 0.0134342644230566 0.9852015330848217 0.9905118683164561
1.8840461361745988 -0.0015108254479223 0.0000719966237538 0.0137661936871168 0.9849600939988981 0.9903563867178268
1.8994790829451422 -0.0015354616878332 0.0000719492902029 0.0141051623590271 0.9847155727204847 0.9901988977326071
1.9149873873205117 -0.0015604136573456 0.0000719013545084 0.0144512936101378 0.9844679423916648 0.9900393831904867
1.9305711487018291 -0.0015856842067126 0.0000718528113739 0.0148047127663174 0.9842171757154947 0.9898778246164116
1.9462304716892005 -0.0016112762076431 0.0000718036554673 0.0151655469836256 0.9839632452090846 0.9897142033930996
1.9619654527558625 -0.0016371925315421 0.0000717538814616 0.0155339249592512 0.9837061234201030 0.9895485009001177
1.9777762208513325 -0.0016634349514471 0.0000717034839652 0.0159099779056428 0.9834457822574512 0.9893806980816008
1.9937118691225590 -0.0016900891193206 0.0000716522996113 0.0162950312782010 0.9831813780110019 0.9892102500258581
2.0096746855590260 -0.0017169949555726 0.0000716006371270 0.0166868560333473 0.9829145057061502 0.9890381839681087
2.0257137456893011 -0.0017442369949146 0.0000715483343752 0.0170867623296379 0.9826443278562471 0.9888639590440166
2.0418290197863249 -0.0017718179600008 0.0000714953863370 0.0174948847262755 0.9823708186066604 0.9886875575425748
2.0580206559122520 -0.0017997408869898 0.0000714417873968 0.0179113640108744 0.9820939490241344 0.9885089597422027
2.0742886979566872 -0.0018280086452833 0.0000713875322651 0.0183363401455349 0.9818136918603350 0.9883281469822600
2.0906332919020660 -0.0018566242931009 0.0000713326152956 0.0187699575867027 0.9815300180268213 0.9881450993887291
2.1070545469182602 -0.0018855908381872 0.0000712770309450 0.0192123617386879 0.9812428989685004 0.9879597974047177
2.1235525283327497 -0.0019149112227787 0.0000712207738017 0.0196636987012079 0.9809523068129556 0.9877722218867161
2.1401273570523665 -0.0019445884992916 0.0000711638382490 0.0201241179759772 0.9806582126297889 0.9875823529806677
2.1567791602712760 -0.0019746257446991 0.0000711062186293 0.0205937711994313 0.9803605872802801 0.9873901706696259
2.1735080557093811 -0.0020050260321374 0.0000710479092990 0.0210728117188351 0.9800594016995018 0.9871956549553983
2.1903141073879064 -0.0020357923489448 0.0000709889047855 0.0215613932936905 0.9797546277088518 0.9869987863830323
2.2071974320450702 -0.0020669277899287 0.0000709291994171 0.0220596731579871 0.9794462361020607 0.9867995448041946
2.2241581541892952 -0.0020984354770381 0.0000708687874767 0.0225678107962710 0.9791341974420529 0.9865979098910690
2.2411963282193490 -0.0021303184135540 0.0000708076634819 0.0230859655922618 0.9788184835056111 0.9863938620695225
2.2583121169395923 -0.0021625798169314 0.0000707458215470 0.0236143022368293 0.9784990639881014 0.9861873803890044
2.2755055680040033 -0.0021952227001498 0.0000706832561853 0.0241529839376615 0.9781759106498453 0.9859784452018810
2.2927768280087757 -0.0022282502746198 0.0000706199615375 0.0247021790262830 0.9778489933277105 0.9857670355847631
2.3101259649494983 -0.0022616656137113 0.0000705559320164 0.0252620554350353 0.9775182832670490 0.9855531314921170
2.3275530520286694 -0.0022954718104025 0.0000704911620050 0.0258327832916383 0.9771837515616412 0.9853367127473032
2.3450582495476748 -0.0023296721380972 0.0000704256455487 0.0264145376878578 0.9768453675635921 0.9851177580129779
2.3626416245911761 -0.0023642697005365 0.0000703593770259 0.0270074927834460 0.9765031023485410 0.9848962470323135
2.3803032704192164 -0.0023992676626373 0.0000702923507061 0.0276118257088224 0.9761569264321645 0.9846721591512902
2.3980432953658073 -0.0024346692299855 0.0000702245607896 0.0282277162571154 0.9758068099742793 0.9844454734499551
2.4158617815995229 -0.0024704775666307 0.0000701560015645 0.0288553454752444 0.9754527235928417 0.9842161692688359
2.4337588595517641 -0.0025066959442911 0.0000700866671219 0.0294948982921511 0.9750946368894754 0.9839842252535431
2.4517346153539790 -0.0025433275563791 0.0000700165517117 0.0301465602797582 0.9747325202894895 0.9837496205457312
2.4697891324473185 -0.0025803756004474 0.0000699456495849 0.0308105190955509 0.9743663442273988 0.9835123342552581
2.4879224652469385 -0.0026178432232863 0.0000698739550992 0.0314869635013301 0.9739960796904260 0.9832723458119382
2.5061348011836535 -0.0026557338570228 0.0000698014620757 0.0321760894753466 0.9736216948984441 0.9830296328127418
2.5244262101735586 -0.0026940507019204 0.0000697281647889 0.0328780909038418 0.9732431604162894 0.9827841743346196
2.5427967240382396 -0.0027327968859456 0.0000696540576617 0.0335931623928049 0.9728604475769326 0.9825359499127841
2.5612464563201387 -0.0027719757171982 0.0000695791347822 0.0343215039397226 0.9724735259891562 0.9822849379236365
2.5797755357764793 -0.0028115905470118 0.0000695033901664 0.0350633184934632 0.9720823648917356 0.9820311164616929
2.5983840083418839 -0.0028516445592203 0.0000694268181611 0.0358188080060556 0.9716869352351512 0.9817744646899638
2.6170720239205432 -0.0028921411701698 0.0000693494126794 0.0365881809566355 0.9712872057331928 0.9815149602770451
2.6358396405136779 -0.0029330836074320 0.0000692711680060 0.0373716444314929 0.9708831470233672 0.9812525820966618
2.6546869789224936 -0.0029744752438733 0.0000691920781593 0.0381694104674564 0.9704747283703595 0.9809873080871256
2.6736140683610321 -0.0030163192596763 0.0000691121375373 0.0389816895793291 0.9700619210024490 0.9807191174174537
2.6926210498360788 -0.0030586190896124 0.0000690313400630 0.0398086994131710 0.9696446936996449 0.9804479876209501
2.7117079787265324 -0.0031013779874192 0.0000689496800172 0.0406506563268244 0.9692230170927892 0.9801738973873286
2.7308750004347386 -0.0031445994167569 0.0000688671512919 0.0415077830552785 0.9687968598086875 0.9798968240569363
2.7501221207873678 -0.0031882865349009 0.0000687837483764 0.0423802985217260 0.9683661935625790 0.9796167469306408
2.7694494390674791 -0.0032324427163903 0.0000686994653578 0.0432684282020134 0.9679309879958660 0.9793336439132362
2.7888571495842229 -0.0032770715634582 0.0000686142959014 0.0441724045016096 0.9674912105767047 0.9790474914463068
2.8083452229054000 -0.0033221761728516 0.0000685282346502 0.0450924519221372 0.9670468338262378 0.9787582692094429
2.8279137784686403 -0.0033677599897445 0.0000684412755958 0.0460288043132221 0.9665978269046015 0.9784659546454849
2.8475629333735792 -0.0034138264631144 0.0000683534127360 0.0469816979800733 0.9661441590093033 0.9781705251701927
2.8672927081625774 -0.0034603788224283 0.0000682646405012 0.0479513670304724 0.9656858015751869 0.9778719596047548
2.8871032364271509 -0.0035074205695418 0.0000681749528162 0.0489380535802888 0.9652227234318318 0.9775702350213813
2.9069945626779363 -0.0035549550025396 0.0000680843440091 0.0499419978714509 0.9647548954936250 0.9772653297973590
2.9269668100744051 -0.0036029856134998 0.0000679928080526 0.0509634466229965 0.9642822868455888 0.9769572210640844
2.9470200318371549 -0.0036515157336060 0.0000679003392408 0.0520026455592392 0.9638048682377935 0.9766458869837046
2.9671543133895670 -0.0037005487772175 0.0000678069317249 0.0530598445832970 0.9633226096848678 0.9763313051838275
2.9873697789064031 -0.0037500882602815 0.0000677125794779 0.0541352982508815 0.9628354802874096 0.9760134526395067
3.0076664715298893 -0.0038001362462862 0.0000676172769190 0.0552292594212947 0.9623434511174901 0.9756923075561558
3.0280496553412646 -0.0038507038666679 0.0000675209939346 0.0563422703785133 0.9618463655470982 0.9753677646883244
3.0485091025591342 -0.0039017751489114 0.0000674237730851 0.0574740283409496 0.9613444451804698 0.9750399656848838
3.0690500676343655 -0.0039533663161802 0.0000673255841979 0.0586250767184201 0.9608375344776526 0.9747088059244999
3.0896725421413831 -0.0040054805753843 0.0000672264219033 0.0597956757825094 0.9603256059545331 0.9743742643216798
3.1103766602856404 -0.0040581214967568 0.0000671262801571 0.0609860964375736 0.9598086286507654 0.9740363174593071
3.1311624501972171 -0.0041112923866218 0.0000670251534348 0.0621966061805415 0.9592865742934931 0.9736949436153651
3.1520300325695279 -0.0041649967917757 0.0000669230357720 0.0634274805095468 0.9587594123455220 0.9733501195253114
3.1729794487252918 -0.0042192380600390 0.0000668199216012 0.0646789929463274 0.9582271143220397 0.9730018232038437
3.1940108126780742 -0.0042740197311974 0.0000667158050081 0.0659514240050861 0.9576896499549152 0.9726500314351927
3.2151241551821252 -0.0043293451326639 0.0000666106805009 0.0672450518664144 0.9571469911623935 0.9722947223699472
3.2363195723164599 -0.0043852177656585 0.0000665045422767 0.0685601613434366 0.9565991082619071 0.9719358730456279
3.2575971764233480 -0.0044416411796975 0.0000663973844604 0.0698970410444598 0.9560459712044765 0.9715734601929618
3.2789569994223782 -0.0044986187150636 0.0000662892015942 0.0712559772598567 0.9554875521009405 0.9712074618905833
3.3003990806039494 -0.0045561537325931 0.0000661799882013 0.0726372593435003 0.9549238229700033 0.9708378560898222
3.3219235365261350 -0.0046142498033086 0.0000660697384266 0.0740411843368152 0.9543547538832253 0.9704646193968482
3.3435304461306359 -0.0046729104015757 0.0000659584466195 0.0754680496578881 0.9537803159742988 0.9700877290442584
3.3652198462672525 -0.0047321388897278 0.0000658461073631 0.0769181526582106 0.9532004815903083 0.9697071629906575
3.3869918375214838 -0.0047919388060879 0.0000657327149287 0.0783917976645106 0.9526152214738097 0.9693228980706499
3.4088464825478302 -0.0048523135882196 0.0000656182638008 0.0798892892436017 0.9520245074748139 0.9689349117735755
3.4307838213835979 -0.0049132666124357 0.0000655027486024 0.0814109331215637 0.9514283121651521 0.9685431819904430
3.4528039223556566 -0.0049748013345074 0.0000653861638289 0.0829570396912076 0.9508266074640912 0.9681476861103095
3.4749068773409730 -0.0050369212784187 0.0000652685038698 0.0845279238010705 0.9502193647516577 0.9677484010930500
3.4970927283117250 -0.0050996298299008 0.0000651497634003 0.0861238995496424 0.9496065568892932 0.9673453047971119
3.5193615676546943 -0.0051629305182559 0.0000650299368482 0.0877452874243070 0.9489881554673147 0.9669383741687539
3.5417134164381485 -0.0052268266712922 0.0000649090190470 0.0893924055053123 0.9483641341789100 0.9665275874609409
3.5641483751910181 -0.0052913218441080 0.0000647870044254 0.0910655804689379 0.9477344646338348 0.9661129214776103
3.5866665120153765 -0.0053564195009955 0.0000646638876095 0.0927651394533117 0.9470991194685042 0.9656943536193234
3.6092678649615002 -0.0054221230196101 0.0000645396634152 0.0944914101029442 0.9464580723063798 0.9652718618574476
3.6319525253400045 -0.0054884359326128 0.0000644143263918 0.0962447269150645 0.9458112954026331 0.9648454231811713
3.6547205135269114 -0.0055553615657717 0.0000642878715068 0.0980254217186944 0.9451587631771997 0.9644150159255057
3.6775719126141460 -0.0056229034281837 0.0000641602934082 0.0998338339912142 0.9445004484112003 0.9639806172627761
3.7005068185881518 -0.0056910650687566 0.0000640315866974 0.1016703071420756 0.9438363236507517 0.9635422041262511
3.7235252446210261 -0.0057598497903482 0.0000639017464685 0.1035351807811316 0.9431663639941524 0.9630997550498051
3.7466272514125833 -0.0058292610355640 0.0000637707675807 0.1054288010766593 0.9424905433347148 0.9626532476875245
3.7698129163390726 -0.0058992881751412 0.0000636386455562 0.1073515184114435 0.9418088351571176 0.9622026593428528
3.7907422223602172 -0.0059628236412375 0.0000635188073852 0.1091063429903713 0.9411905200587815 0.9617938055940632
3.8140917307124433 -0.0060340689346677 0.0000633844711510 0.1110857101886804 0.9404974153598690 0.9613353097711084
3.8375203265623594 -0.0061059392492883 0.0000632490036487 0.1130948025092866 0.9397984893471955 0.9608727612433414
3.8610328116711701 -0.0061784524406017 0.0000631123726840 0.1151343796134020 0.9390935763700783 0.9604060449465736
3.8846292280572414 -0.0062516118773851 0.0000629745734145 0.1172048027667448 0.9383826519085346 0.9599351390662000
3.9083096204683119 -0.0063254209343159 0.0000628356010186 0.1193064362468266 0.9376656915599817 0.9594600217747692
3.9320740049706524 -0.0063998828933898 0.0000626954508820 0.1214396445220263 0.9369426719994177 0.9589806718677534
3.9559224741253516 -0.0064750012735864 0.0000625541179776 0.1236048017077731 0.9362135677816041 0.9584970666424881
3.9798550208210228 -0.0065507792778000 0.0000624115979068 0.1258022756937370 0.9354783567136871 0.9580091854598407
4.0038717374753547 -0.0066272204201646 0.0000622678857200 0.1280324462293594 0.9347370137694847 0.9575170057067923
4.0279726870832224 -0.0067043281205299 0.0000621229766803 0.1302956932654570 0.9339895150293236 0.9570205054083829
4.0521579467472186 -0.0067821058422706 0.0000619768660046 0.1325924009584639 0.9332358363463583 0.9565196623417570
4.0764274720019316 -0.0068605566536537 0.0000618295496884 0.1349229446452367 0.9324759575985397 0.9560144568621937
4.1007813883149620 -0.0069396841671733 0.0000616810227416 0.1372877186518028 0.9317098535912036 0.9555048658555716
4.1252196697529540 -0.0070194915015053 0.0000615312811389 0.1396871054829100 0.9309375041155518 0.9549908694244972
4.1497424295555607 -0.0070999822249930 0.0000613803200492 0.1421215040034784 0.9301588848169613 0.9544724448136133
4.1743496758473775 -0.0071811595591985 0.0000612281353306 0.1445913055436549 0.9293739749073660 0.9539495715404832
4.1990414479220881 -0.0072630268230561 0.0000610747226981 0.1470969072234553 0.9285827528696771 0.9534222285365950
4.2238178171526419 -0.0073455874384127 0.0000609200777138 0.1496387122149523 0.9277851964100112 0.9528903941130559
4.2486788264338218 -0.0074288447293069 0.0000607641961637 0.1522171236045376 0.9269812844013408 0.9523540472550976
4.2736244520463345 -0.0075128017908400 0.0000606070743039 0.1548325402097085 0.9261709981502820 0.9518131684686306
4.2986548094530628 -0.0075974621813123 0.0000604487075654 0.1574853781228003 0.9253543147204180 0.9512677353229557
4.3237699185663301 -0.0076828291339488 0.0000602890920304 0.1601760462199027 0.9245312145454956 0.9507177275306732
4.3489698517206214 -0.0077689060555142 0.0000601282235000 0.1629049617172520 0.9237016766216655 0.9501631237371480
4.3632097181001361 -0.0078177235662153 0.0000600370062003 0.1644599652729938 0.9232313118043588 0.9498485207439618
4.3774495844796508 -0.0078666698648625 0.0000599455625986 0.1660243537064020 0.9227597862454834 0.9495330458091241
4.4028512608657984 -0.0079543146914124 0.0000597818810256 0.1688383435625682 0.9219157874702545 0.9489681277883053
4.4283166024581320 -0.0080426057384373 0.0000596170711651 0.1716895468118197 0.9210659958640103 0.9483990217434491
4.4538668976608085 -0.0081316194035286 0.0000594509926300 0.1745807296901098 0.9202096882239710 0.9478252359932474
4.4795021518854785 -0.0082213588211153 0.0000592836419350 0.1775123157818652 0.9193468472826402 0.9472467511262289
4.5052223767849746 -0.0083118271401210 0.0000591150156148 0.1804847319134335 0.9184774558887903 0.9466635476985656
4.5310277052501018 -0.0084030279318221 0.0000589451094653 0.1834984216806386 0.9176014930956682 0.9460756036066711
4.5569180420304400 -0.0084949639564156 0.0000587739208429 0.1865538047380567 0.9167189460134728 0.9454829020407693
4.5828934704763826 -0.0085876385984001 0.0000586014459903 0.1896513241394957 0.9158297960247510 0.9448854222336042
4.6089540255532837 -0.0086810550659895 0.0000584276815294 0.1927914199403168 0.9149340264798924 0.9442831446236565
4.6350997326761165 -0.0087752165272055 0.0000582526242079 0.1959745336398882 0.9140316213930239 0.9436760499800296
4.6613306336958953 -0.0088701262032945 0.0000580762707271 0.1992011113237563 0.9131225645509031 0.9430641188023887
4.6876467074469517 -0.0089657870806089 0.0000578986182775 0.2024715938320072 0.9122068422761813 0.9424473331809042
4.7140479867625986 -0.0090622023336044 0.0000577196637533 0.2057864311115097 0.9112844393797952 0.9418256740712957
4.7405345721429875 -0.0091593753796392 0.0000575394036532 0.2091460842908184 0.9103553386470704 0.9411991209437620
4.7671063787827519 -0.0092573089501863 0.0000573578358036 0.2125509935276171 0.9094195297218615 0.9405676577740618
4.7937634925975692 -0.0093560063963995 0.0000571749569376 0.2160016231079203 0.9084769966274364 0.9399312646279446
4.8205059436663049 -0.0094554708589602 0.0000569907642361 0.2194984327741835 0.9075277257097522 0.9392899230163181
4.8473336893843859 -0.0095557052003019 0.0000568052554527 0.2230418751097984 0.9065717062823885 0.9386436163348636
4.8604545395905925 -0.0096048922647670 0.0000567142628733 0.2247878700201947 0.9061027886515065 0.9383264605249292
4.8684220337505391 -0.0096348132784138 0.0000566589241773 0.2258522745511287 0.9058176124231769 0.9381335314939309
4.8763895279104856 -0.0096647685467554 0.0000566035221170 0.2269198323855576 0.9055321111936010 0.9379403461782163
4.8863509205119700 -0.0097022700160873 0.0000565341664138 0.2282589914912489 0.9051747058460099 0.9376984553140878
4.9134185971520434 -0.0098044838494117 0.0000563452092403 0.2319227991347749 0.9042009920312852 0.9370391583836817
4.9405410328201933 -0.0099073618814053 0.0000561551405306 0.2356307258991585 0.9032215866481127 0.9363755784764448
4.9677489232629721 -0.0100110227414626 0.0000559637441957 0.2393873748846803 0.9022353771019757 0.9357069525862229
4.9950422491023305 -0.0101154693210744 0.0000557710182315 0.2431932145054813 0.9012423540347561 0.9350332643402703
5.0224209841536585 -0.0102207044761533 0.0000555769607625 0.2470487143277098 0.9002425087654863 0.9343544977021467
5.0498851825432300 -0.0103267313635786 0.0000553815694220 0.2509543574505878 0.8992358301000691 0.9336706348039322
5.0774348579079502 -0.0104335529786294 0.0000551848422066 0.2549106236146270 0.8982223087336874 0.9329816589327907
5.1050699762131604 -0.0105411721236183 0.0000549867775343 0.2589179878542596 0.8972019375481366 0.9322875547362096
5.1327905875258653 -0.0106495919204532 0.0000547873733016 0.2629769395285652 0.8961747067561037 0.9315883049192087
5.1605966736781657 -0.0107588152181579 0.0000545866279749 0.2670879602661448 0.8951406095248341 0.9308838940687622
5.1884882698912325 -0.0108688450680373 0.0000543845397179 0.2712515417012744 0.8940996374784478 0.9301743055924009
5.2164653571103550 -0.0109796843008377 0.0000541811071693 0.2754681695312223 0.8930517847064606 0.9294595244484508
5.2445279029029503 -0.0110913356853476 0.0000539763291516 0.2797383293557024 0.8919970462638874 0.9287395361263242
5.2726759725102994 -0.0112038023720417 0.0000537702038593 0.2840625236960315 0.8909354139883489 0.9280143237890991
5.3009095929456951 -0.0113170873550147 0.0000535627298474 0.2884412515103815 0.8898668815927773 0.9272838717468470
5.3154719828618555 -0.0113757037610347 0.0000534554375181 0.2907159636785675 0.8893143231045061 0.9269059335760799
5.3250630769957796 -0.0114143787832947 0.0000533846685845 0.2922201853372887 0.8889498679858242 0.9266565765509525
5.3346541711297037 -0.0114530978858031 0.0000533138179128 0.2937292161833433 0.8885849943600463 0.9264068714197260
5.3434567895362646 -0.0114886777285753 0.0000532487197808 0.2951184272221604 0.8882497493232647 0.9261773883848731
5.3719390639223805 -0.0116041165073066 0.0000530376124207 0.2996412693711926 0.8871626117628572 0.9254328575098106
5.4004722696587049 -0.0117202423977943 0.0000528254088165 0.3042149220514788 0.8860698780957524 0.9246839386585584
5.4290910440710540 -0.0118371983303792 0.0000526118518234 0.3088453633858386 0.8849702253101503 0.9239297141155305
5.4577952851707083 -0.0119549867161448 0.0000523969414414 0.3135330822396983 0.8838636546601784 0.9231701726353509
5.4865849893809848 -0.0120736103594117 0.0000521806770307 0.3182785850074513 0.8827501641252045 0.9224053005967749
5.5154602093970144 -0.0121930722915201 0.0000519630576184 0.3230823892898828 0.8816297499893466 0.9216350830790238
5.5444208532515820 -0.0123133749393987 0.0000517440834137 0.3279449904088348 0.8805024146444923 0.9208595092261783
5.5734669408379514 -0.0124345211856789 0.0000515237538778 0.3328669039293161 0.8793681566507149 0.9200785654159426
5.6025984273316594 -0.0125565136373967 0.0000513020690563 0.3378486361629939 0.8782269775987500 0.9192922399784187
5.6318153231256183 -0.0126793551260552 0.0000510790286710 0.3428907044260304 0.8770788774331342 0.9185005199765356
5.6611176012332916 -0.0128030483208548 0.0000508546328240 0.3479936212441392 0.8759238580776456 0.9177033937032325
5.6905052877069933 -0.0129275961097651 0.0000506288813071 0.3531579099893138 0.8747619198811605 0.9169008482297072
5.7199783167216065 -0.0130530009864222 0.0000504017747147 0.3583840794593220 0.8735930673451409 0.9160928733603861
5.7362104631157314 -0.0131222784938554 0.0000502763998442 0.3612824613064893 0.8729478248301970 0.9156465648930623
5.7524426095098562 -0.0131916760085657 0.0000501508170651 0.3641951376751817 0.8723015223485782 0.9151993221948796
5.7722860454219651 -0.0132767147054526 0.0000499970118371 0.3677752651252155 0.8715100002468482 0.9146513124943864
5.8020130882725800 -0.0134045254504824 0.0000497660205204 0.3731786784015629 0.8703213109461809 0.9138277550398921
5.8318077904019603 -0.0135331263818238 0.0000495338125390 0.3786427470687530 0.8691264247675529 0.9129992135967085
5.8616877122326239 -0.0136625955777136 0.0000493002522111 0.3841711757742849 0.8679246450109929 0.9121651917271175
5.8916528323308412 -0.0137929356666505 0.0000490653403696 0.3897644888770221 0.8667159775286633 0.9113256794055875
5.9217031088388259 -0.0139241491837985 0.0000488290781102 0.3954232081417777 0.8655004295482378 0.9104806674281513
5.9518385265112110 -0.0140562387761828 0.0000485914664229 0.4011478615105304 0.8642780077769028 0.9096301460954387
5.9820590476325100 -0.0141892069888988 0.0000483525065779 0.4069389738422512 0.8630487203885381 0.9087741065942113
6.0123645944407640 -0.0143230561858186 0.0000481122002685 0.4127970632785576 0.8618125777571958 0.9079125415119279
6.0427551155588253 -0.0144577888416877 0.0000478705490869 0.4187226538793302 0.8605695897613032 0.9070454429608193
6.0732306140394972 -0.0145934076697540 0.0000476275542977 0.4247162813459616 0.8593197646198301 0.9061728017621763
6.1037909778980541 -0.0147299148683172 0.0000473832181897 0.4307784596856832 0.8580631158429159 0.9052946122994057
6.1132034856076336 -0.0147720491819981 0.0000473078310484 0.4326560707461056 0.8576754028159805 0.9050235060766180
6.1226159933172131 -0.0148142241521866 0.0000472323820600 0.4345386210935980 0.8572873767336300 0.9047521057558024
6.1533513312479329 -0.0149522761641486 0.0000469855819219 0.4407202816614020 0.8560181606939108 0.9038638408818253
6.1841338527126695 -0.0150910530749721 0.0000467377467817 0.4469643540102681 0.8547437005099577 0.9029710925020951
6.2150011297414043 -0.0152307259978590 0.0000464885771268 0.4532789018682952 0.8534624576593871 0.9020727688286709
6.2459530836660990 -0.0153712972426226 0.0000462380754826 0.4596644491968577 0.8521744469796584 0.9011688645781962
6.2769895792498867 -0.0155127688574021 0.0000459862449459 0.4661215085879409 0.8508796862738505 0.9002593764241511
6.3081105908558568 -0.0156551433860099 0.0000457330878383 0.4726506157339758 0.8495781893837279 0.8993442981329290
6.3393160700387723 -0.0157984232684751 0.0000454786067757 0.4792523022187241 0.8482699716928147 0.8984236244243007
6.3706059039037681 -0.0159426106474035 0.0000452228050121 0.4859270863577596 0.8469550518920671 0.8974973522197536
6.4019800404085325 -0.0160877079436564 0.0000449656854184 0.4926754996490210 0.8456334467293952 0.8965654769486002
6.4334383876269108 -0.0162337173935316 0.0000447072513046 0.4994980653336242 0.8443051752391552 0.8956279955268948
6.4427641035345262 -0.0162771017320635 0.0000446305204038 0.5015313875775643 0.8439108196568218 0.8953494878633866
6.4520898194421417 -0.0163205198983589 0.0000445537361058 0.5035696516809489 0.8435161941612093 0.8950707091697125
6.4629984457816496 -0.0163713543173087 0.0000444638510281 0.5059601571684967 0.8430542453529152 0.8947442683666524
6.4946561636456934 -0.0165192330141843 0.0000442025828092 0.5129359369470504 0.8417115654329943 0.8937948220289127
6.5263618545775364 -0.0166678610013795 0.0000439403069270 0.5199795154937382 0.8403638017271782 0.8928408385993072
6.5581514591165186 -0.0168174085072256 0.0000436767301182 0.5270993238863023 0.8390094492012751 0.8918812373336408
6.5900248084301536 -0.0169678773816875 0.0000434118568974 0.5342958683665785 0.8376485332090174 0.8909160190264995
6.6219818705921174 -0.0171192701207156 0.0000431456907589 0.5415696857868328 0.8362810738909767 0.8899451806597445
6.6540224850625513 -0.0172715886137100 0.0000428782363830 0.5489212836509481 0.8349070975101862 0.8889687234429503
6.6861465273770655 -0.0174248349204941 0.0000426094982689 0.5563511771301949 0.8335266294268410 0.8879866478342546
6.7183539090663542 -0.0175790112745306 0.0000423394807312 0.5638598893287690 0.8321396940854997 0.8869989535271533
6.7506444712962033 -0.0177341195747446 0.0000420681887924 0.5714479264785987 0.8307463195935771 0.8860056427118910
6.7572422649434820 -0.0177658778212002 0.0000420126865160 0.5730057485646416 0.8304612692571121 0.8858023079720194
6.7638400585907608 -0.0177976485424358 0.0000419571610884 0.5745660799725861 0.8301761016200639 0.8855988461444797
6.7740103208048268 -0.0178466548906188 0.0000418715249545 0.5769761916163971 0.8297362970466814 0.8852849684809456
6.8064838130194527 -0.0180034833724994 0.0000415977170715 0.5847115924506242 0.8283301643588634 0.8842807507194790
6.8390007391382142 -0.0181610576069504 0.0000413229801872 0.5925183667509444 0.8269193722051338 0.8832721373912689
6.8716004826814094 -0.0183195701237001 0.0000410469866940 0.6004064009024810 0.8255022405185383 0.8822579109991763
6.9042827777236031 -0.0184790222903044 0.0000407697430797 0.6083761718112838 0.8240788050648331 0.8812380787109810
6.9370474649478302 -0.0186394159931024 0.0000404912550518 0.6164281808027265 0.8226490976349128 0.8802126447564168
6.9698943900907722 -0.0188007531470477 0.0000402115283947 0.6245629293334715 0.8212131504435045 0.8791816135713199
7.0028233655950158 -0.0189630355075360 0.0000399305692960 0.6327809093832333 0.8197709978070457 0.8781449910054497
7.0358342522572430 -0.0191262650727882 0.0000396483836503 0.6410826236975553 0.8183226725700503 0.8771027817572976
7.0435418404702057 -0.0191644551527568 0.0000395824220377 0.6430300923029055 0.8179841407753774 0.8768590089824532
7.0512494286831684 -0.0192026714771356 0.0000395164324017 0.6449810199722882 0.8176454709687743 0.8766150735604507
7.0593388452603323 -0.0192427946386358 0.0000394471445040 0.6470323164189612 0.8172898757898882 0.8763588791146474
7.0925329174649772 -0.0194077752886366 0.0000391625074473 0.6554895208762571 0.8158291576473977 0.8753057463257125
7.1257655023532225 -0.0195734932030241 0.0000388770289691 0.6640208988599106 0.8143642499158422 0.8742484036514971
7.1590793573936944 -0.0197401632315405 0.0000385903479011 0.6726378357976460 0.8128933017483982 0.8731854981369236
7.1924741821152693 -0.0199077865709317 0.0000383024720856 0.6813407858263908 0.8114163561227860 0.8721170413860110
7.2259497875788643 -0.0200763649806653 0.0000380134085263 0.6901302298639707 0.8099334517450879 0.8710430418419596
7.2595059197933018 -0.0202458998992759 0.0000377231649081 0.6990066297629763 0.8084446308480937 0.8699635104270154
7.2931423699881694 -0.0204163929996697 0.0000374317486450 0.7079704571151718 0.8069499343070545 0.8688784570094282
7.3061554919633034 -0.0204825007311449 0.0000373188803755 0.7114561301636113 0.8063710620354902 0.8684578923747786
7.3191686139384373 -0.0205486909889489 0.0000372059423769 0.7149517311110050 0.8057918533784423 0.8680368925406231
7.3406070881895564 -0.0206578574459058 0.0000370197353302 0.7207322185280121 0.8048369091031095 0.8673423707076043
7.3600345993946714 -0.0207569746134598 0.0000368508346409 0.7259937763575069 0.8039707683977344 0.8667119843368131
7.3939331831335808 -0.0209303591639955 0.0000365557644801 0.7352275928173819 0.8024577324653448 0.8656097495233337
7.4278874003620494 -0.0211045848133417 0.0000362597598207 0.7445442200675918 0.8009400530691071 0.8645028097322676
7.4619206232487860 -0.0212797736657895 0.0000359626235667 0.7539505172247279 0.7994167225140977 0.8633904111091923
7.4960325058066681 -0.0214559267099566 0.0000356643650394 0.7634469028653740 0.7978877916351010 0.8622725704337639
7.5302226769529810 -0.0216330448087485 0.0000353649939000 0.7730337850386851 0.7963533130424063 0.8611493057489503
7.5644908661994252 -0.0218111293523711 0.0000350645190480 0.7827115965804023 0.7948133354714914 0.8600206322257615
7.5818969224777941 -0.0219017705004418 0.0000349117404911 0.7876537945933804 0.7940303751160548 0.8594462552449118
7.5993029787561630 -0.0219925350337359 0.0000347588582142 0.7926138419097177 0.7932469181700655 0.8588711531784423
7.6337557594768946 -0.0221726155438249 0.0000344559451427 0.8024841876461893 0.7916947400698883 0.8577306967888070
7.6682575325644979 -0.0223535174751906 0.0000341522037209 0.8124386961281707 0.7901384829576175 0.8565858116552988
7.7028358798080783 -0.0225353875791294 0.0000338473985963 0.8224857368982402 0.7885769440303274 0.8554355938517878
7.7374903110844748 -0.0227182261086204 0.0000335415411839 0.8326256607104836 0.7870101850593386 0.8542800680206606
7.7722204158657009 -0.0229020337396846 0.0000332346423135 0.8428588368241251 0.7854382648464591 0.8531192566179191
7.8070257660335294 -0.0230868110620558 0.0000329267130838 0.8531856248276767 0.7838612436021243 0.8519531831396308
7.8382741354930543 -0.0232530984046162 0.0000326499549241 0.8625179968615230 0.7824439842174509 0.8509039574240749
7.8670710386496685 -0.0234067451555054 0.0000323946607078 0.8711693004367490 0.7811367681745706 0.8499351178017147
7.9020892719755640 -0.0235941099212089 0.0000320838998481 0.8817556550666089 0.7795457066565730 0.8487545013257372
7.9371709669451889 -0.0237823900933862 0.0000317722412632 0.8924338486355062 0.7779502352894874 0.8475690564958116
7.9723255590836093 -0.0239716389584285 0.0000314596090944 0.9032071880273485 0.7763499691695808 0.8463784768376728
8.0075523118697660 -0.0241618554516361 0.0000311460178187 0.9140759080876680 0.7747449859536056 0.8451827989657177
8.0225405863488071 -0.0242429643992117 0.0000310124971334 0.9187225727164889 0.7740616761605276 0.8446732632507380
8.0280559496995902 -0.0242728371292427 0.0000309633505154 0.9204357877409980 0.7738101707342716 0.8444856456955758
8.0335713130503734 -0.0243027083663190 0.0000309141974293 0.9221508008342179 0.7735586320856326 0.8442979640948594
8.0405896966777490 -0.0243407389068289 0.0000308516388259 0.9243357808983760 0.7732384977812202 0.8440590439583894
8.0759776601042379 -0.0245328444169765 0.0000305360281169 0.9353971998893862 0.7716235260576795 0.8428527959010608
8.1114139451598284 -0.0247257948724624 0.0000302196946393 0.9465479006283625 0.7700050565157502 0.8416422971453884
8.1469199874389435 -0.0249197093658007 0.0000299024556413 0.9577949984571154 0.7683821576210441 0.8404268313193500
8.1824950846072220 -0.0251145869918441 0.0000295843258204 0.9691387046308941 0.7667549082667271 0.8392064363418954
8.2181384039467069 -0.0253104261262532 0.0000292653211421 0.9805791809172846 0.7651233938541856 0.8379811551211652
8.2354319141248560 -0.0254056556761868 0.0000291104532191 0.9861569496891750 0.7643314152516274 0.8373857608597747
8.2527254243030050 -0.0255009718751175 0.0000289555295267 0.9917523913678441 0.7635391853543128 0.8367897768498932
8.2683676431013691 -0.0255873036377800 0.0000288153492666 0.9968287667913124 0.7628223914452820 0.8362501958072629
8.3042033343347406 -0.0257855113234059 0.0000284940284966 1.0085130347142570 0.7611795151492374 0.8350122418490741
8.3400742385116065 -0.0259845062502033 0.0000281721584051 1.0202847587279893 0.7595340505297441 0.8337705919902473
8.3760097690457851 -0.0261844537853254 0.0000278494842836 1.0321538923182949 0.7578846990416700 0.8325242476260022
8.4120089411928500 -0.0263853513980696 0.0000275260239795 1.0441204995956026 0.7562315557943883 0.8312732597575647
8.4280242559463403 -0.0264749184081197 0.0000273820565269 1.0494687931752287 0.7554958395260105 0.8307159443451324
8.4359215780149750 -0.0265191142501681 0.0000273110508512 1.0521116668372976 0.7551329918343285 0.8304409515173363
8.4438189000836097 -0.0265633281208586 0.0000272400362871 1.0547582213449440 0.7547701064454476 0.8301658437099119
8.4799641757186688 -0.0267660557451186 0.0000269148908989 1.0669182134681703 0.7531087514686404 0.8289052434091226
8.5161422319562305 -0.0269695671248338 0.0000265892632305 1.0791664132735443 0.7514451682225667 0.8276411250019027
8.5523799180617335 -0.0271740155297590 0.0000262629211535 1.0915121779385106 0.7497781744894161 0.8263725717760200
8.5886760450164150 -0.0273793971776880 0.0000259358847629 1.1039554497252508 0.7481078769003603 0.8250996445200554
8.6017806679407833 -0.0274536981030403 0.0000258177697822 1.1084671355141202 0.7475046795802821 0.8246394908485748
8.6148852908651516 -0.0275280777715458 0.0000256996346964 1.1129889386281924 0.7469014117348881 0.8241790388830943
8.6341825153473746 -0.0276376900972741 0.0000255256427464 1.1196659387398418 0.7460129454828265 0.8235004598034369
8.6517313748605922 -0.0277375176943915 0.0000253673792145 1.1257570291792349 0.7452048547354796 0.8228828060754929
8.6882071537714580 -0.0279454626207499 0.0000250383205827 1.1384755294452611 0.7435248744161637 0.8215973195384800
8.7247112050715305 -0.0281541779884749 0.0000247088753327 1.1512822704136458 0.7418431755720100 0.8203085958051082
8.7612674023388859 -0.0283638025224151 0.0000243788378375 1.1641858439559263 0.7401587123323783 0.8190158158495896
8.7741655743663074 -0.0284379106046041 0.0000242623631326 1.1687573780397977 0.7395643047668755 0.8185591593322743
8.7870637463937289 -0.0285120948516970 0.0000241458749971 1.1733386886521930 0.7389698613809059 0.8181022320950950
8.7925007730647611 -0.0285433775628850 0.0000240967679890 1.1752727985746123 0.7387192726193583 0.8179095406394827
8.7977969401214260 -0.0285738573530699 0.0000240489313663 1.1771584703701363 0.7384751703708828 0.8177217953942899
8.8343935537746052 -0.0287848233928982 0.0000237183229337 1.1902335203234158 0.7367882830102440 0.8164232409523654
8.8710978585940143 -0.0289970249106154 0.0000233866498387 1.2034260182816221 0.7350962320585062 0.8151187270498788
8.9078477591809389 -0.0292101071749217 0.0000230544828471 1.2167140880496903 0.7334019340303480 0.8138104787664369
8.9446415807340252 -0.0294240631970378 0.0000227218470148 1.2300973584758017 0.7317055207855074 0.8124985796305818
8.9515389983391564 -0.0294642406597698 0.0000226594834937 1.2326150327975776 0.7313875033634930 0.8122524194206019
8.9584364159442877 -0.0295044216276369 0.0000225971189971 1.2351354938194723 0.7310694848604117 0.8120061871230203
8.9650734972963928 -0.0295431035869091 0.0000225371066449 1.2375634530656423 0.7307634690983298 0.8117691807394439
9.0019331576051922 -0.0297582938910461 0.0000222037907641 1.2510942886156162 0.7290639869784992 0.8104517403025858
9.0388317323418743 -0.0299743337519232 0.0000218700767418 1.2647190349863389 0.7273627597703972 0.8091308899561170
9.0757671735331726 -0.0301912137490679 0.0000215359931079 1.2784371178849290 0.7256599369345678 0.8078067286428584
9.0908247838419918 -0.0302798094135462 0.0000213997879161 1.2840524922986474 0.7249657832313913 0.8072663385005608
9.1058823941508109 -0.0303685090518260 0.0000212635790701 1.2896811077798587 0.7242716596251700 0.8067256246978999
9.1130497950082887 -0.0304107481637026 0.0000211987439044 1.2923649707305731 0.7239412692211215 0.8064681326204138
9.1196083383457225 -0.0304494164495737 0.0000211394160418 1.2948234717534963 0.7236389518542712 0.8062324503636650
9.1566656649560603 -0.0306682715379395 0.0000208041927517 1.3087617384912547 0.7219309276308996 0.8048996553569371
9.1937050178078508 -0.0308876495111525 0.0000204691278405 1.3227732588770378 0.7202240102463769 0.8035656039353960
9.2307714838232275 -0.0311078185235085 0.0000201338234762 1.3368750452755407 0.7185161763719259 0.8022287035029187
9.2451422445171563 -0.0311933484518505 0.0000200038288481 1.3423638578174955 0.7178541461471131 0.8017098868456901
9.2500270084506955 -0.0312224425519843 0.0000199596430301 1.3442322959442570 0.7176291293275419 0.8015334732308516
9.2530009161118283 -0.0312401607937876 0.0000199327423078 1.3453705050979605 0.7174921396918869 0.8014260548100359
9.2559748237729611 -0.0312578742908988 0.0000199058422749 1.3465092286926441 0.7173551526574207 0.8013186246577295
9.2620555209379578 -0.0312941051044108 0.0000198508407220 1.3488391581154728 0.7170750661569620 0.8010989276408081
9.2992383580657005 -0.0315160222673641 0.0000195145276435 1.3631331986321928 0.7153626275943363 0.7997544455911008
9.3363690247768929 -0.0317382625609667 0.0000191787206245 1.3774873360027644 0.7136530791943877 0.7984100593272954
9.3735163534529349 -0.0319612381511864 0.0000188428069847 1.3919279834539207 0.7119433047365492 0.7970633112323102
9.3821530975542569 -0.0320131711213312 0.0000187647145163 1.3952968960013727 0.7115458658601421 0.7967499440462213
9.3907898416555788 -0.0320651385320373 0.0000186866250849 1.3986701321760313 0.7111484597904405 0.7964364839072393
9.4279725870942030 -0.0322891512261998 0.0000183504804165 1.4132418735827501 0.7094379437590640 0.7950859289849475
9.4627191576654361 -0.0324990630725945 0.0000180364211669 1.4269312282197619 0.7078401058135311 0.7938223379637881
9.4999027614376725 -0.0327243161631812 0.0000177004096543 1.4416580480049865 0.7061308990432241 0.7924685222720960
9.5144569585928949 -0.0328126578928262 0.0000175689130789 1.4474440891822118 0.7054620989069916 0.7919381756914013
9.5203651260225808 -0.0328485475926605 0.0000175155369642 1.4497963795779796 0.7051906390674463 0.7917228149551351
9.5262732934522667 -0.0328844396242954 0.0000174621640516 1.4521506849448895 0.7049191993359645 0.7915074136839777
9.5318306999113780 -0.0329182124648459 0.0000174119621803 1.4543670567155282 0.7046638933003716 0.7913047636378635
9.5689219673118178 -0.0331439859589171 0.0000170769606308 1.4692052012925869 0.7029604051140893 0.7899513276952851
9.6061039974211049 -0.0333709530373829 0.0000167412439118 1.4841592409025202 0.7012536173919734 0.7885930172225206
9.6432781691996343 -0.0335985153214911 0.0000164057122843 1.4991896830440525 0.6995481115957544 0.7872334613545354
9.6483588911940714 -0.0336296572293996 0.0000163598640307 1.5012501194983088 0.6993150885146394 0.7870475288934727
9.6531017675329025 -0.0336587349416812 0.0000163170668555 1.5031748852594964 0.6990975768859691 0.7868739348807071
9.6902589933309393 -0.0338869019529959 0.0000159818524441 1.5182988508494857 0.6973940836925530 0.7855131072679358
9.7274027225787556 -0.0341156303752698 0.0000156468948780 1.5334965407954035 0.6956922435055976 0.7841513142257466
9.7391557117596683 -0.0341881388659041 0.0000155409374893 1.5383218613565264 0.6951539720662617 0.7837201178337914
9.7509087009405810 -0.0342607120701091 0.0000154349948404 1.5431550986175531 0.6946158107942242 0.7832887794450191
9.7584808003204824 -0.0343075031173040 0.0000153667471036 1.5462732006043001 0.6942691486775843 0.7830108062726184
9.7660528997003837 -0.0343543087882788 0.0000152985064620 1.5493945864812504 0.6939225332174774 0.7827327748287096
9.7759098415707211 -0.0344152668258582 0.0000152096848568 1.5534627529777763 0.6934713989485098 0.7823707619082394
9.8129693990335518 -0.0346448610805056 0.0000148758383943 1.5688077538365275 0.6917759821703179 0.7810088168135371
9.8500292004346939 -0.0348751023834918 0.0000145421542933 1.5842313655519211 0.6900817472915289 0.7796455117360981
9.8640821877375782 -0.0349625785099403 0.0000144156669808 1.5901004701739456 0.6894396196600749 0.7791282028529153
9.8703182770345492 -0.0350014263596173 0.0000143595456705 1.5927085271380992 0.6891547299484442 0.7788985838604280
9.8755584110985417 -0.0350340746725410 0.0000143123919030 1.5949017710347506 0.6889153671370803 0.7787056083842261
9.8805014259081894 -0.0350648792596344 0.0000142679153594 1.5969720918996879 0.6886895996693696 0.7785235509330933
9.9175496943055474 -0.0352961290371476 0.0000139346641735 1.6125336413456093 0.6869981891145422 0.7771582878264520
9.9544985204460552 -0.0355274045961875 0.0000136024962545 1.6281312692253473 0.6853126420011050 0.7757954301054839
9.9684078704647039 -0.0356146357234157 0.0000134775025965 1.6340231008514614 0.6846784716420922 0.7752820640802885
9.9762483978678702 -0.0356638473072821 0.0000134070577215 1.6373490995216640 0.6843210841882973 0.7749926100145221
9.9840889252710365 -0.0357130684949770 0.0000133366232102 1.6406785911042787 0.6839637593923082 0.7747031014809481
9.9928278083875348 -0.0357679627961930 0.0000132581293169 1.6443936856486199 0.6835655675114801 0.7743803576445358
10.0296282699482973 -0.0359995274285059 0.0000129277102105 1.6600859479947208 0.6818896123077856 0.7730205158281139
10.0664137919981158 -0.0362316429048068 0.0000125976381101 1.6758485838343686 0.6802157893867596 0.7716600696703591
10.0747578554097394 -0.0362843836005465 0.0000125227983071 1.6794346886521985 0.6798363227201996 0.7713513217421585
10.0831019188213631 -0.0363371383697927 0.0000124479712173 1.6830247342988160 0.6794569333876471 0.7710425161859960
10.0908781135454717 -0.0363863310303597 0.0000123782471372 1.6863740001091165 0.6791034342762047 0.7707546752957202
10.1275342038771612 -0.0366186093279984 0.0000120497135907 1.7022081021873805 0.6774380064125173 0.7693971644971186
10.1641364070956506 -0.0368511893778835 0.0000117218958636 1.7180946538312429 0.6757765851180421 0.7680405812033073
10.1685951790769735 -0.0368795656132486 0.0000116819783709 1.7200350715520043 0.6755743042494047 0.7678752547191584
10.1730539510582965 -0.0369079418293975 0.0000116420650835 1.7219766103159180 0.6753720471006741 0.7677099128754791
10.1780594907423509 -0.0369398076713334 0.0000115972617198 1.7241575703925174 0.6751450161625336 0.7675242773452711
10.2145100962728126 -0.0371722203532418 0.0000112711400616 1.7400820069945757 0.6734926843815369 0.7661718944874396
10.2509152933518308 -0.0374049838740829 0.0000109456739459 1.7560612449677471 0.6718440559303901 0.7648202072466614
10.2670572993885170 -0.0375083742442780 0.0000108014459739 1.7631702536877090 0.6711135937010299 0.7642205623444592
10.2831993054252031 -0.0376118747416738 0.0000106572702386 1.7702938952982417 0.6703834665508909 0.7636207310242786
10.3193907531365010 -0.0378443896524710 0.0000103342082137 1.7863187034002495 0.6687477107552573 0.7622752045150059
10.3326633194634248 -0.0379298201129177 0.0000102157978383 1.7922139146946268 0.6681482618978267 0.7617815304431120
10.3395478531138760 -0.0379741670740211 0.0000101543922367 1.7952756706531510 0.6678374185223580 0.7615254126414213
10.3449738753078666 -0.0380091277223283 0.0000101060030533 1.7976906532506411 0.6675924733434854 0.7613235317576739
10.3503998975018572 -0.0380440979363444 0.0000100576203309 1.8001072837607330 0.6673475679899329 0.7611216311350939
10.3862118229420108 -0.0382752631562037 0.0000097384488351 1.8160984270486480 0.6657321949945788 0.7597885919648005
10.3998812747759484 -0.0383636646725803 0.0000096166931747 1.8222211657434455 0.6651160734701660 0.7592795493339146
10.4135507266098859 -0.0384521578275138 0.0000094949781641 1.8283543380814569 0.6645002140044196 0.7587703873797382
10.4190641571641436 -0.0384878765814906 0.0000094458972814 1.8308310404725103 0.6642518881892898 0.7585649887916355
10.4245775877184013 -0.0385236025764283 0.0000093968236027 1.8333094388077882 0.6640036054017301 0.7583595711263090
10.4300051877604041 -0.0385587826598415 0.0000093485207342 1.8357509107413736 0.6637592299659558 0.7581573327568552
10.4658151771470287 -0.0387912554643884 0.0000090299953573 1.8519003064918005 0.6621479608143112 0.7568225583398089
10.4784994794120010 -0.0388737515113986 0.0000089172397605 1.8576377341321231 0.6615776776642722 0.7563495799760023
10.4911837816769733 -0.0389563270168041 0.0000088045211238 1.8633841144828183 0.6610076309146198 0.7558765060922805
10.4955001042371290 -0.0389844446535113 0.0000087661727490 1.8653415824927067 0.6608137047618630 0.7557155029023599
10.4998164267972847 -0.0390125639682799 0.0000087278291936 1.8673000864030922 0.6606198061454230 0.7555544888306636
10.5043235056834359 -0.0390419341865343 0.0000086877958153 1.8693462501484885 0.6604173678838684 0.7553863473048378
10.5394351823887042 -0.0392710825672164 0.0000083760857881 1.8853252015885940 0.6588413478577354 0.7540760687878363
10.5508798051264527 -0.0393459054589507 0.0000082745475083 1.8905483167442363 0.6583280486497469 0.7536488343798802
10.5623244278642012 -0.0394207934677968 0.0000081730407594 1.8957786963807586 0.6578149498197655 0.7532215275840816
10.5670875726482674 -0.0394519803656721 0.0000081308039474 1.8979576713554356 0.6576014622418137 0.7530436653684225
10.5718507174323335 -0.0394831695430043 0.0000080885732410 1.9001379037137434 0.6573880095495209 0.7528657908195943
10.5776251907895276 -0.0395209952921158 0.0000080373834260 1.9027827368861310 0.6571292828517488 0.7526501328284994
10.6128345450966020 -0.0397519942686695 0.0000077254355763 1.9189493293887814 0.6555528445234688 0.7513347927553728
10.6255968863762682 -0.0398358774458777 0.0000076124399691 1.9248261728593450 0.6549819146577954 0.7508578613754616
10.6320514233431176 -0.0398783322987978 0.0000075553081956 1.9278018067841287 0.6546932662305970 0.7506166222310572
10.6385059603099670 -0.0399208007366552 0.0000074981874337 1.9307797427325619 0.6544046842167001 0.7503753619645763
10.6493154307942248 -0.0399919609409802 0.0000074025510636 1.9357720724589818 0.6539215427774537 0.7499712743309251
10.6840725680041313 -0.0402211693992282 0.0000070952418139 1.9518682832319307 0.6523693138571577 0.7486715668306420
10.6968794374886009 -0.0403057784738403 0.0000069820874105 1.9578160054103291 0.6517978655124647 0.7481925202535575
10.7015838251470168 -0.0403368732281962 0.0000069405332141 1.9600030702941207 0.6515880213471856 0.7480165311134667
10.7062277731391280 -0.0403675764288772 0.0000068995187925 1.9621632323637488 0.6513809089848711 0.7478427928264693
10.7408075649747907 -0.0405965412104315 0.0000065942968003 1.9782855690370709 0.6498398364349545 0.7465487896671644
10.7551846875991313 -0.0406919152028166 0.0000064674899187 1.9850080514638186 0.6491997007094485 0.7460106279151025
10.7636841827377090 -0.0407483392576632 0.0000063925508480 1.9889876030447011 0.6488214285975028 0.7456924336770576
10.7721836778762867 -0.0408047934087868 0.0000063176318577 1.9929711217133055 0.6484432793484438 0.7453742080857761
10.8062668675056059 -0.0410315448668198 0.0000060174039690 2.0089849495012122 0.6469281362512522 0.7440978073731163
10.8131554724853771 -0.0410774458280681 0.0000059567635162 2.0122292654665026 0.6466221523267462 0.7438397734833813
10.8200440774651483 -0.0411233640259254 0.0000058961367648 2.0154761810914583 0.6463162509225409 0.7435817203030756
10.8281048318437474 -0.0411771206927511 0.0000058252111470 2.0192788841766158 0.6459584031829425 0.7432797331125411
10.8618378203610124 -0.0414024443333568 0.0000055285976310 2.0352311722659056 0.6444621068619217 0.7420156866707226
10.8697062400821505 -0.0414550862724213 0.0000054594573613 2.0389610871555921 0.6441133769271231 0.7417207773921872
10.8775746598032885 -0.0415077476175267 0.0000053903356752 2.0426943845418464 0.6437647573204924 0.7414258448574504
10.8861663827097725 -0.0415652856155674 0.0000053148803967 2.0467747263363201 0.6433842175524722 0.7411037744403433
10.9195777387041506 -0.0417893995398494 0.0000050216548807 2.0626805846280272 0.6419056463192506 0.7398510579707758
10.9242858854700753 -0.0418210218292125 0.0000049803617110 2.0649268447335429 0.6416974569747471 0.7396745002401953
10.9287572251345892 -0.0418510618534822 0.0000049411516751 2.0670612422279162 0.6414997764439313 0.7395068157850014
10.9618889264075019 -0.0420739742627912 0.0000046507980870 2.0829106042999168 0.6400361491512319 0.7382640978992612
10.9665735676451064 -0.0421055387347355 0.0000046097701078 2.0851564370910527 0.6398293639616491 0.7380883551028361
10.9694667759243494 -0.0421250384639887 0.0000045844347480 2.0865440469619672 0.6397016749550052 0.7379798137895378
10.9723599842035924 -0.0421445383465952 0.0000045591021825 2.0879321119146086 0.6395740014632774 0.7378712697853488
