0.0000933259227625 -0.0000000000064277 0.0001091010009925 0.0000000000000026 0.9999999999649948 0.9999999999708407
0.0001281283787258 -0.0000000000121164 0.0001091010009777 0.0000000000000067 0.9999999999336594 0.9999999999450340
0.0001707021232961 -0.0000000000215069 0.0001091010009533 0.0000000000000160 0.9999999998819332 0.9999999999024340
0.0002217553210886 -0.0000000000362958 0.0001091010009148 0.0000000000000350 0.9999999998004707 0.9999999998353438
0.0002819623431843 -0.0000000000586809 0.0001091010008565 0.0000000000000719 0.9999999996771668 0.9999999997337941
0.0003519810563275 -0.0000000000914443 0.0001091010007711 0.0000000000001399 0.9999999994966958 0.9999999995851628
0.0004324448761291 -0.0000000001380326 0.0001091010006498 0.0000000000002594 0.9999999992400731 0.9999999993738148
0.0005239598849281 -0.0000000002026365 0.0001091010004816 0.0000000000004614 0.9999999988842151 0.9999999990807389
0.0006271213173883 -0.0000000002902858 0.0001091010002533 0.0000000000007911 0.9999999984014166 0.9999999986831177
0.0007424944800257 -0.0000000004069207 0.0001091009999495 0.0000000000013130 0.9999999977589564 0.9999999981540031
0.0008706302156529 -0.0000000005594886 0.0001091009995522 0.0000000000021168 0.9999999969185666 0.9999999974618782
0.0010120542016743 -0.0000000007560171 0.0001091009990404 0.0000000000033250 0.9999999958360284 0.9999999965703258
0.0011672920330506 -0.0000000010057346 0.0001091009983901 0.0000000000051017 0.9999999944605099 0.9999999954374817
0.0013368572616627 -0.0000000013191513 0.0001091009975738 0.0000000000076636 0.9999999927341171 0.9999999940156659
0.0015212279660548 -0.0000000017080999 0.0001091009965609 0.0000000000112917 0.9999999905916720 0.9999999922511993
0.0017208916658547 -0.0000000021859077 0.0001091009953165 0.0000000000163470 0.9999999879597636 0.9999999900836225
0.0019363095863972 -0.0000000027674159 0.0001091009938021 0.0000000000232864 0.9999999847566430 0.9999999874456088
0.0021679453590672 -0.0000000034691379 0.0001091009919746 0.0000000000326831 0.9999999808913487 0.9999999842622447
0.0024162411688006 -0.0000000043092878 0.0001091009897866 0.0000000000452479 0.9999999762635520 0.9999999804509017
0.0026816315575324 -0.0000000053079057 0.0001091009871860 0.0000000000618551 0.9999999707628668 0.9999999759206686
0.0029645485062466 -0.0000000064869736 0.0001091009841153 0.0000000000835706 0.9999999642682088 0.9999999705718231
0.0032654067184673 -0.0000000078704505 0.0001091009805123 0.0000000001116837 0.9999999566476050 0.9999999642956754
0.0035846258271991 -0.0000000094844621 0.0001091009763090 0.0000000001477439 0.9999999477571476 0.9999999569737066
0.0039225943015984 -0.0000000113572150 0.0001091009714318 0.0000000001935968 0.9999999374414662 0.9999999484779570
0.0042797264772930 -0.0000000135193900 0.0001091009658009 0.0000000002514352 0.9999999255315610 0.9999999386692427
0.0046564102521665 -0.0000000160039634 0.0001091009593303 0.0000000003238409 0.9999999118457896 0.9999999273979672
0.0050530109870618 -0.0000000188462769 0.0001091009519281 0.0000000004138364 0.9999998961894799 0.9999999145038028
0.0054699119060118 -0.0000000220844074 0.0001091009434951 0.0000000005249513 0.9999998783528919 0.9999998998140129
0.0059074967794978 -0.0000000257591824 0.0001091009339249 0.0000000006612847 0.9999998581111358 0.9999998831433836
0.0063661242107954 -0.0000000299140561 0.0001091009231044 0.0000000008275673 0.9999998352248538 0.9999998642947852
0.0068461466881811 -0.0000000345953307 0.0001091009109130 0.0000000010292398 0.9999998094389988 0.9999998430581668
0.0073479244317588 -0.0000000398523968 0.0001091008972220 0.0000000012725417 0.9999997804815134 0.9999998192094685
0.0078718046071414 -0.0000000457376335 0.0001091008818952 0.0000000015645912 0.9999997480638777 0.9999997925110716
0.0084181282074879 -0.0000000523065584 0.0001091008647878 0.0000000019134828 0.9999997118802855 0.9999997627111211
0.0089872331190585 -0.0000000596179560 0.0001091008457468 0.0000000023283913 0.9999996716069334 0.9999997295429404
0.0095794614576041 -0.0000000677340820 0.0001091008246100 0.0000000028196890 0.9999996269008991 0.9999996927241058
0.0101951442230767 -0.0000000767205662 0.0001091008012066 0.0000000033990538 0.9999995774006749 0.9999996519568882
0.0108346093123711 -0.0000000866466054 0.0001091007753563 0.0000000040796008 0.9999995227251045 0.9999996069273756
0.0114981684246104 -0.0000000975848416 0.0001091007468700 0.0000000048760021 0.9999994624740547 0.9999995573060266
0.0121861497142608 -0.0000001096119832 0.0001091007155478 0.0000000058046682 0.9999993962249938 0.9999995027448539
0.0128988605930812 -0.0000001228082946 0.0001091006811808 0.0000000068838579 0.9999993235358028 0.9999994428797377
0.0136366178531627 -0.0000001372582086 0.0001091006435490 0.0000000081338815 0.9999992439414008 0.9999993773276473
0.0143997249750352 -0.0000001530500103 0.0001091006024226 0.0000000095772406 0.9999991569554894 0.9999993056880773
0.0151884941922267 -0.0000001702763717 0.0001091005575602 0.0000000112388517 0.9999990620676047 0.9999992275406202
0.0160032143985156 -0.0000001890337606 0.0001091005087105 0.0000000131461755 0.9999989587463749 0.9999991424476491
0.0168441827528879 -0.0000002094232007 0.0001091004556105 0.0000000153294848 0.9999988464353340 0.9999990499508694
0.0177117137342120 -0.0000002315506724 0.0001091003979841 0.0000000178221234 0.9999987245507129 0.9999989495695003
0.0186060783941102 -0.0000002555256743 0.0001091003355463 0.0000000206605653 0.9999985924893631 0.9999988408068000
0.0195275824205258 -0.0000002814633024 0.0001091002679972 0.0000000238848799 0.9999984496173049 0.9999987231406345
0.0204764933238472 -0.0000003094823996 0.0001091001950274 0.0000000275387571 0.9999982952799199 0.9999985960318721
0.0214531067537580 -0.0000003397075035 0.0001091001163125 0.0000000316700042 0.9999981287912221 0.9999984589155458
0.0224577053427198 -0.0000003722677999 0.0001091000315161 0.0000000363306887 0.9999979494396224 0.9999983112056035
0.0234905429821521 -0.0000004072965994 0.0001090999402911 0.0000000415773312 0.9999977564908122 0.9999981522972797
0.0245519383384913 -0.0000004449346191 0.0001090998422708 0.0000000474716954 0.9999975491696862 0.9999979815522094
0.0256421241043678 -0.0000004853249037 0.0001090997370829 0.0000000540803288 0.9999973266883181 0.9999977983214678
0.0267613932782192 -0.0000005286180295 0.0001090996243352 0.0000000614756924 0.9999970882172980 0.9999976019219642
0.0279100009813508 -0.0000005749686689 0.0001090995036249 0.0000000697359556 0.9999968329046524 0.9999973916520234
0.0290882239248261 -0.0000006245379419 0.0001090993745323 0.0000000789457481 0.9999965598628955 0.9999971667807227
0.0302963302772744 -0.0000006774923710 0.0001090992366239 0.0000000891963605 0.9999962681747825 0.9999969265526288
0.0315345597363441 -0.0000007340029978 0.0001090990894541 0.0000001005859424 0.9999959568981804 0.9999966701918092
0.0328031942904015 -0.0000007942486608 0.0001090989325573 0.0000001132205591 0.9999956250480061 0.9999963968869577
0.0341024803897795 -0.0000008584125907 0.0001090987654562 0.0000001272139384 0.9999952716149876 0.9999961058068444
0.0354326660160381 -0.0000009266841273 0.0001090985876578 0.0000001426882424 0.9999948955562038 0.9999957960925250
0.0367940247569228 -0.0000009992601542 0.0001090983986493 0.0000001597748730 0.9999944957871817 0.9999954668508317
0.0381867944748745 -0.0000010763420182 0.0001090981979063 0.0000001786142454 0.9999940711988654 0.9999951171683483
0.0396112184321648 -0.0000011581376853 0.0001090979848874 0.0000001993567608 0.9999936206457425 0.9999947461016314
0.0410675580664498 -0.0000012448626834 0.0001090977590312 0.0000002221635873 0.9999931429406492 0.9999943526729315
0.0425560545653782 -0.0000013367380022 0.0001090975197622 0.0000002472066669 0.9999926368663393 0.9999939358797205
0.0440769594318940 -0.0000014339919785 0.0001090972664857 0.0000002746697625 0.9999921011651012 0.9999934946861405
0.0456305044362289 -0.0000015368585051 0.0001090969985926 0.0000003047485375 0.9999915345486218 0.9999930280311278
0.0472169269002573 -0.0000016455786826 0.0001090967154552 0.0000003376516045 0.9999909356888892 0.9999925348209183
0.0488364672997300 -0.0000017604008255 0.0001090964164266 0.0000003736011651 0.9999903032181606 0.9999920139290231
0.0504893578955352 -0.0000018815797681 0.0001090961008433 0.0000004128334401 0.9999896357327835 0.9999914641993736
0.0521758634854611 -0.0000020093800194 0.0001090957680164 0.0000004556003803 0.9999889317758208 0.9999908844320110
0.0538962051702878 -0.0000021440702254 0.0001090954172464 0.0000005021685521 0.9999881898675517 0.9999902734082081
0.0556505873688483 -0.0000022859249545 0.0001090950478181 0.0000005528203263 0.9999874084956404 0.9999896298823698
0.0574392610394680 -0.0000024352299482 0.0001090946589875 0.0000006078564975 0.9999865860862110 0.9999889525582112
0.0592624810905909 -0.0000025922791252 0.0001090942499892 0.0000006675961063 0.9999857210203551 0.9999882401023521
0.0611204405392697 -0.0000027573688213 0.0001090938200515 0.0000007323749753 0.9999848116658548 0.9999874911704436
0.0630133667104898 -0.0000029308060042 0.0001090933683749 0.0000008025495798 0.9999838563319382 0.9999867043699041
0.0649415032215890 -0.0000031129071335 0.0001090928941354 0.0000008784975810 0.9999828532755577 0.9999858782650900
0.0669050580898873 -0.0000033039933891 0.0001090923964966 0.0000009606167179 0.9999818007276741 0.9999850113989416
0.0689042666837871 -0.0000035043966763 0.0001090918745941 0.0000010493281938 0.9999806968601810 0.9999841022657421
0.0709393495468594 -0.0000037144557281 0.0001090913275459 0.0000011450759708 0.9999795398073720 0.9999831493287967
0.0730105213055530 -0.0000039345169635 0.0001090907544498 0.0000012483280445 0.9999783276612171 0.9999821510165421
0.0751180003394253 -0.0000041649355841 0.0001090901543808 0.0000013595779222 0.9999770584653208 0.9999811057175686
0.0772620087216382 -0.0000044060757416 0.0001090895263908 0.0000014793457475 0.9999757302140030 0.9999800117798625
0.0794427655766160 -0.0000046583099349 0.0001090888695096 0.0000016081790632 0.9999743408556171 0.9999788675135384
0.0816604597652075 -0.0000049220157895 0.0001090881827539 0.0000017466521551 0.9999728883102946 0.9999776712054518
0.0839153461438086 -0.0000051975875966 0.0001090874650970 0.0000018953732075 0.9999713704063845 0.9999764210668503
0.0862076161025719 -0.0000054854210573 0.0001090867155085 0.0000020549774486 0.9999697849644856 0.9999751153025808
0.0885374752805010 -0.0000057859224887 0.0001090859329302 0.0000022261330758 0.9999681297467408 0.9999737520693269
0.0909051377444585 -0.0000060995083973 0.0001090851162776 0.0000024095423249 0.9999664024591871 0.9999723294775437
0.0933108210160801 -0.0000064266050576 0.0001090842644408 0.0000026059425325 0.9999646007540778 0.9999708455933686
0.0957547322027542 -0.0000067676467334 0.0001090833762889 0.0000028161063425 0.9999627222396819 0.9999692984466904
0.0982370647225258 -0.0000071230751342 0.0001090824506716 0.0000030408425588 0.9999607644832798 0.9999676860336153
0.1007580422799042 -0.0000074933458180 0.0001090814864029 0.0000032810015294 0.9999587249758971 0.9999660062874198
0.1033178471149604 -0.0000078789179298 0.0001090804822870 0.0000035374699681 0.9999566011888272 0.9999642571251015
0.1059166993955391 -0.0000082802659470 0.0001090794370886 0.0000038111799725 0.9999543905089391 0.9999624363940955
0.1085548065363316 -0.0000086978724009 0.0001090783495511 0.0000041031057964 0.9999520902787703 0.9999605419052952
0.1112323590335256 -0.0000091322270669 0.0001090772183993 0.0000044142646025 0.9999496978009879 0.9999585714367214
0.1139495403129888 -0.0000095838284023 0.0001090760423353 0.0000047457188192 0.9999472103304718 0.9999565227270034
0.1167065815555271 -0.0000100531929578 0.0001090748200140 0.0000050985847396 0.9999446250224776 0.9999543934326802
0.1195036734301297 -0.0000105408408997 0.0001090735500812 0.0000054740235645 0.9999419390123834 0.9999521811938805
0.1223409947218332 -0.0000110473004672 0.0001090722311613 0.0000058732460019 0.9999391493911408 0.9999498836141003
0.1252187770731090 -0.0000115731197994 0.0001090708618273 0.0000062975233881 0.9999362531401345 0.9999474982065502
0.1281372083977309 -0.0000121188499100 0.0001090694406443 0.0000067481760835 0.9999332472249598 0.9999450224713888
0.1310964606314541 -0.0000126850492410 0.0001090679661584 0.0000072265784070 0.9999301285703455 0.9999424538750670
0.1340967383340283 -0.0000132722930410 0.0001090664368720 0.0000077341683243 0.9999268940084975 0.9999397898077785
0.1371382166086575 -0.0000138811616338 0.0001090648512739 0.0000082724394019 0.9999235403437212 0.9999370276366824
0.1402211051176773 -0.0000145122531217 0.0001090632078072 0.0000088429537380 0.9999200642824536 0.9999341646482719
0.1433456189852776 -0.0000151661781311 0.0001090615048818 0.0000094473396771 0.9999164624622084 0.9999311980722103
0.1465119035771957 -0.0000158435438002 0.0001090597409172 0.0000100872786626 0.9999127315397749 0.9999281251539719
0.1497202014320623 -0.0000165449891511 0.0001090579142497 0.0000107645402689 0.9999088679963922 0.9999249429943725
0.1529706603634064 -0.0000172711441789 0.0001090560232392 0.0000114809456424 0.9999048683630896 0.9999216487351642
0.1562634829481314 -0.0000180226621807 0.0001090540661847 0.0000122384003960 0.9999007290426237 0.9999182394123718
0.1595988283578543 -0.0000188001980676 0.0001090520413815 0.0000130388754780 0.9998964464289374 0.9999147120546803
0.1629769172642780 -0.0000196044326454 0.0001090499470570 0.0000138844340960 0.9998920167734291 0.9999110635732834
0.1663979164975879 -0.0000204360459365 0.0001090477814411 0.0000147772066133 0.9998874363318994 0.9999072908829106
0.1698620418363826 -0.0000212957417137 0.0001090455427016 0.0000157194186326 0.9998827012294219 0.9999033907905245
0.1733694499244983 -0.0000221842212132 0.0001090432290130 0.0000167133649978 0.9998778076051379 0.9998993601145747
0.1769203341046099 -0.0000231022067476 0.0001090408384952 0.0000177614377812 0.9998727514822020 0.9998951955778739
0.1805148609031269 -0.0000240504258547 0.0001090383692543 0.0000188661111328 0.9998675288550940 0.9998908938795068
0.1841532304644869 -0.0000250296271273 0.0001090358193415 0.0000200299619812 0.9998621356024348 0.9998864516230150
0.1878356117133158 -0.0000260405632566 0.0001090331867978 0.0000212556528814 0.9998565675803890 0.9998818653933226
0.1915621779661970 -0.0000270840003710 0.0001090304696289 0.0000225459453055 0.9998508205712336 0.9998771317143674
0.1953331203878113 -0.0000281607221460 0.0001090276657949 0.0000239037076585 0.9998448902607254 0.9998722470304545
0.1991486088992607 -0.0000292715189276 0.0001090247732387 0.0000253319044989 0.9998387722980164 0.9998672077555979
0.2030088364282018 -0.0000304172005099 0.0001090217898527 0.0000268336154835 0.9998324622252823 0.9998620102155519
0.2069139572660456 -0.0000315985780825 0.0001090187135256 0.0000284120146975 0.9998259555771610 0.9998566507297086
0.2108641734853501 -0.0000328164901253 0.0001090155420749 0.0000300704076757 0.9998192477381355 0.9998511254936187
0.2148596439598209 -0.0000340717750658 0.0001090122733188 0.0000318121979007 0.9998123340931384 0.9998454307030357
0.2189005547560479 -0.0000353652928666 0.0001090089050191 0.0000336409189062 0.9998052099086648 0.9998395624559800
0.2229870566370433 -0.0000366979053801 0.0001090054349328 0.0000355602098854 0.9997978704409746 0.9998335168418581
0.2271193387150542 -0.0000380705000853 0.0001090018607505 0.0000375738524312 0.9997903108053725 0.9998272898337784
0.2312975856173430 -0.0000394839767458 0.0001089981801306 0.0000396857552486 0.9997825260496981 0.9998208773490754
0.2355219638873876 -0.0000409392426686 0.0001089943907121 0.0000418999499684 0.9997745111804455 0.9998142752708167
0.2397926370215664 -0.0000424372175793 0.0001089904901017 0.0000442206012409 0.9997662611359243 0.9998074794256853
0.2441097918286136 -0.0000439788431326 0.0001089864758492 0.0000466520250511 0.9997577707338903 0.9998004855408307
0.2484736025135008 -0.0000455650706006 0.0001089823454794 0.0000491986733538 0.9997490347393606 0.9997932892997199
0.2528842080732177 -0.0000471968521524 0.0001089780965147 0.0000518651225915 0.9997400479126528 0.9997858863816992
0.2573418156808489 -0.0000488751790782 0.0001089737263761 0.0000546561394696 0.9997308047988781 0.9997782722885779
0.2618465646738816 -0.0000506010315876 0.0001089692325132 0.0000575766025278 0.9997213000044358 0.9997704425723791
0.2663986335571767 -0.0000523754187411 0.0001089646123008 0.0000606315714581 0.9997115279771043 0.9997623926541769
0.2709981529553174 -0.0000541993450592 0.0001089598631257 0.0000638262340152 0.9997014831899478 0.9997541179755800
0.2756453456882397 -0.0000560738659850 0.0001089549822421 0.0000671660066278 0.9996911598358859 0.9997456137471117
0.2803403399327828 -0.0000580000138653 0.0001089499669644 0.0000706564085482 0.9996805522353409 0.9997368752840075
0.2850833332401970 -0.0000599788637987 0.0001089448144961 0.0000743031824060 0.9996696544736163 0.9997278977074799
0.2898744615907745 -0.0000620114801575 0.0001089395220686 0.0000781122015089 0.9996584606954216 0.9997186761873310
0.2947138872920816 -0.0000640989527550 0.0001089340868472 0.0000820895394231 0.9996469649057069 0.9997092057778664
0.2996018144970133 -0.0000662424047484 0.0001089285059105 0.0000862414912014 0.9996351609261620 0.9996994813820393
0.3045383414297467 -0.0000684429278630 0.0001089227764194 0.0000905744519698 0.9996230427519472 0.9996894980453201
0.3095236945502852 -0.0000707016855968 0.0001089168953477 0.0000950951219420 0.9996106039833677 0.9996792504874762
0.3145579991623723 -0.0000730198115674 0.0001089108597474 0.0000998103115467 0.9995978383856875 0.9996687335637473
0.3196414272809701 -0.0000753984756246 0.0001089046665763 0.0001047270762208 0.9995847395250678 0.9996579419649012
0.3247741512215699 -0.0000778388634626 0.0001088983127512 0.0001098526811907 0.9995713008808624 0.9996468703097281
0.3299562919182705 -0.0000803421515879 0.0001088917952131 0.0001151945522932 0.9995575159834774 0.9996355132586006
0.3351880516131268 -0.0000829095710857 0.0001088851107607 0.0001207604157490 0.9995433780632451 0.9996238652241720
0.3404695523851171 -0.0000855423297492 0.0001088782562542 0.0001265581367070 0.9995288804792593 0.9996119207246627
0.3458009975511068 -0.0000882416914247 0.0001088712284074 0.0001325958961788 0.9995140162824639 0.9995996740238743
0.3511824980791576 -0.0000910088893706 0.0001088640240146 0.0001388820045743 0.9994987786927741 0.9995871195242667
0.3566142487512731 -0.0000938452153978 0.0001088566397175 0.0001454251057015 0.9994831606082395 0.9995742513625337
0.3620963814070263 -0.0000967519449264 0.0001088490722009 0.0001522340124282 0.9994671550177436 0.9995610637496084
0.3676290739487609 -0.0000997303936835 0.0001088413180448 0.0001593178418555 0.9994507546888218 0.9995475507134248
0.3732124556025915 -0.0001027818675233 0.0001088333738554 0.0001666859027680 0.9994339524439955 0.9995337063265767
0.3788466848834020 -0.0001059077041105 0.0001088252361561 0.0001743477990632 0.9994167409312696 0.9995195245171961
0.3845319512889776 -0.0001091092751990 0.0001088169013821 0.0001823134436109 0.9993991126116193 0.9995049990586107
0.3902683508452887 -0.0001123879163953 0.0001088083660627 0.0001905928882941 0.9993810601457452 0.9994901238879998
0.3960561032249938 -0.0001157450501717 0.0001087996265018 0.0001991966372055 0.9993625757167748 0.9994748925482791
0.4018953120917267 -0.0001191820491572 0.0001087906791330 0.0002081353073401 0.9993436517830222 0.9994592988083443
0.4077861453382982 -0.0001227003396910 0.0001087815202506 0.0002174198968536 0.9993242805078436 0.9994433361932425
0.4137287436658313 -0.0001263013489073 0.0001087721461473 0.0002270616551481 0.9993044540510186 0.9994269982242433
0.4197232766559439 -0.0001299865383733 0.0001087625530262 0.0002370721776056 0.9992841643835743 0.9994102782662153
0.4257698811161437 -0.0001337573667509 0.0001087527370986 0.0002474633112799 0.9992634034933927 0.9993931696970270
0.4318687246408862 -0.0001376153289385 0.0001087426944818 0.0002582472671368 0.9992421631697378 0.9993756657299496
0.4380199587718587 -0.0001415619272980 0.0001087324212742 0.0002694365477679 0.9992204351617048 0.9993577595441961
0.4442237082895468 -0.0001455986640252 0.0001087219135747 0.0002810439295126 0.9991982112202533 0.9993394443195324
0.4504801550772159 -0.0001497270957505 0.0001087111673414 0.0002930826254644 0.9991754827976431 0.9993207129885389
0.4567893938101358 -0.0001539487390473 0.0001087001786368 0.0003055660180062 0.9991522415676790 0.9993015586653251
0.4631516274346223 -0.0001582652000176 0.0001086889432909 0.0003185080445791 0.9991284787123415 0.9992819740575736
0.4695669727725809 -0.0001626780448349 0.0001086774572381 0.0003319228228605 0.9991041856345185 0.9992619520538985
0.4760356030829345 -0.0001671888958846 0.0001086657162672 0.0003458249436570 0.9990793534287731 0.9992414852876326
0.4825576364736752 -0.0001717993551369 0.0001086537162203 0.0003602292446559 0.9990539733032202 0.9992205664844922
0.4891332222780381 -0.0001765110639138 0.0001086414528378 0.0003751509996136 0.9990280362505504 0.9991991881913944
0.4957625225084660 -0.0001813256909345 0.0001086289217894 0.0003906058911432 0.9990015331138828 0.9991773428306856
0.5024456601125236 -0.0001862448947049 0.0001086161187719 0.0004066098965343 0.9989744547938475 0.9991550228707849
0.5091827964634275 -0.0001912703798848 0.0001086030393625 0.0004231794757023 0.9989467919383421 0.9991322205704208
0.5159740857390381 -0.0001964038645813 0.0001085896791041 0.0004403314744535 0.9989185351226214 0.9991089281270197
0.5228196195341399 -0.0002016470374011 0.0001085760336169 0.0004580829843151 0.9988896750857377 0.9990851378715692
0.5297196023670940 -0.0002070016914747 0.0001085620982498 0.0004764518018915 0.9988602019928733 0.9990608416604890
0.5366741412066658 -0.0002124695637377 0.0001085478684986 0.0004954558934176 0.9988301063200411 0.9990360316048652
0.5436833801045882 -0.0002180524379807 0.0001085333397379 0.0005151137505654 0.9987993782869125 0.9990106996028610
0.5507474797738993 -0.0002237521302658 0.0001085185072589 0.0005354443520967 0.9987680079371524 0.9989848374058778
0.5578665674471066 -0.0002295704486584 0.0001085033663745 0.0005564670282894 0.9987359853601039 0.9989584368012590
0.5650407979452302 -0.0002355092424518 0.0001084879122911 0.0005782016438261 0.9987033004199181 0.9989314893889262
0.5722702856784587 -0.0002415703463509 0.0001084721402535 0.0006006684027115 0.9986699430628048 0.9989039868346339
0.5795551697081209 -0.0002477556340087 0.0001084560454065 0.0006238880505895 0.9986359030224421 0.9988759206270366
0.5868956186506055 -0.0002540670236775 0.0001084396227792 0.0006478819091406 0.9986011697889485 0.9988472820520315
0.5942917253321421 -0.0002605063876232 0.0001084228675215 0.0006726715395030 0.9985657331074610 0.9988180626037907
0.6017437017572136 -0.0002670757210390 0.0001084057744641 0.0006982793973594 0.9985295820486326 0.9987882532182811
0.6092516047058264 -0.0002737769022495 0.0001083883387431 0.0007247279142489 0.9984927063283175 0.9987578453613623
0.6168156227721139 -0.0002806119452103 0.0001083705551421 0.0007520404879048 0.9984550949181213 0.9987268298830156
0.6244358808000072 -0.0002875828269252 0.0001083524185424 0.0007802408169867 0.9984167369951930 0.9986951978004567
0.6321124980459923 -0.0002946915381766 0.0001083339237899 0.0008093531048360 0.9983776216631158 0.9986629400679264
0.6398456077645085 -0.0003019401017628 0.0001083150656486 0.0008394021428293 0.9983377378516293 0.9986300474939205
0.6476353858607732 -0.0003093306007278 0.0001082958387267 0.0008704134415218 0.9982970741613866 0.9985965106130712
0.6554819080756524 -0.0003168650429534 0.0001082762378290 0.0009024126714495 0.9982556196090682 0.9985623203005942
0.6633853778855637 -0.0003245455782669 0.0001082562573923 0.0009354265867047 0.9982133624329061 0.9985274667870722
0.6713458892348095 -0.0003323742712258 0.0001082358920762 0.0009694820713063 0.9981702913429112 0.9984919406895126
0.6793635961128278 -0.0003403532645766 0.0001082151363382 0.0010046068450943 0.9981263946216085 0.9984557322695775
0.6874385819546117 -0.0003484846505867 0.0001081939847684 0.0010408289117596 0.9980816608320071 0.9984188320174564
0.6955710074514235 -0.0003567706184254 0.0001081724317059 0.0010781772179362 0.9980360780068687 0.9983812299830424
0.7037610291472236 -0.0003652133744512 0.0001081504714466 0.0011166813174569 0.9979896340873499 0.9983429161376448
0.7120087327943466 -0.0003738150721664 0.0001081280984251 0.0011563710552812 0.9979423173083976 0.9983038806918507
0.7203143014943494 -0.0003825779864370 0.0001081053067618 0.0011972773756082 0.9978941152404596 0.9982641133048824
0.7286778243359771 -0.0003915043141026 0.0001080820907813 0.0012394314121261 0.9978450158864006 0.9982236039894380
0.7370994294692045 -0.0004005963127891 0.0001080584446518 0.0012828651381743 0.9977950069180007 0.9981823424817236
0.7455792722439540 -0.0004098562903651 0.0001080343624121 0.0013276113366155 0.9977440757340874 0.9981403182892840
0.7541174745686539 -0.0004192865393717 0.0001080098381426 0.0013737032960385 0.9976922098212848 0.9980975209885539
0.7627141415664664 -0.0004288893537339 0.0001079848659215 0.0014211748942311 0.9976393966621797 0.9980539401490097
0.7713694381379342 -0.0004386671147512 0.0001079594396016 0.0014700610355327 0.9975856232625028 0.9980095649428921
0.7800834689293994 -0.0004486221570879 0.0001079335531585 0.0015203969988319 0.9975308768882587 0.9979643847533733
0.7888563738109692 -0.0004587568759264 0.0001079072004123 0.0015722189800997 0.9974751444765254 0.9979183886882377
0.7976882542485183 -0.0004690736428267 0.0001078803752462 0.0016255636770141 0.9974184130982841 0.9978715659617294
0.8065792704627888 -0.0004795749187063 0.0001078530713128 0.0016804688809889 0.9973606693372528 0.9978239053817766
0.8155295053876220 -0.0004902630944014 0.0001078252824489 0.0017369726604902 0.9973019001667370 0.9977753960735881
0.8245391288456773 -0.0005011406849750 0.0001077970021703 0.0017951143898474 0.9972420918813106 0.9977260265977576
0.8336082327695093 -0.0005122101333113 0.0001077682241823 0.0018549337235966 0.9971812311768834 0.9976757858416467
0.8427369560807128 -0.0005234739599491 0.0001077389419904 0.0019164714033006 0.9971193043269778 0.9976246623393312
0.8519254190789831 -0.0005349346840144 0.0001077091491058 0.0019797688466951 0.9970562976175986 0.9975726446304388
0.8611737386042999 -0.0005465948412683 0.0001076788389988 0.0020448682537956 0.9969921972481204 0.9975197211782165
0.8704820351395191 -0.0005584569930449 0.0001076480050751 0.0021118126678433 0.9969269892822910 0.9974658803289456
0.8798504546563085 -0.0005705237548581 0.0001076166406021 0.0021806461524003 0.9968606594911243 0.9974111101820726
0.8892790988296326 -0.0005827977069058 0.0001075847389412 0.0022514132945515 0.9967931938450029 0.9973553989964032
0.8987680833498601 -0.0005952814682108 0.0001075522933552 0.0023241596338004 0.9967245781062511 0.9972987348535657
0.9083175579797055 -0.0006079777244608 0.0001075192969362 0.0023989318442958 0.9966547976762959 0.9972411055316165
0.9179276332347013 -0.0006208891314464 0.0001074857428565 0.0024757771834237 0.9965838381265570 0.9971824989433159
0.9275984162942008 -0.0006340183613911 0.0001074516242482 0.0025547437681786 0.9965116849439307 0.9971229029258204
0.9373300320209146 -0.0006473681317591 0.0001074169341285 0.0026358807619122 0.9964383233726337 0.9970623051098936
0.9471226058260196 -0.0006609411827057 0.0001073816654584 0.0027192382551377 0.9963637385383048 0.9970006930222377
0.9569762121993404 -0.0006747402047411 0.0001073458113305 0.0028048668273429 0.9962879158456353 0.9969380544138340
0.9668910049209005 -0.0006887680202872 0.0001073093644977 0.0028928186809271 0.9962108399808944 0.9968743764357719
0.9768670955782244 -0.0007030274149534 0.0001072723178113 0.0029831466153532 0.9961324958392463 0.9968096464051208
0.9869046211947041 -0.0007175212326895 0.0001072346639742 0.0030759046332421 0.9960528680020871 0.9967438513729681
0.9970036912695160 -0.0007322523000790 0.0001071963957374 0.0031711474734823 0.9959719411531774 0.9966769784680680
1.0071643905966789 -0.0007472234285537 0.0001071575058944 0.0032689306261099 0.9958897000665987 0.9966090148867740
1.0173868632393861 -0.0007624375382133 0.0001071179869597 0.0033693111543123 0.9958061289267618 0.9965399473309189
1.0276712078642019 -0.0007778975041794 0.0001070778315678 0.0034723467075983 0.9957212121726383 0.9964697627052864
1.0380175443915640 -0.0007936062549545 0.0001070370322182 0.0035780961783953 0.9956349339576437 0.9963984476710727
1.0484259788728687 -0.0008095667199539 0.0001069955814114 0.0036866193677171 0.9955472784380340 0.9963259888840514
1.0588966423346680 -0.0008257818889623 0.0001069534714944 0.0037979774021002 0.9954582294465686 0.9962523727246267
1.0694296367507383 -0.0008422547291894 0.0001069106948770 0.0039122321824367 0.9953677709482470 0.9961775856743684
1.0800250807059533 -0.0008589882555687 0.0001068672438484 0.0040294468775090 0.9952758866544439 0.9961016139968345
1.0906830708022790 -0.0008759854702432 0.0001068231107351 0.0041496855167302 0.9951825603554262 0.9960244440122875
1.1014037109563137 -0.0008932494083168 0.0001067782877819 0.0042730133206202 0.9950877756693312 0.9959460618899585
1.1121871384264723 -0.0009107831809909 0.0001067327670399 0.0043994970315084 0.9949915158055991 0.9958664534521635
1.1230334477064874 -0.0009285898526930 0.0001066865406859 0.0045292040476047 0.9948937642397959 0.9957856047321458
1.1339427619862787 -0.0009466725567741 0.0001066396007220 0.0046622032682596 0.9947945040786551 0.9957035014487561
1.1449151703560392 -0.0009650343922452 0.0001065919392438 0.0047985643546427 0.9946937186271836 0.9956201294752821
1.1559508055306986 -0.0009836785530368 0.0001065435481049 0.0049383586980760 0.9945913906793867 0.9955354742525279
1.1670497179936130 -0.0010026081158785 0.0001064944194676 0.0050816578475899 0.9944875036827545 0.9954495217519357
1.1782120726823857 -0.0010218263739275 0.0001064445449373 0.0052285360362603 0.9943820399074570 0.9953622569606855
1.1894379782546831 -0.0010413365479698 0.0001063939163118 0.0053790680280790 0.9942749820316568 0.9952736651929862
1.2007275369266015 -0.0010611418697413 0.0001063425253655 0.0055333297507631 0.9941663126844295 0.9951837317117331
1.2120808070464473 -0.0010812455148598 0.0001062903640233 0.0056913977770462 0.9940560148139661 0.9950924420330443
1.2234979510077404 -0.0011016508648115 0.0001062374236812 0.0058533513999449 0.9939440702504695 0.9949997807365683
1.2349790129583360 -0.0011223611127774 0.0001061836962289 0.0060192695439437 0.9938304618690255 0.9949057332553890
1.2465241348244089 -0.0011433796489164 0.0001061291730504 0.0061892338318289 0.9937151714761748 0.9948102841264278
1.2581334222245910 -0.0011647098210850 0.0001060738456449 0.0063633267039837 0.9935981811229238 0.9947134180769954
1.2698070106532753 -0.0011863550551122 0.0001060177053151 0.0065416324052461 0.9934794724453092 0.9946151194785812
1.2815449490561153 -0.0012083186385354 0.0001059607437280 0.0067242352158542 0.9933590278507386 0.9945153733289646
1.2933473400216906 -0.0012306039791747 0.0001059029522447 0.0069112215854782 0.9932368291001329 0.9944141640779294
1.3052142632738957 -0.0012532144632935 0.0001058443222878 0.0071026789802584 0.9931128580861259 0.9943114762713843
1.3171458761243182 -0.0012761536476477 0.0001057848448444 0.0072986975305028 0.9929870957804378 0.9942072936791269
1.3291422567710776 -0.0012994249608874 0.0001057245112399 0.0074993675182296 0.9928595238713857 0.9941016006509360
1.3412035133277482 -0.0013230319110832 0.0001056633126000 0.0077047811488605 0.9927301236263640 0.9939943811740510
1.3533297066096923 -0.0013469779352009 0.0001056012402417 0.0079150312625307 0.9925988767173134 0.9938856195568139
1.3655209568750910 -0.0013712666085677 0.0001055382851297 0.0081302131777299 0.9924657640729173 0.9937752994772758
1.3777773790052497 -0.0013959015192638 0.0001054744382028 0.0083504236261936 0.9923307665675503 0.9936634045536642
1.3900990405933731 -0.0014208861823278 0.0001054096905960 0.0085757599888457 0.9921938654916969 0.9935499187340682
1.4024860705011641 -0.0014462242585916 0.0001053440330736 0.0088063222744852 0.9920550413531638 0.9934348253024399
1.4149385289985050 -0.0014719192910484 0.0001052774567128 0.0090422107557149 0.9919142753219795 0.9933181080760547
1.4274565241939192 -0.0014979749421034 0.0001052099522888 0.0092835281361913 0.9917715479308555 0.9931997503278397
1.4400401350355170 -0.0015243943477823 0.0001051415107197 0.0095303781242281 0.9916268399397974 0.9930797355029517
1.4527122331926769 -0.0015512300190490 0.0001050719972503 0.0097833249018321 0.9914798665341893 0.9929578267321263
1.4654274470624495 -0.0015783894456960 0.0001050016519736 0.0100415682451904 0.9913311353975622 0.9928344444887871
1.4782086504077541 -0.0016059243852520 0.0001049303411057 0.0103056678027966 0.9911803637088539 0.9927093535501091
1.4910558444993021 -0.0016338383817195 0.0001048580557664 0.0105757321239805 0.9910275327344077 0.9925825377126711
1.5039691466348930 -0.0016621352494559 0.0001047847863835 0.0108518737770989 0.9908726222793075 0.9924539795427330
1.5169486200724609 -0.0016908187065046 0.0001047105236431 0.0111342058467264 0.9907156126955345 0.9923236620420000
1.5299943769785882 -0.0017198925999542 0.0001046352579060 0.0114228441482967 0.9905564836486732 0.9921915676237649
1.5431064832338759 -0.0017493606956863 0.0001045589797524 0.0117179051772102 0.9903952152692640 0.9920576790681378
1.5562850583473760 -0.0017792269013957 0.0001044816794045 0.0120195083444607 0.9902317869326405 0.9919219785087602
1.5695301200018263 -0.0018094949149390 0.0001044033476373 0.0123277724495962 0.9900661791836870 0.9917844490305622
1.5828418495796077 -0.0018401688290197 0.0001043239742135 0.0126428218355631 0.9898983704286966 0.9916450719222620
1.5962202537533192 -0.0018712523573113 0.0001042435498866 0.0129647785193101 0.9897283411699821 0.9915038301926510
1.6096654659233940 -0.0019027495267671 0.0001041620646096 0.0132937692970596 0.9895560702187598 0.9913607054248840
1.6231775754378037 -0.0019346642847804 0.0001040795085515 0.0136299217350786 0.9893815368448280 0.9912156795614651
1.6367566418813413 -0.0019670005291034 0.0001039958720207 0.0139733644628815 0.9892047206131579 0.9910687347683451
1.6504027507365222 -0.0019997622391103 0.0001039111451247 0.0143242285716755 0.9890256006665530 0.9909198528384463
1.6641159832048515 -0.0020329534049643 0.0001038253179544 0.0146826468913620 0.9888441561135839 0.9907690155135377
1.6778964143436927 -0.0020665780226205 0.0001037383805970 0.0150487539496873 0.9886603660564059 0.9906162045069585
1.6917441392643235 -0.0021006401579026 0.0001036503229702 0.0154226866901164 0.9884742092410849 0.9904614012124205
1.7056592165022835 -0.0021351438074925 0.0001035611351825 0.0158045829675009 0.9882856648179060 0.9903045873357802
1.7196417748595350 -0.0021700931633931 0.0001034708068492 0.0161945844889849 0.9880947108967565 0.9901457436931140
1.7336918598609783 -0.0022054922315408 0.0001033793280789 0.0165928326040105 0.9879013266317308 0.9899848519440927
1.7478095589305245 -0.0022413451426007 0.0001032866886703 0.0169994717677712 0.9877054905234295 0.9898218931794746
1.7619949237473407 -0.0022776559566175 0.0001031928786173 0.0174146473649419 0.9875071814867695 0.9896568488090015
1.7762480496037294 -0.0023144288649201 0.0001030978875874 0.0178385080228178 0.9873063777487893 0.9894896996437176
1.7905690130299630 -0.0023516680316872 0.0001030017053316 0.0182712038331152 0.9871030577146742 0.9893204266161116
1.8049578916134799 -0.0023893776441608 0.0001029043215550 0.0187128869392032 0.9868971996941084 0.9891490105519175
1.8194147571376833 -0.0024275618945337 0.0001028057259634 0.0191637113415462 0.9866887820007831 0.9889754322524775
1.8339396916114428 -0.0024662250221572 0.0001027059081552 0.0196238334136670 0.9864777827226692 0.9887996723029135
1.8485327431281062 -0.0025053711957002 0.0001026048579256 0.0200934105146943 0.9862641803657513 0.9886217116078646
1.8631940240302047 -0.0025450047759835 0.0001025025645882 0.0205726041554717 0.9860479524204938 0.9884415301966747
1.8779235435435500 -0.0025851298649611 0.0001023990181400 0.0210615745819197 0.9858290778233029 0.9882591092738269
1.8927214158674213 -0.0026257508683069 0.0001022942078092 0.0215604875971967 0.9856075338879503 0.9880744286613675
1.9075877073110488 -0.0026668720819365 0.0001021881231230 0.0220695095789437 0.9853832985620716 0.9878874686787078
1.9225224748749807 -0.0027084977948840 0.0001020807536420 0.0225888087244002 0.9851563498664694 0.9876982096750047
1.9375258140280778 -0.0027506324229527 0.0001019720886163 0.0231185567433546 0.9849266651672354 0.9875066314215424
1.9525977805803547 -0.0027932802908599 0.0001018621175472 0.0236589261585986 0.9846942223642724 0.9873127141023147
1.9677384111053187 -0.0028364456864172 0.0001017508300483 0.0242100909654324 0.9844589995963274 0.9871164380677969
1.9829477741710986 -0.0028801330061176 0.0001016382154696 0.0247722285033104 0.9842209744483545 0.9869177831730312
1.9982259655021570 -0.0029243467444594 0.0001015242629266 0.0253455193800036 0.9839801240108841 0.9867167288261899
2.0135730437650894 -0.0029690913089287 0.0001014089617767 0.0259301451034131 0.9837364258888167 0.9865132548299763
2.0289890563364734 -0.0030143710919164 0.0001012923014345 0.0265262889983902 0.9834898578101413 0.9863073410547234
2.0444740936599444 -0.0030601906308665 0.0001011742709593 0.0271341383412378 0.9832403967547633 0.9860989667101860
2.0600281838776211 -0.0031065542976890 0.0001010548598561 0.0277538802750830 0.9829880206464851 0.9858881117580733
2.0756513798306924 -0.0031534665540826 0.0001009340574176 0.0283857051875059 0.9827327069634973 0.9856747557510512
2.0913437572690148 -0.0032009319487418 0.0001008118527323 0.0290298067273981 0.9824744327548146 0.9854588778455011
2.1071053714362247 -0.0032489549870730 0.0001006882350203 0.0296863800710412 0.9822131753502387 0.9852404573941564
2.1229362889461307 -0.0032975398596222 0.0001005631934141 0.0303556232350281 0.9819489118392729 0.9850194735101944
2.1387131891668383 -0.0033463068878512 0.0001004377019817 0.0310324048755659 0.9816837006684890 0.9847976463516206
2.1546826655430267 -0.0033960244351226 0.0001003097887803 0.0317275020706667 0.9814133747690200 0.9845714887159115
2.1707212758227543 -0.0034463166934461 0.0001001804218529 0.0324358599934071 0.9811399801197307 0.9843427098536824
2.1868294164220163 -0.0034971893122690 0.0001000495875757 0.0331577005359735 0.9808634880538180 0.9841112839012698
2.2030071091827543 -0.0035486467932747 0.0000999172753002 0.0338932317645566 0.9805838761956793 0.9838771902160363
2.2192544863471237 -0.0036006940071699 0.0000997834734522 0.0346426692487975 0.9803011202159267 0.9836404064767453
2.2355715314928095 -0.0036533353674329 0.0000996481716562 0.0354062242378914 0.9800151983217651 0.9834009124425926
2.2519582528503794 -0.0037065753784082 0.0000995113593264 0.0361841114653992 0.9797260882792241 0.9831586874600095
2.2684147870212614 -0.0037604189785526 0.0000993730247857 0.0369765542763065 0.9794337655513015 0.9829137089010453
2.2849411124381618 -0.0038148706077075 0.0000992331576630 0.0377837709913877 0.9791382083637413 0.9826659564071951
2.3015373140190634 -0.0038699350699857 0.0000990917466762 0.0386059875804241 0.9788393930208986 0.9824154079636607
2.3182034186399392 -0.0039256169943888 0.0000989487810187 0.0394434297261065 0.9785372968350194 0.9821620423536599
2.3349394869966855 -0.0039819211381317 0.0000988042495807 0.0402963273501094 0.9782318964810732 0.9819058377784962
2.3517455722243845 -0.0040388522498414 0.0000986581413008 0.0411649125973285 0.9779231687403638 0.9816467724802193
2.3686216970086709 -0.0040964149902732 0.0000985104453706 0.0420494186180501 0.9776110909313125 0.9813848251026540
2.3855679099708347 -0.0041546141229776 0.0000983611507450 0.0429500824901495 0.9772956398766126 0.9811199738240016
2.4025842953811303 -0.0042134545509695 0.0000982102460494 0.0438671458581112 0.9769767917063155 0.9808521961901389
2.4196708248866821 -0.0042729408029151 0.0000980577208981 0.0448008469261487 0.9766545246431150 0.9805814714531967
2.4368275503410461 -0.0043330776979191 0.0000979035641892 0.0457514308050284 0.9763288154007920 0.9803077775464693
2.4540545210680587 -0.0043938700619867 0.0000977477648329 0.0467191451527688 0.9759996407224272 0.9800310923749789
2.4713517598587380 -0.0044553226420937 0.0000975903119721 0.0477042388052956 0.9756669778467215 0.9797513942068692
2.4887193116459674 -0.0045174402776176 0.0000974311945438 0.0487069645179246 0.9753308035809657 0.9794686608934573
2.5061572356012976 -0.0045802278743589 0.0000972704013460 0.0497275786022860 0.9749910944434351 0.9791828699877250
2.5236655224588356 -0.0046436901055161 0.0000971079218045 0.0507663360613445 0.9746478282823047 0.9788940001057257
2.5412442316700243 -0.0047078319054682 0.0000969437447085 0.0518234986324638 0.9743009816054041 0.9786020286793475
2.5588934185648933 -0.0047726582095738 0.0000967778588780 0.0528993306113088 0.9739505309898651 0.9783069331409540
2.5766130632233697 -0.0048381736897629 0.0000966102538407 0.0539940944278019 0.9735964545122138 0.9780086921273993
2.5944031988487661 -0.0049043832246298 0.0000964409186296 0.0551080584395276 0.9732387292081244 0.9777072833404944
2.6122638541841239 -0.0049712916893996 0.0000962698423210 0.0562414934883401 0.9728773322096324 0.9774026845034357
2.6231674662254427 -0.0050123529355346 0.0000961648771868 0.0569408905362721 0.9726555976099601 0.9772157503341685
2.6340710782667616 -0.0050535742618566 0.0000960595139657 0.0576459650720216 0.9724330240942006 0.9770280721777591
2.6520939649899460 -0.0051220665562700 0.0000958844841335 0.0588239067508898 0.9720632894328021 0.9767162235667247
2.6701816744182669 -0.0051912514513086 0.0000957077341379 0.0600218335655414 0.9716899279684920 0.9764012127236379
2.6883400294722359 -0.0052611558203942 0.0000955291969752 0.0612404043293050 0.9713127983869487 0.9760829172247508
2.7065689969101641 -0.0053317843602961 0.0000953488623587 0.0624799002514223 0.9709318791893743 0.9757613156241549
2.7248686732568967 -0.0054031422816583 0.0000951667187283 0.0637406141577151 0.9705471461920540 0.9754363841443373
2.7432390217282911 -0.0054752342894084 0.0000949827558544 0.0650228326070831 0.9701585780267991 0.9751081013192668
2.7616800995194284 -0.0055480654665291 0.0000947969625824 0.0663268514751737 0.9697661513769836 0.9747764439706194
2.7801919088185381 -0.0056216406917377 0.0000946093283200 0.0676529656558833 0.9693698441184537 0.9744413898599082
2.7987744625624260 -0.0056959648963362 0.0000944198423821 0.0690014736220305 0.9689696339364773 0.9741029165193994
2.8174277863155734 -0.0057710430730728 0.0000942284939693 0.0703726776258749 0.9685654982800828 0.9737610012122441
2.8361518594461637 -0.0058468800386717 0.0000940352727734 0.0717668793627232 0.9681574156418397 0.9734156220144908
2.8549467744228312 -0.0059234810791568 0.0000938401673348 0.0731843918517342 0.9677453620871317 0.9730667548766798
2.8738124559908753 -0.0060008508089123 0.0000936431679488 0.0746255184058708 0.9673293173943295 0.9727143788205670
2.8927489434426183 -0.0060789943176607 0.0000934442637454 0.0760905738033762 0.9669092588857219 0.9723584707160393
2.9117562163792989 -0.0061579164593097 0.0000932434445008 0.0775798711198126 0.9664851652544385 0.9719990085205613
2.9308343264366084 -0.0062376223962613 0.0000930406992531 0.0790937319608873 0.9660570136406152 0.9716359688007010
2.9499832768751508 -0.0063181171009028 0.0000928360175716 0.0806324770972535 0.9656247823124983 0.9712693290032728
2.9692030428255802 -0.0063994054352109 0.0000926293893549 0.0821964278894918 0.9651884502391651 0.9708990670934902
2.9884936310323300 -0.0064814924020456 0.0000924208041921 0.0837859111060511 0.9647479957431075 0.9705251604110366
3.0078550518808269 -0.0065643830290545 0.0000922102516597 0.0854012567455578 0.9643033971260528 0.9701475861995289
3.0272872837700775 -0.0066480822151721 0.0000919977217119 0.0870427950368038 0.9638546334939415 0.9697663223064519
3.0446763821059162 -0.0067234058878354 0.0000918065147180 0.0885290603580243 0.9634509022868349 0.9694231862645890
3.0620654804417549 -0.0067991317438426 0.0000916143438123 0.0900317686426961 0.9630451440104889 0.9690782021005592
3.0816995104662293 -0.0068851194847631 0.0000913962075203 0.0917483408156300 0.9625845717141319 0.9686864615176457
3.1013995204669982 -0.0069719133808492 0.0000911761087542 0.0934919676238086 0.9621198671624785 0.9682910418028695
3.1211703330580027 -0.0070595395130657 0.0000909539839634 0.0952634140810698 0.9616508965209544 0.9678918243714536
3.1410119333202022 -0.0071480028461354 0.0000907298232314 0.0970630277474164 0.9611776392059732 0.9674887868602655
3.1609243258008322 -0.0072373084387278 0.0000905036164604 0.0988911608715880 0.9607000742582796 0.9670819065006625
3.1809074832818247 -0.0073274612141892 0.0000902753539529 0.1007481657163337 0.9602181815713428 0.9666711611639254
3.2009614271660731 -0.0074184663221501 0.0000900450254975 0.1026344019920589 0.9597319399602789 0.9662565277146449
3.2210860848751826 -0.0075103284921316 0.0000898126220053 0.1045502234818301 0.9592413306180502 0.9658379849567044
3.2412814726338595 -0.0076030528626432 0.0000895781334131 0.1064959952236832 0.9587463326876914 0.9654155098567303
3.2615475493321853 -0.0076966443161745 0.0000893415503669 0.1084720796919420 0.9582469268170040 0.9649890805749549
3.2818843328981226 -0.0077911080135969 0.0000891028628712 0.1104788480196037 0.9577430923080972 0.9645586740313455
3.3022917793215485 -0.0078864488352627 0.0000888620617035 0.1125166681975943 0.9572348101019519 0.9641242684531369
3.3227698572153441 -0.0079826717240057 0.0000886191375477 0.1145859122905948 0.9567220609499713 0.9636858418130756
3.3433185561811682 -0.0080797817264663 0.0000883740808912 0.1166869573741950 0.9562048251970000 0.9632433716421878
3.3639378379366658 -0.0081777837629679 0.0000881268826069 0.1188201805781532 0.9556830840098222 0.9627968360794064
3.3846276738388696 -0.0082766828036022 0.0000878775335097 0.1209859628699558 0.9551568184411959 0.9623462130703860
3.4053880732683859 -0.0083764739530234 0.0000876260247675 0.1231846921385296 0.9546260086542397 0.9618914797163560
3.4262670955747447 -0.0084774048711468 0.0000873717594259 0.1254219380025673 0.9540893968432272 0.9614315516703190
3.4471685232117051 -0.0085790157182676 0.0000871158998452 0.1276877837067156 0.9535494365888825 0.9609685257688753
3.4681404769961124 -0.0086815435841594 0.0000868578522147 0.1299877513976445 0.9530048751420864 0.9605013223329697
3.4891828409160275 -0.0087849930309941 0.0000865976087140 0.1323222269942436 0.9524556964772337 0.9600299213183018
3.5102955600750523 -0.0088893689188766 0.0000863351608458 0.1346916057425829 0.9519018831497370 0.9595543013632529
3.5314785855319637 -0.0089946761392682 0.0000860705001091 0.1370962863059160 0.9513434177159795 0.9590744410049545
3.5527318828864751 -0.0091009196588655 0.0000858036178900 0.1395366717918881 0.9507802825038736 0.9585903184807036
3.5740554290561488 -0.0092081045053945 0.0000855345054993 0.1420131694691507 0.9502124596918339 0.9581019117940911
3.5954491327062885 -0.0093162353659459 0.0000852631551820 0.1445261814412963 0.9496399334385337 0.9576092005466640
3.6169129775305153 -0.0094253173076966 0.0000849895583088 0.1470761213063111 0.9490626860678365 0.9571121626552799
3.6384468969393025 -0.0095353551463057 0.0000847137069627 0.1496633995147817 0.9484807014166858 0.9566107772315852
3.6600508639128293 -0.0096463539018710 0.0000844355927969 0.1522884340055206 0.9478939624247451 0.9561050225059340
3.6817247947039680 -0.0097583183057134 0.0000841552082718 0.1549516385723062 0.9473024537452207 0.9555948780762425
3.6947076102607896 -0.0098256759944451 0.0000839866011955 0.1565612032183505 0.9469467642788745 0.9552879802744203
3.7073245466476439 -0.0098913362289747 0.0000838222772945 0.1581356992550731 0.9466001163181493 0.9549887862124381
3.7291695566235679 -0.0100055055023578 0.0000835366758008 0.1608858558824226 0.9459976449350814 0.9544685600010072
3.7510655068317513 -0.0101205572802749 0.0000832490251865 0.1636731667601762 0.9453908723388446 0.9539443250265208
3.7730312016468139 -0.0102365947420627 0.0000829590719133 0.1665004215358857 0.9447792642850108 0.9534156124859196
3.7950665902531324 -0.0103536227912912 0.0000826668084433 0.1693680519733010 0.9441628054832163 0.9528824014464753
3.8171715899314851 -0.0104716461635439 0.0000823722277496 0.1722764883123360 0.9435414817321144 0.9523446718023840
3.8393460801630810 -0.0105906693902726 0.0000820753234071 0.1752261582418541 0.9429152801098809 0.9518024044411162
3.8615900304325517 -0.0107106974849662 0.0000817760878815 0.1782175038927073 0.9422841853672888 0.9512555781190688
3.8839033614247862 -0.0108317352011570 0.0000814745143830 0.1812509635136582 0.9416481838364419 0.9507041728440270
3.9062860092768004 -0.0109537873768861 0.0000811705960081 0.1843269799809980 0.9410072616214036 0.9501481683076879
3.9287378863072902 -0.0110768587212201 0.0000808643262731 0.1874459954179533 0.9403614057228274 0.9495875448601397
3.9512589023764257 -0.0112009539289911 0.0000805556988287 0.1906084540205992 0.9397106034374960 0.9490222829890878
3.9639231601493625 -0.0112710198985489 0.0000803815278886 0.1924017435703626 0.9393433407480496 0.9487031396889837
3.9722788125047130 -0.0113173596116609 0.0000802663691468 0.1935908300385782 0.9391005176335351 0.9484920709655194
3.9805968144515558 -0.0113635728281427 0.0000801515375175 0.1947792307754805 0.9388583868783923 0.9482815559093403
4.0033045100112918 -0.0114901793796496 0.0000798370790958 0.1980472934664142 0.9381953469555460 0.9477048445271024
4.0260530548194966 -0.0116176691231851 0.0000795206295105 0.2013562747627043 0.9375281357822576 0.9471241399285794
4.0488704432067486 -0.0117462029304307 0.0000792017948090 0.2047106498337375 0.9368559234220032 0.9465387114678740
4.0717565211058639 -0.0118757851293643 0.0000788805700812 0.2081108662789621 0.9361787002696662 0.9459485416793035
4.0947112071070686 -0.0120064204551502 0.0000785569495152 0.2115573845828478 0.9354964548311945 0.9453536113281078
4.1177343394834347 -0.0121381131836214 0.0000782309285465 0.2150506553375451 0.9348091782551604 0.9447539033591369
4.1408258631909209 -0.0122708681976180 0.0000779025012185 0.2185911474065508 0.9341168587686950 0.9441493980430281
4.1639856810570279 -0.0124046901406926 0.0000775716622810 0.2221793255850767 0.9334194861011539 0.9435400768327307
4.1872136634331385 -0.0125395834674144 0.0000772384070650 0.2258156517644253 0.9327170512213580 0.9429259221365276
4.2105096797906505 -0.0126755526237416 0.0000769027310385 0.2295005896725701 0.9320095453993508 0.9423069164990342
4.2206961260235500 -0.0127352206976135 0.0000767554998866 0.2311238553255324 0.9316992357154585 0.9420352903392338
4.2308825722564496 -0.0127950131840457 0.0000766079942964 0.2327544315971787 0.9313883528182868 0.9417630813946091
4.2412294316342205 -0.0128558775860645 0.0000764578851817 0.2344181829854199 0.9310719886025743 0.9414859896593429
4.2647072009409319 -0.0129944803337345 0.0000761162298903 0.2382214482592304 0.9303519529013264 0.9408550230645959
4.2882280615913562 -0.0131340287390606 0.0000757724955536 0.2420709271108693 0.9296275692615867 0.9402198054338066
4.3118165116305267 -0.0132746722706877 0.0000754263205224 0.2459710613655436 0.9288980763745327 0.9395796594922985
4.3354723460821418 -0.0134164149127063 0.0000750777020178 0.2499223129668447 0.9281634692782182 0.9389345703971901
4.3591955052282971 -0.0135592615152794 0.0000747266352553 0.2539251698198324 0.9274237387993087 0.9382845194767629
4.3829858243675668 -0.0137032162985107 0.0000743731171275 0.2579801041391470 0.9266788793133510 0.9376294910425630
4.4068431639205379 -0.0138482836302918 0.0000740171442918 0.2620875940375622 0.9259288847155276 0.9369694688519403
4.4307673717676161 -0.0139944677996712 0.0000736587137293 0.2662481171337986 0.9251737495979011 0.9363044371421942
4.4547583210826067 -0.0141417732482002 0.0000732978221791 0.2704621570953796 0.9244134680580851 0.9356343795809907
4.4788158422489834 -0.0142901816717334 0.0000729344689177 0.2747301916949734 0.9236480357295365 0.9349592811162086
4.5030009768858887 -0.0144400993638486 0.0000725677197887 0.2790637224091982 0.9228754895818108 0.9342773969838247
4.5271913241245754 -0.0145907728959887 0.0000721994261290 0.2834413293461689 0.9220997304289246 0.9335921586673825
4.5514478814552684 -0.0147425846816727 0.0000718286601725 0.2878744009502802 0.9213188049366857 0.9329018310433331
4.5757703837080417 -0.0148955382817792 0.0000714554214683 0.2923634035154256 0.9205327131994039 0.9322064023974121
4.6001586898564764 -0.0150496380289553 0.0000710797078210 0.2969088271821572 0.9197414516528610 0.9315058576471966
4.6246125843306860 -0.0152048877822964 0.0000707015183327 0.3015111494567868 0.9189450194819627 0.9308001840077796
4.6491318947825508 -0.0153612916695411 0.0000703208515940 0.3061708569844214 0.9181434148114104 0.9300893676206367
4.6622570128800565 -0.0154453179985237 0.0000701164814152 0.3086837870417141 0.9177130723298486 0.9297075328051183
4.6753821309775621 -0.0155295483162786 0.0000699116947555 0.3112097197799287 0.9172818645167006 0.9293247672599602
4.6957537971428982 -0.0156606931299332 0.0000695930201433 0.3151560623844090 0.9166108735524907 0.9287288311000619
4.7204693233292110 -0.0158204852552775 0.0000692050556644 0.3199861483522122 0.9157940307639788 0.9280028225333788
4.7452416934786932 -0.0159813959151863 0.0000688147336898 0.3248739887830734 0.9149722719036775 0.9272718502470294
4.7700785452657728 -0.0161434795873700 0.0000684219312093 0.3298215941720938 0.9141453391457222 0.9265356723176383
4.7949796696701465 -0.0163067401333170 0.0000680266483149 0.3348294496370646 0.9133132338748599 0.9257942769793329
4.8199448643111724 -0.0164711814546821 0.0000676288851563 0.3398980423321479 0.9124759576153709 0.9250476524541045
4.8449738616207094 -0.0166368070184408 0.0000672286430900 0.3450278466825733 0.9116335144503056 0.9242957891109450
4.8595726373897650 -0.0167337651577036 0.0000669945193425 0.3480423055397416 0.9111407466710993 0.9238557096802471
4.8741714131588205 -0.0168309735556124 0.0000667599027491 0.3510732891772876 0.9106469576646010 0.9234144999571540
4.8910902752877226 -0.0169439478543449 0.0000664873853819 0.3546066810157275 0.9100734213171716 0.9229017597481772
4.9163140656750492 -0.0171130246033659 0.0000660798767367 0.3599158956719843 0.9092158291515960 0.9221345222203330
4.9415858740654857 -0.0172831993986662 0.0000656701339902 0.3652850532702078 0.9083535900195400 0.9213624586335649
4.9669203865103153 -0.0174545756770156 0.0000652579181775 0.3707177625196538 0.9074862023237807 0.9205851065009372
4.9923173103025178 -0.0176271566912540 0.0000648432320794 0.3762144937881365 0.9066136732492316 0.9198024581887980
5.0177763855962079 -0.0178009459095580 0.0000644260781238 0.3817757243440550 0.9057360092566297 0.9190145052838142
5.0432973304372810 -0.0179759466433649 0.0000640064592815 0.3874019264648569 0.9048532179684866 0.9182212402842955
5.0599454991292871 -0.0180905187767107 0.0000637319500997 0.3910999286266492 0.9042757372582846 0.9177019378773031
5.0750086396502994 -0.0181944653020017 0.0000634830493830 0.3944648409960476 0.9037521494448932 0.9172308347252494
5.1006856569505885 -0.0183722882725772 0.0000630576173307 0.4002424336273881 0.9028572586450215 0.9164250650778328
5.1264051646551057 -0.0185512050625676 0.0000626300367066 0.4060823896337271 0.9019579103626936 0.9156145387448276
5.1521852873189937 -0.0187313461271505 0.0000622000068218 0.4119893020559626 0.9010534735328685 0.9147986728631036
5.1780256930828221 -0.0189127143801606 0.0000617675324597 0.4179636289845915 0.9001439596899727 0.9139774627868562
5.2039260852448797 -0.0190953129742456 0.0000613326180084 0.4240058357478060 0.8992293795559942 0.9131509030123660
5.2174586159298340 -0.0191910398877330 0.0000611048136478 0.4271843498293295 0.8987503568161979 0.9127176709968308
5.2284499135620317 -0.0192689447768271 0.0000609195026511 0.4297768914147451 0.8983607002257704 0.9123651044529419
5.2394412111942295 -0.0193469899935707 0.0000607339364981 0.4323792263303082 0.8979705182176709 0.9120119202691321
5.2655084918974104 -0.0195326665059390 0.0000602928247835 0.4385902238287814 0.8970430600491950 0.9111718330740645
5.2916084025735275 -0.0197193957784901 0.0000598497344714 0.4448644090361683 0.8961115109551561 0.9103272270953386
5.3177667287423542 -0.0199073662850927 0.0000594042301640 0.4512084287799949 0.8951749570373316 0.9094772591914071
5.3439830203283787 -0.0200965800153851 0.0000589563199245 0.4576227042264402 0.8942334168488431 0.9086219303218084
5.3702569045262418 -0.0202870395005396 0.0000585060107091 0.4641076733169358 0.8932869066358220 0.9077612392425480
5.3803945171467449 -0.0203607492191153 0.0000583318851375 0.4666250408562284 0.8929209297285550 0.9074282167770270
5.3894091570737617 -0.0204263895894050 0.0000581768732058 0.4688706650787011 0.8925951336606259 0.9071316497681633
5.3977897642226500 -0.0204874974672515 0.0000580326163568 0.4709643578797015 0.8922919493125053 0.9068555749489637
5.4242094788361506 -0.0206806915383533 0.0000575769210758 0.4776026576707799 0.8913342652494651 0.9059829464248315
5.4506563206061367 -0.0208749241497394 0.0000571193543844 0.4843056357645031 0.8903727248382660 0.9051059204037476
5.4771590206353462 -0.0210704101267776 0.0000566594228718 0.4910810020587343 0.8894062927961439 0.9042235375561432
5.5037170338384547 -0.0212671506491685 0.0000561971375488 0.4979291387951637 0.8884349939875177 0.9033358039747034
5.5303299094923020 -0.0214651475729512 0.0000557325080113 0.5048504492373459 0.8874588503235893 0.9024427229638488
5.5427994584039570 -0.0215582016787550 0.0000555143297237 0.5081138241116785 0.8870005040306315 0.9020230597432617
5.5546392272358585 -0.0216467227655907 0.0000553068916568 0.5112244322629246 0.8865647362366270 0.9016238801168062
5.5813797281894644 -0.0218472695857301 0.0000548373892315 0.5182931093428763 0.8855785066763526 0.9007197737745799
5.6081495495866456 -0.0220488959148864 0.0000543659965695 0.5254297391977063 0.8845883909608240 0.8998111490465621
5.6349721382843185 -0.0222517823561984 0.0000538923051796 0.5326410016580274 0.8835935328100669 0.8988972042657428
5.6618468805435800 -0.0224559294182289 0.0000534163286426 0.5399272386515586 0.8825939625983009 0.8979779500971669
5.6762224205399878 -0.0225654854558217 0.0000531611677529 0.5438498107063454 0.8820581505113734 0.8974847849767242
5.6889877132172328 -0.0226629621934950 0.0000529342659230 0.5473476917329531 0.8815816981357567 0.8970460165269798
5.7005882171146700 -0.0227517118192166 0.0000527278053273 0.5505384001855036 0.8811481856995306 0.8966465963939056
5.7276119053341645 -0.0229590826388409 0.0000522458837314 0.5580156112281247 0.8801363434216376 0.8957136014250825
5.7546614494948525 -0.0231675294969648 0.0000517621562404 0.5655622724375334 0.8791208017140177 0.8947761702132843
5.7817603372793833 -0.0233772373053855 0.0000512762083008 0.5731853446729370 0.8781006920785923 0.8938334847917131
5.8089078358057655 -0.0235882054644457 0.0000507880569446 0.5808851088312629 0.8770760522313421 0.8928855623024478
5.8189970068093961 -0.0236668270992109 0.0000506063022841 0.5837627760894315 0.8766945683585933 0.8925323713468372
5.8290861778130267 -0.0237455650825559 0.0000504243661298 0.5866491825916393 0.8763127158584086 0.8921786922241286
5.8563423032911217 -0.0239588885827843 0.0000499319560772 0.5944906285531343 0.8752792997217435 0.8912207836264928
5.8836193528235841 -0.0241732691292883 0.0000494378538766 0.6024021475868073 0.8742424317178443 0.8902585879816584
5.9109420977912590 -0.0243889051349257 0.0000489416173832 0.6103913031105861 0.8732011859050336 0.8892912296051517
5.9383096816518641 -0.0246057947955354 0.0000484432670964 0.6184583077729721 0.8721556073493405 0.8883187323670324
5.9468154505355244 -0.0246733777047836 0.0000482881188871 0.6209787303431267 0.8718301134760463 0.8880157607024840
5.9546254115906008 -0.0247355056258446 0.0000481455533526 0.6232984988489512 0.8715310257904971 0.8877372722864580
5.9820891983086435 -0.0249545614289059 0.0000476433931459 0.6314980505567265 0.8704776136610978 0.8867556803412667
6.0095691551918966 -0.0251746545455070 0.0000471396565148 0.6397681025779173 0.8694210013428914 0.8857699573034522
6.0370906476075810 -0.0253959916617411 0.0000466338860943 0.6481166348044576 0.8683602314525427 0.8847791935420447
6.0485814527230550 -0.0254886746450280 0.0000464223422124 0.6516218962253564 0.8679165855260296 0.8843644798913407
6.0600722578385291 -0.0255815167941071 0.0000462105792357 0.6551387022250613 0.8674724993544244 0.8839491496143789
6.0752187280342307 -0.0257041178363500 0.0000459311148100 0.6597919935390173 0.8668864628209731 0.8834007461719402
6.0890669314245693 -0.0258164505329473 0.0000456752743943 0.6640640194290952 0.8663499950574811 0.8828984139451510
6.1167205396946853 -0.0260414608508002 0.0000451634465386 0.6726452081988838 0.8652768364911988 0.8818926362396672
6.1443935441250872 -0.0262675530037953 0.0000446500186131 0.6812996839937874 0.8642004379822203 0.8808826066005123
6.1721027328708118 -0.0264948678587620 0.0000441346872808 0.6900330336156730 0.8631201656623542 0.8798677133056866
6.1816670169363315 -0.0265735358532496 0.0000439565288682 0.6930632114251757 0.8627467236697912 0.8795165852007772
6.1912313010018512 -0.0266523088870743 0.0000437782259471 0.6961014644373819 0.8623729918648053 0.8791650365708553
6.2190217860181578 -0.0268818237994722 0.0000432593215277 0.7049754418696227 0.8612854230492613 0.8781411767641893
6.2468223279460391 -0.0271123573202376 0.0000427390207652 0.7139210208003756 0.8601950489932559 0.8771134100262551
6.2746543561520189 -0.0273440903743299 0.0000422169319177 0.7229453791461483 0.8591010508192732 0.8760809480922666
6.2810593803154910 -0.0273975524614141 0.0000420966143546 0.7250319033140220 0.8588489519414257 0.8758428473089777
6.2874644044789632 -0.0274510595274860 0.0000419762344612 0.7271220734610159 0.8585967281903556 0.8756045601821261
6.2941300782927510 -0.0275067916932186 0.0000418508897393 0.7293011753743340 0.8583341080509995 0.8753563783410065
6.3220357042701201 -0.0277406982465454 0.0000413254058559 0.7384668407124684 0.8572332015786897 0.8743151873896630
6.3499455672421021 -0.0279755869742370 0.0000407986687671 0.7477033063025361 0.8561297975194917 0.8732703178521298
6.3778814130556931 -0.0282116437721846 0.0000402702783068 0.7570180055168907 0.8550230597055369 0.8722209619456182
6.3843201618651042 -0.0282661857835994 0.0000401483293621 0.7591747810587977 0.8547676506656262 0.8719786056192032
6.3907589106745153 -0.0283207731768910 0.0000400263198428 0.7613352655034467 0.8545121207925457 0.8717360633386499
6.3979580741741717 -0.0283818618328874 0.0000398898294161 0.7637552962638547 0.8542262702288982 0.8714646568530799
6.4259603709769531 -0.0286200770426718 0.0000393582083463 0.7732125413320508 0.8531129852840369 0.8704067727762916
6.4539586365325734 -0.0288592152671286 0.0000388255281545 0.7827387394346718 0.8519976170652027 0.8693455424989521
6.4819765013224577 -0.0290994807150973 0.0000382913505380 0.7923421079538878 0.8508792498994572 0.8682800795814120
6.4913629563417894 -0.0291801794011217 0.0000381121434277 0.7955751896318386 0.8505040866435133 0.8679223530547854
6.5002480523346176 -0.0292566621915575 0.0000379423940952 0.7986428913923777 0.8501487362829121 0.8675833744576270
6.5283128101519168 -0.0294988789778018 0.0000374054903911 0.8083793628206994 0.8490248833805358 0.8665103746349109
6.5563737480010245 -0.0297420296579471 0.0000368675638006 0.8181855648980899 0.8478990307120102 0.8654340510776779
6.5682458409590527 -0.0298451939503210 0.0000366396495224 0.8223558145779923 0.8474220608166994 0.8649776358645177
6.5753287688877480 -0.0299068247243973 0.0000365035831490 0.8248498689652435 0.8471373187925237 0.8647050427534331
6.5824116968164432 -0.0299685112887786 0.0000363674487792 0.8273484621501245 0.8468524425344982 0.8644322298922937
6.5910042278429071 -0.0300434222158573 0.0000362022085577 0.8303856825767256 0.8465066702922286 0.8641009769820056
6.6191056598443820 -0.0302890500676904 0.0000356611010925 0.8403654584708430 0.8453744750091066 0.8630153791634441
6.6471993510412775 -0.0305355847598750 0.0000351190837621 0.8504140718396902 0.8442405232321013 0.8619266416594011
6.6586561763278258 -0.0306364036856868 0.0000348977437842 0.8545325458059670 0.8437775016321607 0.8614816619018976
6.6652011426508500 -0.0306940716728949 0.0000347712206045 0.8568906690258618 0.8435128386740026 0.8612272019158697
6.6708748586209987 -0.0307440975783790 0.0000346614949944 0.8589380356760669 0.8432833181178276 0.8610064649105353
6.6765485745911475 -0.0307941588840586 0.0000345517275063 0.8609883297300375 0.8430537152532389 0.8607855885797067
6.7046719355598450 -0.0310428906478317 0.0000340070137317 0.8711944334165059 0.8419144175336298 0.8596886997816927
6.7327748444540951 -0.0312924221237181 0.0000334616735304 0.8814650871457265 0.8407739623759756 0.8585892039321078
6.7608756059702362 -0.0315429168981782 0.0000329153651543 0.8918069962531671 0.8396316370708908 0.8574864012204155
6.7889716233994655 -0.0317943537706838 0.0000323681516574 0.9022192791858961 0.8384875755886915 0.8563804070194990
6.8170601115560485 -0.0320467095503472 0.0000318201001146 0.9127009553428292 0.8373419202603952 0.8552713453825822
6.8451382745815632 -0.0322999606282412 0.0000312712781636 0.9232510096190483 0.8361948145432280 0.8541593420904611
6.8732032866905657 -0.0325540827993264 0.0000307217543707 0.9338683848977536 0.8350464037836736 0.8530445254099840
6.9012522319325376 -0.0328090507069680 0.0000301715994062 0.9445519585917284 0.8338968376686958 0.8519270285010567
6.9292819482894954 -0.0330648363998866 0.0000296208891110 0.9553004814550748 0.8327462766290877 0.8508069956938763
6.9572893554378883 -0.0333214122951896 0.0000290696980680 0.9661127013328304 0.8315948784008249 0.8496845694630197
6.9852713216980877 -0.0335787499650063 0.0000285181021992 0.9769873123152371 0.8304428034491752 0.8485598957183643
7.0132244859175836 -0.0338368184778470 0.0000279661822787 0.9879228841565226 0.8292902223015286 0.8474331310081047
7.0411454794146131 -0.0340955864165582 0.0000274140195622 0.9989179470047176 0.8281373064113958 0.8463044336489793
7.0690308324826345 -0.0343550210033100 0.0000268616976252 1.0099709541442268 0.8269842319944219 0.8451739675072871
7.0968771230927619 -0.0346150894707798 0.0000263092994111 1.0210803402442554 0.8258311738604757 0.8440418959833791
7.1246806498046746 -0.0348757559960263 0.0000257569137113 1.0322443902651193 0.8246783189360523 0.8429083953177456
7.1524377464183280 -0.0351369846149365 0.0000252046289255 1.0434613634829670 0.8235258532327161 0.8417736418474238
7.1801447655308834 -0.0353987390705329 0.0000246525333670 1.0547294873216642 0.8223739624836089 0.8406378126388885
7.2077978851004891 -0.0356609809760876 0.0000241007191070 1.0660468782826704 0.8212228401582785 0.8395010934173913
7.2353932536288248 -0.0359236711658912 0.0000235492790783 1.0774115997983982 0.8200726814158438 0.8383636726492074
7.2629269583600129 -0.0361867693830411 0.0000229983077001 1.0888216487775406 0.8189236844016604 0.8372257428498899
7.2903949015136007 -0.0364502330765534 0.0000224479033497 1.1002749032167358 0.8177760553979392 0.8360875057288530
7.3177931517218777 -0.0367140207553921 0.0000218981613144 1.1117692679046383 0.8166299941206069 0.8349491576442464
7.3451175507629403 -0.0369780882084767 0.0000213491816575 1.1233025102638676 0.8154857101176385 0.8338109058894396
7.3723639807794861 -0.0372423910581628 0.0000208010638515 1.1348723714948890 0.8143434115740312 0.8326729576143318
7.3995284092150246 -0.0375068852035845 0.0000202539058492 1.1464765865980400 0.8132033033752358 0.8315355178917730
7.4266063957846580 -0.0377715220064989 0.0000197078140048 1.1581126732374907 0.8120656077745173 0.8303988103672897
7.4535937552078559 -0.0380362547281061 0.0000191628897165 1.1697782141818069 0.8109305365547632 0.8292630495205267
7.4804862162195915 -0.0383010352097745 0.0000186192362749 1.1814707121721533 0.8097983052963408 0.8281284549048498
7.5072794818674504 -0.0385658144523862 0.0000180769576351 1.1931876156269210 0.8086691308138984 0.8269952486093011
7.5339691844183632 -0.0388305421617093 0.0000175361593159 1.2049262988002714 0.8075432330258819 0.8258636571557320
7.5605508618337476 -0.0390951664991610 0.0000169969488684 1.2166840508564136 0.8064208359238004 0.8247339125053038
7.5870201667505341 -0.0393596361549176 0.0000164594316230 1.2284581683368867 0.8053021587156433 0.8236062431609976
7.6133726934305797 -0.0396238986288970 0.0000159237141796 1.2402458794159230 0.8041874230893197 0.8224808814758844
7.6396039742459960 -0.0398879001834810 0.0000153899044684 1.2520443420594938 0.8030768533353989 0.8213580638010017
7.6657094781068249 -0.0401515858153354 0.0000148581117724 1.2638506430443655 0.8019706763881923 0.8202380305509428
7.6916845780285303 -0.0404148989137297 0.0000143284473789 1.2756617829163093 0.8008691231763295 0.8191210275979638
7.7175249384053703 -0.0406777851895489 0.0000138010166642 1.2874748528902873 0.7997724121597461 0.8180072895739638
7.7432260481244892 -0.0409401879526500 0.0000132759285925 1.2992868238332602 0.7986807690849479 0.8168970598855443
7.7687831009549049 -0.0412020468522767 0.0000127532981648 1.3110944893143981 0.7975944320663855 0.8157905959493037
7.7941913422068971 -0.0414633013946576 0.0000122332393327 1.3228946240918451 0.7965136368471774 0.8146881542395282
7.8194463449746019 -0.0417238938084686 0.0000117158593158 1.3346841146959110 0.7954386049939350 0.8135899782016573
7.8445432112004845 -0.0419837608180081 0.0000112012749467 1.3464595882132677 0.7943695778597585 0.8124963329150475
7.8694772765494427 -0.0422428408963738 0.0000106895982265 1.3582177406317155 0.7933067865659040 0.8114074744616523
7.8942433386261808 -0.0425010662484775 0.0000101809521480 1.3699549736805159 0.7922504848660782 0.8103236835899170
7.9188368135840275 -0.0427583748385299 0.0000096754469432 1.3816679415166262 0.7912008998109240 0.8092452151491141
7.9432523058964835 -0.0430146954632193 0.0000091732094505 1.3933528726106152 0.7901582927308514 0.8081723606814275
7.9674847296936449 -0.0432699594421769 0.0000086743600733 1.4050061017451676 0.7891229113827013 0.8071053993216010
7.9915290773884138 -0.0435240982277389 0.0000081790175093 1.4166239624440979 0.7880949997763184 0.8060446078351857
8.0153796650299682 -0.0437770354069691 0.0000076873142955 1.4282024215872540 0.7870748304253202 0.8049902939347494
8.0390309386544221 -0.0440286951815506 0.0000071993802029 1.4397374669324485 0.7860626698773923 0.8039427607790746
8.0624770562184693 -0.0442789979267779 0.0000067153508461 1.4512249043631769 0.7850587965753087 0.8029023254398036
8.0857121759433728 -0.0445278632417496 0.0000062353617313 1.4626604980456162 0.7840634885036868 0.8018693061426929
8.1087303567104883 -0.0447752088857692 0.0000057595503018 1.4740399222760248 0.7830770274304594 0.8008440266577971
8.1315244981785710 -0.0450209393260050 0.0000052880778605 1.4853582342053520 0.7820997443407923 0.7998268636281257
8.1540880336321635 -0.0452649638852914 0.0000048210945814 1.4966107087268019 0.7811319468879410 0.7988181712360997
