0.0000842351712929 -0.0000000000034963 0.0004160468145916 0.0000000000000032 0.9999999999213889 0.9999999999531646
0.0001140154944747 -0.0000000000064058 0.0004160468145400 0.0000000000000079 0.9999999998550443 0.9999999999141908
0.0001500810988465 -0.0000000000110996 0.0004160468144566 0.0000000000000181 0.9999999997480115 0.9999999998513144
0.0001929780696554 -0.0000000000183518 0.0004160468143279 0.0000000000000384 0.9999999995826413 0.9999999997541678
0.0002432132079974 -0.0000000000291501 0.0004160468141361 0.0000000000000770 0.9999999993364086 0.9999999996095181
0.0003012799627434 -0.0000000000447311 0.0004160468138595 0.0000000000001463 0.9999999989811201 0.9999999994008033
0.0003676518771729 -0.0000000000666106 0.0004160468134710 0.0000000000002659 0.9999999984822040 0.9999999991077143
0.0004427962852618 -0.0000000000966227 0.0004160468129380 0.0000000000004645 0.9999999977978463 0.9999999987056871
0.0005271557780056 -0.0000000001369461 0.0004160468122220 0.0000000000007837 0.9999999968783596 0.9999999981655329
0.0006211554052412 -0.0000000001901397 0.0004160468112775 0.0000000000012822 0.9999999956653981 0.9999999974529762
0.0007252030605597 -0.0000000002591742 0.0004160468100517 0.0000000000020404 0.9999999940912188 0.9999999965282211
0.0008397152627562 -0.0000000003474856 0.0004160468084836 0.0000000000031676 0.9999999920774727 0.9999999953452418
0.0009650835774831 -0.0000000004589895 0.0004160468065037 0.0000000000048088 0.9999999895348740 0.9999999938515867
0.0011016779867267 -0.0000000005981118 0.0004160468040333 0.0000000000071533 0.9999999863624989 0.9999999919879680
0.0012498810020186 -0.0000000007698577 0.0004160468009837 0.0000000000104459 0.9999999824462151 0.9999999896873386
0.0014100517490473 -0.0000000009798133 0.0004160467972557 0.0000000000149984 0.9999999776586456 0.9999999868748705
0.0015825394765389 -0.0000000012341910 0.0004160467927388 0.0000000000212033 0.9999999718581268 0.9999999834673430
0.0017676982673562 -0.0000000015398896 0.0004160467873107 0.0000000000295505 0.9999999648873500 0.9999999793723447
0.0019658586115902 -0.0000000019044865 0.0004160467808367 0.0000000000406440 0.9999999565735276 0.9999999744883715
0.0021773558335741 -0.0000000023363192 0.0004160467731689 0.0000000000552240 0.9999999467265421 0.9999999687037382
0.0024025165647067 -0.0000000028445015 0.0004160467641453 0.0000000000741889 0.9999999351385755 0.9999999618963615
0.0026416474433072 -0.0000000034389282 0.0004160467535904 0.0000000000986199 0.9999999215839958 0.9999999539336936
0.0028950730651905 -0.0000000041304033 0.0004160467413122 0.0000000001298131 0.9999999058164424 0.9999999446710092
0.0031630991245516 -0.0000000049305914 0.0004160467271037 0.0000000001693084 0.9999998875699323 0.9999999339520560
0.0034460189275839 -0.0000000058520595 0.0004160467107416 0.0000000002189238 0.9999998665579019 0.9999999216084916
0.0037441216249793 -0.0000000069083337 0.0004160466919859 0.0000000002807953 0.9999998424719154 0.9999999074591246
0.0040577119308326 -0.0000000081140156 0.0004160466705772 0.0000000003574239 0.9999998149790226 0.9999998913083623
0.0043870665481670 -0.0000000094846619 0.0004160466462393 0.0000000004517130 0.9999997837244812 0.9999998729478109
0.0047324657836302 -0.0000000110369321 0.0004160466186764 0.0000000005670253 0.9999997483284123 0.9999998521543093
0.0050941978461484 -0.0000000127886591 0.0004160465875719 0.0000000007072409 0.9999997083841722 0.9999998286889736
0.0054725267995799 -0.0000000147587366 0.0004160465525902 0.0000000008768062 0.9999996634609387 0.9999998022987160
0.0058677185657880 -0.0000000169672683 0.0004160465133744 0.0000000010808060 0.9999996131002865 0.9999997727142332
0.0062800433403735 -0.0000000194356309 0.0004160464695449 0.0000000013250365 0.9999995568147678 0.9999997396491727
0.0067097577202475 -0.0000000221864094 0.0004160464207007 0.0000000016160709 0.9999994940893852 0.9999997028009976
0.0071571339653851 -0.0000000252436192 0.0004160463664154 0.0000000019613600 0.9999994243765199 0.9999996618480076
0.0076224130576215 -0.0000000286324338 0.0004160463062419 0.0000000023692849 0.9999993471021449 0.9999996164529883
0.0081058490646686 -0.0000000323795128 0.0004160462397069 0.0000000028492816 0.9999992616583521 0.9999995662588220
0.0086076811328755 -0.0000000365128388 0.0004160461663134 0.0000000034119159 0.9999991674070566 0.9999995108906636
0.0091281678901133 -0.0000000410620350 0.0004160460855356 0.0000000040690276 0.9999990636727690 0.9999994499516940
0.0096675616535269 -0.0000000460582147 0.0004160459968210 0.0000000048338214 0.9999989497460220 0.9999993830251336
0.0102260743561578 -0.0000000515336682 0.0004160458995961 0.0000000057209290 0.9999988248905062 0.9999993096784345
0.0108039551753358 -0.0000000575226219 0.0004160457932533 0.0000000067466472 0.9999986883257648 0.9999992294531136
0.0114014397467027 -0.0000000640608176 0.0004160456771578 0.0000000079290057 0.9999985392367907 0.9999991418703910
0.0120187605634519 -0.0000000711856419 0.0004160455506459 0.0000000092879239 0.9999983767710652 0.9999990464294500
0.0126561454273792 -0.0000000789361430 0.0004160454130241 0.0000000108453588 0.9999982000381799 0.9999989426072154
0.0133138193130597 -0.0000000873530860 0.0004160452635687 0.0000000126254678 0.9999980081085833 0.9999988298576166
0.0139920016216020 -0.0000000964789504 0.0004160451015253 0.0000000146547694 0.9999978000136269 0.9999987076116146
0.0146909220369071 -0.0000001063581858 0.0004160449261048 0.0000000169623708 0.9999975747397356 0.9999985752737782
0.0154107956073336 -0.0000001170369149 0.0004160447364880 0.0000000195800821 0.9999973312351919 0.9999984322262683
0.0161518391008988 -0.0000001285631869 0.0004160445318218 0.0000000225426619 0.9999970684043401 0.9999982778254330
0.0169142783334403 -0.0000001409871513 0.0004160443112158 0.0000000258880658 0.9999967851036359 0.9999981113994881
0.0176983253416892 -0.0000001543607402 0.0004160440737478 0.0000000296575744 0.9999964801488934 0.9999979322527729
0.0185041912126311 -0.0000001687378947 0.0004160438184600 0.0000000338960696 0.9999961523101057 0.9999977396627079
0.0193320818762812 -0.0000001841745270 0.0004160435443596 0.0000000386522523 0.9999958003123273 0.9999975328803132
0.0201822090165111 -0.0000002007287610 0.0004160432504146 0.0000000439789573 0.9999954228301779 0.9999973111269800
0.0210547767922131 -0.0000002184607265 0.0004160429355572 0.0000000499333438 0.9999950184925396 0.9999970735972282
0.0219499744084137 -0.0000002374324119 0.0004160425986868 0.0000000565770978 0.9999945858859139 0.9999968194606806
0.0228680264946033 -0.0000002577087772 0.0004160422386498 0.0000000639771002 0.9999941235290417 0.9999965478471513
0.0238091203337348 -0.0000002793562531 0.0004160418542668 0.0000000722051896 0.9999936299071294 0.9999962578667525
0.0247734577985612 -0.0000003024438824 0.0004160414443118 0.0000000813388654 0.9999931034458214 0.9999959485946045
0.0257612441740668 -0.0000003270431500 0.0004160410075155 0.0000000914615551 0.9999925425150795 0.9999956190731141
0.0267726639247494 -0.0000003532274066 0.0004160405425754 0.0000001026627002 0.9999919454423182 0.9999952683196905
0.0278079184602166 -0.0000003810728453 0.0004160400481387 0.0000001150384978 0.9999913104901378 0.9999948953136653
0.0288671950999098 -0.0000004106577505 0.0004160395228152 0.0000001286919390 0.9999906358734614 0.9999944990063578
0.0299506982638434 -0.0000004420633901 0.0004160389651620 0.0000001437335829 0.9999899197391725 0.9999940783091141
0.0310586113909823 -0.0000004753729884 0.0004160383737013 0.0000001602814646 0.9999891601895533 0.9999936321070754
0.0321911219219141 -0.0000005106724498 0.0004160377469077 0.0000001784618238 0.9999883552657659 0.9999931592494725
0.0333484165038020 -0.0000005480502692 0.0004160370832100 0.0000001984094791 0.9999875029499160 0.9999926585508393
0.0345306766787368 -0.0000005875974252 0.0004160363809927 0.0000002202681976 0.9999866011674666 0.9999921287924290
0.0357380948744274 -0.0000006294079595 0.0004160356385859 0.0000002441914619 0.9999856477740452 0.9999915687144646
0.0369708586271762 -0.0000006735785123 0.0004160348542738 0.0000002703426900 0.9999846405660247 0.9999909770223532
0.0382291406311850 -0.0000007202079651 0.0004160340263005 0.0000002988954812 0.9999835772886747 0.9999903523914745
0.0395131201632245 -0.0000007693982281 0.0004160331528565 0.0000003300345648 0.9999824556182073 0.9999896934566329
0.0408229737743215 -0.0000008212539518 0.0004160322320836 0.0000003639561451 0.9999812731683568 0.9999889988159220
0.0421588998088258 -0.0000008758835727 0.0004160312620564 0.0000004008691402 0.9999800274665221 0.9999882670167085
0.0435210644518760 -0.0000009333971913 0.0004160302408200 0.0000004409943274 0.9999787160021729 0.9999874965840688
0.0449096522318982 -0.0000009939086377 0.0004160291663532 0.0000004845662840 0.9999773361797334 0.9999866859931085
0.0463248203344468 -0.0000010575335570 0.0004160280366025 0.0000005318326178 0.9999758853622491 0.9999858336946142
0.0477667469597818 -0.0000011243915398 0.0004160268494446 0.0000005830560934 0.9999743608228081 0.9999849380865157
0.0492356302215256 -0.0000011946062615 0.0004160256026835 0.0000006385154762 0.9999727597413550 0.9999839975120115
0.0507316070954297 -0.0000012683016240 0.0004160242941191 0.0000006985031148 0.9999710792926798 0.9999830103112594
0.0522548669883117 -0.0000013456071983 0.0004160229214509 0.0000007633298868 0.9999693165223121 0.9999819747484674
0.0538055711267113 -0.0000014266543867 0.0004160214823456 0.0000008333228341 0.9999674684340293 0.9999808890633007
0.0553838929140293 -0.0000015115784576 0.0004160199744014 0.0000009088275368 0.9999655319434625 0.9999797514436256
0.0569899971822325 -0.0000016005175199 0.0004160183951662 0.0000009902079726 0.9999635039014808 0.9999785600392451
0.0586240520373458 -0.0000016936131857 0.0004160167421255 0.0000010778478468 0.9999613810790841 0.9999773129530235
0.0602862344752568 -0.0000017910109758 0.0004160150126955 0.0000011721517906 0.9999591601581567 0.9999760082354529
0.0619766968638787 -0.0000018928583923 0.0004160132042571 0.0000012735442919 0.9999568377754107 0.9999746439104662
0.0636956057906442 -0.0000019993071982 0.0004160113141158 0.0000013824726869 0.9999544104704179 0.9999732179449072
0.0654431342658145 -0.0000021105130791 0.0004160093395072 0.0000014994077602 0.9999518746933207 0.9999717282530579
0.0672194285652614 -0.0000022266335489 0.0004160072776347 0.0000016248423887 0.9999492268525776 0.9999701727246860
0.0690246627437853 -0.0000023478314700 0.0004160051256065 0.0000017592961473 0.9999464632347164 0.9999685491779009
0.0708589788574843 -0.0000024742711701 0.0004160028805050 0.0000019033120128 0.9999435800928594 0.9999668554111573
0.0727225656443838 -0.0000026061238376 0.0004160005392905 0.0000020574633787 0.9999405735237121 0.9999650891309869
0.0746155741089443 -0.0000027435617898 0.0004159980989037 0.0000022223485537 0.9999374395982595 0.9999632480287780
0.0765381402701878 -0.0000028867598853 0.0004159955562398 0.0000023985931313 0.9999341743295546 0.9999613297618491
0.0784904297898290 -0.0000030358988759 0.0004159929080896 0.0000025868551096 0.9999307735962969 0.9999593319085508
0.0804726150942484 -0.0000031911639208 0.0004159901511656 0.0000027878243331 0.9999272331767083 0.9999572519881645
0.0824848367806615 -0.0000033527415649 0.0004159872821556 0.0000030022196167 0.9999235488174432 0.9999550875013830
0.0845272681981563 -0.0000035208248484 0.0004159842976324 0.0000032307964849 0.9999197161170708 0.9999528358618556
0.0866000329911832 -0.0000036956066456 0.0004159811941713 0.0000034743393509 0.9999157306779736 0.9999504944854234
0.0887033061030111 -0.0000038772880302 0.0004159779682025 0.0000037336740732 0.9999115879155954 0.9999480606780519
0.0908372333055562 -0.0000040660716480 0.0004159746161280 0.0000040096600715 0.9999072832095707 0.9999455317246140
0.0930019798057972 -0.0000042621659124 0.0004159711342475 0.0000043031974868 0.9999028118080493 0.9999429048326792
0.0951976752413093 -0.0000044657800983 0.0004159675188455 0.0000046152211366 0.9998981689395765 0.9999401771982377
0.0974244805839338 -0.0000046771304246 0.0004159637660832 0.0000049467108742 0.9998933496743920 0.9999373459242112
0.0996825308381358 -0.0000048964348132 0.0004159598720915 0.0000052986849063 0.9998883490439474 0.9999344080906646
0.1019720015865536 -0.0000051239193320 0.0004159558328567 0.0000056722113882 0.9998831618939915 0.9999313606684909
0.1042930143300736 -0.0000053598089709 0.0004159516443845 0.0000060683948772 0.9998777830948983 0.9999282006429719
0.1066457384718528 -0.0000056043377867 0.0004159473025194 0.0000064883943588 0.9998722073103413 0.9999249248778731
0.1090303117629071 -0.0000058577409556 0.0004159428030860 0.0000069334114977 0.9998664291785254 0.9999215302219095
0.1114468859054650 -0.0000061202594567 0.0004159381418063 0.0000074046999991 0.9998604432053866 0.9999180134459978
0.1138956026176724 -0.0000063921375967 0.0004159333143428 0.0000079035628141 0.9998542438210447 0.9999143712764158
0.1163765897644223 -0.0000066736224910 0.0004159283163084 0.0000084313524909 0.9998478253916309 0.9999106004017468
0.1188900081536137 -0.0000069649694191 0.0004159231431711 0.0000089894827896 0.9998411820971870 0.9999066974011384
0.1214360031474559 -0.0000072664364867 0.0004159177903487 0.0000095794204991 0.9998343080533718 0.9999026588157995
0.1240147150419103 -0.0000075782857488 0.0004159122531889 0.0000102026890120 0.9998271972858647 0.9998984811339565
0.1266262851141548 -0.0000079007839448 0.0004159065269564 0.0000108608714025 0.9998198437136037 0.9998941607809994
0.1292708589915690 -0.0000082342029849 0.0004159006068240 0.0000115556131934 0.9998122411377048 0.9998896941129640
0.1319485728844781 -0.0000085788182618 0.0004158944879029 0.0000122886206078 0.9998043832799534 0.9998850774391397
0.1346595938746746 -0.0000089349139173 0.0004158881651488 0.0000130616736588 0.9997962636627247 0.9998803069515125
0.1374040184600169 -0.0000093027695671 0.0004158816335980 0.0000138765991807 0.9997878759116907 0.9998753789026059
0.1401820039404507 -0.0000096826775361 0.0004158748880612 0.0000147353099738 0.9997792133628179 0.9998702893745731
0.1429936916004850 -0.0000100749329085 0.0004158679233000 0.0000156397853297 0.9997702692892670 0.9998650344124985
0.1458392158871832 -0.0000104798346720 0.0004158607340070 0.0000165920752398 0.9997610368752854 0.9998596100090501
0.1487187266997860 -0.0000108976889333 0.0004158533147483 0.0000175943099514 0.9997515091429087 0.9998540120614055
0.1516323349577944 -0.0000113288010511 0.0004158456601035 0.0000186486830991 0.9997416791313478 0.9998482364766387
0.1545802092122480 -0.0000117734898327 0.0004158377644134 0.0000197574881627 0.9997315395732757 0.9998422789815160
0.1575624632069469 -0.0000122320709618 0.0004158296220744 0.0000209230800945 0.9997210832727222 0.9998361353445153
0.1605792530743376 -0.0000127048716166 0.0004158212272789 0.0000221479137316 0.9997103027717541 0.9998298011799737
0.1636306894231881 -0.0000131922169710 0.0004158125742551 0.0000234345116064 0.9996991906582746 0.9998232721289264
0.1667169261928491 -0.0000136944441491 0.0004158036570189 0.0000247855023091 0.9996877392478565 0.9998165436721529
0.1698380928329799 -0.0000142118915786 0.0004157944695632 0.0000262035950391 0.9996759408264966 0.9998096112727975
0.1729942961205293 -0.0000147448989714 0.0004157850058585 0.0000276915809022 0.9996637876510723 0.9998024703766286
0.1761856888821158 -0.0000152938189378 0.0004157752596461 0.0000292523675866 0.9996512716845211 0.9997951162564225
0.1794124237286781 -0.0000158590095761 0.0004157652245700 0.0000308889621122 0.9996383847648306 0.9997875441112434
0.1826746124236325 -0.0000164408272074 0.0004157548943061 0.0000326044517542 0.9996251187706851 0.9997797491637613
0.1859723936548555 -0.0000170396381803 0.0004157442623523 0.0000344020404178 0.9996114653523266 0.9997717265020974
0.1893058979559910 -0.0000176558128072 0.0004157333221362 0.0000362850337469 0.9995974160698095 0.9997634711610442
0.1926752537243849 -0.0000182897264182 0.0004157220669964 0.0000382568446458 0.9995829623689927 0.9997549781079441
0.1960805953822703 -0.0000189417609451 0.0004157104901547 0.0000403210008698 0.9995680955454288 0.9997462422214553
0.1995220349434488 -0.0000196122994776 0.0004156985848123 0.0000424811303485 0.9995528068684862 0.9997372583644696
0.2029997142975102 -0.0000203017363803 0.0004156863439705 0.0000447409961478 0.9995370873506999 0.9997280212485640
0.2065137622282059 -0.0000210104691030 0.0004156737605759 0.0000471044733379 0.9995209279345060 0.9997185255437101
0.2100642956008597 -0.0000217388982452 0.0004156608275193 0.0000495755513481 0.9995043194907788 0.9997087658773970
0.2136514800198096 -0.0000224874401537 0.0004156475374125 0.0000521583799706 0.9994872525316142 0.9996987366658342
0.2172754042089398 -0.0000232565009479 0.0004156338830486 0.0000548571833497 0.9994697178025767 0.9996884324619573
0.2209361918086194 -0.0000240464995192 0.0004156198569944 0.0000576763410322 0.9994517057583111 0.9996778476472595
0.2246339909493595 -0.0000248578658886 0.0004156054516193 0.0000606203870728 0.9994332066000137 0.9996669764537869
0.2283689218978325 -0.0000256910299225 0.0004155906592956 0.0000636939727862 0.9994142105327116 0.9996558131153063
0.2321411083889564 -0.0000265464280303 0.0004155754722799 0.0000669018934099 0.9993947076125866 0.9996443517775636
0.2359506710022354 -0.0000274245017303 0.0004155598827380 0.0000702490860042 0.9993746877796748 0.9996325865174779
0.2397977408290872 -0.0000283257008593 0.0004155438826886 0.0000737406449956 0.9993541407847049 0.9996205113001203
0.2436824354275323 -0.0000292504780442 0.0004155274641008 0.0000773818042935 0.9993330563151652 0.9996081200527773
0.2476048763154945 -0.0000301992927504 0.0004155106188229 0.0000811779559767 0.9993114239030056 0.9995954066106834
0.2515652040608522 -0.0000311726151370 0.0004154933385135 0.0000851346697661 0.9992892328367712 0.9995823646653532
0.2555635268330561 -0.0000321709135249 0.0004154756148640 0.0000892576458496 0.9992664724473251 0.9995689879324764
0.2595999884816233 -0.0000331946712046 0.0004154574393006 0.0000935527868998 0.9992431317246755 0.9995552699266929
0.2636746860347314 -0.0000342443657671 0.0004154388033509 0.0000980261158157 0.9992191997892099 0.9995412042385193
0.2677877514019594 -0.0000353204897494 0.0004154196982774 0.0001026838654747 0.9991946654210320 0.9995267842576987
0.2719392772693825 -0.0000364235315371 0.0004154001154169 0.0001075324007682 0.9991695174953773 0.9995120034290792
0.2761294237327583 -0.0000375540035900 0.0004153800456788 0.0001125783457854 0.9991437443391136 0.9994968548743648
0.2803582999162176 -0.0000387124111992 0.0004153594801006 0.0001178284510451 0.9991173344430767 0.9994813318107584
0.2846260152356169 -0.0000398992658374 0.0004153384096101 0.0001232896546523 0.9990902761577004 0.9994654273720371
0.2889327200047344 -0.0000411150967517 0.0004153168248200 0.0001289691407170 0.9990625574287639 0.9994491344531903
0.2932785022126114 -0.0000423604220721 0.0004152947165411 0.0001348742093563 0.9990341664560705 0.9994324460975469
0.2976634899265654 -0.0000436357775262 0.0004152720752718 0.0001410124137680 0.9990050910388364 0.9994153551119663
0.3020877843156655 -0.0000449416974226 0.0004152488915365 0.0001473914747408 0.9989753190092543 0.9993978543216473
0.3065515199142897 -0.0000462787322879 0.0004152251555719 0.0001540193700468 0.9989448378304293 0.9993799363337491
0.3110548184402012 -0.0000476474354988 0.0004152008575648 0.0001609042744793 0.9989136349011657 0.9993615937165077
0.3155978081139210 -0.0000490483690429 0.0004151759875496 0.0001680545924330 0.9988816974246627 0.9993428189220090
0.3201805767801213 -0.0000504820889341 0.0004151505356672 0.0001754788869697 0.9988490127410228 0.9993236044816179
0.3248032701995090 -0.0000519491757578 0.0004151244916229 0.0001831860411407 0.9988155676309370 0.9993039425965933
0.3294659983678469 -0.0000534502056509 0.0004150978452015 0.0001911851134827 0.9987813489772880 0.9992838255269761
0.3341688592757213 -0.0000549857573393 0.0004150705861426 0.0001994853766795 0.9987463436047339 0.9992632454972471
0.3389119620939224 -0.0000565564196268 0.0004150427040073 0.0002080963619201 0.9987105381090253 0.9992421945959340
0.3436954583606748 -0.0000581628022347 0.0004150141879860 0.0002170279255372 0.9986739186099332 0.9992206646302930
0.3485194325280737 -0.0000598054993080 0.0004149850275465 0.0002262900521090 0.9986364715831978 0.9991986476153856
0.3533840063038579 -0.0000614851241437 0.0004149552118172 0.0002358930504048 0.9985981830688894 0.9991761353085995
0.3582893040817188 -0.0000632022979274 0.0004149247297869 0.0002458474973794 0.9985590389282133 0.9991531193605728
0.3632354170092968 -0.0000649576369988 0.0004148935705316 0.0002561641681959 0.9985190251338203 0.9991295914858388
0.3682224828821423 -0.0000667517810187 0.0004148617227137 0.0002668542054560 0.9984781271277688 0.9991055430852601
0.3732506143889398 -0.0000685853678024 0.0004148291750293 0.0002779289779160 0.9984363303952491 0.9990809655833092
0.3783198874857490 -0.0000704590284164 0.0004147959162952 0.0002894000518348 0.9983936205763763 0.9990558504937629
0.3834304523739268 -0.0000723734281452 0.0004147619347215 0.0003012794463803 0.9983499825324037 0.9990301888705392
0.3885824260505845 -0.0000743292273236 0.0004147272186070 0.0003135794022892 0.9983054012385794 0.9990039718326543
0.3937759015840525 -0.0000763270841356 0.0004146917562896 0.0003263124001891 0.9982598617203907 0.9989771905266854
0.3990109915729896 -0.0000783676710896 0.0004146555358539 0.0003394912692062 0.9982133486780558 0.9989498359058780
0.4042878015757546 -0.0000804516649878 0.0004146185453093 0.0003531291294503 0.9981658467152025 0.9989218988645575
0.4096064781004610 -0.0000825797661055 0.0004145807722493 0.0003672395243471 0.9981173399017650 0.9988933699809799
0.4149670912025463 -0.0000847526514004 0.0004145422046826 0.0003818361170339 0.9980678128405390 0.9988642401445413
0.4203697519237118 -0.0000869710210729 0.0004145028302061 0.0003969330016303 0.9980172496059569 0.9988344999315660
0.4258145951776073 -0.0000892355925113 0.0004144626361130 0.0004125446740174 0.9979656338821596 0.9988041396864117
0.4313017036804002 -0.0000915470687172 0.0004144216099527 0.0004286858202463 0.9979129496827154 0.9987731499447267
0.4368311907732579 -0.0000939061724978 0.0004143797389244 0.0004453715561426 0.9978591805713383 0.9987415209750070
0.4424031771422466 -0.0000963136371993 0.0004143370100413 0.0004626173721168 0.9978043098731471 0.9987092429027623
0.4480177721713520 -0.0000987701987332 0.0004142934102726 0.0004804390825064 0.9977483208564640 0.9986763058173734
0.4536750567797906 -0.0001012765876499 0.0004142489266834 0.0004988527709511 0.9976911969135173 0.9986426998783252
0.4593751784941209 -0.0001038335712907 0.0004142035456877 0.0005178751062363 0.9976329205997900 0.9986084147499678
0.4651182159237235 -0.0001064418937448 0.0004141572541130 0.0005375229071779 0.9975734750025465 0.9985734404065287
0.4709042840832776 -0.0001091023226745 0.0004141100383704 0.0005578134939682 0.9975128426736783 0.9985377665042098
0.4767335060613977 -0.0001118156371022 0.0004140618846702 0.0005787646073136 0.9974510059081362 0.9985013825448770
0.4826059570330478 -0.0001145826011343 0.0004140127794895 0.0006003942101878 0.9973879473428092 0.9984642782283472
0.4885217671206069 -0.0001174040119695 0.0004139627087191 0.0006227208658778 0.9973236488624838 0.9984264428085619
0.4944810362232621 -0.0001202806601514 0.0004139116583698 0.0006457634366766 0.9972580925057567 0.9983878656265183
0.5004838689277172 -0.0001232133458807 0.0004138596142827 0.0006695412168126 0.9971912600933450 0.9983485358914643
0.5065303838187921 -0.0001262028838105 0.0004138065620438 0.0006940739798774 0.9971231331188866 0.9983084426165182
0.5126206600788574 -0.0001292500766126 0.0004137524874536 0.0007193817682928 0.9970536933513879 0.9982675749731060
0.5187548472896832 -0.0001323557697535 0.0004136973755551 0.0007454853536658 0.9969829215870523 0.9982259215562662
0.5249329747520233 -0.0001355207553726 0.0004136412123393 0.0007724054390802 0.9969107998397789 0.9981834716737543
0.5311551788022877 -0.0001387458871961 0.0004135839827061 0.0008001636303035 0.9968373087225818 0.9981402138047436
0.5374215635870148 -0.0001420320103628 0.0004135256717100 0.0008287818555912 0.9967624290468173 0.9980961365409291
0.5437322543562492 -0.0001453799889113 0.0004134662640718 0.0008582826083399 0.9966861411958867 0.9980512282177643
0.5500873316942048 -0.0001487906709581 0.0004134057447972 0.0008886886480285 0.9966084259188019 0.9980054773814772
0.5564869028756112 -0.0001522649263021 0.0004133440985090 0.0009200233365247 0.9965292634733863 0.9979588722845855
0.5629310819874080 -0.0001558036362980 0.0004132813096275 0.0009523105599426 0.9964486338571268 0.9979114010216354
0.5694199488372318 -0.0001594076711445 0.0004132173627728 0.0009855745274656 0.9963665173247460 0.9978630518338001
0.5759536396154433 -0.0001630779400419 0.0004131522418757 0.0010198402399270 0.9962828932454738 0.9978138124359289
0.5825322314339363 -0.0001668153270426 0.0004130859313152 0.0010551329050605 0.9961977415647474 0.9977636708770392
0.5891558177731023 -0.0001706207327779 0.0004130184151789 0.0010914783284457 0.9961110418535912 0.9977126149804703
0.5958245011994118 -0.0001744950707446 0.0004129496773284 0.0011289028900510 0.9960227733933223 0.9976606323935896
0.6025384104797969 -0.0001784392777296 0.0004128797012150 0.0011674336573825 0.9959329149381807 0.9976077104478188
0.6092976165039129 -0.0001824542644719 0.0004128084707544 0.0012070979119921 0.9958414458394597 0.9975538368205303
0.6161022244046802 -0.0001865409694159 0.0004127359693740 0.0012479236788925 0.9957483448209861 0.9974989988137362
0.6229523513372107 -0.0001907003462892 0.0004126621802326 0.0012899396196193 0.9956535902622585 0.9974431835206362
0.6298480574596524 -0.0001949333219270 0.0004125870869689 0.0013331746116232 0.9955571611593418 0.9973863783914892
0.6367894748815818 -0.0001992408748362 0.0004125106723082 0.0013776585528105 0.9954590353352386 0.9973285701792426
0.6437766959481254 -0.0002036239671733 0.0004124329192687 0.0014234216807856 0.9953591909896069 0.9972697458522368
0.6508098106132626 -0.0002080835672476 0.0004123538107628 0.0014704948064647 0.9952576061862233 0.9972098922921364
0.6578889288095887 -0.0002126206638675 0.0004122733293424 0.0015189094756079 0.9951542585263259 0.9971489961012725
0.6650141311172115 -0.0002172362349157 0.0004121914577567 0.0015686976440503 0.9950491258645524 0.9970870440243020
0.6721855380802901 -0.0002219312919741 0.0004121081781604 0.0016198921647276 0.9949421852926051 0.9970240223491423
0.6794032228231048 -0.0002267068236032 0.0004120234731201 0.0016725261832209 0.9948334144313427 0.9969599176681896
0.6866672892623636 -0.0002315638462734 0.0004119373247112 0.0017266336988636 0.9947227902708369 0.9968947161945753
0.6939778390067916 -0.0002365033829730 0.0004118497148969 0.0017822493435053 0.9946102896577690 0.9968284040491737
0.7013349796665356 -0.0002415264688455 0.0004117606254290 0.0018394084543267 0.9944958891671906 0.9967609671848071
0.7087387920351453 -0.0002466341286611 0.0004116700382470 0.0018981468252125 0.9943795656157466 0.9966923916885841
0.7161893480747255 -0.0002518273884713 0.0004115779352717 0.0019585008411127 0.9942612957963597 0.9966226636253516
0.7236867983207429 -0.0002571073371634 0.0004114842973138 0.0020205082099381 0.9941410550765890 0.9965517682110567
0.7312311891361323 -0.0002624749986328 0.0004113891063408 0.0020842064809798 0.9940188203098880 0.9964796915289563
0.7388226104519011 -0.0002679314347393 0.0004112923436515 0.0021496342503859 0.9938945674910478 0.9964064191471218
0.7464612065600327 -0.0002734777547736 0.0004111939897078 0.0022168313045860 0.9937682715409132 0.9963319359910853
0.7541470380110419 -0.0002791150156696 0.0004110940259049 0.0022858374270541 0.9936399085788687 0.9962562276837538
0.7618802075325029 -0.0002848443126776 0.0004109924329633 0.0023566934973423 0.9935094538582159 0.9961792793276368
0.7696607905099043 -0.0002906667286516 0.0004108891918281 0.0024294408832728 0.9933768829211398 0.9961010761857763
0.7774889058116882 -0.0002965833868281 0.0004107842827334 0.0025041221074977 0.9932421703971364 0.9960216029727188
0.7853646277765401 -0.0003025953849498 0.0004106776863707 0.0025807800341508 0.9931052915031491 0.9959408447391926
0.7932880394251083 -0.0003087038348141 0.0004105693831872 0.0026594583693976 0.9929662211432605 0.9958587863407944
0.8012592845680423 -0.0003149099033686 0.0004104593526580 0.0027402022129013 0.9928249329733285 0.9957754118857080
0.8092784047419284 -0.0003212146862156 0.0004103475755288 0.0028230564284518 0.9926814022810506 0.9956907064339123
0.8173454902587282 -0.0003276193241901 0.0004102340317487 0.0029080671573474 0.9925356033320445 0.9956046544309535
0.8254606705622292 -0.0003341249974666 0.0004101187005757 0.0029952817739667 0.9923875095043690 0.9955172397868448
0.8336240163734692 -0.0003407328474956 0.0004100015619600 0.0030847478552019 0.9922370950657823 0.9954284469247866
0.8418355915193659 -0.0003474440172769 0.0004098825958307 0.0031765137133351 0.9920843342570868 0.9953382602399773
0.8500955081709825 -0.0003542596968762 0.0004097617812889 0.0032706290339263 0.9919292002563281 0.9952466634877618
0.8584038703921838 -0.0003611810780779 0.0004096390974116 0.0033671442777013 0.9917716662112943 0.9951536403927884
0.8667607426491205 -0.0003682093274589 0.0004095145237295 0.0034661103063566 0.9916117058525469 0.9950591750107920
0.8751662215842071 -0.0003753456460285 0.0004093880391699 0.0035675792229169 0.9914492921362172 0.9949632509268853
0.8836204292269636 -0.0003825912646633 0.0004092596221376 0.0036716043351868 0.9912843973482548 0.9948658513166401
0.8921234070625652 -0.0003899473530610 0.0004091292521290 0.0037782388561264 0.9911169951766809 0.9947669601698378
0.9006752871355160 -0.0003974151665805 0.0004089969071299 0.0038875380263061 0.9909470573701024 0.9946665603163698
0.9092761203407065 -0.0004049958978730 0.0004088625662447 0.0039995569769391 0.9907745571144059 0.9945646354206311
0.9179259929443153 -0.0004126907776925 0.0004087262079106 0.0041143522025637 0.9905994667389044 0.9944611686261119
0.9266250191196729 -0.0004205010695999 0.0004085878099913 0.0042319815137391 0.9904217578372427 0.9943561426262904
0.9353732578543195 -0.0004284279954742 0.0004084473510975 0.0043525029286661 0.9902414029625494 0.9942495406660981
0.9441708306453944 -0.0004364728413272 0.0004083048087118 0.0044759762809586 0.9900583732201342 0.9941413451188194
0.9530177820442838 -0.0004446368306263 0.0004081601614335 0.0046024613002903 0.9898726411499276 0.9940315391895044
0.9619142440075479 -0.0004529212747915 0.0004080133863127 0.0047320199376481 0.9896841773028211 0.9939201048907099
0.9708602734634948 -0.0004613274235465 0.0004078644615014 0.0048647140625832 0.9894929536455495 0.9938070250550718
0.9798559800548395 -0.0004698565833926 0.0004077133641552 0.0050006073205669 0.9892989408657790 0.9936922817415657
0.9889013990142999 -0.0004785099976755 0.0004075600725578 0.0051397632437261 0.9891021111006151 0.9935758578487132
0.9979966415198664 -0.0004872889891567 0.0004074045635962 0.0052822475347797 0.9889024346938644 0.9934577351963625
1.0071417919728824 -0.0004961948627749 0.0004072468144827 0.0054281265326848 0.9886998824082913 0.9933378958336335
1.0163369304022565 -0.0005052289265860 0.0004070868023849 0.0055774675536036 0.9884944249495917 0.9932163217570368
1.0255821592105561 -0.0005143925181802 0.0004069245039579 0.0057303393425171 0.9882860323659882 0.9930929945547579
1.0348775394299050 -0.0005236869416218 0.0004067598964611 0.0058868110359516 0.9880746754826796 0.9929678962551204
1.0442231736642602 -0.0005331135496429 0.0004065929563033 0.0060469535456723 0.9878603240330158 0.9928410082201868
1.0536191440441098 -0.0005426736820436 0.0004064236601335 0.0062108385421184 0.9876429480597311 0.9927123119745951
1.0630655269689819 -0.0005523686799645 0.0004062519845887 0.0063785386992972 0.9874225175907102 0.9925817890133081
1.0725623989452608 -0.0005621998916761 0.0004060779061913 0.0065501278041811 0.9871990025077289 0.9924494207234881
1.0821098457194567 -0.0005721686821321 0.0004059014011806 0.0067256809381772 0.9869723723296634 0.9923151882556345
1.0917079579694502 -0.0005822757876592 0.0004057224457637 0.0069052744228136 0.9867425963031063 0.9921790725763704
1.1014206033965714 -0.0005925910696902 0.0004055398114086 0.0070902106656962 0.9865080972110091 0.9920401383228197
1.1111204203205982 -0.0006029807108754 0.0004053558703831 0.0072781418518734 0.9862719210835108 0.9919001893215568
1.1208713186719614 -0.0006135136046707 0.0004051694033168 0.0074703526210428 0.9860325022996804 0.9917582971702921
1.1306732115812614 -0.0006241909665743 0.0004049803891371 0.0076669205966390 0.9857898138332916 0.9916144449508968
1.1405261401889564 -0.0006350141541121 0.0004047888042700 0.0078679270092830 0.9855438254474655 0.9914686138186702
1.1504302108696096 -0.0006459846028141 0.0004045946237744 0.0080734556139436 0.9852945051510192 0.9913207838640160
1.1603854971534329 -0.0006571037191848 0.0004043978232375 0.0082835907296154 0.9850418216316027 0.9911709355542028
1.1703920791243054 -0.0006683729237041 0.0004041983780134 0.0084984180464249 0.9847857432788210 0.9910190491537806
1.1804500346689484 -0.0006797936411159 0.0004039962633956 0.0087180244572470 0.9845262384054118 0.9908651048551989
1.1905594423157759 -0.0006913673035516 0.0004037914545623 0.0089424981297697 0.9842632751767770 0.9907090827364883
1.2007203892929874 -0.0007030953598592 0.0004035839264112 0.0091719287037080 0.9839968213995383 0.9905509626352309
1.2109329417659060 -0.0007149792411998 0.0004033736541693 0.0094064066310028 0.9837268453036782 0.9903907246121573
1.2211971687222036 -0.0007270203881449 0.0004031606129131 0.0096460237103069 0.9834533149273639 0.9902283485856599
1.2315131758799991 -0.0007392202910248 0.0004029447768556 0.0098908739160574 0.9831761972010177 0.9900638137873334
1.2418809909017690 -0.0007515803542465 0.0004027261217473 0.0101410506910809 0.9828954610298946 0.9898971005916142
1.2523007212791417 -0.0007641020830069 0.0004025046215728 0.0103966507083317 0.9826110730534929 0.9897281879974015
1.2627724698332059 -0.0007767869843084 0.0004022802503031 0.0106577719195680 0.9823229998947521 0.9895570549625944
1.2732962559417791 -0.0007896364701352 0.0004020529836083 0.0109245115471084 0.9820312103592179 0.9893836817103510
1.2838722019179103 -0.0008026520836432 0.0004018227948572 0.0111969707639232 0.9817356702989976 0.9892080466772172
1.2945003301603704 -0.0008158352515004 0.0004015896594982 0.0114752495671721 0.9814363482372965 0.9890301298544552
1.3051807458856044 -0.0008291875083066 0.0004013535510905 0.0117594514807498 0.9811332102731487 0.9888499097595187
1.3159135235278787 -0.0008427103568981 0.0004011144437754 0.0120496806484797 0.9808262232540962 0.9886673653208534
1.3266987029646229 -0.0008564052619789 0.0004008723123891 0.0123460416762255 0.9805153549210870 0.9884824759639516
1.3375363994683160 -0.0008702737896022 0.0004006271299971 0.0126486426621670 0.9802005707429365 0.9882952197280385
1.3484267136284198 -0.0008843174942360 0.0004003788698915 0.0129575928018230 0.9798818364809465 0.9881055747901993
1.3593696340034200 -0.0008985377910022 0.0004001275078501 0.0132729995414622 0.9795591210887210 0.9879135211908627
1.3703652826134232 -0.0009129362727246 0.0003998730165319 0.0135949755788617 0.9792323895173329 0.9877190365520734
1.3814137250001115 -0.0009275144649566 0.0003996153698083 0.0139236334887251 0.9789016082759026 0.9875220993853221
1.3925150035326528 -0.0009422738675471 0.0003993545420290 0.0142590866187948 0.9785667444886396 0.9873226885303221
1.4036692283512653 -0.0009572160756942 0.0003990905058828 0.0146014518598381 0.9782277631491488 0.9871207815191936
1.4148764683959358 -0.0009723426356742 0.0003988232349481 0.0149508463971829 0.9778846303946325 0.9869163565252878
1.4261367626287513 -0.0009876550580161 0.0003985527034604 0.0153073879825876 0.9775373132073252 0.9867093921853567
1.4374501968655728 -0.0010031549215620 0.0003982788844742 0.0156711973620806 0.9771857770548812 0.9864998661929166
1.4488168569162285 -0.0010188438108704 0.0003980017509700 0.0160423968623040 0.9768299873113642 0.9862877561438015
1.4602367704194570 -0.0010347232349770 0.0003977212772895 0.0164211084602572 0.9764699111001499 0.9860730406344790
1.4717100198284958 -0.0010507947831881 0.0003974374363845 0.0168074574808755 0.9761055137617153 0.9858556971555729
1.4832366924145162 -0.0010670600570207 0.0003971502010200 0.0172015710271627 0.9757367603982533 0.9856357030115281
1.4948168435996914 -0.0010835206180771 0.0003968595446948 0.0176035767235521 0.9753636170562309 0.9854130360254868
1.5064505197564255 -0.0011001780190876 0.0003965654410946 0.0180136034542185 0.9749860500231926 0.9851876741194857
1.5181378272882522 -0.0011170339033538 0.0003962678623363 0.0184317838406444 0.9746040235748333 0.9849595939686966
1.5298788389457121 -0.0011340898712256 0.0003959667813270 0.0188582509877890 0.9742175030026993 0.9847287728074943
1.5416735895481106 -0.0011513474719911 0.0003956621719067 0.0192931382470395 0.9738264547983433 0.9844951885394834
1.5535221249119611 -0.0011688082741701 0.0003953540076087 0.0197365809678256 0.9734308450611032 0.9842588187862245
1.5654245386773300 -0.0011864739208592 0.0003950422606837 0.0201887179480853 0.9730306382455068 0.9840196401374907
1.5773808920034145 -0.0012043460117187 0.0003947269041832 0.0206496884624485 0.9726257998362970 0.9837776297485383
1.5893912291099768 -0.0012224261246556 0.0003944079115775 0.0211196327949097 0.9722162958577754 0.9835327650467043
1.6014556142407579 -0.0012407158710761 0.0003940852557815 0.0215986936796339 0.9718020916233397 0.9832850229830338
1.6135741623201398 -0.0012592169438334 0.0003937589083103 0.0220870176149460 0.9713831506512675 0.9830343793821563
1.6257468805502000 -0.0012779308754891 0.0003934288435440 0.0225847485020634 0.9709594401398826 0.9827808122170212
1.6379738542721562 -0.0012968593211900 0.0003930950337385 0.0230920351025536 0.9705309245628815 0.9825242977766850
1.6502551397123633 -0.0013160038950054 0.0003927574519136 0.0236090267368738 0.9700975693765501 0.9822648128833271
1.6625907715827262 -0.0013353661802489 0.0003924160716712 0.0241358735345732 0.9696593407867392 0.9820023347526460
1.6749808328957179 -0.0013549478389421 0.0003920708652662 0.0246727294250874 0.9692162032725321 0.9817368395098153
1.6874254002086584 -0.0013747505269133 0.0003917218051051 0.0252197498753331 0.9687681215095284 0.9814683033399113
1.6999245319559801 -0.0013947758746089 0.0003913688640844 0.0257770913578754 0.9683150608050847 0.9811967027481566
1.7124782713565165 -0.0014150254907261 0.0003910120155278 0.0263449114372250 0.9678569870169960 0.9809220145108228
1.7250866547006747 -0.0014355009747945 0.0003906512329648 0.0269233691141254 0.9673938662698643 0.9806442155046807
1.7377497811568829 -0.0014562040312117 0.0003902864881228 0.0275126280838629 0.9669256623774728 0.9803632811594735
1.7504677020277950 -0.0014771362897216 0.0003899177540917 0.0281128516911559 0.9664523409048112 0.9800791878933086
1.7632404589679262 -0.0014982993662297 0.0003895450042525 0.0287242046249199 0.9659738677933811 0.9797919122878608
1.7760681252488764 -0.0015196949312306 0.0003891682110734 0.0293468549126210 0.9654902078155915 0.9795014301593725
1.7889507166434202 -0.0015413245613440 0.0003887873487258 0.0299809696209811 0.9650013279324410 0.9792077185741537
1.8018883227520806 -0.0015631899587132 0.0003884023892213 0.0306267212684874 0.9645071923355598 0.9789107528696336
1.8148809913957611 -0.0015852893699928 0.0003880133067751 0.0312842821999300 0.9640077667948548 0.9786105092669833
1.8270417256188582 -0.0016061031774781 0.0003876468870035 0.0319080150135337 0.9635374337834414 0.9783276645824363
1.8401430489608797 -0.0016286679511363 0.0003872496965046 0.0325889998031527 0.9630276072789734 0.9780209699942847
1.8532975220102805 -0.0016514712132521 0.0003868483658678 0.0332822040604380 0.9625124703044997 0.9777109753974583
1.8665072916460754 -0.0016745182039606 0.0003864428050050 0.0339879159136383 0.9619919073535005 0.9773976078559998
1.8797723489792539 -0.0016978104610446 0.0003860329890577 0.0347063139308924 0.9614658866499309 0.9770808447257867
1.8930928360043633 -0.0017213497882105 0.0003856188885460 0.0354375867475614 0.9609343704888196 0.9767606597203967
1.9064687423118056 -0.0017451377223993 0.0003852004787419 0.0361819166471457 0.9603973272678918 0.9764370301554465
1.9199001198192764 -0.0017691759106144 0.0003847777330410 0.0369394911911503 0.9598547229790978 0.9761099318239976
1.9333870274732889 -0.0017934660134277 0.0003843506246613 0.0377105002799419 0.9593065233899136 0.9757793403085667
1.9469295093688344 -0.0018180096654971 0.0003839191273390 0.0384951349125106 0.9587526949361910 0.9754452315185175
1.9605276474450943 -0.0018428085710226 0.0003834832136519 0.0392935902522916 0.9581932025700360 0.9751075803906710
1.9741814648167229 -0.0018678643278519 0.0003830428581125 0.0401060599941328 0.9576280137303373 0.9747663632840606
1.9878909839772678 -0.0018931785318312 0.0003825980353348 0.0409327396729680 0.9570570959892709 0.9744215565599753
2.0016562994432432 -0.0019187529120405 0.0003821487176595 0.0417738311352807 0.9564804140049649 0.9740731347395049
2.0154774253181351 -0.0019445890489816 0.0003816948801074 0.0426295333382363 0.9558979358790363 0.9737210743423473
2.0293544287298433 -0.0019706886216040 0.0003812364960408 0.0435000504558925 0.9553096275878179 0.9733653505218570
2.0432873637893318 -0.0019970532848930 0.0003807735393156 0.0443855878791979 0.9547154557449302 0.9730059387327493
2.0572762573966470 -0.0020236846419160 0.0003803059847734 0.0452863512503004 0.9541153882326185 0.9726428151127987
2.0713211303854102 -0.0020505842827710 0.0003798338075584 0.0462025477432949 0.9535093933253739 0.9722759559525497
2.0854220638742409 -0.0020777539123554 0.0003793569808767 0.0471343904566702 0.9528974368142006 0.9719053359526315
2.0995790934763781 -0.0021051951480721 0.0003788754795494 0.0480820915503310 0.9522794865663825 0.9715309309826974
2.1137922839788730 -0.0021329096631460 0.0003783892774983 0.0490458671532338 0.9516555092993373 0.9711527161269068
2.1280616210402297 -0.0021608989751466 0.0003778983514577 0.0500259300108013 0.9510254753439974 0.9707706685703054
2.1423872019971979 -0.0021891648188806 0.0003774026744351 0.0510225024999876 0.9503893502523187 0.9703847625098478
2.1567690490564093 -0.0022177087809224 0.0003769022221237 0.0520358038844138 0.9497471030270855 0.9699949741427729
2.1712072007280709 -0.0022465324782101 0.0003763969697708 0.0530660565506438 0.9490987021035637 0.9696012792294680
2.1857016816185051 -0.0022756374980555 0.0003758868932323 0.0541134838893625 0.9484441167017121 0.9692036539130215
2.2002525381318541 -0.0023050254695415 0.0003753719677224 0.0551783128651911 0.9477833152226715 0.9688020737442974
2.2148598180701558 -0.0023346980231310 0.0003748521685240 0.0562607726000170 0.9471162661602337 0.9683965142338100
2.2295235503232638 -0.0023646567490322 0.0003743274717198 0.0573610928509688 0.9464429390390785 0.9679869514213534
2.2442437881718842 -0.0023949032852193 0.0003737978526526 0.0584795072364533 0.9457633024387480 0.9675733606733228
2.2590205546998186 -0.0024254392056342 0.0003732632878847 0.0596162491301800 0.9450773265087711 0.9671557182116822
2.2738538757358322 -0.0024562660869661 0.0003727237540305 0.0607715541023384 0.9443849814700052 0.9667340002017688
2.2887438155311761 -0.0024873855834837 0.0003721792264493 0.0619456627656475 0.9436862359373973 0.9663081817286908
2.3036903943952254 -0.0025187992556010 0.0003716296822471 0.0631388143503372 0.9429810607728286 0.9658782391432361
2.3157671370187103 -0.0025443041460708 0.0003711835079790 0.0641135907775719 0.9424085336015681 0.9655290192080638
2.3278438796421952 -0.0025699200937758 0.0003707354217092 0.0650979878442783 0.9418335569106963 0.9651781675770659
2.3429448484479765 -0.0026021110091585 0.0003701724447257 0.0663424893253250 0.9411111617340530 0.9647371652633221
2.3580961213727831 -0.0026345876980596 0.0003696046081372 0.0676063888243191 0.9403825391526207 0.9642921402042567
2.3733041922699045 -0.0026673654595951 0.0003690316491056 0.0688904651554627 0.9396473521572148 0.9638428803632406
2.3885691058472331 -0.0027004458802998 0.0003684535447517 0.0701949709588800 0.9389055716535554 0.9633893615209109
2.4038908442619191 -0.0027338304070990 0.0003678702747525 0.0715201555187625 0.9381571718322977 0.9629315613565329
2.4192694681151461 -0.0027675206532282 0.0003672818159969 0.0728662768535779 0.9374021233127749 0.9624694552544674
2.4347050424155867 -0.0028015182392673 0.0003666881453686 0.0742335955285599 0.9366403967124642 0.9620030184833430
2.4501975269586711 -0.0028358245499189 0.0003660892439930 0.0756223647971159 0.9358719680977271 0.9615322295348772
2.4657469597180963 -0.0028704411370417 0.0003654850902022 0.0770328467734215 0.9350968099559348 0.9610570645957718
2.4813534047867729 -0.0029053696073673 0.0003648756614996 0.0784653080420483 0.9343148937173872 0.9605774990875522
2.4970168868124762 -0.0029406114760550 0.0003642609371181 0.0799200136755603 0.9335261930374945 0.9600935096779356
2.5127373969428541 -0.0029761681777460 0.0003636408978282 0.0813972275817685 0.9327306835500050 0.9596050741314468
2.5285149631391621 -0.0030120412247740 0.0003630155231805 0.0828972190402504 0.9319283393297686 0.9591121691376260
2.5443496059551669 -0.0030482321079323 0.0003623847932395 0.0844202586250054 0.9311191351174172 0.9586147716746851
2.5602413937766415 -0.0030847424231860 0.0003617486863789 0.0859666235671022 0.9303030434904044 0.9581128572687397
2.5761903050178807 -0.0031215735553812 0.0003611071847952 0.0875365843801564 0.9294800419369542 0.9576064043427960
2.5921963769053198 -0.0031587270190584 0.0003604602685713 0.0891304192472697 0.9286501052404403 0.9570953895333331
2.6082596196144028 -0.0031962042610311 0.0003598079191192 0.0907484056548155 0.9278132098957358 0.9565797904055714
2.6243800849524961 -0.0032340068201701 0.0003591501164009 0.0923908272706433 0.9269693305443222 0.9560595832567420
2.6405577385758838 -0.0032721360278723 0.0003584868441437 0.0940579609399030 0.9261184466648595 0.9555347472391521
2.6567926316486687 -0.0033105934105087 0.0003578180828401 0.0957500941679771 0.9252605335929988 0.9550052588234045
2.6730848311833983 -0.0033493805281890 0.0003571438125588 0.0974675182351974 0.9243955661279407 0.9544710940170362
2.6894342659119221 -0.0033884986059461 0.0003564640193571 0.0992105117657862 0.9235235267583727 0.9539322334464259
2.7058410073864825 -0.0034279492030256 0.0003557786836495 0.1009793703675540 0.9226443907412502 0.9533886531409296
2.7138146660947271 -0.0034471926358937 0.0003554444732596 0.1018462045044953 0.9222156766687908 0.9531234520884894
2.7217883248029717 -0.0034664756575687 0.0003551095230152 0.1027177417580257 0.9217860142627201 0.9528575840549373
2.7295321797565375 -0.0034852444104748 0.0003547835186976 0.1035686715976590 0.9213678295075717 0.9525987408726758
2.7460967970840491 -0.0035255367334416 0.0003540838393912 0.1054038286858233 0.9204703202288681 0.9520429530134461
2.7627006949824837 -0.0035661219702451 0.0003533793222522 0.1072638698150550 0.9195666193432416 0.9514829748712184
2.7793619464515427 -0.0036070453234393 0.0003526691902620 0.1091510825090274 0.9186557305356672 0.9509181804175419
2.7960805705593947 -0.0036483081816714 0.0003519534275485 0.1110657671411764 0.9177376338620570 0.9503485479193020
2.8128566060223639 -0.0036899119761456 0.0003512320176864 0.1130082282625178 0.9168123086771153 0.9497740550693710
2.8296900025243228 -0.0037318579102817 0.0003505049483879 0.1149787619277774 0.9158797396501086 0.9491946827220702
2.8465807860605397 -0.0037741473693367 0.0003497722044023 0.1169776747901010 0.9149399076580359 0.9486104092390284
2.8635289656805889 -0.0038167816897434 0.0003490337715200 0.1190052733636189 0.9139927949215054 0.9480212136757271
2.8805345630515218 -0.0038597622329591 0.0003482896352963 0.1210618674993974 0.9130383833679020 0.9474270747632790
2.8975975519586514 -0.0039030902321932 0.0003475397837081 0.1231477630228713 0.9120766580388776 0.9468279730294754
2.9147179311632110 -0.0039467669758375 0.0003467842039804 0.1252632704587570 0.9111076030204327 0.9462238882657814
2.9318957516476414 -0.0039907938789084 0.0003460228813575 0.1274087086047781 0.9101311998664597 0.9456147985398299
2.9491309729750150 -0.0040351721154093 0.0003452558054638 0.1295843866416373 0.9091474357579302 0.9450006852832656
2.9664236395102992 -0.0040799030697672 0.0003444829625020 0.1317906261094255 0.9081562934956936 0.9443815270487617
2.9837737030859968 -0.0041249878799742 0.0003437043431522 0.1340277384826666 0.9071577616323052 0.9437573058346004
3.0011811955803478 -0.0041704278836093 0.0003429199348694 0.1362960471337099 0.9061518245933085 0.9431280009135816
3.0186461149522432 -0.0042162243230489 0.0003421297269806 0.1385958727818425 0.9051384692141985 0.9424935929158650
3.0361684836159943 -0.0042623784975568 0.0003413337080626 0.1409275410555313 0.9041176813780368 0.9418540617253558
3.0537482392658761 -0.0043088914752201 0.0003405318709136 0.1432913678931336 0.9030894523905112 0.9412093904741832
3.0632207776594513 -0.0043340401090749 0.0003400984893564 0.1445752868211328 0.9025337176457012 0.9408607599381772
3.0726933160530265 -0.0043592402248665 0.0003396641862154 0.1458663749218005 0.9019768036836396 0.9405112485445269
3.0853298578118364 -0.0043929427237779 0.0003390833873122 0.1475998940648472 0.9012320419079723 0.9400436254009350
3.1030798368726256 -0.0044404619409058 0.0003382648135833 0.1500565354394363 0.9001823980087400 0.9393841416075344
3.1208772362477673 -0.0044883171228678 0.0003374408457167 0.1525452062166627 0.8991258585574287 0.9387198157905792
3.1387320506152920 -0.0045365361487243 0.0003366110154656 0.1550676144093473 0.8980618237036500 0.9380502590821221
3.1566442241306016 -0.0045851200395944 0.0003357753176020 0.1576240854008960 0.8969902873346838 0.9373754553651102
3.1746137999567199 -0.0046340700765798 0.0003349337426842 0.1602149601279536 0.8959112379450699 0.9366953849728893
3.1926407281827092 -0.0046833872799771 0.0003340862860193 0.1628405676698212 0.8948246701287359 0.9360100319255310
3.2107249790051258 -0.0047330727154865 0.0003332329423984 0.1655012412820306 0.8937305778287693 0.9353193796805406
3.2288665790915370 -0.0047831275959706 0.0003323737043572 0.1681973239558341 0.8926289521072129 0.9346234097199643
3.2470655023310204 -0.0048335529814466 0.0003315085673331 0.1709291523404263 0.8915197877573968 0.9339221057237569
3.2653217167564623 -0.0048843499068860 0.0003306375274719 0.1736970634788221 0.8904030804921622 0.9332154517975866
3.2836352450826078 -0.0049355195514274 0.0003297605787328 0.1765014040590993 0.8892788232318184 0.9325034301215863
3.3020060339824857 -0.0049870628740801 0.0003288777191373 0.1793425104942211 0.8881470141167470 0.9317860260221490
3.3204340856521144 -0.0050389809807918 0.0003279889444827 0.1822207289706297 0.8870076484466392 0.9310632228682008
3.3389193913375852 -0.0050912749393064 0.0003270942515198 0.1851364053176628 0.8858607227559203 0.9303350046505348
3.3574618866977155 -0.0051439456515461 0.0003261936401382 0.1880898777585799 0.8847062376142550 0.9296013577637577
3.3760615884360208 -0.0051969942409516 0.0003252871067456 0.1910814985381728 0.8835441891397453 0.9288622656154499
3.3839727389216430 -0.0052196132666753 0.0003249005792403 0.1923627823936969 0.8830487198715750 0.9285469393474957
3.3918838894072652 -0.0052422652554035 0.0003245134907519 0.1936493485188228 0.8825525343375531 0.9282310400056684
3.4106104982771193 -0.0052960386659276 0.0003235949768074 0.1967158863242976 0.8813751669055874 0.9274809919781951
3.4293731498021072 -0.0053501313050597 0.0003226715716049 0.1998181267039207 0.8801915590654238 0.9267262998945562
3.4481929359491774 -0.0054046046463783 0.0003217422413156 0.2029598610260816 0.8790003863825319 0.9259661056456410
3.4670697971926341 -0.0054594595391126 0.0003208069882812 0.2061414346099842 0.8778016526328507 0.9252003967370056
3.4860036890865591 -0.0055146968670973 0.0003198658145821 0.2093631961651132 0.8765953612696573 0.9244291603105250
3.5049946042049487 -0.0055703176141376 0.0003189187209314 0.2126255016736200 0.8753815140069080 0.9236523822348194
3.5240424620792381 -0.0056263225420083 0.0003179657121633 0.2159286954906290 0.8741601178536942 0.9228700516062102
3.5431472722523911 -0.0056827126686196 0.0003170067890977 0.2192731383979737 0.8729311746872660 0.9220821540747201
3.5623089671240327 -0.0057394887770464 0.0003160419569008 0.2226591786432373 0.8716946919683218 0.9212886787064569
3.5815275031365159 -0.0057966517128187 0.0003150712200296 0.2260871694082730 0.8704506762625462 0.9204896138355091
3.6008028767249902 -0.0058542024331486 0.0003140945814066 0.2295574718660545 0.8691991321824523 0.9196849463789420
3.6201350412367961 -0.0059121417598804 0.0003131120466192 0.2330704403226899 0.8679400677701804 0.9188746652948798
3.6395239855544013 -0.0059704706141779 0.0003121236199425 0.2366264363151123 0.8666734893997644 0.9180587583059766
3.6589696328711288 -0.0060291897124618 0.0003111293094971 0.2402258100623373 0.8653994083876534 0.9172372161571273
3.6667225150842917 -0.0060526498063904 0.0003107320577253 0.2416700879019818 0.8648903867770450 0.9169087677583987
3.6738417966477765 -0.0060742173721126 0.0003103668592731 0.2430009712747225 0.8644224397863126 0.9166067091923692
3.6934103263707780 -0.0061336492512057 0.0003093610226630 0.2466820347837348 0.8631336370283375 0.9157742258477891
3.7130126340853336 -0.0061934032321733 0.0003083504930751 0.2504031942580481 0.8618388594686244 0.9149370470494192
3.7326715174688787 -0.0062535493291700 0.0003073341065088 0.2541690855190605 0.8605366165783410 0.9140941933308409
3.7523868938623677 -0.0063140881858430 0.0003063118738303 0.2579800602302056 0.8592269232509111 0.9132456569956633
3.7721586585141864 -0.0063750203693113 0.0003052838075933 0.2618364659647044 0.8579097965562436 0.9123914316062117
3.7919868161409269 -0.0064363467767877 0.0003042499151865 0.2657386719853406 0.8565852469624079 0.9115315062873662
3.8118713138120639 -0.0064980681222229 0.0003032102075062 0.2696870368460845 0.8552532894465675 0.9106658729275574
3.8318120623277321 -0.0065601850000368 0.0003021646978768 0.2736819121559155 0.8539139421124018 0.9097945252924635
3.8518090060791503 -0.0066226981021224 0.0003011133984010 0.2777236564065182 0.8525672215135677 0.9089174559869919
3.8718620801409505 -0.0066856080850945 0.0003000563222014 0.2818126264515540 0.8512131455263752 0.9080346583223713
3.8919712703674594 -0.0067489157595449 0.0002989934802478 0.2859491898073880 0.8498517292859257 0.9071461236655766
3.9121364647228103 -0.0068126216225892 0.0002979248892124 0.2901336940948721 0.8484829952475204 0.9062518480054637
3.9206627996253096 -0.0068396246022001 0.0002974722311419 0.2919139912314145 0.8479032098768260 0.9058727470663840
3.9291891345278089 -0.0068666450189747 0.0002970190894441 0.2937008256325077 0.8473228043026688 0.9054930660037503
3.9382605148313505 -0.0068954340616109 0.0002965364454986 0.2956090662948425 0.8467046193608831 0.9050884784304910
3.9585750952228720 -0.0069600650282402 0.0002954536181263 0.2999092987550865 0.8453177361202668 0.9041800715070993
3.9789245067708094 -0.0070250282773880 0.0002943662078634 0.3042542322437432 0.8439250318307843 0.9032668406342008
3.9993296639752667 -0.0070903910423727 0.0002932731143523 0.3086486460676172 0.8425250982930033 0.9023478446007686
4.0197905034940682 -0.0071561539250899 0.0002921743545418 0.3130928980585114 0.8411179583928665 0.9014230788897484
4.0403068838330576 -0.0072223172707030 0.0002910699501326 0.3175873287980405 0.8397036411191777 0.9004925428517836
4.0608787437069198 -0.0072888816769880 0.0002899599190732 0.3221322959884549 0.8382821706721607 0.8995562325486967
4.0815060586706053 -0.0073558478579453 0.0002888442778563 0.3267281654624257 0.8368535694059471 0.8986141426758497
4.1021886804737768 -0.0074232161219671 0.0002877230502152 0.3313752752504652 0.8354178689641510 0.8976662739098916
4.1229265874594292 -0.0074909871851468 0.0002865962535802 0.3360739913496198 0.8339750929370096 0.8967126214731951
4.1437196286225406 -0.0075591613378762 0.0002854639129536 0.3408246501672283 0.8325252746284292 0.8957531868660467
4.1521177230469029 -0.0075867592298966 0.0002850058573700 0.3427546043390301 0.8319388088110800 0.8953647641222515
4.1605158174712651 -0.0076143933070150 0.0002845473941210 0.3446910152632911 0.8313518304135875 0.8949758157684957
4.1664410493714890 -0.0076338982298138 0.0002842236882763 0.3460611267032271 0.8309373840113357 0.8947010797597901
4.1718489262637455 -0.0076517113392736 0.0002839280725145 0.3473144164243591 0.8305589040667329 0.8944501045969822
4.1927883541997337 -0.0077208240198385 0.0002827818753385 0.3521924786391029 0.8290914526902387 0.8934762824365086
4.2137658183530355 -0.0077902844650596 0.0002816311291560 0.3571197571972644 0.8276182366051118 0.8924974553475613
4.2347981030635138 -0.0078601487368690 0.0002804749353616 0.3621005151729149 0.8261381066833401 0.8915128400397757
4.2558849853464791 -0.0079304168452863 0.0002793133259127 0.3671350682696249 0.8246511052177358 0.8905224432925387
4.2770264424692286 -0.0080010894634646 0.0002781463223121 0.3722237788904740 0.8231572611355891 0.8895262628664256
4.2982223714344103 -0.0080721669964676 0.0002769739510244 0.3773669897089867 0.8216566097357698 0.8885243006337222
4.3194726264490573 -0.0081436497036714 0.0002757962414417 0.3825650320521055 0.8201491900831365 0.8875165608609034
4.3407771349743554 -0.0082155380891170 0.0002746132194546 0.3878182541712486 0.8186350367799621 0.8865030447123505
4.3621357620359911 -0.0082878324457576 0.0002734249149676 0.3931269880666344 0.8171141895855456 0.8854837566820178
4.3835484164453247 -0.0083605332138026 0.0002722313560042 0.3984915755504166 0.8155866858712042 0.8844586995482282
4.3917050174716374 -0.0083882689646416 0.0002717761219510 0.4005462587721162 0.8150040934172683 0.8840673948118405
4.3998616184979502 -0.0084160245488795 0.0002713205732678 0.4026071142074630 0.8144211030394166 0.8836756309729390
4.4213920481737530 -0.0084894427512316 0.0002701165780668 0.4080766810152519 0.8128803334646501 0.8826393223602975
4.4429535712466333 -0.0085631895992754 0.0002689086757211 0.4135973016128602 0.8113346350030700 0.8815983434227734
4.4645687024959413 -0.0086373424809047 0.0002676956333118 0.4191750340387594 0.8097824314047188 0.8805516119118404
4.4862372331527283 -0.0087119014119949 0.0002664774880606 0.4248101843788867 0.8082237718926111 0.8794991380680409
4.5079590651096231 -0.0087868667886198 0.0002652542715287 0.4305030858172009 0.8066586984668824 0.8784409271634146
4.5297340508407578 -0.0088622388382643 0.0002640260185987 0.4362540572750055 0.8050872573974414 0.8773769872549676
4.5515620500311931 -0.0089380178146388 0.0002627927642918 0.4420634180013520 0.8035094951525682 0.8763073264416017
4.5734429220310364 -0.0090142039722027 0.0002615545441897 0.4479314855768192 0.8019254589374484 0.8752319532306495
4.5953764993335939 -0.0090907974738684 0.0002603113959346 0.4538585686781295 0.8003351986145694 0.8741508778474827
4.6036553879270175 -0.0091197460501099 0.0002598416751814 0.4561074496390059 0.7997343347526226 0.8737420181140055
4.6111118511025504 -0.0091458350296288 0.0002594183896307 0.4581384108443209 0.7991928756550107 0.8733733986179775
4.6331613921213082 -0.0092231321575165 0.0002581654284738 0.4641745958000834 0.7975901659918804 0.8722812773258364
4.6552379667309367 -0.0093007469226191 0.0002569090758286 0.4702637507952990 0.7959832016656443 0.8711847298523370
4.6773667312545335 -0.0093787681242232 0.0002556479333668 0.4764130844593304 0.7943701957506155 0.8700825153666827
4.6995474964615465 -0.0094571958406179 0.0002543820424729 0.4826228908402158 0.7927512029801134 0.8689746470529860
4.7217800622141839 -0.0095360301145080 0.0002531114456869 0.4888934586619534 0.7911262795854807 0.8678611390615826
4.7440643179881805 -0.0096152713109286 0.0002518361809466 0.4952250998378476 0.7894954759339424 0.8667420014608482
4.7664000779442048 -0.0096949195333009 0.0002505562910061 0.5016181029910960 0.7878588485736510 0.8656172484923248
4.7887871197962752 -0.0097749747593631 0.0002492718212279 0.5080727438776144 0.7862164574090512 0.8644868966561977
4.8112252886841853 -0.0098553821871257 0.0002479828319300 0.5145893152387908 0.7845683570090795 0.8633509592977909
4.8315089195847909 -0.0099282248581102 0.0002468162792019 0.5205208256592281 0.7830768695886035 0.8623215291880011
4.8540481020642510 -0.0100093799343523 0.0002455185476797 0.5271572306992618 0.7814177561662692 0.8611747915075341
4.8766341397934001 -0.0100909271483166 0.0002442166228126 0.5338552837103575 0.7797533796587151 0.8600227030757009
4.8992705664637990 -0.0101728799897866 0.0002429103362907 0.5406163502029120 0.7780835268782126 0.8588650915836957
4.9219571585558555 -0.0102552384453088 0.0002415997364978 0.5474406905378050 0.7764082617030771 0.8577019760626661
4.9446936889983251 -0.0103380024954945 0.0002402848725092 0.5543285611032422 0.7747276489168572 0.8565333761554494
4.9674799663733831 -0.0104211722586910 0.0002389657918155 0.5612802262434389 0.7730417512989773 0.8553593100947997
4.9761001127473881 -0.0104526942297589 0.0002384664376515 0.5639227879602332 0.7724035617119523 0.8549144022919896
4.9847202591213930 -0.0104842482574527 0.0002379669004962 0.5665723305910555 0.7717651535266702 0.8544690831403272
4.9906885374101666 -0.0105060985972057 0.0002376209382589 0.5684108681597184 0.7713230160829923 0.8541605200104138
4.9966568156989402 -0.0105279527288020 0.0002372748941587 0.5702527521127040 0.7708807761827791 0.8538517608431649
5.0195849005326147 -0.0106120501067258 0.0002359447283052 0.5773597612788913 0.7691809098095621 0.8526637994794213
5.0425332856463090 -0.0106964459746306 0.0002346121756457 0.5845225120956306 0.7674781030434353 0.8514719247979242
5.0655305050522523 -0.0107812456900974 0.0002332756199063 0.5917501296691035 0.7657702924898230 0.8502746702657302
5.0885762185579013 -0.0108664488506182 0.0002319351196289 0.5990428159223734 0.7640575551491029 0.8490720640618932
5.1116701969695164 -0.0109520554722261 0.0002305907273485 0.6064008041119417 0.7623399603664958 0.8478641290261280
5.1348121932216042 -0.0110380655158843 0.0002292424970690 0.6138243185178988 0.7606175793858116 0.8466508893528089
5.1580019435618656 -0.0111244788916096 0.0002278904841904 0.6213135746023726 0.7588904852556897 0.8454323705371311
5.1650378613325474 -0.0111507418881329 0.0002274800839038 0.6235958409586445 0.7583662537558524 0.8450621192045696
5.1703254133788548 -0.0111704767775972 0.0002271716128774 0.6253140404855031 0.7579722234533234 0.8447837060862500
5.1756129654251621 -0.0111902138090787 0.0002268630967208 0.6270348630590888 0.7575781374390639 0.8445051507743565
5.1989111391792333 -0.0112773179157526 0.0002255031409993 0.6346484412116594 0.7558410602699552 0.8432760869359675
5.2222319912195694 -0.0113647320629774 0.0002241409782071 0.6423204097998565 0.7541012876673880 0.8420430981607736
5.2455996178041158 -0.0114525471403607 0.0002227752438071 0.6500589046961335 0.7523570789881806 0.8408049278844841
5.2690136664825129 -0.0115407627599811 0.0002214060002955 0.6578640944240086 0.7506085164283325 0.8395616083223508
5.2924738430170963 -0.0116293787646502 0.0002200333071486 0.6657361625963716 0.7488556783468470 0.8383131690438328
5.3159798458748622 -0.0117183949829037 0.0002186572246391 0.6736752863284740 0.7470986441403805 0.8370596404330611
5.3249006693436280 -0.0117522371948216 0.0002181348082751 0.6767018192300730 0.7464316380471419 0.8365832222736295
5.3338214928123939 -0.0117861120830317 0.0002176122991632 0.6797357973045958 0.7457645328660670 0.8361064279444160
5.3378342014678406 -0.0118013601223085 0.0002173772378416 0.6811029494796764 0.7454644283965680 0.8358918370996061
5.3418469101232873 -0.0118165970193474 0.0002171421646582 0.6824716075951549 0.7451643045035936 0.8356771706108205
5.3462940854319099 -0.0118334887480913 0.0002168816195863 0.6839902131388100 0.7448316633938279 0.8354391733919114
5.3699175502209862 -0.0119233525966258 0.0002154972465898 0.6920880680047204 0.7430642983345457 0.8341733817363021
5.3935728100758267 -0.0120135643965545 0.0002141104486171 0.7002490791380909 0.7412939753165481 0.8329033001367055
5.4172725090796474 -0.0121041731981071 0.0002127205289512 0.7084778285043590 0.7395198073546249 0.8316282678602548
5.4410163112169689 -0.0121951787521999 0.0002113275516866 0.7167744584320098 0.7377418788131858 0.8303483193823217
5.4648038101308902 -0.0122865805545151 0.0002099315853549 0.7251390818808603 0.7359602797384972 0.8290634934003600
5.4886346660822749 -0.0123783783709022 0.0002085326948787 0.7335718302549536 0.7341750955885480 0.8277738254472121
5.4990580379384193 -0.0124186019357355 0.0002079207271142 0.7372768551481286 0.7333941839296494 0.8272089592167576
5.5056518990379404 -0.0124440500513654 0.0002075335701359 0.7396258898659546 0.7329001511560050 0.8268513798950408
5.5122457601374615 -0.0124695012982025 0.0002071463952361 0.7419789712576921 0.7324061002252671 0.8264936129677900
5.5361854126004602 -0.0125620507652638 0.0002057405420035 0.7505560630883976 0.7306122706925106 0.8251931387141918
5.5601446667214605 -0.0126549055397805 0.0002043332953970 0.7591935266408826 0.7288168160151922 0.8238891637282345
5.5841457639687127 -0.0127481526210660 0.0002029233954678 0.7678995389071055 0.7270181311375375 0.8225804996762820
5.6081883393908338 -0.0128417917389453 0.0002015109099372 0.7766741976691971 0.7252163051631990 0.8212671855177661
5.6322719158447647 -0.0129358222027914 0.0002000959133470 0.7855175544347330 0.7234114359122290 0.8199492667534076
5.6563960181018134 -0.0130302433437918 0.0001986784803430 0.7944296554496683 0.7216036213522982 0.8186267892133353
5.6611425534652975 -0.0130488324392463 0.0001983995967004 0.7961894972414461 0.7212479407804940 0.8183663121528851
5.6658713163082561 -0.0130673512814944 0.0001981217606901 0.7979448223699174 0.7208935981143840 0.8181067216175922
5.6900681431825610 -0.0131622498857092 0.0001967001020840 0.8069590892795437 0.7190805616858152 0.8167770327049650
5.7142886813470604 -0.0132574738975205 0.0001952771073335 0.8160363701035819 0.7172659885282323 0.8154437554347399
5.7385482942172414 -0.0133530847294411 0.0001938519211296 0.8251825746489851 0.7154487906227059 0.8141060673833213
5.7628465156746067 -0.0134490818042827 0.0001924246183757 0.8343977273652333 0.7136290663150535 0.8127640156568015
5.7871828132394869 -0.0135454642991794 0.0001909952780154 0.8436818213686378 0.7118069191147858 0.8114176514305447
5.7966293998142051 -0.0135829403610238 0.0001904405166629 0.8473002966105561 0.7110997476008564 0.8108944463080153
5.8060759863889233 -0.0136204519013767 0.0001898857950894 0.8509269766836631 0.7103926536111264 0.8103709147784872
5.8106270078580078 -0.0136385211863848 0.0001896185708299 0.8526771065080505 0.7100520298506410 0.8101185803924490
5.8151780293270923 -0.0136565883124402 0.0001893513604273 0.8544291393097549 0.7097114250266754 0.8098661708483252
5.8396193448511164 -0.0137537577740695 0.0001879164901351 0.8638709872840281 0.7078825473148679 0.8085093254491343
5.8640735277764753 -0.0138512143940512 0.0001864812129745 0.8733726543948762 0.7060533331316886 0.8071496348775263
5.8885637141445741 -0.0139490513865217 0.0001850442186664 0.8829432242280676 0.7042221152375681 0.8057858390255422
5.9130893159215443 -0.0140472677769566 0.0001836055899099 0.8925826351228104 0.7023890019705500 0.8044179941695623
5.9376497751188495 -0.0141458627270271 0.0001821654076869 0.9022908302580015 0.7005540994888175 0.8030461552967803
5.9476602253741833 -0.0141861171416951 0.0001815785640802 0.9062635302393359 0.6998064709027744 0.8024864348119943
5.9513434257355549 -0.0142009381914281 0.0001813626665603 0.9077275280335104 0.6995314292870616 0.8022804098056506
5.9550266260969265 -0.0142157446577236 0.0001811467889246 0.9091927628507372 0.6992564076813487 0.8020743397956037
5.9596820508629733 -0.0142344656738743 0.0001808739467007 0.9110465332717306 0.6989088204159849 0.8018138109159200
5.9843282692319866 -0.0143337187590884 0.0001794298501672 0.9208934505813925 0.6970692301817676 0.8004333622028530
6.0089877475711448 -0.0144332653661547 0.0001779856055863 0.9308009937887251 0.6952296484713584 0.7990501973415536
6.0336798509870819 -0.0145331848439016 0.0001765401263744 0.9407770167009358 0.6933886940532052 0.7976632576328734
6.0584038486729561 -0.0146334757219265 0.0001750935036226 0.9508213583960740 0.6915464859800016 0.7962726095411352
6.0831591939017677 -0.0147341372911359 0.0001736458175919 0.9609339250236749 0.6897031295157687 0.7948783095370008
6.0889994956512066 -0.0147579210457640 0.0001733043956723 0.9633277758330681 0.6892684230426916 0.7945490931757930
6.0948397974006454 -0.0147816865692422 0.0001729630313936 0.9657247111531069 0.6888337859891752 0.7942197738560928
6.1006052563555464 -0.0148051584143891 0.0001726260882373 0.9680939543741297 0.6884047882640910 0.7938945741090612
6.1254296823865291 -0.0149063719162550 0.0001711758392912 0.9783295376668703 0.6865584535826585 0.7924932246402828
6.1502678340148780 -0.0150078862169654 0.0001697256868522 0.9886264238975890 0.6847124540734386 0.7910892864325128
6.1751348178223351 -0.0151097643968437 0.0001682747960811 0.9989909278502835 0.6828657298999115 0.7896819341277871
6.2000299312656368 -0.0152120051715664 0.0001668232558420 1.0094228555961930 0.6810183972722659 0.7882712345403100
6.2077729106031212 -0.0152438550932711 0.0001663720011893 1.0126787838573084 0.6804441436458052 0.7878321201592697
6.2155158899406056 -0.0152757290561684 0.0001659208481499 1.0159400913753347 0.6798700407755832 0.7873928400841987
6.2211626657764363 -0.0152989891740594 0.0001655918975005 1.0183218778627958 0.6794514568926286 0.7870723793704701
6.2261334688829058 -0.0153194500359070 0.0001653023804241 1.0204209074347550 0.6790830484723045 0.7867902086363550
6.2306217719381944 -0.0153379294648109 0.0001650410043205 1.0223180931091636 0.6787504549610730 0.7865353694190108
6.2556267294573438 -0.0154410281043380 0.0001635854976596 1.0329205936271835 0.6768984978182110 0.7851146281537688
6.2806091407728655 -0.0155442836513063 0.0001621324458014 1.0435693713333998 0.6750498909720902 0.7836935043108261
6.3056166126269737 -0.0156478938137556 0.0001606791236939 1.0542846278357700 0.6732011700188321 0.7822693227471069
6.3306482107103967 -0.0157518564062252 0.0001592256325970 1.0650660268129077 0.6713524669012699 0.7808421650352683
6.3390047737076545 -0.0157866197450912 0.0001587406804608 1.0686777082305712 0.6707357060082920 0.7803653707431614
6.3473613367049122 -0.0158214113819960 0.0001582558722280 1.0722955968855623 0.6701191544942632 0.7798884027255529
6.3518189671336573 -0.0158399662825792 0.0001579973267807 1.0742280198373462 0.6697903541725140 0.7796339036649431
6.3562765975624025 -0.0158585178106673 0.0001577388271885 1.0761622073561989 0.6694616139943991 0.7793793556552991
6.3813708111502141 -0.0159631031552622 0.0001562843928689 1.0870836082546727 0.6676121153846594 0.7779454739191785
6.4064722289294478 -0.0160679734553691 0.0001548309110777 1.0980639660281302 0.6657640689752883 0.7765096674824131
6.4315945150547167 -0.0161731873235199 0.0001533776353272 1.1091092450722448 0.6639165285625497 0.7750711853006422
6.4567368205120843 -0.0162787429680528 0.0001519246603267 1.1202191005132969 0.6620696176861592 0.7736301054083005
6.4660728221356276 -0.0163180044979168 0.0001513855123555 1.1243586673258781 0.6613843574917238 0.7730946313570355
6.4711395638512208 -0.0163393271076669 0.0001510929987520 1.1266084641223832 0.6610125854998308 0.7728039429077648
6.4756735821343421 -0.0163583931336197 0.0001508313017245 1.1286236297732339 0.6606799767919946 0.7725437695575101
6.4798217084779219 -0.0163758401027043 0.0001505919228429 1.1304688679532151 0.6603757390370300 0.7723056998801900
6.5050045861323893 -0.0164819100473866 0.0001491395823131 1.1417035902204988 0.6585300391861006 0.7708595944892614
6.5302018226644503 -0.0165883010048155 0.0001476880000365 1.1530004206024238 0.6566855581021732 0.7694113010365268
6.5554154656873047 -0.0166950233872638 0.0001462371019477 1.1643602662502162 0.6548422047409345 0.7679607321685442
6.5806445159845923 -0.0168020747915043 0.0001447869893036 1.1757826682484147 0.6530001108554208 0.7665079756169668
6.5856646580684703 -0.0168234077562554 0.0001444986451634 1.1780621536852114 0.6526338556319545 0.7662187499198628
6.5893150006177912 -0.0168389263942260 0.0001442890215772 1.1797210368697861 0.6523675979866795 0.7660084111475896
6.5929653431671120 -0.0168544310327093 0.0001440794415095 1.1813810814411920 0.6521013912485487 0.7657980460283056
6.5966674815883417 -0.0168701583925214 0.0001438669257792 1.1830658667742149 0.6518314598361532 0.7655846691378393
6.6219252842041989 -0.0169776101166274 0.0001424180443446 1.1945921361159419 0.6499912848036202 0.7641281943717468
6.6471922395026999 -0.0170853670334638 0.0001409704203665 1.2061780645719620 0.6481529755757474 0.7626699706480344
6.6724710829945675 -0.0171934426126031 0.0001395239388292 1.2178248576169659 0.6463163891008362 0.7612098710507919
6.6977607237097176 -0.0173018340617174 0.0001380787037503 1.2295319680159840 0.6444816604996780 0.7597479893792660
6.7012998509716324 -0.0173170243733615 0.0001378766030724 1.2311747134720632 0.6442251154577667 0.7595433175866967
6.7034842820279206 -0.0173264024234411 0.0001377518806768 1.2321891936338638 0.6440667963246112 0.7594169784594066
6.7056097420396590 -0.0173355165300129 0.0001376305438189 1.2331766821892203 0.6439127701895349 0.7592940419696713
6.7268643421570431 -0.0174267625561586 0.0001364179229158 1.2430729995377170 0.6423735662324367 0.7580642457596295
6.7521783894854304 -0.0175356857312448 0.0001349754980118 1.2549101984080058 0.6405429260998398 0.7565985647632163
6.7774970668712706 -0.0176449021739364 0.0001335347986142 1.2668046567756470 0.6387147600663755 0.7551315539912961
6.8028220753332063 -0.0177544210713867 0.0001320957668654 1.2787570864854569 0.6368889976355279 0.7536631461367403
6.8085095840311745 -0.0177790549176974 0.0001317728707706 1.2814489226906587 0.6364793651251979 0.7533332315998947
6.8117603719171402 -0.0177931410720025 0.0001315883612167 1.2829887279794663 0.6362452991783205 0.7531446411114519
6.8150111598031060 -0.0178072187581624 0.0001314038908973 1.2845294368057829 0.6360112810896876 0.7529560343476639
6.8182071977965020 -0.0178210568397821 0.0001312225635443 1.2860450775389938 0.6357812512491905 0.7527705882816965
6.8435183581766967 -0.0179308036435023 0.0001297877139400 1.2980790676925229 0.6339611815063698 0.7513013933981417
6.8688566278107963 -0.0180409458635077 0.0001283534525280 1.3101806542492214 0.6321421523425330 0.7498296747837507
6.8941971180834898 -0.0181513776033175 0.0001269212280563 1.3223379195961031 0.6303260044478686 0.7483569078545951
6.9026915618163054 -0.0181884586344665 0.0001264416190697 1.3264253858533872 0.6297178982825365 0.7478630179969235
6.9111860055491210 -0.0182255713928297 0.0001259622584769 1.3305189706940419 0.6291101410382951 0.7473690295291993
6.9158023598591294 -0.0182457538664973 0.0001257018518566 1.3327462173555111 0.6287799988451537 0.7471005277153497
6.9181665633615284 -0.0182560936879378 0.0001255685167521 1.3338875705736604 0.6286109611822898 0.7469630070565613
6.9205307668639273 -0.0182664229592027 0.0001254352060892 1.3350293970854423 0.6284419503938368 0.7468254789179015
6.9234086742692558 -0.0182789979929741 0.0001252729561362 1.3364199629530080 0.6282362530343379 0.7466580580260003
6.9488502882580816 -0.0183903237842054 0.0001238398769928 1.3487434744017779 0.6264195937869446 0.7451775302961308
6.9741920379181215 -0.0185014970845371 0.0001224147016767 1.3610729447811232 0.6246132613172592 0.7437019893069917
6.9995310384672367 -0.0186129441753713 0.0001209919893941 1.3734551651176901 0.6228103606665563 0.7422258163450131
7.0081577055004560 -0.0186509519332246 0.0001205081595558 1.3776830121312349 0.6221973093754540 0.7417230777593180
7.0167843725336754 -0.0186889931331434 0.0001200246025662 1.3819171078635208 0.6215846402794020 0.7412202521399550
7.0208131978161594 -0.0187067665314556 0.0001197988672483 1.3838966540291333 0.6212986429161889 0.7409853930877827
7.0248420230986435 -0.0187245264924326 0.0001195731998950 1.3858775614531560 0.6210127287998287 0.7407505154057940
7.0500936493942961 -0.0188360074493677 0.0001181601490149 1.3983243441340747 0.6192226156732696 0.7392779463243361
7.0754190106087522 -0.0189481032627799 0.0001167453748316 1.4108610326316675 0.6174306372674956 0.7378003766334217
7.1007364261447572 -0.0190604556309655 0.0001153334825645 1.4234472719728077 0.6156426307238121 0.7363225992421674
7.1089593043834567 -0.0190970098200255 0.0001148754419959 1.4275466570530433 0.6150626424013057 0.7358424904940194
7.1171821826221562 -0.0191335950787538 0.0001144176631066 1.4316516650437485 0.6144830198426806 0.7353623151300143
7.1202451368371511 -0.0191472184531458 0.0001142472161564 1.4331821830371509 0.6142672086224120 0.7351834369458818
7.1232136226930161 -0.0191604194791154 0.0001140820634573 1.4346662400760590 0.6140581019694331 0.7350100671047324
7.1484762716373869 -0.0192729278071064 0.0001126779625402 1.4473255746899212 0.6122804941217445 0.7335343028122411
7.1737660610669653 -0.0193858523502432 0.0001112748759796 1.4600514639040683 0.6105044996133326 0.7320563675939860
7.1990427728570490 -0.0194990160153240 0.0001098750683635 1.4728235832404211 0.6087329880539570 0.7305786406720133
7.2085587403132356 -0.0195416964703455 0.0001093487481106 1.4776455780445377 0.6080669959733170 0.7300221802439660
7.2127314159516862 -0.0195604249374297 0.0001091180767882 1.4797623365689385 0.6077751255031518 0.7297781536544194
7.2169040915901368 -0.0195791368373120 0.0001088874860248 1.4818805283774366 0.6074833530541368 0.7295341131179758
7.2222371954828848 -0.0196030636332808 0.0001085928712343 1.4845898786272547 0.6071105823092136 0.7292221843532595
7.2475043370738241 -0.0197166057775295 0.0001071986319163 1.4974579919989019 0.6053466816160901 0.7277440313939411
7.2727377871659087 -0.0198302981172376 0.0001058088851865 1.5103612164401650 0.6035888050309539 0.7262673776718149
7.2979529065117434 -0.0199442113039448 0.0001044228063261 1.5233071141083059 0.6018359112110875 0.7247913542733948
7.3028898074014243 -0.0199665502286284 0.0001041517377157 1.5258478874744743 0.6014931469072610 0.7245023124026077
7.3059878628449528 -0.0199805630204298 0.0001039816911609 1.5274433155101046 0.6012781249108229 0.7243209218260382
7.3090859182884813 -0.0199945732963621 0.0001038116880986 1.5290395263354617 0.6010631593544016 0.7241395251107057
7.3343228298280696 -0.0201088736692164 0.0001024283569877 1.5420714678318874 0.5993141599144777 0.7226616363932129
7.3594897557820866 -0.0202231638880279 0.0001010515822626 1.5551188512726235 0.5975737996791308 0.7211874717353952
7.3846335079765417 -0.0203376573177815 0.0000996788158116 1.5682055286105223 0.5958388585722859 0.7197143189284495
7.3888413267845507 -0.0203568481392404 0.0000994493522062 1.5704005903969109 0.5955488906438081 0.7194677543167189
7.3914527409785409 -0.0203687625366184 0.0000993069838331 1.5717635877409861 0.5953689879979183 0.7193147294465394
7.3940641551725310 -0.0203806684309536 0.0000991646500869 1.5731271364860662 0.5951891266010358 0.7191617012220087
7.3965919912872238 -0.0203921928727370 0.0000990269016700 1.5744475700480212 0.5950150612338658 0.7190135674726180
7.4213239049286388 -0.0205051119257560 0.0000976806808730 1.5873936862596372 0.5933141039722802 0.7175640930945270
7.4464070027759872 -0.0206199436222577 0.0000963181167132 1.6005739942856021 0.5915928523218971 0.7160937602106490
7.4714621287911367 -0.0207349607221452 0.0000949598854991 1.6137901069756042 0.5898774352968030 0.7146248157348342
7.4767653675891550 -0.0207593459861924 0.0000946727614633 1.6165939269766050 0.5895148504130736 0.7143138651163271
7.4820686063871733 -0.0207837153443819 0.0000943857767767 1.6194000012707963 0.5891524416642629 0.7140029046549283
7.4876301976480297 -0.0208092858253907 0.0000940849489153 1.6223451965721003 0.5887725684432586 0.7136767851036869
7.5126506730737894 -0.0209245152710419 0.0000927333282756 1.6356256467140551 0.5870660201739202 0.7122095157944598
7.5376271178212004 -0.0210398589044663 0.0000913869493954 1.6489325878912831 0.5853664573934828 0.7107446466394528
7.5460485504332677 -0.0210788217548785 0.0000909336333204 1.6534305636464000 0.5847943102491376 0.7102506929799649
7.5544699830453350 -0.0211178210170459 0.0000904806461992 1.6579341835323527 0.5842226205968716 0.7097567225989125
7.5648133232091173 -0.0211657358690559 0.0000899247454156 1.6634733185347526 0.5835210887012523 0.7091499986824137
7.5751566633728995 -0.0212136803039982 0.0000893693540872 1.6690209512481990 0.5828202500438397 0.7085432525728157
7.6000418768458644 -0.0213292572086265 0.0000880351845705 1.6824028545051466 0.5811369487601450 0.7070833919509446
7.6248976249498339 -0.0214450190308656 0.0000867055126208 1.6958178348398911 0.5794596972263507 0.7056251671662325
7.6344545865226108 -0.0214896152863566 0.0000861950387375 1.7009888420560662 0.5788158848353768 0.7050644646828637
7.6367395856322204 -0.0215002850428236 0.0000860730526990 1.7022262589400126 0.5786620437159991 0.7049304035242282
7.6390245847418301 -0.0215109508089912 0.0000859510943043 1.7034640874522202 0.5785082370079619 0.7047963418917162
7.6415382267166265 -0.0215226800280795 0.0000858169640558 1.7048262516106965 0.5783390798017987 0.7046488651715127
7.6663952087548495 -0.0216388475809295 0.0000844922026890 1.7183232478242421 0.5766685783519222 0.7031904677259141
7.6911475626174042 -0.0217548517078489 0.0000831759750536 1.7318116871173561 0.5750092191538150 0.7017381809764585
7.6983084063041902 -0.0217884726315251 0.0000827957445668 1.7357228485421456 0.5745299367149739 0.7013180333869971
7.7054692499909763 -0.0218221210496279 0.0000824157634305 1.7396380266518670 0.5740510008625376 0.7008978860735620
7.7105319271435571 -0.0218459269246970 0.0000821472695990 1.7424084581708408 0.5737126053756830 0.7006008447145710
7.7135333448736345 -0.0218600467979774 0.0000819881515680 1.7440518605586701 0.5735120690420162 0.7004247434692954
7.7165347626037120 -0.0218741575012418 0.0000818290832030 1.7456959674770058 0.5733115933373021 0.7002486424809120
7.7194160520031270 -0.0218877052463048 0.0000816764239000 1.7472749334771658 0.5731191989036253 0.7000795900001042
7.7443887209280042 -0.0220053136289486 0.0000803550022286 1.7609872865003595 0.5714540498398885 0.6986143973689517
7.7690051872876102 -0.0221215756942452 0.0000790554354077 1.7745516312389567 0.5698168301884928 0.6971701495803263
7.7764253609993004 -0.0221566856565194 0.0000786642938350 1.7786495966924849 0.5693241388932240 0.6967348205234244
7.7838455347109905 -0.0221918258398780 0.0000782734258769 1.7827518398406532 0.5688318278755570 0.6962994983589729
7.7874497992652900 -0.0222089057111124 0.0000780836651293 1.7847460001219684 0.5685928308756358 0.6960880482706575
7.7910540638195895 -0.0222259733055068 0.0000778939770130 1.7867411685218308 0.5683539231184711 0.6958766000129745
7.7957646450993208 -0.0222482898642175 0.0000776461627314 1.7893502661952199 0.5680418191722041 0.6956002512841987
7.8202670580869134 -0.0223645684627776 0.0000763589302402 1.8029493976006086 0.5664208772164450 0.6941628624790199
7.8447360937161319 -0.0224810213948114 0.0000750764627885 1.8165763392787149 0.5648063285010301 0.6927275454935842
7.8534854924583968 -0.0225227427592820 0.0000746186246702 1.8214601437372551 0.5642300341420569 0.6922143507414010
7.8581843155102353 -0.0225451667685236 0.0000743729049930 1.8240854030077256 0.5639207605232902 0.6919387494740674
7.8628831385620739 -0.0225675790291752 0.0000741273072135 1.8267123629685360 0.5636116416970154 0.6916631536486204
7.8676293337304317 -0.0225902285151151 0.0000738793477988 1.8293675327838363 0.5632995646132258 0.6913847849997186
7.8919616022089194 -0.0227065449594134 0.0000726099391541 1.8430069682217511 0.5617021469230085 0.6899577705891257
7.9162779216720125 -0.0228231209802491 0.0000713443888695 1.8566828618937870 0.5601099822428874 0.6885318665085907
7.9215253447956533 -0.0228483222281487 0.0000710716837123 1.8596400403621649 0.5597669496303948 0.6882241837017367
7.9267727679192941 -0.0228735392785352 0.0000707991204372 1.8625993257264291 0.5594241142322600 0.6879165102555785
7.9509524718433555 -0.0229898135515529 0.0000695450611657 1.8762626636193207 0.5578469056403518 0.6864989019836404
7.9771023429270880 -0.0231159422469333 0.0000681922347543 1.8910894853783722 0.5561459307507053 0.6849660378458547
7.9849285352745767 -0.0231537677454991 0.0000677880505618 1.8955370100408999 0.5556378221229735 0.6845073333327830
7.9910709929539374 -0.0231834805336494 0.0000674710471521 1.8990309508496330 0.5552393401627049 0.6841473333866167
7.9950444587658609 -0.0232027009932897 0.0000672660924280 1.9012926566133537 0.5549817137516068 0.6839144635008103
7.9990179245777844 -0.0232219221337084 0.0000670612239152 1.9035555611232982 0.5547242019477259 0.6836816006036387
8.0230396044029835 -0.0233383216308906 0.0000658244516835 1.9172615039008605 0.5531698620657893 0.6822739764917821
8.0470418547109830 -0.0234549679336898 0.0000645917165271 1.9309999913225466 0.5516210012374843 0.6808677691588023
8.0521693734373212 -0.0234799311554634 0.0000643287664950 1.9339405405228445 0.5512906725623119 0.6805674038420350
8.0550027142421730 -0.0234937319603482 0.0000641835265483 1.9355662669511875 0.5511082241781424 0.6804014352540270
8.0578360550470247 -0.0235075297061135 0.0000640383324249 1.9371925990668135 0.5509258346901224 0.6802354709052989
8.0610206407836493 -0.0235230363135858 0.0000638751926896 1.9390212678358203 0.5507209050640559 0.6800489372913145
8.0848532435024794 -0.0236392767223399 0.0000626560096983 1.9527308016567388 0.5491896459096530 0.6786531439259782
8.1086910476452072 -0.0237558853293444 0.0000614395921608 1.9664860616333260 0.5476622682465907 0.6772573686764806
8.1143443557752803 -0.0237835905386936 0.0000611515562623 1.9697544794060433 0.5473006603268253 0.6769263998849866
8.1164665231022042 -0.0237939956908702 0.0000610434761598 1.9709820132536375 0.5471649796917525 0.6768021641640437
8.1185886904291280 -0.0238043985808878 0.0000609354223088 1.9722098847062710 0.5470293324841372 0.6766779311991525
8.1207004891454524 -0.0238147478687689 0.0000608279226777 1.9734320920117434 0.5468943811975439 0.6765543079596438
8.1418184763086963 -0.0239183906420632 0.0000597542456883 1.9856725319592665 0.5455467032771497 0.6753182287112433
8.1654906898816346 -0.0240348949144576 0.0000585535671157 1.9994330888353837 0.5440400015267034 0.6739329877908047
8.1757122798902611 -0.0240853083203663 0.0000580360554343 2.0053877806442966 0.5433907167993821 0.6733349612285952
8.1785108419381594 -0.0240991133497607 0.0000578944688244 2.0070194692495282 0.5432130867389109 0.6731712404791381
8.1811069188531125 -0.0241119196096576 0.0000577631662672 2.0085336213725835 0.5430483615146925 0.6730193703120987
8.2043885444422653 -0.0242269539993131 0.0000565872829303 2.0221349556240420 0.5415733847252749 0.6716576107021097
8.2278772864139018 -0.0243433563444838 0.0000554039350092 2.0358980886872877 0.5400894556603153 0.6702841364101543
8.2321506961000974 -0.0243645713860122 0.0000551889678746 2.0384064740381715 0.5398199296140649 0.6700342987412554
8.2355102022396771 -0.0243812485925953 0.0000550200472120 2.0403793703309425 0.5396081413467467 0.6698379006941327
8.2388697083792568 -0.0243979260185279 0.0000548511913211 2.0423531022289980 0.5393964389234275 0.6696415113047609
8.2622137231816168 -0.0245140095822120 0.0000536795836703 2.0560909162727499 0.5379277767523243 0.6682771143688958
8.2855193051839748 -0.0246302496386625 0.0000525128989751 2.0698462479997048 0.5364657004725737 0.6669153998265603
8.2874915799674351 -0.0246401026906114 0.0000524143039471 2.0710121538647561 0.5363421614297109 0.6668001829315359
8.2894638547508954 -0.0246499538380011 0.0000523157322760 2.0721783461765475 0.5362186521570744 0.6666849692852173
8.2915094238487477 -0.0246601688867863 0.0000522135222056 2.0733881794537452 0.5360905844397869 0.6665654774674997
8.3119651148272702 -0.0247624681516089 0.0000511926961913 2.0855034416819858 0.5348116820977171 0.6653707540557852
8.3350984409628950 -0.0248784861410078 0.0000500410440098 2.0992416130967753 0.5333692705154097 0.6640200788498286
8.3389788073642634 -0.0248979811938791 0.0000498481584597 2.1015498865991398 0.5331277277934073 0.6637935640868119
8.3407581235764070 -0.0249069238264743 0.0000497597401384 2.1026086989133148 0.5330170090781111 0.6636897017740037
8.3425374397885506 -0.0249158634280511 0.0000496713416102 2.1036677430881956 0.5329063147367242 0.6635858423153265
8.3446023570063375 -0.0249262372186876 0.0000495687776141 2.1048970668210076 0.5327778833516056 0.6634653157826984
8.3652515291842064 -0.0250301294558403 0.0000485444470652 2.1172074610801261 0.5314953934614900 0.6622602644325702
8.3881988416684230 -0.0251459154339380 0.0000474089133463 2.1309244732541623 0.5300740693320440 0.6609215635181143
8.3917740418626323 -0.0251639865058932 0.0000472322626816 2.1330650467022418 0.5298529970400491 0.6607130385155721
8.3945319486411272 -0.0251779228755445 0.0000470960475194 2.1347169197187439 0.5296825299884981 0.6605521908959615
8.3970465105061365 -0.0251906316641723 0.0000469718895730 2.1362235219219108 0.5295271559593515 0.6604055421242652
8.4199778860871852 -0.0253067240827496 0.0000458412810126 2.1499841069893986 0.5281125205372670 0.6590684737092970
8.4268745164696064 -0.0253417081772205 0.0000455018290685 2.1541300903490179 0.5276878754940491 0.6586664511450681
8.4337711468520276 -0.0253767244229891 0.0000451626455654 2.1582795264489936 0.5272636046586974 0.6582644764152775
8.4380094644779753 -0.0253982596107600 0.0000449543339522 2.1608312703387749 0.5270030552351795 0.6580174671347383
8.4406663386132923 -0.0254117655906675 0.0000448238014242 2.1624315462249273 0.5268397967987847 0.6578626337610383
8.4429600187418963 -0.0254234227763122 0.0000447111474495 2.1638134763804899 0.5266989002298037 0.6577289718725692
8.4452453465875124 -0.0254350377397400 0.0000445989346873 2.1651907535297581 0.5265585578359351 0.6575958020595143
8.4675915431478099 -0.0255487976048857 0.0000435032637691 2.1786778539861680 0.5251884465282788 0.6562939370654221
8.4742838845129942 -0.0255829333708025 0.0000431756781564 2.1827240608748166 0.5247788875596386 0.6559041503068284
8.4809762258781785 -0.0256170999011129 0.0000428483468795 2.1867735033680127 0.5243696832998360 0.6555144110905771
8.4851725441492114 -0.0256385391683027 0.0000426432292319 2.1893142865819031 0.5241132798501266 0.6552700561898783
8.4879168443038484 -0.0256525665469440 0.0000425091409411 2.1909765903967138 0.5239456731508836 0.6551102636710486
8.4902461069879394 -0.0256644703620591 0.0000423953678776 2.1923879200267717 0.5238034612634862 0.6549746439285730
8.4925753696720303 -0.0256763745216027 0.0000422816271172 2.1937996409792673 0.5236612922836871 0.6548390300386714
8.5150816191087682 -0.0257915906144996 0.0000411842112036 2.2074603818559440 0.5222898204582582 0.6535289799402549
8.5220495859792589 -0.0258273330450361 0.0000408450353588 2.2116971585838652 0.5218660279299238 0.6531234997440420
8.5290175528497496 -0.0258631093758517 0.0000405061368488 2.2159374260691824 0.5214426223800730 0.6527180737642982
8.5332381537861366 -0.0258847961545851 0.0000403009959597 2.2185075155435121 0.5211863476971704 0.6524725277671702
8.5359209336781916 -0.0258985810696062 0.0000401706560757 2.2201418305162726 0.5210235230558704 0.6523164595322342
8.5386037135702466 -0.0259123668459660 0.0000400403591363 2.2217766622293111 0.5208607556899821 0.6521603994381926
8.5605511789013562 -0.0260253364806597 0.0000389759651507 2.2351703907933635 0.5195313378589324 0.6508840011500427
8.5670795922516216 -0.0260590056325381 0.0000386598873637 2.2391611012183583 0.5191366380055841 0.6505044356020226
8.5736080056018871 -0.0260927050058023 0.0000383440542915 2.2431548621038448 0.5187422797848675 0.6501249198128968
8.5761587517045665 -0.0261058800685868 0.0000382207202391 2.2447161109409417 0.5185882911678313 0.6499766510599875
8.5779511906176804 -0.0261151411077282 0.0000381340743399 2.2458134969825307 0.5184801128142109 0.6498724654695577
8.5797436295307943 -0.0261243982032356 0.0000380474495516 2.2469111127280015 0.5183719599724897 0.6497682836679760
8.5819589130411451 -0.0261358413534058 0.0000379404154783 2.2482679784007336 0.5182383289704678 0.6496395301389258
8.6041117481446534 -0.0262504654941557 0.0000368716280882 2.2618559121795543 0.5169041879035412 0.6483523161390756
8.6107974189026457 -0.0262851278553150 0.0000365496261332 2.2659635949195795 0.5165023231061183 0.6479639540444168
8.6174830896606380 -0.0263198223929170 0.0000362278820441 2.2700744629887755 0.5161008184853124 0.6475756462957913
8.6194639789508205 -0.0263301081867687 0.0000361326024250 2.2712930785040228 0.5159819263784415 0.6474606055499574
8.6214448682410030 -0.0263403927298707 0.0000360373471994 2.2725119734105004 0.5158630657412215 0.6473455696125194
8.6239683222302865 -0.0263534940171232 0.0000359160362540 2.2740651276637975 0.5157116948839766 0.6471990323523956
8.6451743757643733 -0.0264637739364399 0.0000348980440733 2.2871350831874921 0.5144416691445670 0.6459679053613935
8.6518660306454986 -0.0264986410541147 0.0000345773526832 2.2912659922484826 0.5140416621001139 0.6455795347486151
8.6585576855266240 -0.0265335408663228 0.0000342569207060 2.2954000794553799 0.5136420175751142 0.6451912205691784
8.6603835586454814 -0.0265430692560981 0.0000341695332748 2.2965286508073337 0.5135330342672476 0.6450852756928543
8.6622094317643388 -0.0265525956884690 0.0000340821670466 2.2976574585798271 0.5134240777781633 0.6449793350484719
8.6641587257516157 -0.0265627663482097 0.0000339889176140 2.2988628296003388 0.5133077860273662 0.6448662379626129
8.6836516656243852 -0.0266646263630421 0.0000330576360727 2.3109313462830339 0.5121465636347661 0.6437355343029922
8.6901506185998389 -0.0266986487545147 0.0000327476370686 2.3149609724492630 0.5117600974783433 0.6433586661657242
8.6966495715752927 -0.0267327023950893 0.0000324378836543 2.3189935851528309 0.5113739746912733 0.6429818529710498
8.7001387067751459 -0.0267509978548202 0.0000322716857205 2.3211598316490076 0.5111668161800705 0.6427795735899104
8.7036278419749991 -0.0267692900886986 0.0000321055638697 2.3233269381373760 0.5109597561872805 0.6425773101669616
8.7250870141253749 -0.0268819917670510 0.0000310854265200 2.3366741505767381 0.5096884588796181 0.6413336860945126
8.7324855949371276 -0.0269209282539131 0.0000307343313505 2.3412834588626859 0.5092510182466526 0.6409050581013879
8.7359878897791585 -0.0269393740975583 0.0000305682434815 2.3434667293985356 0.5090441011350088 0.6407021824576984
8.7381137069317329 -0.0269505736402206 0.0000304674671739 2.3447923484947228 0.5089185557384025 0.6405790493996188
8.7402395240843074 -0.0269617704965010 0.0000303667198568 2.3461182856549381 0.5087930469844893 0.6404559224417602
8.7614040173891770 -0.0270734314830538 0.0000293651265895 2.3593365598058629 0.5075455053799183 0.6392304134668627
8.7682012941163485 -0.0271093649247730 0.0000290440065634 2.3635884724010574 0.5071456175460852 0.6388369540077055
8.7715024050697235 -0.0271268287402544 0.0000288881515622 2.3656545920782115 0.5069515477956197 0.6386458926430474
8.7734441171353552 -0.0271371048237305 0.0000287965075247 2.3668702399146451 0.5068374377734051 0.6385335174756970
8.7751889785010082 -0.0271463357350744 0.0000287141756934 2.3679628710209082 0.5067349223231353 0.6384325393574501
8.7768415998469216 -0.0271550782833960 0.0000286362137588 2.3689979383717352 0.5066378491303271 0.6383369032186827
8.7933678133060553 -0.0272426183584378 0.0000278574747579 2.3793591400387237 0.5056683494858587 0.6373807510852290
8.8144327508528999 -0.0273545038354123 0.0000268671874268 2.3925936353031876 0.5044358407686387 0.6361625603373194
8.8354037776252934 -0.0274662310560555 0.0000258839049966 2.4057999262319307 0.5032124542697619 0.6349504294725862
8.8562596265098996 -0.0275776844012749 0.0000249085901889 2.4189641004987479 0.5019993837253173 0.6337455877615888
8.8769985071899136 -0.0276888513896789 0.0000239412879662 2.4320844628919844 0.5007966802810474 0.6325481372636250
8.8976187512288494 -0.0277997200409764 0.0000229820367208 2.4451593904856930 0.4996043867547096 0.6313581724381052
8.9181185859207641 -0.0279102776640087 0.0000220308788474 2.4581871897727030 0.4984225507837613 0.6301757932089705
8.9384958942853281 -0.0280205095475278 0.0000210878717919 2.4711659430314796 0.4972512385374567 0.6290011187857085
8.9587487930905674 -0.0281304020726451 0.0000201530612194 2.4840938754368933 0.4960905013736177 0.6278342543213608
8.9788752847114051 -0.0282399408341845 0.0000192264971824 2.4969691339124616 0.4949403959289210 0.6266753109967007
8.9988733074203076 -0.0283491109060373 0.0000183082317686 2.5097898187790633 0.4938009811899504 0.6255244031148203
9.0187408417387864 -0.0284578974190080 0.0000173983142195 2.5225540518904670 0.4926723124361133 0.6243816419818107
9.0384756815104836 -0.0285662843051427 0.0000164968014232 2.5352598295560900 0.4915544542531133 0.6232471490769304
9.0580754662493135 -0.0286742544608600 0.0000156037563558 2.5479050423579799 0.4904474785853578 0.6221210541715281
9.0775379007350843 -0.0287817909495516 0.0000147192380488 2.5604876164399268 0.4893514522936234 0.6210034827052399
9.0968605478415103 -0.0288888758575074 0.0000138433110324 2.5730053798068830 0.4882664488588022 0.6198945676903111
9.1160410420663833 -0.0289954914713337 0.0000129760356371 2.5854562003606274 0.4871925363633855 0.6187944374525691
9.1350763931324295 -0.0291016163962348 0.0000121174994312 2.5978375331773282 0.4861298164085412 0.6177032555604827
9.1539640557703041 -0.0292072314958162 0.0000112677688269 2.6101471146186213 0.4850783641840007 0.6166211594599392
9.1727011128931917 -0.0293123153421966 0.0000104269259729 2.6223824315492799 0.4840382741412477 0.6155483073130308
9.1912844454652873 -0.0294168451432751 0.0000095950609818 2.6345408304949953 0.4830096503515274 0.6144848682286465
9.2097110468390344 -0.0295207985033707 0.0000087722578333 2.6466197229306925 0.4819925890673652 0.6134310042668613
9.2279774376263077 -0.0296241501186814 0.0000079586205020 2.6586162016530177 0.4809872110174652 0.6123869039042795
9.2460801898940126 -0.0297268747190798 0.0000071542494724 2.6705273834418382 0.4799936323604722 0.6113527520307197
9.2640154534404573 -0.0298289443747742 0.0000063592627790 2.6823500971904548 0.4790119906704886 0.6103287570087196
9.2817793491691862 -0.0299303307126038 0.0000055737784478 2.6940811417783763 0.4780424232320923 0.6093151281772482
