0.0000964669236474 -0.0000000000011637 0.0002151334924589 0.0000000000000025 0.9999999999454021 0.9999999999678700
0.0001329807874796 -0.0000000000022115 0.0002151334924390 0.0000000000000065 0.9999999998957138 0.9999999999389401
0.0001777286767838 -0.0000000000039504 0.0002151334924060 0.0000000000000156 0.9999999998132545 0.9999999998909295
0.0002314813196815 -0.0000000000067014 0.0002151334923539 0.0000000000000344 0.9999999996828003 0.9999999998149742
0.0002949572518740 -0.0000000000108806 0.0002151334922746 0.0000000000000711 0.9999999994846160 0.9999999996995838
0.0003688503875795 -0.0000000000170153 0.0002151334921582 0.0000000000001390 0.9999999991937061 0.9999999995302046
0.0004538397285148 -0.0000000000257600 0.0002151334919923 0.0000000000002590 0.9999999987790262 0.9999999992887616
0.0005505647990812 -0.0000000000379104 0.0002151334917618 0.0000000000004624 0.9999999982028440 0.9999999989532854
0.0006596484427198 -0.0000000000544211 0.0002151334914486 0.0000000000007953 0.9999999974198945 0.9999999984974209
0.0007817020996959 -0.0000000000764233 0.0002151334910312 0.0000000000013235 0.9999999963765382 0.9999999978899373
0.0009172899154808 -0.0000000001052341 0.0002151334904847 0.0000000000021386 0.9999999950103071 0.9999999970944629
0.0010669922494311 -0.0000000001423856 0.0002151334897799 0.0000000000033658 0.9999999932485575 0.9999999960687017
0.0012313539213212 -0.0000000001896311 0.0002151334888837 0.0000000000051732 0.9999999910081439 0.9999999947642432
0.0014109084476653 -0.0000000002489669 0.0002151334877581 0.0000000000077822 0.9999999881944005 0.9999999931259689
0.0016061777540824 -0.0000000003226497 0.0002151334863604 0.0000000000114812 0.9999999847003122 0.9999999910915705
0.0018176699562411 -0.0000000004132133 0.0002151334846424 0.0000000000166400 0.9999999804057292 0.9999999885910921
0.0020458700111924 -0.0000000005234803 0.0002151334825506 0.0000000000237270 0.9999999751767931 0.9999999855465955
0.0022912669433423 -0.0000000006565921 0.0002151334800255 0.0000000000333300 0.9999999688645393 0.9999999818713481
0.0025543371711568 -0.0000000008160200 0.0002151334770012 0.0000000000461788 0.9999999613043651 0.9999999774695112
0.0028355273086653 -0.0000000010055694 0.0002151334734055 0.0000000000631698 0.9999999523158056 0.9999999722360109
0.0031353048886723 -0.0000000012294304 0.0002151334691589 0.0000000000853979 0.9999999417001657 0.9999999660551590
0.0034541087953881 -0.0000000014921636 0.0002151334641749 0.0000000001141868 0.9999999292411836 0.9999999588010391
0.0037923632918901 -0.0000000017987230 0.0002151334583595 0.0000000001511255 0.9999999147039306 0.9999999503368665
0.0041505015054596 -0.0000000021544954 0.0002151334516105 0.0000000001981114 0.9999998978329639 0.9999999405139118
0.0045289507494742 -0.0000000025653087 0.0002151334438175 0.0000000002573953 0.9999998783519264 0.9999999291712689
0.0049280994710574 -0.0000000030374096 0.0002151334348618 0.0000000003316242 0.9999998559645836 0.9999999161364581
0.0053483718641665 -0.0000000035775657 0.0002151334246151 0.0000000004239090 0.9999998303500193 0.9999999012226291
0.0057901592319898 -0.0000000041930056 0.0002151334129403 0.0000000005378725 0.9999998011654496 0.9999998842301991
0.0062538539681610 -0.0000000048914757 0.0002151333996904 0.0000000006777211 0.9999997680435342 0.9999998649452877
0.0067398318567890 -0.0000000056812323 0.0002151333847089 0.0000000008483107 0.9999997305927512 0.9999998431399348
0.0072484839724489 -0.0000000065711106 0.0002151333678280 0.0000000010552353 0.9999996883941269 0.9999998185701973
0.0077801749387237 -0.0000000075704750 0.0002151333488703 0.0000000013048958 0.9999996410036055 0.9999997909775274
0.0083352814018515 -0.0000000086893027 0.0002151333276463 0.0000000016046065 0.9999995879480537 0.9999997600864478
0.0089141559191294 -0.0000000099381336 0.0002151333039561 0.0000000019626751 0.9999995287276627 0.9999997256059491
0.0095171591212062 -0.0000000113281509 0.0002151332775877 0.0000000023885245 0.9999994628121236 0.9999996872272640
0.0101446434182202 -0.0000000128711669 0.0002151332483170 0.0000000028927976 0.9999993896412886 0.9999996446242508
0.0107969781937197 -0.0000000145797063 0.0002151332159062 0.0000000034875010 0.9999993086212196 0.9999995974510948
0.0114744762588235 -0.0000000164668318 0.0002151331801078 0.0000000041860678 0.9999992191324879 0.9999995453471386
0.0121774910583392 -0.0000000185464127 0.0002151331406585 0.0000000050035826 0.9999991205173948 0.9999994879294426
0.0129063646298547 -0.0000000208330145 0.0002151330972820 0.0000000059568873 0.9999990120852421 0.9999994247958532
0.0136614153944894 -0.0000000233418685 0.0002151330496894 0.0000000070647150 0.9999988931137450 0.9999993555258260
0.0144429929896048 -0.0000000260890697 0.0002151329975755 0.0000000083479363 0.9999987628396768 0.9999992796749778
0.0152514111634008 -0.0000000290913727 0.0002151329406223 0.0000000098296391 0.9999986204685180 0.9999991967807056
0.0160869868220133 -0.0000000323663352 0.0002151328784968 0.0000000115353709 0.9999984651676762 0.9999991063582382
0.0169500446791439 -0.0000000359323621 0.0002151328108499 0.0000000134933549 0.9999982960643852 0.9999990078994134
0.0178408889558823 -0.0000000398086093 0.0002151327373181 0.0000000157346405 0.9999981122502550 0.9999989008753272
0.0187598265907503 -0.0000000440150919 0.0002151326575218 0.0000000182933718 0.9999979127761597 0.9999987847333563
0.0197071826880704 -0.0000000485727848 0.0002151325710632 0.0000000212070800 0.9999976966474655 0.9999986588943809
0.0206832502214113 -0.0000000535034061 0.0002151324775301 0.0000000245167864 0.9999974628342901 0.9999985227587573
0.0216883396708531 -0.0000000588296691 0.0002151323764918 0.0000000282674113 0.9999972102595478 0.9999983756993572
0.0227227362926672 -0.0000000645750840 0.0002151322675023 0.0000000325079014 0.9999969378083882 0.9999982170670638
0.0237867450529809 -0.0000000707642133 0.0002151321500956 0.0000000372916866 0.9999966443160383 0.9999980461836919
0.0248806554302567 -0.0000000774225016 0.0002151320237891 0.0000000426768484 0.9999963285759130 0.9999978623467111
0.0260047754289198 -0.0000000845764970 0.0002151318880790 0.0000000487266017 0.9999959893290820 0.9999976648231117
0.0271593717324010 -0.0000000922534939 0.0002151317424478 0.0000000555093145 0.9999956252812473 0.9999974528592911
0.0283447322274000 -0.0000001004819375 0.0002151315863557 0.0000000630991749 0.9999952350835206 0.9999972256698600
0.0295611377561829 -0.0000001092912684 0.0002151314192444 0.0000000715764132 0.9999948173398291 0.9999969824419551
0.0308088687933230 -0.0000001187119846 0.0002151312405352 0.0000000810277235 0.9999943706039431 0.9999967223335077
0.0320882107664730 -0.0000001287757061 0.0002151310496283 0.0000000915467139 0.9999938933764400 0.9999964444714764
0.0333994407448956 -0.0000001395150936 0.0002151308459042 0.0000001032342262 0.9999933841085471 0.9999961479540839
0.0347428330946938 -0.0000001509639062 0.0002151306287225 0.0000001161988074 0.9999928411994029 0.9999958318492224
0.0361186356294330 -0.0000001631568036 0.0002151303974257 0.0000001305569032 0.9999922630054436 0.9999954951999183
0.0375271510009873 -0.0000001761300854 0.0002151301513252 0.0000001464341781 0.9999916478053418 0.9999951370039183
0.0389686263095856 -0.0000001899207342 0.0002151298897194 0.0000001639648626 0.9999909938453879 0.9999947562401117
0.0404433483602879 -0.0000002045673014 0.0002151296118772 0.0000001832933173 0.9999902992974754 0.9999943518440673
0.0419515485640411 -0.0000002201090048 0.0002151293170544 0.0000002045733779 0.9999895623019014 0.9999939227329535
0.0434935269605934 -0.0000002365869951 0.0002151290044706 0.0000002279705794 0.9999887809073166 0.9999934677705742
0.0450695035302026 -0.0000002540428340 0.0002151286733373 0.0000002536606081 0.9999879531428760 0.9999929858093779
0.0466797435937809 -0.0000002725198228 0.0002151283228331 0.0000002818317156 0.9999870769552475 0.9999924756537806
0.0483245456495557 -0.0000002920629674 0.0002151279521042 0.0000003126853800 0.9999861502102733 0.9999919360611326
0.0500041108157388 -0.0000003127174378 0.0002151275602939 0.0000003464344791 0.9999851707660190 0.9999913657842512
0.0517187104780604 -0.0000003345305538 0.0002151271465045 0.0000003833070228 0.9999841363786069 0.9999907635165913
0.0534685770529523 -0.0000003575504955 0.0002151267098221 0.0000004235447545 0.9999830447633726 0.9999901279278534
0.0552539860821728 -0.0000003818273747 0.0002151262492961 0.0000004674056631 0.9999818935440582 0.9999894576344007
0.0570751731427524 -0.0000004074121673 0.0002151257639594 0.0000005151628354 0.9999806803034331 0.9999887512287325
0.0589323903075861 -0.0000004343574774 0.0002151252528143 0.0000005671065306 0.9999794025470646 0.9999880072583893
0.0608258742280043 -0.0000004627171118 0.0002151247148401 0.0000006235441475 0.9999780577234947 0.9999872242376990
0.0627558756484507 -0.0000004925465291 0.0002151241489848 0.0000006848018758 0.9999766432029560 0.9999864006353849
0.0647226223112899 -0.0000005239022946 0.0002151235541754 0.0000007512244029 0.9999751563031890 0.9999855348895956
0.0667263749685451 -0.0000005568429814 0.0002151229293008 0.0000008231776310 0.9999735942467584 0.9999846253830523
0.0687673384645369 -0.0000005914277453 0.0002151222732389 0.0000009010464625 0.9999719542285909 0.9999836704823722
0.0708457809437775 -0.0000006277183165 0.0002151215848187 0.0000009852400679 0.9999702333215523 0.9999826684830887
0.0729619190338636 -0.0000006657770906 0.0002151208628567 0.0000010761885423 0.9999684285669641 0.9999816176623540
0.0751159713806125 -0.0000007056680211 0.0002151201061398 0.0000011743457755 0.9999665369322954 0.9999805162543048
0.0773082039303576 -0.0000007474575205 0.0002151193134082 0.0000012801927425 0.9999645552684132 0.9999793624251692
0.0795388210289650 -0.0000007912124467 0.0002151184833937 0.0000013942335121 0.9999624804050814 0.9999781543288703
0.0818080586419279 -0.0000008370018611 0.0002151176147863 0.0000015170006386 0.9999603090675965 0.9999768900584852
0.0841161601616750 -0.0000008848966303 0.0002151167062418 0.0000016490553371 0.9999580378956666 0.9999755676572374
0.0864633453107733 -0.0000009349687981 0.0002151157563936 0.0000017909868483 0.9999556634731936 0.9999741851358341
0.0888498367239155 -0.0000009872921294 0.0002151147638425 0.0000019434149914 0.9999531823024891 0.9999727404574533
0.0912758590090984 -0.0000010419421189 0.0002151137271566 0.0000021069913738 0.9999505908038581 0.9999712315374990
0.0937416346393294 -0.0000010989959229 0.0002151126448723 0.0000022824003911 0.9999478853188445 0.9999696562454895
0.0962473969690110 -0.0000011585326876 0.0002151115154883 0.0000024703614900 0.9999450620946417 0.9999680123959779
0.0987933067173571 -0.0000012206315426 0.0002151103375039 0.0000026716239549 0.9999421173792656 0.9999662978039662
0.1013796616011454 -0.0000012853767048 0.0002151091093214 0.0000028869846490 0.9999390471795280 0.9999645101439802
0.1040066500269183 -0.0000013528515367 0.0002151078293598 0.0000031172702442 0.9999358475427761 0.9999626471141136
0.1066744950620515 -0.0000014231420534 0.0002151064959875 0.0000033633498787 0.9999325143906092 0.9999607063392049
0.1093834090493248 -0.0000014963358173 0.0002151051075438 0.0000036261329189 0.9999290435712899 0.9999586854013524
0.1121335945654083 -0.0000015725219506 0.0002151036623381 0.0000039065703273 0.9999254308591471 0.9999565818395635
0.1149252810235358 -0.0000016517921754 0.0002151021586308 0.0000042056599828 0.9999216719052738 0.9999543931210461
0.1177586838644377 -0.0000017342397272 0.0002151005946535 0.0000045244442939 0.9999177622890337 0.9999521166711950
0.1206340066222715 -0.0000018199593907 0.0002150989686084 0.0000048640117316 0.9999136975163669 0.9999497498726030
0.1235514492036989 -0.0000019090477348 0.0002150972786639 0.0000052254992228 0.9999094730086618 0.9999472900585787
0.1265112298392092 -0.0000020016038148 0.0002150955229412 0.0000056100966722 0.9999050840694560 0.9999447344937533
0.1295135646375069 -0.0000020977285996 0.0002150936995253 0.0000060190464456 0.9999005259115924 0.9999420803898895
0.1325586641718748 -0.0000021975248734 0.0002150918064668 0.0000064536446384 0.9998957936618855 0.9999393249085953
0.1356467111465536 -0.0000023010964799 0.0002150898417961 0.0000069152393497 0.9998908823969858 0.9999364651822028
0.1387779486694127 -0.0000024085512985 0.0002150878034673 0.0000074052457308 0.9998857870022164 0.9999334982315682
0.1419525688705253 -0.0000025199975499 0.0002150856894277 0.0000079251314562 0.9998805023467979 0.9999304210680974
0.1451707366974914 -0.0000026355444805 0.0002150834976056 0.0000084764210314 0.9998750232513784 0.9999272306748344
0.1484326997531185 -0.0000027553063496 0.0002150812258339 0.0000090607168348 0.9998693442989680 0.9999239238963684
0.1517386382865190 -0.0000028793970963 0.0002150788719517 0.0000096796757980 0.9998634600878502 0.9999204975860939
0.1550887424062765 -0.0000030079330786 0.0002150764337523 0.0000103350242327 0.9998573651016761 0.9999169485305647
0.1584832232897002 -0.0000031410335796 0.0002150739089735 0.0000110285627284 0.9998510536854943 0.9999132734355299
0.1619223065003929 -0.0000032788206476 0.0002150712953007 0.0000117621678619 0.9998445200533128 0.9999094689303323
0.1654061781682371 -0.0000034214169558 0.0002150685904075 0.0000125377829597 0.9998377583896071 0.9999055316270091
0.1689350152383131 -0.0000035689469312 0.0002150657919342 0.0000133574257605 0.9998307627957969 0.9999014580891215
0.1725090301644446 -0.0000037215386619 0.0002150628974518 0.0000142232013507 0.9998235271997996 0.9998972447790798
0.1761284255994200 -0.0000038793220817 0.0002150599044964 0.0000151372947115 0.9998160454421278 0.9998928881082726
0.1797933939890546 -0.0000040424289306 0.0002150568105695 0.0000161019726236 0.9998083112777716 0.9998883844381550
0.1835041156553787 -0.0000042109926417 0.0002150536131410 0.0000171195851272 0.9998003183815509 0.9998837300833593
0.1872608132473945 -0.0000043851508562 0.0002150503096008 0.0000181925832766 0.9997920602288947 0.9998789212422632
0.1910636124237645 -0.0000045650389876 0.0002150468973811 0.0000193234820022 0.9997835304009878 0.9998739541746744
0.1949127726359653 -0.0000047508010292 0.0002150433737515 0.0000205149298082 0.9997747220723273 0.9998688249034176
0.1988084720910139 -0.0000049425795290 0.0002150397360090 0.0000217696491596 0.9997656284861054 0.9998635294911490
0.2027508934497396 -0.0000051405195636 0.0002150359814027 0.0000230904635060 0.9997562427657684 0.9998580639306169
0.2067402323595029 -0.0000053447692217 0.0002150321071246 0.0000244803034374 0.9997465578921018 0.9998524241313071
0.2107766611952565 -0.0000055554777794 0.0002150281103445 0.0000259421971070 0.9997365667897662 0.9998466059698262
0.2148603555825761 -0.0000057727970288 0.0002150239881841 0.0000274792817431 0.9997262622643088 0.9998406052532126
0.2189915469334423 -0.0000059968841909 0.0002150197376626 0.0000290948278048 0.9997156368640401 0.9998344176384901
0.2231703984839848 -0.0000062278953099 0.0002150153558215 0.0000307921950087 0.9997046831932827 0.9998280388150752
0.2273970928752800 -0.0000064659898994 0.0002150108396363 0.0000325748679437 0.9996933936920595 0.9998214643764696
0.2316718106690316 -0.0000067113298202 0.0002150061860385 0.0000344464511909 0.9996817606893149 0.9998146898512413
0.2359947293424837 -0.0000069640792311 0.0002150013919158 0.0000364106719591 0.9996697764052696 0.9998077107043855
0.2403660712889790 -0.0000072244074775 0.0002149964540577 0.0000384714061931 0.9996574328144577 0.9998005222575482
0.2447859826738198 -0.0000074924819455 0.0002149913692910 0.0000406326256352 0.9996447219845663 0.9997931198863418
0.2492546714202665 -0.0000077684762618 0.0002149861343241 0.0000428984657523 0.9996316356876478 0.9997854987939154
0.2537723131755025 -0.0000080525646927 0.0002149807458536 0.0000452731845936 0.9996181656657056 0.9997776541656099
0.2583390579050235 -0.0000083449224102 0.0002149752005589 0.0000477611670605 0.9996043036180829 0.9997695811615998
0.2629550873611377 -0.0000086457291429 0.0002149694950331 0.0000503669590005 0.9995900410283838 0.9997612748160818
0.2676206297955141 -0.0000089551703624 0.0002149636257604 0.0000530952827938 0.9995753691082110 0.9997527300044901
0.2723358278385516 -0.0000092734285837 0.0002149575892814 0.0000559509646648 0.9995602792096989 0.9997439416837355
0.2771008697607085 -0.0000096006919753 0.0002149513820294 0.0000589390132792 0.9995447624172521 0.9997349046544224
0.2819159422415796 -0.0000099371513222 0.0002149450003885 0.0000620645973815 0.9995288096915937 0.9997256136447230
0.2867811895180096 -0.0000102829971089 0.0002149384407482 0.0000653330217707 0.9995124120080471 0.9997160633908971
0.2916968435514066 -0.0000106384287736 0.0002149316993289 0.0000687498184465 0.9994955599178159 0.9997062483817575
0.2966630350724452 -0.0000110036412556 0.0002149247724359 0.0000723206230299 0.9994782441858138 0.9996961632301322
0.3016799682162473 -0.0000113788375587 0.0002149176562222 0.0000760512987791 0.9994604551950047 0.9996858023259224
0.3067477885346251 -0.0000117642191108 0.0002149103468705 0.0000799478468027 0.9994421834035271 0.9996751601023223
0.3118666837527009 -0.0000121599932679 0.0002149028404515 0.0000840164843357 0.9994234189888981 0.9996642308285711
0.3170367969833413 -0.0000125663667264 0.0002148951330484 0.0000882635822028 0.9994041521603921 0.9996530087918748
0.3222583834513095 -0.0000129835578786 0.0002148872205230 0.0000926957984563 0.9993843725732591 0.9996414879561905
0.3275315341233178 -0.0000134117749422 0.0002148790989299 0.0000973198523958 0.9993640703656596 0.9996296625661744
0.3328564568029836 -0.0000138512382853 0.0002148707640939 0.0001021427645751 0.9993432351002192 0.9996175265306577
0.3382332940759274 -0.0000143021658305 0.0002148622118862 0.0001071717054188 0.9993218564560759 0.9996050738257133
0.3436622397999452 -0.0000147647826434 0.0002148534380426 0.0001124141045749 0.9992999237742910 0.9995922982298446
0.3491434673239995 -0.0000152393150366 0.0002148444382758 0.0001178775909796 0.9992774263374156 0.9995791934867982
0.3546771503127437 -0.0000157259922972 0.0002148352082420 0.0001235700164567 0.9992543532876028 0.9995657532578407
0.3602634338125971 -0.0000162250441049 0.0002148257435906 0.0001294994296533 0.9992306937490483 0.9995519711930524
0.3659025100999863 -0.0000167367072871 0.0002148160398353 0.0001356741606857 0.9992064365077671 0.9995378407447657
0.3715945181907992 -0.0000172612168395 0.0002148060925251 0.0001421027191221 0.9991815704373107 0.9995233554155214
0.3773396282686933 -0.0000177988135288 0.0002147958970997 0.0001487938898088 0.9991560841383677 0.9995085085480990
0.3831380417074643 -0.0000183497441364 0.0002147854488851 0.0001557567437149 0.9991299659272447 0.9994932933187679
0.3889898931440484 -0.0000189142521883 0.0002147747432693 0.0001630005261912 0.9991032042753750 0.9994777029932902
0.3948953561234208 -0.0000194925879117 0.0002147637755137 0.0001705347868177 0.9990757873373119 0.9994617306519211
0.4008545915389856 -0.0000200850033762 0.0002147525408447 0.0001783693235786 0.9990477031811266 0.9994453693235921
0.4068677771079825 -0.0000206917554158 0.0002147410343991 0.0001865142266039 0.9990189396499077 0.9994286119051879
0.4129350778342382 -0.0000213131027278 0.0002147292512786 0.0001949798455570 0.9989894844993199 0.9994114512416470
0.4190566441341677 -0.0000219493056013 0.0002147171865549 0.0002037767902106 0.9989593254105207 0.9993938801334523
0.4252326529791304 -0.0000226006301951 0.0002147048351890 0.0002129159950277 0.9989284497874041 0.9993758912184632
0.4314632333272718 -0.0000232673407238 0.0002146921921791 0.0002224086156814 0.9988968451270254 0.9993574771876926
0.4377485524919495 -0.0000239497085481 0.0002146792523883 0.0002322661618615 0.9988644985887559 0.9993386305342458
0.4440887930994907 -0.0000246480099358 0.0002146660105871 0.0002425004742945 0.9988313971004411 0.9993193436151196
0.4504841121138545 -0.0000253625215930 0.0002146524615379 0.0002531236656895 0.9987975275702735 0.9992996087746082
0.4569346664331599 -0.0000260935234016 0.0002146385999437 0.0002641481654931 0.9987628767570895 0.9992794182686866
0.4634406222521102 -0.0000268412995206 0.0002146244204267 0.0002755867429981 0.9987274312181977 0.9992587642345644
0.4700021397692758 -0.0000276061366850 0.0002146099175607 0.0002874524881835 0.9986911773900443 0.9992376387376386
0.4766193830396764 -0.0000283883253493 0.0002145950858495 0.0002997588354627 0.9986541015340832 0.9992160337399022
0.4832924730020218 -0.0000291881540686 0.0002145799198335 0.0003125194803872 0.9986161900031282 0.9991939412551075
0.4900215852896637 -0.0000300059211258 0.0002145644138691 0.0003257485697924 0.9985774286902966 0.9991713530275967
0.4968068926757244 -0.0000308419278666 0.0002145485622554 0.0003394606055406 0.9985378033449762 0.9991482607163639
0.5036485382708400 -0.0000316964753252 0.0002145323592976 0.0003536703945119 0.9984972997328011 0.9991246559882319
0.5105466815102854 -0.0000325698698524 0.0002145157992012 0.0003683931467927 0.9984559033689535 0.9991005303623747
0.5175014744107699 -0.0000334624202052 0.0002144988761262 0.0003836444347711 0.9984135996561611 0.9990758752906790
0.5245130814818370 -0.0000343744401077 0.0002144815841395 0.0003994402436864 0.9983703737633696 0.9990506820869741
0.5315816573191036 -0.0000353062454050 0.0002144639172681 0.0004157969302891 0.9983262107607103 0.9990249420056286
0.5387073431390095 -0.0000362581535278 0.0002144458695098 0.0004327312189696 0.9982810956449014 0.9989986462562978
0.5458903045604538 -0.0000372304885394 0.0002144274347374 0.0004502602984419 0.9982350131001486 0.9989717858644970
0.5531306918202734 -0.0000382235758775 0.0002144086067982 0.0004684017362826 0.9981879477473816 0.9989443518168033
0.5604286512810588 -0.0000392377438437 0.0002143893794862 0.0004871735116764 0.9981398840737429 0.9989163350196906
0.5677843546659517 -0.0000402733277273 0.0002143697464635 0.0005065941001017 0.9980908062372129 0.9988877261855715
0.5751979500869473 -0.0000413306630254 0.0002143497013891 0.0005266823556796 0.9980406983879945 0.9988585160200609
0.5826695699559303 -0.0000424100863936 0.0002143292379011 0.0005474575333423 0.9979895446235114 0.9988286951956814
0.5901993531941577 -0.0000435119387864 0.0002143083495566 0.0005689393553747 0.9979373288396638 0.9987982542650800
0.5977874946031828 -0.0000446365728959 0.0002142870296913 0.0005911481681598 0.9978840343783890 0.9987671834554693
0.6054341066464418 -0.0000457843328192 0.0002142652718048 0.0006141045513971 0.9978296449912797 0.9987354732303300
0.6131393868247902 -0.0000469555788955 0.0002142430690895 0.0006378298171326 0.9977741436626647 0.9987031136031784
0.6209034172092973 -0.0000481506574863 0.0002142204150041 0.0006623454104807 0.9977175140417301 0.9986700949724528
0.6287263924601423 -0.0000493699356381 0.0002141973026159 0.0006876736198514 0.9976597388000568 0.9986364071638014
0.6366084402164222 -0.0000506137736695 0.0002141737251209 0.0007138370274562 0.9976008009306734 0.9986020401874071
0.6445497276861020 -0.0000518825416688 0.0002141496755309 0.0007408588579004 0.9975406829664297 0.9985669837821513
0.6525503853125316 -0.0000531766074763 0.0002141251469016 0.0007687627342710 0.9974793675495102 0.9985312277476067
0.6606105941713764 -0.0000544963507326 0.0002141001320659 0.0007975729876559 0.9974168367658892 0.9984947615558377
0.6687304588858479 -0.0000558421422096 0.0002140746240263 0.0008273142174478 0.9973530731247445 0.9984575749224573
0.6769101301206226 -0.0000572143637297 0.0002140486155767 0.0008580117317097 0.9972880586147614 0.9984196572562045
0.6851497798651572 -0.0000586134044221 0.0002140220993740 0.0008896914809850 0.9972217748816202 0.9983809977623191
0.6934495264339126 -0.0000600396479925 0.0002139950681791 0.0009223797789937 0.9971542038312511 0.9983415857942824
0.7018095323169373 -0.0000614934893031 0.0002139675145428 0.0009561036862642 0.9970853268443767 0.9983014103956001
0.7102299384449819 -0.0000629753232075 0.0002139394310175 0.0009908907662142 0.9970151253056326 0.9982604606082993
0.7187108950934850 -0.0000644855498759 0.0002139108100560 0.0010267692167571 0.9969435803513492 0.9982187253257044
0.7272525366817898 -0.0000660245703407 0.0002138816440965 0.0010637677744458 0.9968706730807203 0.9981761934155038
0.7358550153421038 -0.0000675927924968 0.0002138519254484 0.0011019158669559 0.9967963842716204 0.9981328535538530
0.7445184691531244 -0.0000691906254116 0.0002138216464006 0.0011412434864977 0.9967206946503182 0.9980886943825943
0.7532430099866632 -0.0000708184769067 0.0002137907992671 0.0011817811354879 0.9966435850061008 0.9980437045760299
0.7620288013076637 -0.0000724767680549 0.0002137593761123 0.0012235601966092 0.9965650355046939 0.9979978724402103
0.7708759781167187 -0.0000741659183801 0.0002137273690319 0.0012666125774149 0.9964850263894693 0.9979511863219138
0.7797846985405543 -0.0000758863555795 0.0002136947699682 0.0013109709648845 0.9964035375210425 0.9979036343398785
0.7887551140196327 -0.0000776385099353 0.0002136615708163 0.0013566686957292 0.9963205486421243 0.9978552045391994
0.7977873161791813 -0.0000794228037001 0.0002136277636255 0.0014037394835031 0.9962360398803776 0.9978058851846715
0.8068815208107158 -0.0000812396874023 0.0002135933399110 0.0014522183855210 0.9961499900290249 0.9977556637572167
0.8160377979453213 -0.0000830895864131 0.0002135582916666 0.0015021404005647 0.9960623790776948 0.9977045284307575
0.8252563331123678 -0.0000849729529854 0.0002135226103788 0.0015535418637417 0.9959731857479392 0.9976524666337409
0.8345371929696270 -0.0000868902188910 0.0002134862879242 0.0016064591782117 0.9958823897364582 0.9975994663582795
0.8438806129765736 -0.0000888418544899 0.0002134493154504 0.0016609304463943 0.9957899689178686 0.9975455145272230
0.8532866633690569 -0.0000908282997571 0.0002134116846828 0.0017169935778220 0.9956959026112217 0.9974905989007589
0.8627554785979059 -0.0000928500116363 0.0002133733870276 0.0017746876056164 0.9956001693376149 0.9974347067673121
0.8722872403258121 -0.0000949074611042 0.0002133344136273 0.0018340526331779 0.9955027469594866 0.9973778250246048
0.8818820608267750 -0.0000970011081565 0.0002132947558350 0.0018951291281939 0.9954036138652240 0.9973199408711173
0.8915400836776906 -0.0000991314233295 0.0002132544048062 0.0019579585487193 0.9953027479502295 0.9972610412110285
0.9012614401135792 -0.0001012988782975 0.0002132133516776 0.0020225830836703 0.9952001270623402 0.9972011129141034
0.9110462337862787 -0.0001035039422813 0.0002131715876348 0.0020890455513618 0.9950957291720008 0.9971401429149258
0.9208946368634178 -0.0001057471037276 0.0002131291035018 0.0021573900650649 0.9949895313460577 0.9970781176133917
0.9308067917583652 -0.0001080288484059 0.0002130858901562 0.0022276613920437 0.9948815107849652 0.9970150234802269
0.9407828052501895 -0.0001103496359859 0.0002130419385646 0.0022999049009363 0.9947716449045489 0.9969508471046120
0.9507769684868321 -0.0001126990906012 0.0002129974446657 0.0023738243640482 0.9946604234850130 0.9968858743888309
0.9608809847732368 -0.0001150992837839 0.0002129519915139 0.0024501442224372 0.9945468043095729 0.9968194962642308
0.9710491214632573 -0.0001175399874823 0.0002129057728959 0.0025285769416041 0.9944312717924023 0.9967519954621734
0.9812816586889586 -0.0001200217390714 0.0002128587787229 0.0026091727206698 0.9943138007189489 0.9966833570039904
0.9915787342960218 -0.0001225450462207 0.0002128109994716 0.0026919816177424 0.9941943672886304 0.9966135667286974
1.0019404720516529 -0.0001251104170214 0.0002127624256137 0.0027770545096895 0.9940729476888313 0.9965426104597499
1.0123669945133786 -0.0001277183630498 0.0002127130475582 0.0028644432021754 0.9939495179501411 0.9964704739202526
1.0228584520499993 -0.0001303694067260 0.0002126628555120 0.0029542006923582 0.9938240535982745 0.9963971425292858
1.0334149543859930 -0.0001330640641157 0.0002126118398057 0.0030463806028042 0.9936965304682844 0.9963226018775488
1.0440366743773901 -0.0001358028713033 0.0002125599903945 0.0031410380928328 0.9935669234566495 0.9962468369977137
1.0547237070957343 -0.0001385863483327 0.0002125072975406 0.0032382286349433 0.9934352082280086 0.9961698333618392
1.0654761609000660 -0.0001414150222744 0.0002124537513769 0.0033380088105675 0.9933013601236993 0.9960915762431851
1.0762942249266154 -0.0001442894454219 0.0002123993415625 0.0034404369807540 0.9931653533010841 0.9960120502126552
1.0871779505442918 -0.0001472101374277 0.0002123440583783 0.0035455712450382 0.9930271634717550 0.9959312407395834
1.0981274983168325 -0.0001501776507371 0.0002122878914882 0.0036534717799611 0.9928867648056761 0.9958491323813111
1.1091430023396782 -0.0001531925347336 0.0002122308306184 0.0037641995821898 0.9927441316279911 0.9957657097750385
1.1202246283417217 -0.0001562553515261 0.0002121728652582 0.0038778170583925 0.9925992376723770 0.9956809572008878
1.1313724431985692 -0.0001593666397871 0.0002121139853446 0.0039943866942077 0.9924520577920449 0.9955948595824696
1.1425865894247409 -0.0001625269628241 0.0002120541803528 0.0041139728455559 0.9923025656858395 0.9955074011565802
1.1538671741047444 -0.0001657368778529 0.0002119934398777 0.0042366406116454 0.9921507353521128 0.9954185663233428
1.1652143859790063 -0.0001689969693138 0.0002119317530038 0.0043624571226545 0.9919965395131704 0.9953283387240746
1.1766282705769964 -0.0001723077844633 0.0002118691095236 0.0044914890761919 0.9918399526620008 0.9952367030237325
1.1881090199537765 -0.0001756699166409 0.0002118054983626 0.0046238059665489 0.9916809471242399 0.9951436426062678
1.1996567356226462 -0.0001790839368910 0.0002117409088729 0.0047594774498323 0.9915194962925618 0.9950491414670026
1.2112715144524400 -0.0001825504184552 0.0002116753303703 0.0048985742960303 0.9913555734685316 0.9949531835346920
1.2229534893698435 -0.0001860699490226 0.0002116087519023 0.0050411688993024 0.9911891512836426 0.9948557523322672
1.2347028359841381 -0.0001896431332630 0.0002115411622005 0.0051873354177295 0.9910202015800516 0.9947568309065307
1.2465196307342250 -0.0001932705496892 0.0002114725504966 0.0053371480243921 0.9908486974505596 0.9946564030222514
1.2584039924562997 -0.0001969527933047 0.0002114029057161 0.0054906826501135 0.9906746112223841 0.9945544519814454
1.2703560712167032 -0.0002006904726988 0.0002113322165332 0.0056480169009364 0.9904979145949923 0.9944509607035843
1.2823759370365062 -0.0002044841752154 0.0002112604720298 0.0058092286060258 0.9903185802871052 0.9943459126899148
1.2944637511133485 -0.0002083345205748 0.0002111876606812 0.0059743980938921 0.9901365795021324 0.9942392905385883
1.3066196150115736 -0.0002122421135009 0.0002111137712526 0.0061436062047209 0.9899518841680437 0.9941310772562733
1.3188436502535190 -0.0002162075687804 0.0002110387923254 0.0063169353685045 0.9897644657531287 0.9940212555641281
1.3311359699526706 -0.0002202315022239 0.0002109627124677 0.0064944692329969 0.9895742956936677 0.9939098081479807
1.3434967215595282 -0.0002243145447202 0.0002108855199693 0.0066762933027435 0.9893813447301690 0.9937967172689409
1.3559260026295050 -0.0002284573145422 0.0002108072033651 0.0068624937281340 0.9891855842165335 0.9936819655302893
1.3684239658335007 -0.0002326604520699 0.0002107277507793 0.0070531588699034 0.9889869844796390 0.9935655349156065
1.3809906711120792 -0.0002369245702235 0.0002106471508619 0.0072483770741552 0.9887855171618718 0.9934474081616517
1.3936262600605507 -0.0002412503130194 0.0002105653916825 0.0074482393409036 0.9885811524547331 0.9933275671361804
1.4063308516336890 -0.0002456383206194 0.0002104824613910 0.0076528377611222 0.9883738607508115 0.9932059938059732
1.4191045960654620 -0.0002500892478499 0.0002103983478675 0.0078622663926786 0.9881636117693166 0.9930826697235978
1.4319475690038239 -0.0002546037273008 0.0002103130394205 0.0080766195404681 0.9879503762996933 0.9929575770497335
1.4448598991069006 -0.0002591824136114 0.0002102265239495 0.0082959938488244 0.9877341241100793 0.9928306973259985
1.4578416939967371 -0.0002638259576783 0.0002101387894328 0.0085204871053897 0.9875148251661501 0.9927020121894439
1.4708930605589252 -0.0002685350136760 0.0002100498237954 0.0087501985859675 0.9872924492999628 0.9925715031778978
1.4840141440787367 -0.0002733102533398 0.0002099596146386 0.0089852297767334 0.9870669655360866 0.9924391513339615
1.4972050121984779 -0.0002781523237791 0.0002098681500380 0.0092256823177890 0.9868383440841390 0.9923049383740913
1.5104657787295435 -0.0002830618922794 0.0002097754176969 0.0094716602124715 0.9866065542237177 0.9921688454467819
1.5237965787448813 -0.0002880396376779 0.0002096814051094 0.0097232694433437 0.9863715647123711 0.9920308533713585
1.5371975380705474 -0.0002930862391537 0.0002095860997726 0.0099806174332553 0.9861333443154388 0.9918909429485454
1.5506687825377548 -0.0002982023795994 0.0002094894891232 0.0102438132298955 0.9858918616474186 0.9917490948668640
1.5642103713334734 -0.0003033887199778 0.0002093915610215 0.0105129661871503 0.9856470863827930 0.9916052904135528
1.5778224602925608 -0.0003086459615637 0.0002092923025769 0.0107881891974047 0.9853989863188772 0.9914595097486589
1.5915051335652501 -0.0003139747816605 0.0002091917013614 0.0110695953836298 0.9851475304104488 0.9913117336872722
1.6052585120955210 -0.0003193758752023 0.0002090897446247 0.0113573002798443 0.9848926868069680 0.9911619425458587
1.6190826721257936 -0.0003248499229338 0.0002089864198951 0.0116514201644481 0.9846344243546530 0.9910101170245310
1.6329777828945620 -0.0003303976458658 0.0002088817139518 0.0119520750009376 0.9843727100279307 0.9908562366965775
1.6469439372690360 -0.0003360197383316 0.0002087756140888 0.0122593848668747 0.9841075120885205 0.9907002818649947
1.6609812297125126 -0.0003417168984871 0.0002086681075392 0.0125734715903222 0.9838387986469488 0.9905422327165068
1.6750897433287368 -0.0003474898229957 0.0002085591815763 0.0128944584720377 0.9835665379138656 0.9903820694688718
1.6892696172962702 -0.0003533392347504 0.0002084488229900 0.0132224718530558 0.9832906968934002 0.9902197716015886
1.7035209238904141 -0.0003592658324460 0.0002083370190395 0.0135576383234256 0.9830112437620915 0.9900553192548538
1.7178438293841749 -0.0003652703571630 0.0002082237561965 0.0139000884881188 0.9827281447298191 0.9898886913819034
1.7322383903086411 -0.0003713535074896 0.0002081090217473 0.0142499521772393 0.9824413680426738 0.9897198681041277
1.7467047353084573 -0.0003775160154250 0.0002079928023611 0.0146073627745852 0.9821508804048565 0.9895488286046693
1.7612429696409198 -0.0003837586064127 0.0002078750848441 0.0149724549619793 0.9818566488638329 0.9893755522373523
1.7758531855682020 -0.0003900820034390 0.0002077558560624 0.0153453649567530 0.9815586406177134 0.9892000184128700
1.7905355040346709 -0.0003964869450429 0.0002076351026032 0.0157262315917054 0.9812568221673018 0.9890222060987238
1.8052899671114566 -0.0004029741383125 0.0002075128116604 0.0161151935343756 0.9809511615317622 0.9888420951239906
1.8201167530805749 -0.0004095443531843 0.0002073889692581 0.0165123949440230 0.9806416238061580 0.9886596635611471
1.8350159172292153 -0.0004161983085678 0.0002072635623971 0.0169179786694658 0.9803281765278679 0.9884748908875360
1.8499876013602106 -0.0004229367648506 0.0002071365773118 0.0173320918407243 0.9800107853191371 0.9882877554168014
1.8650318873924223 -0.0004297604587241 0.0002070080006985 0.0177548819297288 0.9796894169582520 0.9880982361084960
1.8801488960059032 -0.0004366701473758 0.0002068778188836 0.0181864994733932 0.9793640372988013 0.9879063113407435
1.8953386837008359 -0.0004436665615497 0.0002067460187078 0.0186270951689260 0.9790346134810530 0.9877119602138601
1.9106013823097261 -0.0004507504693885 0.0002066125863239 0.0190768238868952 0.9787011109266307 0.9875151607769274
1.9259370979290296 -0.0004579226302935 0.0002064775080664 0.0195358418135741 0.9783634955122479 0.9873158913092253
1.9413458617441686 -0.0004651837711846 0.0002063407708988 0.0200043049022690 0.9780217346876566 0.9871141309799516
1.9568278472068539 -0.0004725346886404 0.0002062023604908 0.0204823754696414 0.9776757926690244 0.9869098570100612
1.9723831389792454 -0.0004799761404679 0.0002060622632600 0.0209702152518087 0.9773256355438260 0.9867030476848782
1.9880118269940974 -0.0004875088895909 0.0002059204655464 0.0214679882266772 0.9769712292058353 0.9864936811346309
2.0037140037146410 -0.0004951337027804 0.0002057769536367 0.0219758605540570 0.9766125394159352 0.9862817353696010
2.0194897571144028 -0.0005028513472252 0.0002056317138285 0.0224940003663006 0.9762495319645265 0.9860671883753621
2.0353391907733105 -0.0005106626003617 0.0002054847322467 0.0230225784489459 0.9758821722102476 0.9858500178393993
2.0512624139082409 -0.0005185682451611 0.0002053359949322 0.0235617679571927 0.9755104253029153 0.9856302012819587
2.0672595137184149 -0.0005265690563227 0.0002051854881021 0.0241117434899813 0.9751342568338490 0.9854077164398772
2.0833305665263393 -0.0005346658054743 0.0002050331980520 0.0246726814414706 0.9747536325921755 0.9851825411220044
2.0994756970412447 -0.0005428592911255 0.0002048791105939 0.0252447621041099 0.9743685171580142 0.9849546523760599
2.1156949655317190 -0.0005511502816461 0.0002047232121282 0.0258281657258874 0.9739788765840950 0.9847240280744333
2.1319884343007174 -0.0005595395483926 0.0002045654890214 0.0264230747984541 0.9735846768393160 0.9844906459929539
2.1483562959595783 -0.0005680279324732 0.0002044059263516 0.0270296788666162 0.9731858806735512 0.9842544819532169
2.1647985455940519 -0.0005766161752950 0.0002042445110948 0.0276481624832651 0.9727824555805882 0.9840155145367810
2.1813153507706757 -0.0005853051101856 0.0002040812285225 0.0282787189049418 0.9723743647965369 0.9837737197539071
2.1979067569325994 -0.0005940955089489 0.0002039160650875 0.0289215390958687 0.9719615745095020 0.9835290753129030
2.2145728367350697 -0.0006029881595035 0.0002037490069639 0.0295768173114236 0.9715440502135528 0.9832815584599408
2.2313137117645834 -0.0006119838780688 0.0002035800398198 0.0302447520637116 0.9711217561385274 0.9830311456395538
2.2481294998300432 -0.0006210834814345 0.0002034091493387 0.0309255441313693 0.9706946565539188 0.9827778132662982
2.2650202056230615 -0.0006302877270663 0.0002032363223443 0.0316193920421693 0.9702627185806569 0.9825215393924488
2.2819859853287472 -0.0006395974566246 0.0002030615441063 0.0323265028581103 0.9698259054567707 0.9822622997123036
2.2990268601882606 -0.0006490134399950 0.0002028848012696 0.0330470804480887 0.9693841838582933 0.9820000719047464
2.3161430183909846 -0.0006585365412194 0.0002027060787398 0.0337813381359453 0.9689375161156510 0.9817348310125859
2.3333344699870184 -0.0006681675276734 0.0002025253632654 0.0345294841065165 0.9684858691668703 0.9814665547568761
2.3506012610069731 -0.0006779071877970 0.0002023426412286 0.0352917303865313 0.9680292090354010 0.9811952202584612
2.3679435677425702 -0.0006877563854722 0.0002021578976260 0.0360682972211167 0.9675674982836054 0.9809208025225689
2.3853614349877796 -0.0006977159123248 0.0002019711188406 0.0368594015323061 0.9671007029394046 0.9806432785535287
2.4028549461361792 -0.0007077865833921 0.0002017822908470 0.0376652644036370 0.9666287880119926 0.9803626246897259
2.4204241575655763 -0.0007179691996770 0.0002015913999147 0.0384861081319915 0.9661517192487019 0.9800788176470793
2.4380691978996607 -0.0007282646056907 0.0002013984315296 0.0393221608886826 0.9656694604407243 0.9797918329152336
2.4557901428949589 -0.0007386736170919 0.0002012033717521 0.0401736509209991 0.9651819768152896 0.9795016467743757
2.4735870221343803 -0.0007491958333092 0.0002010062073358 0.0410408067188114 0.9646892348930131 0.9792082362115063
2.4910684904429909 -0.0007595984428446 0.0002008113023767 0.0419043909084699 0.9642021412037234 0.9789180956977521
2.5090168125098460 -0.0007703487490727 0.0002006099221365 0.0428032761296223 0.9636988669162484 0.9786182195949170
2.5270404282290517 -0.0007812152814464 0.0002004064053397 0.0437184861695373 0.9631902551774982 0.9783150623813841
2.5451403429812296 -0.0007921994151613 0.0002002007276931 0.0446503081670425 0.9626762453472878 0.9780085845973379
2.5633166209196214 -0.0008033019645184 0.0001999928754478 0.0455989849916617 0.9621568031382987 0.9776987624139389
2.5815693483679216 -0.0008145237584574 0.0001997828346175 0.0465647632495758 0.9616318936723980 0.9773855715799777
2.5998985611324494 -0.0008258655958312 0.0001995705918172 0.0475478894512397 0.9611014835745567 0.9770689886702444
2.6183043551753991 -0.0008373283135011 0.0001993561329884 0.0485486158969597 0.9605655377897327 0.9767489891851779
2.6367868182940630 -0.0008489127445366 0.0001991394441834 0.0495671971197118 0.9600240215404737 0.9764255487175100
2.6553460025563438 -0.0008606197005672 0.0001989205118955 0.0506038883182987 0.9594769011533500 0.9760986434453740
2.6739819805981546 -0.0008724500068732 0.0001986993224031 0.0516589484434961 0.9589241424204212 0.9757682491528679
2.6926948779840565 -0.0008844045234932 0.0001984758613769 0.0527326421563865 0.9583657096160788 0.9754343406404200
2.7114847135446452 -0.0008964840432845 0.0001982501157858 0.0538252306990501 0.9578015702612697 0.9750968945723014
2.7303515851333526 -0.0009086894102687 0.0001980220716857 0.0549369825113392 0.9572316895968691 0.9747558861714700
2.7492954897436421 -0.0009210214037220 0.0001977917163859 0.0560681627378213 0.9566560359986078 0.9744112924579491
2.7683165744652474 -0.0009334809009791 0.0001975590354090 0.0572190481230823 0.9560745733787425 0.9740630877002165
2.7874149242114656 -0.0009460687400974 0.0001973240150577 0.0583899145217188 0.9554872676007149 0.9737112472525161
2.8065905615675479 -0.0009587857184493 0.0001970866424407 0.0595810366525476 0.9548940865448182 0.9733557475953113
2.8258435597347278 -0.0009716326669995 0.0001968469040871 0.0607926950085661 0.9542949966447404 0.9729965642595930
2.8451740189837667 -0.0009846104354372 0.0001966047862253 0.0620251745619938 0.9536899635849386 0.9726336722423520
2.8645819414611764 -0.0009977198078669 0.0001963602763569 0.0632787567487577 0.9530789562331836 0.9722670483646005
2.8840674393047383 -0.0010109616426065 0.0001961133606492 0.0645537327714513 0.9524619401257565 0.9718966673625815
2.9036305919008507 -0.0010243367765176 0.0001958640257216 0.0658503945502570 0.9518388819305365 0.9715225045632051
2.9232714533668971 -0.0010378460294503 0.0001956122585631 0.0671690351000649 0.9512097492412018 0.9711445357605464
2.9429900738110017 -0.0010514902184322 0.0001953580462683 0.0685099498853104 0.9505745099181838 0.9707627368195870
2.9627864720524411 -0.0010652701384948 0.0001951013763960 0.0698734349188995 0.9499331329833518 0.9703770842133974
2.9826607364350730 -0.0010791866327798 0.0001948422356638 0.0712597937075638 0.9492855853594789 0.9699875530616094
3.0026129635506726 -0.0010932405506474 0.0001945806107305 0.0726693332100324 0.9486318338245798 0.9695941183028124
3.0226431844349420 -0.0011074326953590 0.0001943164891707 0.0741023585701189 0.9479718474476766 0.9691967561598936
3.0427514712656523 -0.0011217638989350 0.0001940498580823 0.0755591806070506 0.9473055941087783 0.9687954420451562
3.0629378843462161 -0.0011362349848513 0.0001937807047817 0.0770401120946645 0.9466330422371571 0.9683901516051674
3.0832024700161424 -0.0011508467662366 0.0001935090168389 0.0785454675574667 0.9459541608973394 0.9679808607720386
3.1035452565946544 -0.0011656000425865 0.0001932347821388 0.0800755629043507 0.9452689199438784 0.9675675458563506
3.1239663378069316 -0.0011804956603690 0.0001929579877561 0.0816307217408102 0.9445772872096857 0.9671501818498440
3.1444657916894281 -0.0011955344546903 0.0001926786210417 0.0832112693916647 0.9438792312198143 0.9667287440599963
3.1650436441930823 -0.0012107172219929 0.0001923966701299 0.0848175299751336 0.9431747224603391 0.9663032088762191
3.1856999533152695 -0.0012260447815232 0.0001921121227980 0.0864498328459666 0.9424637305277296 0.9658735520482414
3.2064347839115426 -0.0012415179571136 0.0001918249668063 0.0881085107263280 0.9417462249784074 0.9654397491972067
3.2272481374916238 -0.0012571375244516 0.0001915351908772 0.0897938940241075 0.9410221777762380 0.9650017772950445
3.2481401231584091 -0.0012729043390662 0.0001912427823221 0.0915063246185112 0.9402915573622072 0.9645596110767780
3.2691107373470998 -0.0012888191709355 0.0001909477301109 0.0932461380136683 0.9395543363242592 0.9641132276790191
3.2901600562419788 -0.0013048828493123 0.0001906500221872 0.0950136790311906 0.9388104846885574 0.9636626025796454
3.3112881235789371 -0.0013210961780350 0.0001903496470398 0.0968092926216562 0.9380599738472865 0.9632077119737250
3.3324950003360403 -0.0013374599732482 0.0001900465930053 0.0986333280011651 0.9373027748149041 0.9627485317164495
3.3481166870874808 -0.0013495714739437 0.0001898223585949 0.0999909543227806 0.9367425147637654 0.9624086263627099
3.3628056486192199 -0.0013610000326420 0.0001896107460181 0.1012783820712816 0.9362137919850220 0.9620877351331077
3.3842179369767584 -0.0013777363962535 0.0001893009483621 0.1031740110759767 0.9354397543228850 0.9616177487287765
3.4056949783014874 -0.0013946146749639 0.0001889886384807 0.1050980233483016 0.9346594453504408 0.9611437024376775
3.4272510146439168 -0.0014116467294441 0.0001886736004957 0.1070520284467842 0.9338723258569699 0.9606652618908873
3.4488861053778281 -0.0014288333639264 0.0001883558233082 0.1090363906180936 0.9330783682826317 0.9601824031881268
3.4706002948303429 -0.0014461753695076 0.0001880352961453 0.1110514755450444 0.9322775458862258 0.9596951028083582
3.4923935886783419 -0.0014636735047905 0.0001877120089192 0.1130976480350455 0.9314698336413014 0.9592033381553456
3.5142660707967184 -0.0014813285895897 0.0001873859504972 0.1151752829687920 0.9306552039141939 0.9587070849254522
3.5362177746967074 -0.0014991414019703 0.0001870571106056 0.1172847533035018 0.9298336312216074 0.9582063200022886
3.5582487070880444 -0.0015171126964089 0.0001867254794953 0.1194264320952860 0.9290050913936359 0.9577010209482418
3.5803589024593294 -0.0015352432480592 0.0001863910471257 0.1216006977418900 0.9281695595360266 0.9571911647613939
3.6025484301422686 -0.0015535338591521 0.0001860538030492 0.1238079348407646 0.9273270097415867 0.9566767276964233
3.6248173257470797 -0.0015719853027525 0.0001857137374504 0.1260485274462743 0.9264774176862249 0.9561576868476535
3.6471655613612546 -0.0015905982971221 0.0001853708416188 0.1283228558225968 0.9256207618100329 0.9556340208724685
3.6695932282638695 -0.0016093736576787 0.0001850251051508 0.1306313149811808 0.9247570163268219 0.9551057057177217
3.6921003441412577 -0.0016283121368929 0.0001846765189012 0.1329742951872803 0.9238861585989089 0.9545727191252796
3.7146869328944065 -0.0016474144903492 0.0001843250737680 0.1353521899723709 0.9230081660994671 0.9540350387753767
3.7373530540206166 -0.0016666815018906 0.0001839707602312 0.1377653993086484 0.9221230152624306 0.9534926415802303
3.7600987113334794 -0.0016861139061784 0.0001836135697795 0.1402143199322269 0.9212306850453315 0.9529455058656571
3.7829239487189201 -0.0017057124698957 0.0001832534934183 0.1426993554837201 0.9203311532024384 0.9523936090869408
3.8058287858154864 -0.0017254779369434 0.0001828905226790 0.1452209096218031 0.9194243988065367 0.9518369293735268
3.8288132224839542 -0.0017454110317824 0.0001825246495587 0.1477793863667636 0.9185104020979757 0.9512754454371458
3.8518773240859714 -0.0017655125334943 0.0001821558651630 0.1503751996184760 0.9175891410938648 0.9507091344874083
3.8750211218829222 -0.0017857831897214 0.0001817841612875 0.1530087621566718 0.9166605955404358 0.9501379746576226
3.8982445957251683 -0.0018062237006404 0.0001814095307128 0.1556804834172056 0.9157247476479836 0.9495619454590443
3.9215477802401049 -0.0018268348119867 0.0001810319654999 0.1583907815735257 0.9147815778345511 0.9489810251617564
3.9449307119330244 -0.0018476172690889 0.0001806514578363 0.1611400776168557 0.9138310668381452 0.9483951920915796
3.9683933832707852 -0.0018685717757881 0.0001802680007892 0.1639287898701056 0.9128731975992546 0.9478044257904233
3.9919358357353754 -0.0018896990771834 0.0001798815867927 0.1667573449318403 0.9119079514815918 0.9472087046859240
4.0155580705466978 -0.0019109998799810 0.0001794922091074 0.1696261670792193 0.9109353119185098 0.9466080083391687
4.0315947233673652 -0.0019255185633903 0.0001792269294510 0.1715913243857502 0.9102726665947376 0.9461985251237456
4.0476313761880327 -0.0019400778286740 0.0001789608949675 0.1735707343175019 0.9096081379392489 0.9457876845329438
4.0636409967383722 -0.0019546574431185 0.0001786945584867 0.1755610594921092 0.9089428588890297 0.9453761855352513
4.0875205391226901 -0.0019764899985360 0.0001782959109587 0.1785563136384813 0.9079470900619443 0.9447599024980536
4.1114641655594664 -0.0019984841887343 0.0001778945359834 0.1815916080282767 0.9069445188656430 0.9441389673980675
4.1354877487048833 -0.0020206551787037 0.0001774901632787 0.1846693595934546 0.9059344704572059 0.9435129517944558
4.1595912274568612 -0.0020430035959425 0.0001770827882128 0.1877899992269999 0.9049169335609673 0.9428818376408328
4.1837745611057100 -0.0020655300830961 0.0001766724060120 0.1909539624395036 0.9038918965524972 0.9422456065296441
4.2080377685042398 -0.0020882353351365 0.0001762590110875 0.1941616946805261 0.9028593457759793 0.9416042386441560
4.2323808510566083 -0.0021111200280830 0.0001758425983365 0.1974136413872755 0.9018192687957171 0.9409577147739621
4.2568038837511741 -0.0021341849047977 0.0001754231615844 0.2007102601958255 0.9007716505037265 0.9403060138937301
4.2813068209895508 -0.0021574305919493 0.0001750006969160 0.2040519948202860 0.8997164814410474 0.9396491183374847
4.3058896359405114 -0.0021808577305314 0.0001745752003015 0.2074392934861786 0.8986537518683183 0.9389870101145694
4.3305523910295367 -0.0022044670439064 0.0001741466663651 0.2108726189016782 0.8975834486900862 0.9383196689888014
4.3552950583801513 -0.0022282591666902 0.0001737150914955 0.2143524234912265 0.8965055632228651 0.9376470773176360
4.3801176244865889 -0.0022522347441524 0.0001732804720412 0.2178791636748595 0.8954200866893881 0.9369692172462215
4.4050201091248766 -0.0022763944509293 0.0001728428039752 0.2214533026751900 0.8943270093800433 0.9362860701811140
4.4300025116014599 -0.0023007389392631 0.0001724020838356 0.2250753029038541 0.8932263230031783 0.9355976182567938
4.4550647848716256 -0.0023252688131965 0.0001719583091942 0.2287456219798245 0.8921180218536012 0.9349038450691414
4.4802069767613864 -0.0023499847667314 0.0001715114761582 0.2324647333567900 0.8910020965756633 0.9342047317712734
4.5054290500343779 -0.0023748874078500 0.0001710615825572 0.2362330999831394 0.8898785421211317 0.9335002620540416
4.5307309968816689 -0.0023999773704938 0.0001706086259195 0.2400511910065461 0.8887473526950834 0.9327904189824452
4.5561128317200099 -0.0024252553080369 0.0001701526035937 0.2439194808637959 0.8876085220606567 0.9320751851833871
4.5815745279768185 -0.0024507218304321 0.0001696935138853 0.2478384396448587 0.8864620463775696 0.9313545446276401
4.6071160719157405 -0.0024763775575494 0.0001692313550966 0.2518085411626254 0.8853079218030434 0.9306284811244786
4.6260944328688769 -0.0024955031758710 0.0001688869056298 0.2547837469967112 0.8844477532912860 0.9300869440211155
4.6434691966611128 -0.0025130611054797 0.0001685707826923 0.2575264909285085 0.8836583284796203 0.9295896420473183
4.6692198886176479 -0.0025391752568897 0.0001681009051568 0.2616248018216824 0.8824849598928709 0.9288499356713125
4.6950343447637888 -0.0025654639803957 0.0001676282465757 0.2657733486768727 0.8813046628826592 0.9281052120147797
4.7209285838474235 -0.0025919440998727 0.0001671525142270 0.2699751521010011 0.8801167068878828 0.9273549962383830
4.7469025892389825 -0.0026186162089487 0.0001666737077213 0.2742306946393592 0.8789210913653713 0.9265992733530934
4.7729563184360400 -0.0026454808718748 0.0001661918273861 0.2785404561251086 0.8777178175696808 0.9258380293435046
4.7990897463314903 -0.0026725386679203 0.0001657068734716 0.2829049207024274 0.8765068865688049 0.9250712499141273
4.8253028296962590 -0.0026997901547980 0.0001652188468087 0.2873245709149407 0.8752883008888080 0.9242989215299341
4.8515956325392331 -0.0027272359994619 0.0001647277464715 0.2917999089655294 0.8740620586755478 0.9235210277134864
4.8779680218600188 -0.0027548766609179 0.0001642335754563 0.2963314050255427 0.8728281678761882 0.9227375580391471
4.9044199746659238 -0.0027827127098463 0.0001637363349620 0.3009195491070759 0.8715866319569411 0.9219484990788719
4.9309514886243937 -0.0028107447364096 0.0001632360260458 0.3055648362034663 0.8703374540383859 0.9211538370191764
4.9575625487991664 -0.0028389733154022 0.0001627326502494 0.3102677605189547 0.8690806384576572 0.9203535586535101
4.9842530819366839 -0.0028673989572743 0.0001622262104724 0.3150288071391135 0.8678161929504645 0.9195476527755433
5.0110230727834848 -0.0028960222315920 0.0001617167087736 0.3198484725495537 0.8665441231611654 0.9187361066837344
5.0378725176482302 -0.0029248437183932 0.0001612041472437 0.3247272566041147 0.8652644348210846 0.9179189075649266
5.0648012794648025 -0.0029538638520138 0.0001606885307823 0.3296656358853176 0.8639771406826849 0.9170960469274604
5.0918094150777415 -0.0029830832731338 0.0001601698608426 0.3346641233906349 0.8626822449023362 0.9162675106240024
5.1188968118154934 -0.0030125024374711 0.0001596481423881 0.3397232019479840 0.8613797604078154 0.9154332899517971
5.1396567150512560 -0.0030351105020363 0.0001592472730718 0.3436316949564913 0.8603789877500176 0.9147917447231610
5.1585164340793428 -0.0030557048556953 0.0001588823324021 0.3472059437737559 0.8594679218333827 0.9142072769592260
5.1858141801309046 -0.0030856099460072 0.0001583528372697 0.3524190531213650 0.8581460689708262 0.9133585518854412
5.2131755290814334 -0.0031156990045769 0.0001578206086065 0.3576915260842299 0.8568174153706197 0.9125045880577284
5.2406159468432367 -0.0031459895012140 0.0001572853508299 0.3630268104299159 0.8554812236914356 0.9116448945746013
5.2681353941012725 -0.0031764819502551 0.0001567470689536 0.3684254069628390 0.8541375070270141 0.9107794619609400
5.2957337907174304 -0.0032071768189832 0.0001562057690622 0.3738878090978669 0.8527862811530009 0.9099082823078691
5.3234110649820323 -0.0032380745819737 0.0001556614573529 0.3794145123378045 0.8514275621350861 0.9090313477357215
5.3511671675493044 -0.0032691757370288 0.0001551141398590 0.3850060171232509 0.8500613656386529 0.9081486499472579
5.3790020837161805 -0.0033004808195940 0.0001545638222017 0.3906628314939186 0.8486877063096329 0.9072601798240838
5.4069156788952384 -0.0033319902288442 0.0001540105126493 0.3963854395378953 0.8473066054100603 0.9063659323681181
5.4349079353693313 -0.0033637044940459 0.0001534542174373 0.4021743494493731 0.8459180791370017 0.9054658991476024
5.4629787470215376 -0.0033956240432686 0.0001528949448341 0.4080300515276818 0.8445221487713106 0.9045600748669310
5.4911280471605481 -0.0034277493478288 0.0001523327026077 0.4139530443473877 0.8431188343539391 0.9036484532730423
5.5193558159756524 -0.0034600809317944 0.0001517674978668 0.4199438366581065 0.8417081542898819 0.9027310268918616
5.5476619041831805 -0.0034926191700054 0.0001511993405941 0.4260029098573255 0.8402901341665047 0.9018077927654633
5.5760463089864469 -0.0035253646044685 0.0001506282381190 0.4321307765896841 0.8388647929585809 0.9008787434802538
5.6045088524713140 -0.0035582880234914 0.0001500542063370 0.4383279117249630 0.8374321586401234 0.8999438775217887
5.6332981220692808 -0.0035917075947406 0.0001494722172099 0.4446496453255271 0.8359796955667895 0.8989949802461424
5.6619172443057835 -0.0036250473279542 0.0001488923234278 0.4509873871069329 0.8345324929344322 0.8980484220739522
5.6906147724185807 -0.0036585957809423 0.0001483095145677 0.4573960014030042 0.8330780468768031 0.8970960184380723
5.7193901125922704 -0.0036923527948749 0.0001477238113439 0.4638758699311473 0.8316164098163900 0.8961377830360732
5.7482432178074525 -0.0037263188471835 0.0001471352236834 0.4704274949451804 0.8301476072642717 0.8951737118232153
5.7771739632713333 -0.0037604943238241 0.0001465437633843 0.4770513607299637 0.8286716694114721 0.8942038036798746
5.8061822569334840 -0.0037948796490855 0.0001459494418667 0.4837479584354052 0.8271886255154540 0.8932280567331756
5.8352679798854208 -0.0038294752154157 0.0001453522713902 0.4905177724083661 0.8256985069386575 0.8922464703549980
5.8644310482083251 -0.0038642814569914 0.0001447522637853 0.4973612944595139 0.8242013439839333 0.8912590430809003
5.8936713507346870 -0.0038992987759463 0.0001441494317307 0.5042790093643806 0.8226971690804802 0.8902657747098890
5.9229888054976296 -0.0039345276099442 0.0001435437875910 0.5112714080703009 0.8211860138847722 0.8892666643940726
5.9523832519956450 -0.0039699683028425 0.0001429353456427 0.5183389619207373 0.8196679148343782 0.8882617143132782
5.9818546071276488 -0.0040056212922447 0.0001423241188527 0.5254821597908387 0.8181429051095247 0.8872509243625858
5.9908569961823694 -0.0040165355121438 0.0001421371771547 0.5276755571706739 0.8176764934031430 0.8869415285782856
5.9995505035771135 -0.0040270755620099 0.0001419565479372 0.5297987716552669 0.8172258300834122 0.8866424663757365
6.0291823874627379 -0.0040630787115789 0.0001413401159684 0.5370732475383766 0.8156878797714976 0.8856210357744625
6.0588533709609687 -0.0040992488511218 0.0001407217154950 0.5444154430154744 0.8141450573055277 0.8845950600876918
6.0886008407777252 -0.0041356318620191 0.0001401005817701 0.5518350053350678 0.8125954555384513 0.8835632508991180
6.1184246274264282 -0.0041722280706541 0.0001394767308844 0.5593323969691869 0.8110391154886433 0.8825256127329996
6.1483246204667097 -0.0042090378770855 0.0001388501779843 0.5669080937428564 0.8094760758291140 0.8814821484337153
6.1783006208065716 -0.0042460615737242 0.0001382209403624 0.5745625475052634 0.8079063805991296 0.8804328643132138
6.2083525532502133 -0.0042832996075666 0.0001375890330002 0.5822962401056805 0.8063300680826960 0.8793777627249829
6.2384802239015098 -0.0043207522808303 0.0001369544736581 0.5901096214193983 0.8047471835080743 0.8783168505553172
6.2686835046133762 -0.0043584199791982 0.0001363172790006 0.5980031564992838 0.8031577693815528 0.8772501327620984
6.2989622829561096 -0.0043963031106609 0.0001356774656422 0.6059773129565462 0.8015618680955696 0.8761776141160474
6.3293163649894062 -0.0044344019838269 0.0001350350522024 0.6140325351690428 0.7999595270557968 0.8750993026523362
6.3597455089808710 -0.0044727168490442 0.0001343900586026 0.6221692524565902 0.7983507969264787 0.8740152085099719
6.3712089958048423 -0.0044871826501204 0.0001341468190925 0.6252505705354086 0.7977441259894632 0.8736059967553292
6.3826724826288137 -0.0045016512565556 0.0001339034454699 0.6283406453062099 0.7971371209854442 0.8731963470380467
6.3956909866856311 -0.0045181019984461 0.0001336268944593 0.6318605086985450 0.7964473748868499 0.8727305990479499
6.4263138641890061 -0.0045568852007155 0.0001329756969208 0.6401846847624570 0.7948232568618776 0.8716328304851324
6.4569810187301320 -0.0045958463082665 0.0001323226222409 0.6485835780373035 0.7931945058543455 0.8705303881394694
6.4877226869125604 -0.0046350241126628 0.0001316670438553 0.6570658629475372 0.7915595601805020 0.8694221927093418
6.5185385923923649 -0.0046744188239944 0.0001310089838763 0.6656319475688978 0.7899184760226629 0.8683082576126707
6.5494285403819505 -0.0047140307592343 0.0001303484629574 0.6742822596686957 0.7882713059368490 0.8671885937397246
6.5803923051196627 -0.0047538601991326 0.0001296855026904 0.6830172156313999 0.7866181048307563 0.8660632135080244
6.6114297646329128 -0.0047939075620054 0.0001290201227165 0.6918372585218932 0.7849589227599285 0.8649321259595707
6.6425406734502790 -0.0048341731114282 0.0001283523455917 0.7007427938142674 0.7832938170607274 0.8637953450262472
6.6737247768190207 -0.0048746571025498 0.0001276821943446 0.7097342211094608 0.7816228462601433 0.8626528853993387
6.7049819519448786 -0.0049153599663693 0.0001270096894346 0.7188119751521558 0.7799460624908080 0.8615047573385884
6.7201643688499564 -0.0049351751147669 0.0001266827604749 0.7232448521533541 0.7791309375778855 0.8609460093316934
6.7336591129603107 -0.0049528004259599 0.0001263920263342 0.7271979140710055 0.7784060624769441 0.8604487862818465
6.7471538570706651 -0.0049704402437888 0.0001261011558217 0.7311631571089210 0.7776808542082128 0.8599510145738891
6.7786119789567270 -0.0050116498275013 0.0001254225717433 0.7404539870720817 0.7759890265640500 0.8587885215078441
6.8101122733471469 -0.0050530388694984 0.0001247423616214 0.7498236073432939 0.7742932033931772 0.8576215218647094
6.8416846659864090 -0.0050946471159890 0.0001240598992103 0.7592812826397457 0.7725918245001261 0.8564489186433309
6.8733288265052277 -0.0051364747418031 0.0001233752108322 0.7688273694302903 0.7708849566928169 0.8552707319404649
6.9050445581081616 -0.0051785221033497 0.0001226883201743 0.7784622606273908 0.7691726602227923 0.8540869773054437
6.9368315656861395 -0.0052207894327275 0.0001219992533012 0.7881863157710038 0.7674550012803697 0.8528976743644754
6.9686895885568774 -0.0052632770133528 0.0001213080357799 0.7979999009667789 0.7657320448277150 0.8517028418795314
7.0006184009497030 -0.0053059851815666 0.0001206146926625 0.8079033893553832 0.7640038545561065 0.8505024977131138
7.0326176995486636 -0.0053489141765143 0.0001199192509248 0.8178971261973250 0.7622704989640804 0.8492966630540402
7.0470180682735082 -0.0053682744263608 0.0001196061082170 0.8224168541738744 0.7614900272259952 0.8487530915202806
7.0534810078259280 -0.0053769717039651 0.0001194655333399 0.8244498312135481 0.7611396651054640 0.8485089499328020
7.0599439473783479 -0.0053856676881482 0.0001193249380205 0.8264855998335496 0.7607892518598642 0.8482646942805110
7.0680879927447000 -0.0053966279570677 0.0001191477422503 0.8290548768453938 0.7603476189888043 0.8479567420488996
7.1002701451793993 -0.0054400181691005 0.0001184472081702 0.8392510354565414 0.7586016893353613 0.8467380732359515
7.1324869688719890 -0.0054835819721740 0.0001177454195614 0.8495274785361229 0.7568527015686736 0.8455153008731077
7.1647731642092145 -0.0055273667478087 0.0001170416426797 0.8598955867855076 0.7550988282637897 0.8442871238613722
7.1971283142357425 -0.0055713726043724 0.0001163359081575 0.8703556470652504 0.7533401470868700 0.8430535698485825
7.2295521087477104 -0.0056155998017445 0.0001156282445223 0.8809079755937932 0.7515767304704029 0.8418146628539009
7.2620441911764191 -0.0056600485439444 0.0001149186815297 0.8915528687283970 0.7498086539197771 0.8405704290899483
7.2946042660865817 -0.0057047191261948 0.0001142072478129 0.9022906379882352 0.7480359901548923 0.8393208928496936
7.3272319658355931 -0.0057496117526907 0.0001134939737901 0.9131215662685590 0.7462588163555564 0.8380660816121370
7.3599269517997499 -0.0057947266753341 0.0001127788894494 0.9240459409486609 0.7444772086419627 0.8368060221637571
7.3726603725668003 -0.0058123198752745 0.0001125003076164 0.9283198095120152 0.7437831469739312 0.8363145641495463
7.3853937933338507 -0.0058299232653375 0.0001122216811121 0.9326044661167718 0.7430889814801614 0.8358227085094998
7.4182377897115463 -0.0058754187711269 0.0001115028012383 0.9437058919122641 0.7412980305758544 0.8345522159213959
7.4511182357456240 -0.0059210948488864 0.0001107828495598 0.9548914649928875 0.7395044890409239 0.8332777063074310
7.4840645567594013 -0.0059669929413325 0.0001100612054613 0.9661714805358600 0.7377068121430558 0.8319980578724262
7.5170763191272325 -0.0060131131974887 0.0001093379019229 0.9775461678293732 0.7359050835045740 0.8307133030851814
7.5501531125229242 -0.0060594558072807 0.0001086129715920 0.9890157582262239 0.7340993859298576 0.8294234739333188
7.5832945586222955 -0.0061060210145252 0.0001078864465861 1.0005804884106988 0.7322898009150687 0.8281286015700582
7.6165001498184850 -0.0061528088902708 0.0001071583620239 1.0122405439050497 0.7304764174418128 0.8268287226180199
7.6497694877393476 -0.0061998196680027 0.0001064287507904 1.0239961421576516 0.7286593189400271 0.8255238698496656
7.6558285285494865 -0.0062083956540435 0.0001062958614213 1.0261449593777516 0.7283283671413406 0.8252859643675124
7.6618875693596253 -0.0062169664897338 0.0001061629704532 1.0282962028079905 0.7279974098527594 0.8250479778368410
7.6692260765733540 -0.0062273514751826 0.0001060020134408 1.0309049649785762 0.7275965588781633 0.8247596282535682
7.7026402030039396 -0.0062747183768912 0.0001052690832797 1.0428283034871009 0.7257713076606508 0.8234452073703231
7.7360727381596899 -0.0063222449666517 0.0001045356839444 1.0548319588328596 0.7239449784020444 0.8221276398887546
7.7695673844423032 -0.0063699939300026 0.0001038008815659 1.0669318140477044 0.7221152469504538 0.8208052268470152
7.8031236064777270 -0.0064179653391961 0.0001030647127007 1.0791280081384720 0.7202822059187763 0.8194780082872267
7.8367408630356392 -0.0064661592670312 0.0001023272141621 1.0914206707655372 0.7184459485693591 0.8181460249026210
7.8704186037898198 -0.0065145757823266 0.0001015884230850 1.1038099209579031 0.7166065689742072 0.8168093181626680
7.9041563382320383 -0.0065632150494826 0.0001008483754073 1.1162958925698732 0.7147641582348286 0.8154679275681490
7.9178716739110389 -0.0065830273717894 0.0001005475479965 1.1213931317287360 0.7140152513134823 0.8149219632129434
7.9276573068033063 -0.0065971769131637 0.0001003329227736 1.1250374514108450 0.7134809539110443 0.8145321996312060
7.9374429396955737 -0.0066113264474594 0.0001001183081810 1.1286880443261149 0.7129466859080196 0.8141422467874391
7.9469782905518418 -0.0066251185022234 0.0000999091926613 1.1322513004158981 0.7124261123884813 0.8137620862145803
7.9808841535615871 -0.0066742483807866 0.0000991656970461 1.1449697472269509 0.7105753141798336 0.8124088698937038
8.0148146490971524 -0.0067235516158775 0.0000984218032506 1.1577726797291481 0.7087236265389879 0.8110524469650119
8.0488027014157364 -0.0067730767553041 0.0000976768148405 1.1706726972265808 0.7068693174396752 0.8096915261062620
8.0828476418249657 -0.0068228237470216 0.0000969307721545 1.1836698266583472 0.7050124889760205 0.8083261560231195
8.1169488388698632 -0.0068727926024624 0.0000961837147851 1.1967641007648220 0.7031532413917612 0.8069563843273685
8.1511057054433920 -0.0069229834079775 0.0000954356814166 1.2099555612433079 0.7012916726775359 0.8055822572318055
8.1853175124105029 -0.0069733960509469 0.0000946867138986 1.2232441866313974 0.6994278887086265 0.8042038270445921
8.1910365461622057 -0.0069818371026891 0.0000945615403717 1.2254729934759432 0.6991164087921354 0.8039731990886462
8.1967555799139085 -0.0069902711660718 0.0000944363771629 1.2277039206916081 0.6988049524303271 0.8037425136768718
8.2089464761957380 -0.0070082624670450 0.0000941696031387 1.2324665195546771 0.6981411217015656 0.8032505853312265
8.2432804636905690 -0.0070590285423394 0.0000934184862353 1.2459314470961620 0.6962721458450257 0.8018637500512547
8.2776374190127910 -0.0071099707288743 0.0000926672046044 1.2594817045907625 0.6944028733650417 0.8004739648133784
8.3120468237649501 -0.0071611335478171 0.0000919151391729 1.2731290526093990 0.6925317655525416 0.7990800639211973
8.3465078320019366 -0.0072125167480236 0.0000911623344886 1.2868733815447522 0.6906589350151034 0.7976821061758708
8.3810196449156411 -0.0072641201563716 0.0000904088340723 1.3007145905934840 0.6887844918083841 0.7962801488466794
8.4155814884972813 -0.0073159436453533 0.0000896546808995 1.3146525792503045 0.6869085446342625 0.7948742485578981
8.4306351756506483 -0.0073385613348324 0.0000893263471095 1.3207473500336255 0.6860918560289758 0.7942613082458840
8.4456888628040154 -0.0073611900102515 0.0000889981064014 1.3268566498638026 0.6852754140077564 0.7936480143460927
8.4609850949470662 -0.0073841983334130 0.0000886646737222 1.3330792536698826 0.6844460751927095 0.7930244796180806
8.4956839445465686 -0.0074364973132805 0.0000879086588250 1.3472504745007767 0.6825657472465634 0.7916086897520680
8.5304065620268918 -0.0074889791973025 0.0000871526498446 1.3615084241946960 0.6806855589695828 0.7901901124229235
8.5651756141229214 -0.0075416791681758 0.0000863961787388 1.3758625069310810 0.6788043480454100 0.7887678499252709
8.5999902045255094 -0.0075945969510115 0.0000856392909707 1.3903125191987715 0.6769222293682529 0.7873419656891102
8.6348493713085084 -0.0076477321783253 0.0000848820333633 1.4048582195146566 0.6750393212132693 0.7859125261612604
8.6697521298905258 -0.0077010844544589 0.0000841244531521 1.4194993457882017 0.6731557428804786 0.7844795990460515
8.6836985098399371 -0.0077224191871008 0.0000838219253879 1.4253711977475587 0.6724035900222634 0.7839065645152675
8.6963751535721272 -0.0077418305102763 0.0000835470323672 1.4307191292597727 0.6717201610136875 0.7833854721703474
8.7313782222043610 -0.0077955328243148 0.0000827884502615 1.4455387134430109 0.6698342938498019 0.7819454987334474
8.7663974570830252 -0.0078494121527184 0.0000820302111580 1.4604425136725883 0.6679494157749043 0.7805032412220102
8.8014565878406010 -0.0079035059812532 0.0000812718260652 1.4754406618693301 0.6660643129434236 0.7790577523597404
8.8365545456462993 -0.0079578138080789 0.0000805133435288 1.4905328063110947 0.6641791078933673 0.7776091047541756
8.8716902213826909 -0.0080123350736605 0.0000797548128224 1.5057185659722041 0.6622939249665012 0.7761573729593543
8.8870008979322890 -0.0080361418973053 0.0000794245222778 1.5123600768893575 0.6614730958219748 0.7755242987160982
8.8922664288524906 -0.0080443362065505 0.0000793109662827 1.5146475633042991 0.6611908958512267 0.7753065115845207
8.8975319597726923 -0.0080525241238992 0.0000791974301852 1.5169367832039227 0.6609087436813620 0.7750886913247991
8.9045606101682910 -0.0080634581393487 0.0000790459058909 1.5199952298387274 0.6605321903859362 0.7747978843082075
8.9397856642601621 -0.0081183492949719 0.0000782870134127 1.5353695270431633 0.6586463525875873 0.7733395877262618
8.9750266386310731 -0.0081734223237286 0.0000775286160977 1.5508281827886357 0.6567618920036933 0.7718791936546704
9.0103008826808733 -0.0082287053996352 0.0000767703646623 1.5663788039767521 0.6548779424950367 0.7704160138820642
9.0456070848023753 -0.0082841976591348 0.0000760123118628 1.5820208595002283 0.6529946370137772 0.7689501326236877
9.0809440680285576 -0.0083398984514883 0.0000752545073469 1.5977538646534710 0.6511121007774078 0.7674816287410010
9.0954656631784161 -0.0083628351093672 0.0000749433593305 1.6042416653156417 0.6503391921924256 0.7668777706415281
9.1011261585439431 -0.0083717831607840 0.0000748221172453 1.6067741276925482 0.6500380273419528 0.7666423281887466
9.1067866539094702 -0.0083807288991119 0.0000747009005999 1.6093085678252570 0.6497369264430491 0.7664068525664915
9.1149395422896493 -0.0083936135636054 0.0000745263547265 1.6129624306733619 0.6493033596570036 0.7660676357837156
9.1503415774768140 -0.0084496616531115 0.0000737690208175 1.6288760052460836 0.6474222606665742 0.7645938800211756
9.1857632608316209 -0.0085059032103149 0.0000730122445148 1.6448755938245547 0.6455427041646302 0.7631180536837309
9.2212104590936601 -0.0085623487177980 0.0000722559237141 1.6609638173015933 0.6436644383693598 0.7616399433541132
9.2566818063086096 -0.0086189972224997 0.0000715001108550 1.6771400394577296 0.6417875953604438 0.7601596367564496
9.2921758977291926 -0.0086758477074623 0.0000707448589121 1.6934035925030417 0.6399123085297291 0.7586772234017163
9.3013706740286732 -0.0086906020132101 0.0000705493833382 1.6976292126835730 0.6394269705136597 0.7582930181208564
9.3089232439127549 -0.0087027202965294 0.0000703888756793 1.7011039813914552 0.6390284565060304 0.7579773766436214
9.3164758137968366 -0.0087148400188605 0.0000702284179164 1.7045822235699515 0.6386300708077476 0.7576616849066301
9.3520173146399141 -0.0087719752346995 0.0000694739828592 1.7209970005309747 0.6367570549763052 0.7561754116312415
9.3875664903599834 -0.0088292905365829 0.0000687204893435 1.7374920448706697 0.6348865446296736 0.7546877439911245
9.4231329672375601 -0.0088868025981046 0.0000679677548268 1.7540717185830887 0.6330180883450685 0.7531983108997137
9.4587151422160627 -0.0089445100600056 0.0000672158349368 1.7707351941569096 0.6311518260003288 0.7517072108086261
9.4943114458164768 -0.0090024116099780 0.0000664647842170 1.7874816446272357 0.6292878947574907 0.7502145408675543
9.5038284840163740 -0.0090179045316898 0.0000662641867098 1.7919718956045150 0.6287900800878867 0.7498152986453922
9.5124616330551284 -0.0090319669342089 0.0000660822937484 1.7960498247926926 0.6283386934539553 0.7494530778091946
9.5480868098310570 -0.0090901033101047 0.0000653324503187 1.8129249393926867 0.6264779874389177 0.7479577796511254
9.5837127508471873 -0.0091484141240190 0.0000645838097500 1.8298764379676626 0.6246204444275671 0.7464615503777886
9.6193470291302443 -0.0092069129285375 0.0000638362325877 1.8469077608001598 0.6227657200622114 0.7449641037758482
9.6549878750451636 -0.0092655980398951 0.0000630897757373 1.8640179164683135 0.6209139572358189 0.7434655457003204
9.6692604410674559 -0.0092891482813274 0.0000627912101640 1.8708909529057194 0.6201733461957856 0.7428652130177863
9.6754437108126101 -0.0092993597106510 0.0000626619271915 1.8738722981440554 0.6198526606940346 0.7426050928227756
9.6816269805577644 -0.0093095684601900 0.0000625326845296 1.8768559126347788 0.6195320766475607 0.7423449489815177
9.6878777677685708 -0.0093198896605512 0.0000624020709663 1.8798744118582029 0.6192080954948203 0.7420819406449317
9.7235778157493176 -0.0093789414352755 0.0000616568650588 1.8971583046100404 0.6173597547524570 0.7405793722995812
9.7592292651001831 -0.0094380910409384 0.0000609139876515 1.9144938955572075 0.6155173767109686 0.7390781047353185
9.7948802581272503 -0.0094974191740871 0.0000601724510310 1.9319042421129584 0.6136785130193874 0.7375761436492801
9.8305289160185385 -0.0095569238977824 0.0000594323120354 1.9493882207115250 0.6118433062282624 0.7360735994981510
9.8455748123211642 -0.0095820929575278 0.0000591203376068 1.9567899107617388 0.6110698099173996 0.7354392377466318
9.8497851465547512 -0.0095891418929312 0.0000590330807266 1.9588635226105708 0.6108534750518012 0.7352617021366996
9.8539954807883383 -0.0095961877448990 0.0000589458441413 1.9609381731803750 0.6106371903052802 0.7350841576849824
9.8585945861966326 -0.0096038841227639 0.0000588505749078 1.9632055781520994 0.6104009918579038 0.7348902091915488
9.8943379939981320 -0.0096638023185762 0.0000581109458094 1.9808696219011550 0.6085673597440792 0.7333825263050276
9.9299716386435719 -0.0097237197126236 0.0000573749866412 1.9985536899895755 0.6067430219589872 0.7318788767278112
9.9655956024072818 -0.0097838049556679 0.0000566406403793 2.0163068781240550 0.6049228800897412 0.7303750707614317
10.0012080070934530 -0.0098440560178572 0.0000559079612751 2.0341279846851914 0.6031070700725145 0.7288712184817242
10.0129375809883836 -0.0098639415562496 0.0000556669560740 2.0400137741869990 0.6025098272030814 0.7283757863733331
10.0211142692641477 -0.0098778068585138 0.0000554990461034 2.0441214698130183 0.6020937323652303 0.7280303887689098
10.0292909575399118 -0.0098916749428822 0.0000553312141856 2.0482330325115679 0.6016778379484853 0.7276849654332970
10.0648897150002483 -0.0099521672587472 0.0000546014245434 2.0661785051606958 0.5998695139718474 0.7261808086565795
10.1004604960150211 -0.0100127998457482 0.0000538736797233 2.0841828411029346 0.5980664611242590 0.7246773832521929
10.1360117779411496 -0.0100735881494933 0.0000531478192251 2.1022499849655230 0.5962682829992350 0.7231743612768776
10.1715415387235772 -0.0101345297747098 0.0000524238973988 2.1203785832270698 0.5944751155400503 0.7216718581650617
10.1786234520404104 -0.0101466912646819 0.0000522797849969 2.1240006699071845 0.5941181671367876 0.7213723299299125
10.1857053653572436 -0.0101588552016276 0.0000521357338885 2.1276256222673027 0.5937613762014667 0.7210727875159481
10.2212113076244453 -0.0102199551832385 0.0000514144308953 2.1458428589552514 0.5919749534565814 0.7195707933257218
10.2566821896043372 -0.0102811869546454 0.0000506953710775 2.1641137931327052 0.5901942980577686 0.7180699607060086
10.2921242157585979 -0.0103425621532790 0.0000499784393137 2.1824412273696243 0.5884191260127886 0.7165700563935660
10.3039199931481136 -0.0103630320754823 0.0000497401754746 2.1885567316363561 0.5878292161893188 0.7160707998256892
10.3157157705376292 -0.0103835236104045 0.0000495020846380 2.1946801080486660 0.5872397586699369 0.7155715150128767
10.3211722498764598 -0.0103930098912053 0.0000493920074783 2.1975153145478328 0.5869672413645427 0.7153405470571005
10.3241276416896728 -0.0103981498811735 0.0000493324019293 2.1990516492242977 0.5868196784481040 0.7152154455343427
10.3270830335028858 -0.0104032864562428 0.0000492728082467 2.2005884772715922 0.5866721439021584 0.7150903423472394
10.3311314806905674 -0.0104103239403006 0.0000491911917109 2.2026945037165500 0.5864700898368513 0.7149189669114159
10.3665138232030660 -0.0104719384727402 0.0000484787607665 2.2211399588457890 0.5847064804780973 0.7134210659687777
10.4018536023141888 -0.0105336748648139 0.0000477687654040 2.2396335754064904 0.5829491187008531 0.7119247613325292
10.4371554357557788 -0.0105955420237422 0.0000470611212137 2.2581773317271514 0.5811977964937917 0.7104298854932666
10.4491552317785725 -0.0106166170254960 0.0000468209429066 2.2644966206364030 0.5806034386468535 0.7099217117713721
10.4611550278013663 -0.0106377150207717 0.0000465809501728 2.2708239624460447 0.5800095657910337 0.7094135217009598
10.4670830605964067 -0.0106481461691749 0.0000464624597335 2.2739527090973870 0.5797163653835076 0.7091624644408898
10.4730110933914471 -0.0106585734695158 0.0000463440166666 2.2770834182039623 0.5794232834834315 0.7089114035670619
10.4792167941417951 -0.0106694937256265 0.0000462200748328 2.2803628706136223 0.5791166011188614 0.7086485793001244
10.5144299804001253 -0.0107315758955678 0.0000455177365697 2.2990122144687981 0.5773788629226568 0.7071571623866616
10.5495963442341054 -0.0107937752684651 0.0000448179510227 2.3177056045019921 0.5756476653884631 0.7056676363577734
10.5847150039435522 -0.0108560910479349 0.0000441207419018 2.3364420997442061 0.5739230679231559 0.7041800650477876
10.5994383601010362 -0.0108822767596457 0.0000438289265521 2.3443176074394816 0.5732013092554366 0.7035563934246405
10.6038755958099369 -0.0108901754386312 0.0000437410376265 2.3466934294748283 0.5729839379332087 0.7033684339661902
10.6083128315188375 -0.0108980704882670 0.0000436531763455 2.3490703389369525 0.5727666349820716 0.7031804740899283
10.6134510226203851 -0.0109072155195957 0.0000435514686114 2.3518240897604441 0.5725150901949070 0.7029628215053190
10.6482868642393882 -0.0109693316612876 0.0000428628443845 2.3705323278472945 0.5708121064893171 0.7014871762934993
10.6832599399383188 -0.0110318948795631 0.0000421731508294 2.3893814428921365 0.5691067076920757 0.7000057234752260
10.7181765002925822 -0.0110945608888163 0.0000414862262085 2.4082670533552673 0.5674083870795130 0.6985266951887862
10.7262444497129277 -0.0111090698759156 0.0000413277392007 2.4126403272145649 0.5670165842909266 0.6981849524126436
10.7343123991332732 -0.0111235898472855 0.0000411693412065 2.4170171604127155 0.5666250140617156 0.6978432128919503
10.7587429811643940 -0.0111675829871287 0.0000406902484870 2.4302923457762109 0.5654407193818743 0.6968084131853687
10.7807739021648672 -0.0112073410402616 0.0000402589182586 2.4422915072764217 0.5643745898916233 0.6958752899024631
10.8155063657355104 -0.0112701889877103 0.0000395802752886 2.4612622203845520 0.5626973632835297 0.6944042726276614
10.8501873132066837 -0.0113331504063411 0.0000389043128080 2.4802701344724918 0.5610269974994517 0.6929355581006430
10.8561271308308296 -0.0113439546666501 0.0000387887090256 2.4835321616121493 0.5607413537111452 0.6926840246960432
10.8620669484549754 -0.0113547596193855 0.0000386731557699 2.4867960975650742 0.5604558388484865 0.6924324956409031
10.8685736709290577 -0.0113665977432276 0.0000385466317608 2.4903737379933215 0.5601432221900622 0.6921569653991326
10.9031399879239856 -0.0114296099176024 0.0000378754837961 2.5094179345100232 0.5584850851583970 0.6906933341599680
10.9376452147095033 -0.0114927189648097 0.0000372072051314 2.5284926968307779 0.5568342758970191 0.6892324671954668
10.9720762167552994 -0.0115559013222151 0.0000365420501509 2.5475902052309869 0.5551914230011122 0.6877749422000333
10.9769605751852541 -0.0115648813405867 0.0000364478286986 2.5503045142083609 0.5549587269017291 0.6875681961372637
10.9818449336152089 -0.0115738579347038 0.0000363536429238 2.5530201011273155 0.5547261196424936 0.6873614545930269
10.9885407421129493 -0.0115861700470067 0.0000362245822918 2.5567448869339056 0.5544073908531194 0.6870780467644453
11.0227813960786918 -0.0116492559262379 0.0000355656048001 2.5758299677552023 0.5527801205740002 0.6856289119741156
11.0570190692333519 -0.0117125464415211 0.0000349083734572 2.5949759450060847 0.5511574043798737 0.6841801541475167
11.0702641074510399 -0.0117370874674880 0.0000346545747335 2.6023994181348709 0.5505308361614650 0.6836197658504780
11.0835091456687280 -0.0117616602954573 0.0000344010306183 2.6098322164820082 0.5499049332411700 0.6830594195632678
11.0889733314702621 -0.0117718070037760 0.0000342965063472 2.6129013014360520 0.5496469137450023 0.6828282635480879
11.0944375172717962 -0.0117819519588183 0.0000341920270011 2.6159719710372742 0.5493890075171695 0.6825971149744775
11.0998825515880970 -0.0117920652631119 0.0000340879574129 2.6190334538291813 0.5491321182083765 0.6823667840336340
11.1339793210652740 -0.0118555177487341 0.0000334372584533 2.6382401571955136 0.5475260505779894 0.6809246282514670
11.1679401703490750 -0.0119189294602354 0.0000327908465730 2.6574314042810792 0.5459308098413518 0.6794885363928853
11.1795300470517311 -0.0119406188531690 0.0000325706327328 2.6639947608886296 0.5453874139297654 0.6789985145206833
11.1911199237543872 -0.0119623331779178 0.0000323506169976 2.6705651935652370 0.5448445357583011 0.6785085324711965
11.1960656281512883 -0.0119716068564808 0.0000322567908975 2.6733711218990108 0.5446130332208441 0.6782994565997524
11.2010113325481893 -0.0119808794208293 0.0000321630021186 2.6761783369935497 0.5443816249544809 0.6780903881859707
11.2057406062296678 -0.0119897486184776 0.0000320733518824 2.6788639075998870 0.5441604317915520 0.6778904759126712
11.2392232068975346 -0.0120526607883474 0.0000314395888029 2.6979109743404810 0.5425968928949362 0.6764753259311719
11.2728948256354862 -0.0121161405052705 0.0000308039291393 2.7171248319586763 0.5410289214651872 0.6750525564463913
11.2844322289469421 -0.0121379408010281 0.0000305865128649 2.7237220006542326 0.5404926815327418 0.6745651406556310
11.2959696322583980 -0.0121597663771276 0.0000303692957214 2.7303261210512946 0.5399569621318990 0.6740777714158462
11.3038631403496890 -0.0121747070206061 0.0000302207991408 2.7348484424934312 0.5395907407581810 0.6737443567857599
11.3113828667537906 -0.0121889460535292 0.0000300794222970 2.7391596399047660 0.5392420880500807 0.6734267511589180
11.3448036776801331 -0.0122523610446853 0.0000294521125404 2.7583560292020048 0.5376952170832120 0.6720154299824507
11.3781595148737473 -0.0123158669166700 0.0000288277012197 2.7775729723544602 0.5361557425216292 0.6706072751713159
11.3919156722277908 -0.0123421198604435 0.0000285706801726 2.7855149624808737 0.5355221349421834 0.6700266705369329
11.3968956337057925 -0.0123516329383265 0.0000284777049214 2.7883925126669244 0.5352929431798270 0.6698165005700411
11.4018755951837942 -0.0123611439329240 0.0000283847687226 2.7912713460823912 0.5350638495092687 0.6696063406471298
11.4091232454462705 -0.0123749941981605 0.0000282495801763 2.7954633845924080 0.5347306109951564 0.6693004997891732
11.4422602222290948 -0.0124384497027011 0.0000276325023405 2.8146643636010200 0.5332096722770087 0.6679024426489620
11.4752995094652928 -0.0125019329880472 0.0000270189110649 2.8338650928177396 0.5316975775857731 0.6665089736789791
11.4841489061060216 -0.0125189732970697 0.0000268548474250 2.8390174406689006 0.5312933125370635 0.6661358218119486
11.4898817520335008 -0.0125300205812036 0.0000267486272424 2.8423573995494094 0.5310315877066379 0.6658941039793035
11.4951661864503141 -0.0125402023932145 0.0000266507615088 2.8454376084687283 0.5307904509079578 0.6656713059071402
11.5280465841544864 -0.0126036798432522 0.0000260427926269 2.8646352257975130 0.5292925887157238 0.6642853152862431
11.5607869074977412 -0.0126671020785660 0.0000254390679435 2.8838060480137808 0.5278054344106821 0.6629057312940272
11.5751204862492756 -0.0126949361046646 0.0000251752807609 2.8922161872294967 0.5271557272916341 0.6623019170507337
11.5819225825579579 -0.0127081543916033 0.0000250502110555 2.8962109417170487 0.5268476951530660 0.6620154080442294
11.5887246788666403 -0.0127213781496314 0.0000249252138163 2.9002080542577997 0.5265398503040655 0.6617289218187172
11.6211781899686137 -0.0127845996630498 0.0000243298269803 2.9193111185285745 0.5250736753737065 0.6603623842991790
11.6535705892772743 -0.0128479170496611 0.0000237371942807 2.9384315657162627 0.5236145341081901 0.6589989562049551
11.6615342185822133 -0.0128635166284336 0.0000235917467537 2.9431404500937135 0.5232564615101775 0.6586638430042442
11.6694978478871523 -0.0128791198763821 0.0000234464001919 2.9478525457346536 0.5228986475833612 0.6583287633405452
11.6775426067220813 -0.0128948946954373 0.0000232996736493 2.9526159042692997 0.5225374516389920 0.6579903043187917
11.7096437941527451 -0.0129579750862095 0.0000227151954945 2.9716558082776676 0.5210988016031542 0.6566400910524369
11.7416830323641097 -0.0130211483255563 0.0000221334565252 2.9907107945574056 0.5196671452214821 0.6552930488694970
11.7735881614619071 -0.0130842331752040 0.0000215557649091 3.0097373389000084 0.5182456793456761 0.6539522208125899
11.8040300770519853 -0.0131446255309543 0.0000210060637268 3.0279389198430207 0.5168933221099581 0.6526734335702925
11.8124292497774146 -0.0131613230332255 0.0000208546544649 3.0329690541718870 0.5165208706784390 0.6523207017254242
11.8177927044886175 -0.0131719934409919 0.0000207580275424 3.0361829903866338 0.5162831875135984 0.6520954799167404
11.8231561591998204 -0.0131826639932071 0.0000206614474213 3.0393983649445500 0.5160456233407170 0.6518702752940504
11.8301388835759091 -0.0131965649673179 0.0000205357773369 3.0435866409159344 0.5157365154193706 0.6515771054557651
11.8615543423656593 -0.0132592354973649 0.0000199713408324 3.0624599116894400 0.5143483356564197 0.6502584922628321
11.8719262245292771 -0.0132799730944935 0.0000197853350056 3.0687017667077017 0.5138909263268200 0.6498232820977503
11.8822981066928950 -0.0133007340176461 0.0000195995002425 3.0749489772952865 0.5134339650573656 0.6493881386840424
11.8903243203136295 -0.0133168157359881 0.0000194558107236 3.0797870135376550 0.5130806563188428 0.6490514518966007
11.8983505339343640 -0.0133329025217277 0.0000193122256717 3.0846282521679145 0.5127276159053941 0.6487148055729636
11.9294334914851738 -0.0133953342470605 0.0000187571357910 3.1034069977866841 0.5113629419667473 0.6474114677591585
11.9409565677803648 -0.0134185327822350 0.0000185517447221 3.1103808269810207 0.5108580566438325 0.6469284517838381
11.9524796440755559 -0.0134417605731667 0.0000183465659231 3.1173612303279254 0.5103537274914544 0.6464455220136925
11.9569580674713265 -0.0134507959262059 0.0000182668808626 3.1200759245784249 0.5101578710428049 0.6462578556047053
11.9614364908670971 -0.0134598331063713 0.0000181872284518 3.1227916105785356 0.5099620985926654 0.6460702023491687
11.9668432641780811 -0.0134707469040673 0.0000180911079238 3.1260715626904143 0.5097258556991120 0.6458436672867870
11.9975712183841647 -0.0135328957927305 0.0000175457222728 3.1447397083851381 0.5083855637673641 0.6445565837898102
12.0080312707749712 -0.0135540997960115 0.0000173604140548 3.1511051245720205 0.5079302229572971 0.6441185940229484
12.0184913231657777 -0.0135753282863817 0.0000171752815951 3.1574759292394941 0.5074753428078431 0.6436806782749664
12.0236693984723146 -0.0135858461793885 0.0000170836999222 3.1606316829575425 0.5072503325183124 0.6434639228869716
12.0288474737788516 -0.0135963654365104 0.0000169921623485 3.1637887555406303 0.5070254350377769 0.6432471858045550
12.0343074792628961 -0.0136074632743820 0.0000168956877004 3.1671191488955941 0.5067884150126484 0.6430186679417043
12.0647856913661951 -0.0136695358461665 0.0000163580398846 3.1857365848279882 0.5054676608225921 0.6417434398961566
12.0759204824701900 -0.0136922656494277 0.0000161619911550 3.1925495710569276 0.5049861206335683 0.6412777144138520
12.0817608431566992 -0.0137041990312585 0.0000160592407145 3.1961255105762194 0.5047337554753657 0.6410334694296773
12.0857021142226237 -0.0137122564664578 0.0000159899323913 3.1985396182677257 0.5045635325997404 0.6408686583321456
12.0896433852885483 -0.0137203142160306 0.0000159206498319 3.2009544863271655 0.5043933753456328 0.6407038582211769
12.0940037559486058 -0.0137292322179739 0.0000158440294126 3.2036270278263577 0.5042052008401345 0.6405215467268779
12.1242436055402649 -0.0137911995977030 0.0000153135005124 3.2221870937569324 0.5029023988252355 0.6392575615150395
12.1353591213451093 -0.0138140302378366 0.0000151188614252 3.2290205958653506 0.5024244921947811 0.6387931132689348
12.1406050472814577 -0.0138248149643794 0.0000150270717423 3.2322477344329319 0.5021991282458239 0.6385739498129291
12.1439430958479626 -0.0138316807290678 0.0000149686880264 3.2343019015793284 0.5020557872169649 0.6384345037886019
12.1472811444144675 -0.0138385472060823 0.0000149103227619 3.2363566116851366 0.5019124934659350 0.6382950658969913
12.1523729820627970 -0.0138490243225823 0.0000148213279604 3.2394918986436680 0.5016940052638204 0.6380823839323219
12.1821151545495479 -0.0139103428048594 0.0000143023365376 3.2578307805462274 0.5004199877455332 0.6368404585843935
12.1936328225714412 -0.0139341437176987 0.0000141017426897 3.2649440693473690 0.4999276360170499 0.6363596988098299
12.2000486595379556 -0.0139474152955796 0.0000139900967717 3.2689092703859197 0.4996536201949209 0.6360919379547415
12.2057086215691868 -0.0139591273294954 0.0000138916606999 3.2724089736109412 0.4994120328493371 0.6358557487222113
12.2108279758305809 -0.0139697261778919 0.0000138026717695 3.2755757429585093 0.4991936382603075 0.6356421397332921
12.2403777314950322 -0.0140310248971970 0.0000132898466873 3.2938796731123454 0.4979352163114505 0.6344095417778777
12.2473963895184088 -0.0140456148452566 0.0000131682494952 3.2982334332459811 0.4976368644561548 0.6341168730639333
12.2544150475417855 -0.0140602164549282 0.0000130467326035 3.3025895747601348 0.4973387233477965 0.6338242422205356
12.2657962501554945 -0.0140839090451671 0.0000128498580044 3.3096583950519594 0.4968557161912694 0.6333498034083134
12.2948808358209138 -0.0141445953848713 0.0000123477067445 3.3277511116906822 0.4956239157003643 0.6321378357900452
12.3018436200592252 -0.0141591535528994 0.0000122276978526 3.3320885153584863 0.4953295635611157 0.6318477917814672
12.3088064042975365 -0.0141737201459317 0.0000121077688882 3.3364282529394877 0.4950354193253833 0.6315577860036514
12.3175431127049411 -0.0141920113008335 0.0000119573981484 3.3418769348954767 0.4946666295856191 0.6311939490584814
12.3462907262062753 -0.0142523271279671 0.0000114634939373 3.3598313894391234 0.4934554641374942 0.6299971946203604
12.3518156657421478 -0.0142639419983937 0.0000113687266252 3.3632865611338651 0.4932231000759644 0.6297672689641308
12.3573406052780204 -0.0142755607181412 0.0000112740100864 3.3667431968014605 0.4929908671992143 0.6295373679228259
12.3626207209812424 -0.0142866708307669 0.0000111835375697 3.3700480278732243 0.4927690478886769 0.6293176774226996
12.3910965834226090 -0.0143467052250559 0.0000106964040402 3.3878941241956522 0.4915748381044108 0.6281332689611223
12.3953257261910359 -0.0143556382487387 0.0000106241700224 3.3905478775632352 0.4913977760088766 0.6279574209821323
12.3987905490046604 -0.0143629596447335 0.0000105650126167 3.3927226634439691 0.4912527712642430 0.6278133644187621
12.4021878945680104 -0.0143701392654773 0.0000105070268753 3.3948556525607447 0.4911106406624754 0.6276721229401695
12.4307359404514663 -0.0144305821419964 0.0000100205191960 3.4128010280660774 0.4899182788968514 0.6264856415317649
12.4381360535259180 -0.0144462827480402 0.0000098946272010 3.4174591032093020 0.4896097739681435 0.6261781970368241
12.4455361666003697 -0.0144619939274627 0.0000097688259108 3.4221197878150926 0.4893015055657436 0.6258707983452562
12.4635384431652625 -0.0145002660122425 0.0000094631661021 3.4334687354322169 0.4885525685367530 0.6251231807209443
12.4742736952088933 -0.0145231271322037 0.0000092811466888 3.4402437624647950 0.4881066241675420 0.6246774860049824
12.4800700008698850 -0.0145354825513865 0.0000091829474967 3.4439040932757750 0.4878660519452052 0.6244368818173796
12.4858663065308768 -0.0145478438917541 0.0000090848041844 3.4475660200744342 0.4876256250870550 0.6241963062073849
12.4913164188340584 -0.0145594733147110 0.0000089925734089 3.4510106878478291 0.4873996907729730 0.6239701254712195
12.5187744631447693 -0.0146181767141067 0.0000085286531617 3.4683865960042692 0.4862633759697401 0.6228309982738508
12.5244562400465789 -0.0146303454422551 0.0000084328118703 3.4719865811212838 0.4860286512893171 0.6225953645686291
12.5301380169483885 -0.0146425209899453 0.0000083370241352 3.4755880947889359 0.4857940666039183 0.6223597587940231
12.5572768599177156 -0.0147007901291431 0.0000078802319987 3.4928116881019449 0.4846755129149792 0.6212347818515174
12.5843327892878758 -0.0147590520633051 0.0000074260500050 3.5100172914174377 0.4835635610050665 0.6201138841161865
12.5908668494345442 -0.0147731504965480 0.0000073165455780 3.5141776545068910 0.4832954995906276 0.6198432819573834
12.5954523356027241 -0.0147830493687956 0.0000072397398631 3.5170985240474200 0.4831074897265335 0.6196534008225053
12.6000378217709041 -0.0147929527313568 0.0000071629691232 3.5200203840608952 0.4829195713077297 0.6194635383632781
12.6112980333081666 -0.0148172946161480 0.0000069745969483 3.5271995623035588 0.4824585033612376 0.6189973877455891
12.6225582448454290 -0.0148416692505757 0.0000067864345915 3.5343847063567524 0.4819979874489702 0.6185313503930976
12.6290931874096461 -0.0148558283307185 0.0000066773299207 3.5385573889214377 0.4817309769708657 0.6182609344761892
12.6356281299738633 -0.0148699968965870 0.0000065682962978 3.5427320782899683 0.4814641524701686 0.6179905569450799
12.6456650007868312 -0.0148917796888472 0.0000064009717426 3.5491477953749899 0.4810547051676537 0.6175753651520408
12.6557018715997991 -0.0149135887195751 0.0000062338140601 3.5555682407414753 0.4806456970259135 0.6171602644387710
12.6612988456150308 -0.0149257594121107 0.0000061406730214 3.5591505987028511 0.4804178078543813 0.6169288267968541
12.6664392267761361 -0.0149369439480303 0.0000060551761323 3.5624420070722986 0.4802086298905166 0.6167162945761070
12.6760091073135239 -0.0149577847003249 0.0000058961226941 3.5685729416064009 0.4798195090228391 0.6163206860995993
12.6855789878509118 -0.0149786494824169 0.0000057372210881 3.5747081653909198 0.4794307878283210 0.6159251612841090
12.6931250109407987 -0.0149951154201231 0.0000056120321081 3.5795489224090540 0.4791245559180418 0.6156133420146349
12.6999966663172827 -0.0150101225248111 0.0000054981131688 3.5839593913022449 0.4788459074117465 0.6153294346955286
12.7112931650794234 -0.0150348201981481 0.0000053110090057 3.5912146769748059 0.4783882778684898 0.6148628063687923
12.7185329331785972 -0.0150506644525772 0.0000051912083093 3.5958676231531119 0.4780952825607193 0.6145638127886058
12.7257727012777710 -0.0150665211219648 0.0000050714949202 3.6005230167749671 0.4778025162417161 0.6142648677628255
12.7364710419801721 -0.0150899783071097 0.0000048947514891 3.6074068568438706 0.4773703094321355 0.6138232002412999
12.7471693826825732 -0.0151134632695539 0.0000047181986754 3.6142960345557089 0.4769386029721881 0.6133816393691092
12.7594547372640790 -0.0151404674047297 0.0000045156906265 3.6222137459638573 0.4764434737344516 0.6128747084659331
12.7643934764944600 -0.0151513345074595 0.0000044343526034 3.6253986638367799 0.4762446168077968 0.6126709610327579
