0.0001016693386040 -0.0000000000045333 0.0001380189013868 0.0000000000000023 0.9999999999606378 0.9999999999735256
0.0001411256104537 -0.0000000000087352 0.0001380189013746 0.0000000000000063 0.9999999999238014 0.9999999999489860
0.0001897300655550 -0.0000000000157890 0.0001380189013542 0.0000000000000152 0.9999999998619661 0.9999999999077922
0.0002483480071325 -0.0000000000270528 0.0001380189013215 0.0000000000000342 0.9999999997632237 0.9999999998420112
0.0003178123872165 -0.0000000000443035 0.0001380189012716 0.0000000000000717 0.9999999996119987 0.9999999997412666
0.0003989309047498 -0.0000000000698065 0.0001380189011977 0.0000000000001417 0.9999999993884329 0.9999999995923290
0.0004924637812571 -0.0000000001063779 0.0001380189010918 0.0000000000002666 0.9999999990678383 0.9999999993787516
0.0005991624960166 -0.0000000001574684 0.0001380189009438 0.0000000000004802 0.9999999986199652 0.9999999990803822
0.0007197364599279 -0.0000000002272229 0.0001380189007418 0.0000000000008324 0.9999999980084786 0.9999999986730146
0.0008548855008057 -0.0000000003205691 0.0001380189004714 0.0000000000013949 0.9999999971901814 0.9999999981278713
0.0010052744145900 -0.0000000004432773 0.0001380189001160 0.0000000000022681 0.9999999961144895 0.9999999974112536
0.0011715461623423 -0.0000000006020401 0.0001380188996562 0.0000000000035900 0.9999999947227343 0.9999999964840767
0.0013543462408511 -0.0000000008045745 0.0001380188990696 0.0000000000055463 0.9999999929472656 0.9999999953012728
0.0015542753576192 -0.0000000010596512 0.0001380188983308 0.0000000000083830 0.9999999907111971 0.9999999938116209
0.0017719420352822 -0.0000000013772290 0.0001380188974110 0.0000000000124212 0.9999999879272283 0.9999999919569617
0.0020079120581840 -0.0000000017684655 0.0001380188962779 0.0000000000180737 0.9999999844975478 0.9999999896721341
0.0022627610104338 -0.0000000022458703 0.0001380188948952 0.0000000000258661 0.9999999803124948 0.9999999868840830
0.0025370478543035 -0.0000000028233497 0.0001380188932227 0.0000000000364586 0.9999999752501617 0.9999999835115944
0.0028313163436603 -0.0000000035162860 0.0001380188912157 0.0000000000506733 0.9999999691757040 0.9999999794648358
0.0031460833179458 -0.0000000043415807 0.0001380188888254 0.0000000000695224 0.9999999619409587 0.9999999746451024
0.0034818744539620 -0.0000000053178205 0.0001380188859979 0.0000000000942439 0.9999999533829893 0.9999999689438466
0.0038391988029498 -0.0000000064653000 0.0001380188826745 0.0000000001263385 0.9999999433238890 0.9999999622425487
0.0042185449114212 -0.0000000078060773 0.0001380188787912 0.0000000001676108 0.9999999315702907 0.9999999544123886
0.0046204181713062 -0.0000000093641869 0.0001380188742785 0.0000000002202206 0.9999999179115020 0.9999999453130048
0.0050452905202335 -0.0000000111655436 0.0001380188690613 0.0000000002867296 0.9999999021203463 0.9999999347930538
0.0054936241391942 -0.0000000132380923 0.0001380188630586 0.0000000003701612 0.9999998839518525 0.9999999226893376
0.0059658839876737 -0.0000000156119492 0.0001380188561832 0.0000000004740656 0.9999998631420137 0.9999999088259764
0.0064625415110352 -0.0000000183195252 0.0001380188483413 0.0000000006025930 0.9999998394067077 0.9999998930136905
0.0069840337930322 -0.0000000213953889 0.0001380188394327 0.0000000007605592 0.9999998124428977 0.9999998750505986
0.0075308197329353 -0.0000000248766573 0.0001380188293499 0.0000000009535441 0.9999997819252076 0.9999998547199375
0.0081033065165621 -0.0000000288026236 0.0001380188179792 0.0000000011879573 0.9999997475091813 0.9999998317922331
0.0087019321509630 -0.0000000332153547 0.0001380188051987 0.0000000014711640 0.9999997088260510 0.9999998060218144
0.0093271257987656 -0.0000000381595434 0.0001380187908789 0.0000000018115799 0.9999996654840279 0.9999997771476745
0.0099792954070227 -0.0000000436824763 0.0001380187748829 0.0000000022187768 0.9999996170685869 0.9999997448936597
0.0106588490131937 -0.0000000498342702 0.0001380187570655 0.0000000027036153 0.9999995631403911 0.9999997089670865
0.0113661838391634 -0.0000000566678612 0.0001380187372735 0.0000000032783701 0.9999995032353888 0.9999996690588063
0.0121017273030039 -0.0000000642395042 0.0001380187153439 0.0000000039569086 0.9999994368604377 0.9999996248402909
0.0128658588268730 -0.0000000726080884 0.0001380186911060 0.0000000047547782 0.9999993634992991 0.9999995759676252
0.0136589586254991 -0.0000000818356621 0.0001380186643803 0.0000000056894026 0.9999992826080427 0.9999995220784462
0.0144814220812009 -0.0000000919877138 0.0001380186349771 0.0000000067802781 0.9999991936125818 0.9999994627903001
0.0153336408276026 -0.0000001031330715 0.0001380186026969 0.0000000080491442 0.9999990959095528 0.9999993977012296
0.0162159693606001 -0.0000001153435158 0.0001380185673320 0.0000000095201231 0.9999989888697098 0.9999993263920339
0.0171287888677164 -0.0000001286946937 0.0001380185286632 0.0000000112200233 0.9999988718299153 0.9999992484209344
0.0180724548597007 -0.0000001432654921 0.0001380184864620 0.0000000131784764 0.9999987440986270 0.9999991633272284
0.0190473487229495 -0.0000001591388929 0.0001380184404881 0.0000000154282731 0.9999986049484080 0.9999990706263006
0.0200538474191358 -0.0000001764016503 0.0001380183904902 0.0000000180055669 0.9999984536187512 0.9999989698115039
0.0210922680105000 -0.0000001951433495 0.0001380183362089 0.0000000209499736 0.9999982893243327 0.9999988603596582
0.0221629834004046 -0.0000002154584810 0.0001380182773705 0.0000000243051471 0.9999981112368296 0.9999987417189371
0.0232663342739229 -0.0000002374450024 0.0001380182136913 0.0000000281188420 0.9999979184975247 0.9999986133172655
0.0244026652001948 -0.0000002612050569 0.0001380181448754 0.0000000324433186 0.9999977102110089 0.9999984745581232
0.0255723170353262 -0.0000002868449213 0.0001380180706151 0.0000000373356458 0.9999974854456399 0.9999983248208518
0.0267756444948917 -0.0000003144754987 0.0001380179905891 0.0000000428581247 0.9999972432292190 0.9999981634577729
0.0280129639855114 -0.0000003442112122 0.0001380179044661 0.0000000490784101 0.9999969825586914 0.9999979898006516
0.0292846242557350 -0.0000003761717117 0.0001380178118994 0.0000000560702112 0.9999967023851857 0.9999978031507291
0.0305909352212496 -0.0000004104802435 0.0001380177125322 0.0000000639133246 0.9999964016283026 0.9999976027882420
0.0319322356678019 -0.0000004472654242 0.0001380176059919 0.0000000726944138 0.9999960791605677 0.9999973879620643
0.0333088480922663 -0.0000004866601900 0.0001380174918936 0.0000000825071932 0.9999957338166409 0.9999971578958429
0.0347210968109640 -0.0000005288023520 0.0001380173698381 0.0000000934529860 0.9999953643884506 0.9999969117847556
0.0361692961127267 -0.0000005738343318 0.0001380172394128 0.0000001056411070 0.9999949696275089 0.9999966487970534
0.0376537501617897 -0.0000006219031951 0.0001380171001919 0.0000001191893284 0.9999945482446185 0.9999963680738657
0.0391748137683160 -0.0000006731627721 0.0001380169517298 0.0000001342249860 0.9999940988912870 0.9999960687168167
0.0407327766165996 -0.0000007277699634 0.0001380167935722 0.0000001508844441 0.9999936201921047 0.9999957498095972
0.0423279108132921 -0.0000007858861651 0.0001380166252515 0.0000001693139682 0.9999931107322604 0.9999954104096459
0.0439605616072907 -0.0000008476807348 0.0001380164462773 0.0000001896713970 0.9999925690271503 0.9999950495279035
0.0456310221900649 -0.0000009133266052 0.0001380162561487 0.0000002121253587 0.9999919935608349 0.9999946661544321
0.0473395772739459 -0.0000009830018176 0.0001380160543500 0.0000002368563128 0.9999913827725950 0.9999942592494581
0.0490865502531890 -0.0000010568915856 0.0001380158403450 0.0000002640579232 0.9999907350388424 0.9999938277313216
0.0508722316053051 -0.0000011351854976 0.0001380156135843 0.0000002939367295 0.9999900486976402 0.9999933704928112
0.0526969081362023 -0.0000012180787151 0.0001380153735029 0.0000003267132178 0.9999893220382020 0.9999928863941676
0.0545608822795976 -0.0000013057729654 0.0001380151195165 0.0000003626229226 0.9999885532921905 0.9999923742572868
0.0564644312752560 -0.0000013984747481 0.0001380148510270 0.0000004019164328 0.9999877406494384 0.9999918328761923
0.0584078569613096 -0.0000014963977763 0.0001380145674155 0.0000004448611504 0.9999868822365483 0.9999912610027790
0.0603914564803764 -0.0000015997617350 0.0001380142680457 0.0000004917415888 0.9999859761277780 0.9999906573540635
0.0624154782698354 -0.0000017087899359 0.0001380139522709 0.0000005428590570 0.9999850203656021 0.9999900206258819
0.0644802257812761 -0.0000018237148477 0.0001380136194178 0.0000005985350199 0.9999840129122282 0.9999893494605899
0.0665859990364143 -0.0000019447752791 0.0001380132687947 0.0000006591107594 0.9999829516742972 0.9999886424635167
0.0687330529186275 -0.0000020722139396 0.0001380128996988 0.0000007249469931 0.9999818345242604 0.9999878982172062
0.0709216752577805 -0.0000022062819734 0.0001380125114027 0.0000007964270467 0.9999806592606427 0.9999871152549440
0.0731521100604081 -0.0000023472344466 0.0001380121031677 0.0000008739554496 0.9999794236475954 0.9999862920871060
0.0754246702399156 -0.0000024953374752 0.0001380116742231 0.0000009579627971 0.9999781253524180 0.9999854271595351
0.0777395952140696 -0.0000026508593024 0.0001380112237920 0.0000010489018531 0.9999767620237733 0.9999845189056472
0.0800971768855017 -0.0000028140785069 0.0001380107510676 0.0000011472532125 0.9999753312197367 0.9999835656984966
0.0824976829109490 -0.0000029852790908 0.0001380102552275 0.0000012535236045 0.9999738304508522 0.9999825658794591
0.0849413708626682 -0.0000031647513849 0.0001380097354308 0.0000013682474619 0.9999722571722028 0.9999815177529485
0.0874284997775264 -0.0000033527929249 0.0001380091908158 0.0000014919885939 0.9999706087757279 0.9999804195812967
0.0899593664158148 -0.0000035497114268 0.0001380086204914 0.0000016253434247 0.9999688825641423 0.9999792695673778
0.0925341927871166 -0.0000037558161813 0.0001380080235618 0.0000017689364305 0.9999670758263739 0.9999780659048643
0.0951532824849698 -0.0000039714303592 0.0001380073990912 0.0000019234297771 0.9999651857296997 0.9999768067063646
0.0978168697589889 -0.0000041968790982 0.0001380067461379 0.0000020895163740 0.9999632094241717 0.9999754900729928
0.1005251915308546 -0.0000044324951485 0.0001380060637384 0.0000022679249860 0.9999611439931352 0.9999741140614012
0.1032785510787101 -0.0000046786247657 0.0001380053508897 0.0000024594262564 0.9999589864015697 0.9999726766493626
0.1060771695536922 -0.0000049356148014 0.0001380046065875 0.0000026648242859 0.9999567336092575 0.9999711758111639
0.1089213061827107 -0.0000052038232832 0.0001380038297950 0.0000028849661264 0.9999543824780361 0.9999696094558141
0.1118112061135201 -0.0000054836148700 0.0001380030194561 0.0000031207397565 0.9999519298116458 0.9999679754535896
0.1147471444669217 -0.0000057753652076 0.0001380021744830 0.0000033730792938 0.9999493723175443 0.9999662716105925
0.1177293871076780 -0.0000060794573680 0.0001380012937663 0.0000036429637113 0.9999467066381258 0.9999644956895478
0.1207581307445385 -0.0000063962754918 0.0001380003761937 0.0000039314125300 0.9999439294064530 0.9999626454469308
0.1238336375128772 -0.0000067262185825 0.0001379994206097 0.0000042394996996 0.9999410371253370 0.9999607185524046
0.1269561521113520 -0.0000070696922547 0.0001379984258396 0.0000045683480765 0.9999380262396793 0.9999587126370157
0.1301259450986947 -0.0000074271135402 0.0001379973906759 0.0000049191357497 0.9999348930943396 0.9999566252651195
0.1333432261653381 -0.0000077989012093 0.0001379963139059 0.0000052930883516 0.9999316340189834 0.9999544539909074
0.1366082697161697 -0.0000081854900600 0.0001379951942706 0.0000056914949730 0.9999282452028286 0.9999521962749555
0.1399213102991995 -0.0000085873191099 0.0001379940304986 0.0000061156983657 0.9999247227981545 0.9999498495531830
0.1432825594625304 -0.0000090048332420 0.0001379928213017 0.0000065670981223 0.9999210629058800 0.9999474112272413
0.1466922823806429 -0.0000094384928190 0.0001379915653469 0.0000070471630507 0.9999172614912879 0.9999448786083633
0.1501507115520021 -0.0000098887632185 0.0001379902612866 0.0000075574220742 0.9999133144757631 0.9999422489784793
0.1536580620225621 -0.0000103561164943 0.0001379889077539 0.0000080994677525 0.9999092177222320 0.9999395195805120
0.1572145787954156 -0.0000108410377412 0.0001379875033442 0.0000086749657343 0.9999049669793744 0.9999366875812065
0.1608205206907207 -0.0000113440233832 0.0001379860466201 0.0000092856553724 0.9999005578966336 0.9999337500811254
0.1644761119208991 -0.0000118655745132 0.0001379845361307 0.0000099333438993 0.9998959860826027 0.9999307041535437
0.1681815686397185 -0.0000124062003590 0.0001379829704015 0.0000106199125276 0.9998912470746466 0.9999275468242075
0.1719371161364016 -0.0000129664208403 0.0001379813479272 0.0000113473219688 0.9998863363164936 0.9999242750563984
0.1757430052130337 -0.0000135467693394 0.0001379796671634 0.0000121176187186 0.9998812491339520 0.9999208857347508
0.1795994433992414 -0.0000141477823946 0.0001379779265566 0.0000129329239493 0.9998759808252631 0.9999173757254449
0.1835066739456748 -0.0000147700117830 0.0001379761245093 0.0000137954519932 0.9998705265551864 0.9999137418056356
0.1874649301991709 -0.0000154140177298 0.0001379742593995 0.0000147075040068 0.9998648814145379 0.9999099807031151
0.1914744373851757 -0.0000160803691399 0.0001379723295800 0.0000156714707328 0.9998590404181592 0.9999060890949535
0.1955353854344775 -0.0000167696388967 0.0001379703333924 0.0000166898279759 0.9998529985461378 0.9999020636349577
0.1996480525111966 -0.0000174824249570 0.0001379682691054 0.0000177651705528 0.9998467505588993 0.9998979008304686
0.2038126196953078 -0.0000182193189174 0.0001379661350064 0.0000189001685377 0.9998402912727524 0.9998935972259385
0.2080293082654543 -0.0000189809293939 0.0001379639293333 0.0000200976046299 0.9998336153549580 0.9998891492663892
0.2122983652839817 -0.0000197678801705 0.0001379616502805 0.0000213603751477 0.9998267173399635 0.9998845533082196
0.2166200034026660 -0.0000205807993508 0.0001379592960294 0.0000226914758616 0.9998195917245071 0.9998798056825636
0.2209944349997661 -0.0000214203254267 0.0001379568647319 0.0000240940142765 0.9998122329144266 0.9998749026598449
0.2254218837105692 -0.0000222871096491 0.0001379543545027 0.0000255712167927 0.9998046352038902 0.9998698404359287
0.2299025695941490 -0.0000231818133543 0.0001379517634274 0.0000271264275468 0.9997967927988365 0.9998646151477341
0.2344366933906711 -0.0000241051047581 0.0001379490895718 0.0000287631058094 0.9997886998450873 0.9998592228919548
0.2390244658981705 -0.0000250576648268 0.0001379463309647 0.0000304848393192 0.9997803503768973 0.9998536596907714
0.2436661247846590 -0.0000260401911660 0.0001379434855869 0.0000322953552084 0.9997717382828707 0.9998479214691319
0.2483618699486331 -0.0000270533845912 0.0001379405514099 0.0000341984989854 0.9997628574236921 0.9998420041331860
0.2531119519713600 -0.0000280979680865 0.0001379375263411 0.0000361982732763 0.9997537014659545 0.9998359034595552
0.2579165057106294 -0.0000291746503229 0.0001379344083294 0.0000382987715706 0.9997442642019402 0.9998296153083941
0.2627757857920072 -0.0000302841775823 0.0001379311952150 0.0000405042813357 0.9997345390945085 0.9998231353201368
0.2676900192021170 -0.0000314273017921 0.0001379278848215 0.0000428192272627 0.9997245195572915 0.9998164591021802
0.2726593924803039 -0.0000326047769802 0.0001379244749668 0.0000452481666184 0.9997141989857784 0.9998095822495870
0.2776841125360287 -0.0000338173733013 0.0001379209634220 0.0000477958210572 0.9997035706343838 0.9998025002631626
0.2827644025946704 -0.0000350658765724 0.0001379173479131 0.0000504670804077 0.9996926276205348 0.9997952085521650
0.2879004636017641 -0.0000363510789925 0.0001379136261476 0.0000532669870601 0.9996813630060258 0.9997877024885011
0.2930925356914848 -0.0000376737945407 0.0001379097957701 0.0000562007734537 0.9996697696620709 0.9997799773167935
0.2983407555493184 -0.0000390348226540 0.0001379058544672 0.0000592737854798 0.9996578405876744 0.9997720283665120
0.3036453859592838 -0.0000404350070608 0.0001379017997977 0.0000624916177866 0.9996455683939829 0.9997638507083586
0.3090065990738111 -0.0000418751800779 0.0001378976293532 0.0000658599931982 0.9996329457925275 0.9997554394795920
0.3144246186569530 -0.0000433561998052 0.0001378933406511 0.0000693848515920 0.9996199652692366 0.9997467896667912
0.3198996327807058 -0.0000448789269544 0.0001378889312010 0.0000730723005753 0.9996066192875408 0.9997378962411804
0.3254318432842263 -0.0000464442382058 0.0001378843984666 0.0000769286511976 0.9995929001713264 0.9997287540806165
0.3310214734708871 -0.0000480530288690 0.0001378797398578 0.0000809604300541 0.9995788000816311 0.9997193579540430
0.3366686694646671 -0.0000497061843903 0.0001378749528131 0.0000851743120809 0.9995643112663871 0.9997097026878983
0.3423736517148314 -0.0000514046240148 0.0001378700346734 0.0000895772346292 0.9995494256777652 0.9996997829111002
0.3481366687480247 -0.0000531492886144 0.0001378649827168 0.0000941763745694 0.9995341350788819 0.9996895931261326
0.3539578750427377 -0.0000549411036074 0.0001378597942668 0.0000989790550438 0.9995184313687966 0.9996791279256076
0.3598374673791813 -0.0000567810196780 0.0001378544665736 0.0001039928561018 0.9995023062256603 0.9996683817544392
0.3657756769398533 -0.0000586700114165 0.0001378489968182 0.0001092256187757 0.9994857511186600 0.9996573489177779
0.3717726873627060 -0.0000606090516064 0.0001378433821874 0.0001146853798066 0.9994687575333874 0.9996460237311826
0.3778286460440730 -0.0000625991138211 0.0001378376198656 0.0001203803810456 0.9994513169491013 0.9996344005054493
0.3839438024429393 -0.0000646412180986 0.0001378317069029 0.0001263192058314 0.9994334204384703 0.9996224732798377
0.3901183274876721 -0.0000667363720030 0.0001378256403858 0.0001325106166742 0.9994150591841245 0.9996102361663006
0.3963523930199697 -0.0000688855962101 0.0001378194173629 0.0001389636321892 0.9993962242544520 0.9995976832000434
0.4026462429953763 -0.0000710899497484 0.0001378130347722 0.0001456876102451 0.9993769063824265 0.9995848081920902
0.4090000466745217 -0.0000733504794488 0.0001378064895869 0.0001526921018486 0.9993570964086391 0.9995716050245270
0.4154139941021132 -0.0000756682527393 0.0001377997787211 0.0001599869547696 0.9993367849939276 0.9995580674589513
0.4218882421130591 -0.0000780443383465 0.0001377928990852 0.0001675822589878 0.9993159627885225 0.9995441892491799
0.4284230764075398 -0.0000804798663081 0.0001377858474125 0.0001754885459167 0.9992946199061820 0.9995299637907242
0.4350186001629029 -0.0000829759130252 0.0001377786205916 0.0001837164246265 0.9992727469315295 0.9995153847921656
0.4416750087504046 -0.0000855336024484 0.0001377712153738 0.0001922769122854 0.9992503340333736 0.9995004456841421
0.4483925060567309 -0.0000881540759459 0.0001377636284605 0.0002011813457687 0.9992273712287961 0.9994851397953320
0.4551712706326302 -0.0000908384791467 0.0001377558565405 0.0002104413432145 0.9992038484984795 0.9994694604292943
0.4620115249038942 -0.0000935879893100 0.0001377478962120 0.0002200689045195 0.9991797555469102 0.9994534007045958
0.4689134211854827 -0.0000964037698901 0.0001377397441128 0.0002300762598337 0.9991550822005522 0.9994369538201869
0.4758771826013174 -0.0000992870272865 0.0001377313967572 0.0002404760750526 0.9991298179106016 0.9994201127239171
0.4829029304435167 -0.0001022389400268 0.0001377228507403 0.0002512812050958 0.9991039523735648 0.9994028705261684
0.4899908850871713 -0.0001052607419993 0.0001377141024973 0.0002625050008171 0.9990774748019747 0.9993852200136820
0.4971412362376706 -0.0001083536690768 0.0001377051484580 0.0002741611244089 0.9990503743921432 0.9993671539613187
0.5043541745115402 -0.0001115189722177 0.0001376959850088 0.0002862636035427 0.9990226402094069 0.9993486650555262
0.5116298376695686 -0.0001147578934813 0.0001376866085626 0.0002988267449940 0.9989942613983187 0.9993297460344246
0.5189684404434312 -0.0001180717234673 0.0001376770153917 0.0003118653629348 0.9989652266794182 0.9993103893522859
0.5263701606206853 -0.0001214617513287 0.0001376672017732 0.0003253945948651 0.9989355247872604 0.9992905874715020
0.5338351951118675 -0.0001249292898995 0.0001376571639163 0.0003394300069490 0.9989051442503029 0.9992703327157986
0.5413637249248353 -0.0001284756597963 0.0001376468980077 0.0003539875384000 0.9988740735302505 0.9992496173630890
0.5489559227867165 -0.0001321021926536 0.0001376364002030 0.0003690835206876 0.9988423009937586 0.9992284336265647
0.5566119465801515 -0.0001358102277342 0.0001376256666360 0.0003847346697540 0.9988098149421799 0.9992067736744830
0.5643319943527194 -0.0001396011387099 0.0001376146933413 0.0004009582070946 0.9987766033769941 0.9991846294737194
0.5721161953549019 -0.0001434762804882 0.0001376034764086 0.0004177716411495 0.9987426544657058 0.9991619931003577
0.5799647970302638 -0.0001474370819575 0.0001375920117137 0.0004351931759812 0.9987079557293942 0.9991388561979162
0.5878779424565400 -0.0001514849355148 0.0001375802952388 0.0004532412412170 0.9986724950105821 0.9991152106226469
0.5958558065006119 -0.0001556212646217 0.0001375683228764 0.0004719347921131 0.9986362598814578 0.9990910480488983
0.6038985551360952 -0.0001598475034674 0.0001375560904890 0.0004912932289289 0.9985992378221062 0.9990663600879006
0.6120063832023639 -0.0001641651169787 0.0001375435938503 0.0005113364975027 0.9985614160452805 0.9990411381708574
0.6201794682449505 -0.0001685755768556 0.0001375308287151 0.0005320849891311 0.9985227817064060 0.9990153736889226
0.6284179722167983 -0.0001730803619802 0.0001375177908183 0.0005535595485648 0.9984833219000556 0.9989890579907951
0.6367220857336936 -0.0001776809826158 0.0001375044758042 0.0005757815978486 0.9984430234480494 0.9989621822413407
0.6450919763423747 -0.0001823789523042 0.0001374908793088 0.0005987730118456 0.9984018731456940 0.9989347375857430
0.6535277857349715 -0.0001871757855142 0.0001374769969656 0.0006225561116154 0.9983598577824396 0.9989067151632245
0.6620296935106322 -0.0001920730337264 0.0001374628243020 0.0006471538511744 0.9983169638258902 0.9988781058962308
0.6705979172135292 -0.0001970722869362 0.0001374483567346 0.0006725898413298 0.9982731774087368 0.9988489004816264
0.6792325572730418 -0.0002021750829485 0.0001374335898319 0.0006988878961218 0.9982284851232806 0.9988190899205723
0.6879338281853212 -0.0002073830422870 0.0001374185189236 0.0007260727285185 0.9981828728399053 0.9987886647303760
0.6967018908714643 -0.0002126977703381 0.0001374031393841 0.0007541694615915 0.9981363265642372 0.9987576155161422
0.7055369163549925 -0.0002181208947238 0.0001373874465245 0.0007832038292181 0.9980888321099016 0.9987259327524222
0.7144390709391472 -0.0002236540564972 0.0001373714356176 0.0008132021399687 0.9980403751757261 0.9986936068346322
0.7234085241228753 -0.0002292989150496 0.0001373551018842 0.0008441913132671 0.9979909413028532 0.9986606280503628
0.7324454546184090 -0.0002350571521707 0.0001373384404811 0.0008761989129216 0.9979405158392822 0.9986269865556375
0.7415499800510237 -0.0002409304268631 0.0001373214466320 0.0009092529036084 0.9978890843356540 0.9985926726388835
0.7507223241741394 -0.0002469204828526 0.0001373041153167 0.0009433822638614 0.9978366316038820 0.9985576760927921
0.7599626296509702 -0.0002530290283881 0.0001372864416182 0.0009786163229301 0.9977831427698463 0.9985219869165531
0.7692710465019882 -0.0002592577926062 0.0001372684205604 0.0010149850841929 0.9977286027799025 0.9984855949865314
0.7786477691590549 -0.0002656085511398 0.0001372500470337 0.0010525193896190 0.9976729961767680 0.9984484899066184
0.7880929330332146 -0.0002720830566832 0.0001372313159959 0.0010912505234653 0.9976163077076130 0.9984106614138915
0.7976067368119767 -0.0002786831219863 0.0001372122222323 0.0011312107144544 0.9975585215974804 0.9983720988936823
0.8071893444003569 -0.0002854105532980 0.0001371927605480 0.0011724327523652 0.9974996221321618 0.9983327917684188
0.8168408638503930 -0.0002922671339410 0.0001371729258158 0.0012149498883301 0.9974395938020870 0.9982927295935823
0.8265614938259812 -0.0002992547279251 0.0001371527126762 0.0012587964854244 0.9973784203953063 0.9982519014522797
0.8363513530653051 -0.0003063751590812 0.0001371321158873 0.0013040072818357 0.9973160860557876 0.9982102966614264
0.8462106637192088 -0.0003136303434250 0.0001371111299417 0.0013506182364248 0.9972525741247663 0.9981679039983206
0.8561395504874707 -0.0003210221432592 0.0001370897494889 0.0013986656149197 0.9971878684181097 0.9981247125530991
0.8661382100456538 -0.0003285524913802 0.0001370679689758 0.0014481867965136 0.9971219521391328 0.9980807110029623
0.8762067843598732 -0.0003362232972033 0.0001370457829184 0.0014992196780885 0.9970548087004997 0.9980358881606710
0.8863454178297722 -0.0003440364887284 0.0001370231857802 0.0015518029548225 0.9969864213569840 0.9979902327293061
0.8965542828476879 -0.0003519940327400 0.0001370001719144 0.0016059762711874 0.9969167730288235 0.9979437331842048
0.9068334956140495 -0.0003600978693676 0.0001369767357525 0.0016617797885212 0.9968458468746229 0.9978963781553204
0.9171832316879501 -0.0003683500022847 0.0001369528715441 0.0017192548119732 0.9967736255020442 0.9978481559001217
0.9276036649404316 -0.0003767524519305 0.0001369285734918 0.0017784434899624 0.9967000913774046 0.9977990545769008
0.9380949478158154 -0.0003853072393211 0.0001369038357982 0.0018393887107673 0.9966252269675022 0.9977490623393478
0.9486572461911259 -0.0003940164140427 0.0001368786525852 0.0019021343114747 0.9965490144947944 0.9976981671729390
0.9592906766443381 -0.0004028820023370 0.0001368530180437 0.0019667247151493 0.9964714363918432 0.9976463571982847
0.9699954371036180 -0.0004119061156224 0.0001368269261204 0.0020332057312120 0.9963924743518604 0.9975936200369091
0.9807716504374888 -0.0004210908202893 0.0001368003708940 0.0021016236211081 0.9963121104682370 0.9975399435721276
0.9916195018876753 -0.0004304382533246 0.0001367733462410 0.0021720259615817 0.9962303262229838 0.9974853152733001
1.0025391001616943 -0.0004399505036390 0.0001367458461788 0.0022444607715311 0.9961471035252564 0.9974297228893376
1.0135306161975852 -0.0004496297313558 0.0001367178645212 0.0023189774215650 0.9960624236678219 0.9973731537515208
1.0245942152401559 -0.0004594781100326 0.0001366893950451 0.0023956262180743 0.9959762678328036 0.9973155951111302
1.0357300358156858 -0.0004694978074317 0.0001366604315463 0.0024744582633006 0.9958886172600718 0.9972570342517979
1.0469382552581363 -0.0004796910441956 0.0001366309676700 0.0025555259285141 0.9957994527341536 0.9971974581465445
1.0582190111965750 -0.0004900600232349 0.0001366009971149 0.0026388823125628 0.9957087552021339 0.9971368538704380
1.0695723979917442 -0.0005006069245175 0.0001365705136484 0.0027245811983230 0.9956165058193640 0.9970752086310317
1.0809986053589220 -0.0005113340337992 0.0001365395107344 0.0028126781120824 0.9955226848237145 0.9970125090159140
1.0924978026213754 -0.0005222436369915 0.0001365079818391 0.0029032294950549 0.9954272724597865 0.9969487416100590
1.1040700874125693 -0.0005333379697781 0.0001364759205760 0.0029962922855819 0.9953302494197025 0.9968838932902993
1.1157156458408135 -0.0005446193700293 0.0001364433202662 0.0030919252025366 0.9952315955103748 0.9968179503344098
1.1274346135603679 -0.0005560901456048 0.0001364101743201 0.0031901876593860 0.9951312908098786 0.9967508991937744
1.1392271487105441 -0.0005677526443587 0.0001363764760351 0.0032911403669906 0.9950293150554769 0.9966827260841534
1.1510933997512534 -0.0005796092230245 0.0001363422186859 0.0033948450851824 0.9949256479159597 0.9966134171675206
1.1630334653305767 -0.0005916622060463 0.0001363073956434 0.0035013642683134 0.9948202693517916 0.9965429587926873
1.1750475638937858 -0.0006039140568847 0.0001362719998797 0.0036107625951143 0.9947131581176502 0.9964713364938558
1.1871357727197864 -0.0006163671140715 0.0001362360247309 0.0037231046466416 0.9946042940703144 0.9963985365335346
1.1992982881293404 -0.0006290238560387 0.0001361994631320 0.0038384572819014 0.9944936558536470 0.9963245443543546
1.2115351935742287 -0.0006418866623957 0.0001361623083068 0.0039568875012021 0.9943812229857724 0.9962493459745871
1.2238466578854916 -0.0006549580195483 0.0001361245531736 0.0040784643295810 0.9942669740619050 0.9961729267860465
1.2362328298685890 -0.0006682404116562 0.0001360861906608 0.0042032578449231 0.9941508877078509 0.9960952721915075
1.2486938555633258 -0.0006817363383946 0.0001360472136552 0.0043313393540927 0.9940329424250216 0.9960163675008297
1.2612298694727233 -0.0006954483052002 0.0001360076150306 0.0044627813141523 0.9939131166759567 0.9959361979879444
1.2738409950518201 -0.0007093788232216 0.0001359673876479 0.0045976573424741 0.9937913888850181 0.9958547488911063
1.2865273935827639 -0.0007235304635290 0.0001359265241987 0.0047360427600587 0.9936677369650081 0.9957720050958914
1.2992892021072955 -0.0007379057889517 0.0001358850174020 0.0048780139520918 0.9935421389131258 0.9956879515336831
1.3121265466382350 -0.0007525073678810 0.0001358428599647 0.0050236485103931 0.9934145726906195 0.9956025731009311
1.3250395598549320 -0.0007673377941044 0.0001358000445245 0.0051730254449815 0.9932850160498099 0.9955158545431370
1.3380284241264824 -0.0007823997373235 0.0001357565635039 0.0053262257210970 0.9931534460931730 0.9954277801593967
1.3510932228991381 -0.0007976957711326 0.0001357124096069 0.0054833305299060 0.9930198407763484 0.9953383348082423
1.3642340874576386 -0.0008132285417950 0.0001356675753321 0.0056444230076973 0.9928841774340825 0.9952475029206972
1.3774511523914694 -0.0008290007175462 0.0001356220531191 0.0058095877471609 0.9927464332234959 0.9951552687966699
1.3907445976063870 -0.0008450150396462 0.0001355758352011 0.0059789113593605 0.9926065846786352 0.9950616163063379
1.4041145098261210 -0.0008612741557711 0.0001355289140861 0.0061524807324837 0.9924646091658115 0.9949665298644361
1.4175611032830222 -0.0008777808868772 0.0001354812817867 0.0063303858825425 0.9923204825535913 0.9948699928695551
1.4310844200519843 -0.0008945378615087 0.0001354329308756 0.0065127160533790 0.9921741824063346 0.9947719898427566
1.4446846202225447 -0.0009115478704578 0.0001353838534621 0.0066995635401429 0.9920256848877967 0.9946725043533753
1.4583618569055106 -0.0009288137151000 0.0001353340416301 0.0068910220926023 0.9918749660858978 0.9945715199059301
1.4721162404630612 -0.0009463381612259 0.0001352834875715 0.0070871864105875 0.9917220024160731 0.9944690202101217
1.4859478913582334 -0.0009641240048077 0.0001352321833961 0.0072881528808899 0.9915667700475161 0.9943649887961460
1.4998569612426647 -0.0009821741000838 0.0001351801210513 0.0074940199240163 0.9914092446585535 0.9942594088503597
1.5138435972707933 -0.0010004913144705 0.0001351272924520 0.0077048875129374 0.9912494018306671 0.9941522634789447
1.5279078799204997 -0.0010190784457612 0.0001350736897195 0.0079208562230056 0.9910872177713762 0.9940435361922256
1.5420499996072510 -0.0010379384547183 0.0001350193045109 0.0081420299439218 0.9909226672851059 0.9939332095440636
1.5562699943957472 -0.0010570741171564 0.0001349641290226 0.0083685118406345 0.9907557268093216 0.9938212671670115
1.5705680628849670 -0.0010764884414542 0.0001349081547866 0.0086004092719692 0.9905863707722885 0.9937076913299112
1.5849442866501515 -0.0010961842963563 0.0001348513737434 0.0088378294202443 0.9904145748407401 0.9935924651151626
1.5993988558366738 -0.0011161647170421 0.0001347937773605 0.0090808829643324 0.9902403132504287 0.9934755706281434
1.6139318073289302 -0.0011364325450280 0.0001347353576698 0.0093296797411081 0.9900635619474196 0.9933569911038630
1.6285433719116189 -0.0011569907412825 0.0001346761058970 0.0095843346340224 0.9898842943923809 0.9932367080920553
1.6429472541256016 -0.0011774333739629 0.0001346171903101 0.0098398366583883 0.9897060450456246 0.9931170929069721
1.6577155705381772 -0.0011985759920477 0.0001345562628769 0.0101064471718955 0.9895217101989531 0.9929933778978332
1.6725619486463348 -0.0012200167718705 0.0001344944819473 0.0103792468390533 0.9893347945168001 0.9928679140398776
1.6874874080939075 -0.0012417600400482 0.0001344318353033 0.0106583719077119 0.9891452610943524 0.9927406758509526
1.7024920251645408 -0.0012638087938276 0.0001343683145652 0.0109439435278418 0.9889530846413777 0.9926116456236941
1.7175759051075357 -0.0012861660887818 0.0001343039111928 0.0112360852152296 0.9887582393835295 0.9924808053055363
1.7327391802656718 -0.0013088350378093 0.0001342386164883 0.0115349228819496 0.9885606990718181 0.9923481365044835
1.7479819656035396 -0.0013318187455050 0.0001341724217856 0.0118405840033882 0.9883604375551808 0.9922136208731348
1.7633043765180565 -0.0013551203342196 0.0001341053183757 0.0121531979750529 0.9881574285539253 0.9920772399561401
1.7787065748858166 -0.0013787430149827 0.0001340372973021 0.0124728970975099 0.9879516450425373 0.9919389747750325
1.7941886597189882 -0.0014026899206660 0.0001339683498420 0.0127998143519818 0.9877430607037551 0.9917988068046696
1.8097506934924159 -0.0014269641430958 0.0001338984673993 0.0131340838781257 0.9875316496055203 0.9916567177560518
1.8253928493299534 -0.0014515689630952 0.0001338276408423 0.0134758441690455 0.9873173841981586 0.9915126882297205
1.8411152392757155 -0.0014765075842109 0.0001337558612710 0.0138252344487957 0.9871002376342695 0.9913666992743057
1.8569179349867471 -0.0015017831618873 0.0001336831199326 0.0141823950510625 0.9868801835149263 0.9912187322157993
1.8728011172165693 -0.0015273990428118 0.0001336094075335 0.0145474708264969 0.9866571938065870 0.9910687672563459
1.8887647918627146 -0.0015533583085143 0.0001335347155527 0.0149206046820668 0.9864312428150082 0.9909167861461091
1.9048091736309933 -0.0015796643952249 0.0001334590344580 0.0153019464536428 0.9862023017901433 0.9907627685543262
1.9209343237838494 -0.0016063205066099 0.0001333823553967 0.0156916445133031 0.9859703440386716 0.9906066955074223
1.9371403932498257 -0.0016333300101917 0.0001333046690545 0.0160898515063669 0.9857353414744162 0.9904485470680695
1.9534274263206839 -0.0016606961122141 0.0001332259665917 0.0164967196101058 0.9854972674482638 0.9902883042388577
1.9697955913470548 -0.0016884222426720 0.0001331462385354 0.0169124062411309 0.9852560933989573 0.9901259467077930
1.9862449311824979 -0.0017165116358902 0.0001330654759863 0.0173370678397291 0.9850117925026350 0.9899614553042083
2.0027756415189155 -0.0017449678028914 0.0001329836692608 0.0177708669889886 0.9847643355648870 0.9897948092326374
2.0193877510456169 -0.0017737939846817 0.0001329008094624 0.0182139641631342 0.9845136957763885 0.9896259892743722
2.0360814506761282 -0.0018029937187764 0.0001328168868544 0.0186665263841637 0.9842598437871444 0.9894549744697380
2.0528567475672213 -0.0018325702380216 0.0001327318925872 0.0191287179899330 0.9840027529343410 0.9892817456388928
2.0697138014349146 -0.0018625270577167 0.0001326458170113 0.0196007097385660 0.9837423941387863 0.9891062819432364
2.0866526860932595 -0.0018928675574430 0.0001325586508800 0.0200826723325476 0.9834787395410233 0.9889285633345466
2.1036736059111223 -0.0019235953672547 0.0001324703842391 0.0205747825527676 0.9832117591460310 0.9887485682929155
2.1207765063483746 -0.0019547136654855 0.0001323810084451 0.0210772120507113 0.9829414269253097 0.9885662779399700
2.1379615811833230 -0.0019862260940003 0.0001322905135360 0.0215901420221090 0.9826677128654929 0.9883816706775933
2.1552288984477914 -0.0020181360818677 0.0001321988901743 0.0221137523811162 0.9823905888454029 0.9881947261497018
2.1725785952547749 -0.0020504472005403 0.0001321061286272 0.0226482275308723 0.9821100255515791 0.9880054231615830
2.1900107758329277 -0.0020831629766501 0.0001320122193048 0.0231937533362192 0.9818259941052451 0.9878137407766011
2.2075254919446339 -0.0021162868523993 0.0001319171528736 0.0237505164378254 0.9815384664066513 0.9876196585483784
2.2251228620622729 -0.0021498224096549 0.0001318209196134 0.0243187080195132 0.9812474131905878 0.9874231552078168
2.2428029833431427 -0.0021837732050398 0.0001317235098917 0.0248985210870482 0.9809528054591581 0.9872242096293173
2.2605659553051178 -0.0022181428142871 0.0001316249140359 0.0254901512300710 0.9806546140977095 0.9870228005709309
2.2784118759524676 -0.0022529348247518 0.0001315251223557 0.0260937965171018 0.9803528099408495 0.9868189067182678
2.2963408355775714 -0.0022881528229974 0.0001314241251786 0.0267096572980606 0.9800473638811235 0.9866125067572871
2.3143529158967100 -0.0023238003924260 0.0001313219128573 0.0273379361742801 0.9797382468905161 0.9864035793882515
2.3324482251593595 -0.0023598811828184 0.0001312184755703 0.0279788392488390 0.9794254294185395 0.9861921029181936
2.3506268016585943 -0.0023963987176695 0.0001311138038750 0.0286325727227045 0.9791088830636753 0.9859780563902192
2.3688887903117779 -0.0024333567475507 0.0001310078876949 0.0292993492190435 0.9787885775111628 0.9857614175123884
2.3872342801581889 -0.0024707589254746 0.0001309007172502 0.0299793820295205 0.9784644833485846 0.9855421645605392
2.4056633371937202 -0.0025086088703033 0.0001307922828771 0.0306728862250372 0.9781365715168554 0.9853202760067875
2.4241760583348197 -0.0025469102769642 0.0001306825747115 0.0313800806870414 0.9778048123564150 0.9850957298734920
2.4427725268082043 -0.0025856668253802 0.0001305715829509 0.0321011864731629 0.9774691763975570 0.9848685042671946
2.4614528564824729 -0.0026248822727349 0.0001304592975904 0.0328364285558113 0.9771296335626086 0.9846385768377557
2.4802171234456472 -0.0026645603105084 0.0001303457088322 0.0335860331792226 0.9767861544052046 0.9844059256166444
2.4990653873902491 -0.0027047046072033 0.0001302308069640 0.0343502286416328 0.9764387097411069 0.9841705287666035
2.5179977478837552 -0.0027453189281217 0.0001301145820162 0.0351292475974108 0.9760872696128260 0.9839323638794089
2.5370142977926324 -0.0027864070373332 0.0001299970240429 0.0359233252383224 0.9757318041396926 0.9836914085507656
2.5561151150343027 -0.0028279726790452 0.0001298781231761 0.0367326989415774 0.9753722836801808 0.9834476404897032
2.5753002764436919 -0.0028700196068371 0.0001297578695418 0.0375576088439245 0.9750086785801810 0.9832010373472868
2.5945698531823580 -0.0029125515732962 0.0001296362532906 0.0383982976557671 0.9746409592639359 0.9829515767775433
2.6139239402312748 -0.0029555723952493 0.0001295132644109 0.0392550119771072 0.9742690956715123 0.9826992360549908
2.6333626285087974 -0.0029990858928836 0.0001293888929044 0.0401280011322015 0.9738930577867778 0.9824439924318277
2.6528859148523627 -0.0030430956856912 0.0001292631293689 0.0410175130456644 0.9735128174015731 0.9821858243351479
2.6724939457157721 -0.0030876057400464 0.0001291359634339 0.0419238052954188 0.9731283433856854 0.9819247081550130
2.6921867918252511 -0.0031326198640241 0.0001290073852053 0.0428471349856508 0.9727396060538683 0.9816606212079685
2.7119645428460819 -0.0031781419199439 0.0001288773846582 0.0437877630487300 0.9723465753307924 0.9813935404904440
2.7318272144409499 -0.0032241756096167 0.0001287459522504 0.0447459498128887 0.9719492226065054 0.9811234439389483
2.7517748928091614 -0.0032707248067630 0.0001286130779739 0.0457219618879976 0.9715475178678770 0.9808503084799630
2.7718077064202422 -0.0033177934958798 0.0001284787515301 0.0467160710135574 0.9711414302292317 0.9805741103886443
2.7919256181519314 -0.0033653852821265 0.0001283429637291 0.0477285436925893 0.9707309321619498 0.9802948281650964
2.8121287937146562 -0.0034135042583378 0.0001282057040157 0.0487596595576456 0.9703159920163673 0.9800124374469231
2.8324172517067070 -0.0034621541792925 0.0001280669628265 0.0498096938744746 0.9698965811463935 0.9797269158550018
2.8527910788073507 -0.0035113389709428 0.0001279267301372 0.0508789284024598 0.9694726695189778 0.9794382400054185
2.8732503240688323 -0.0035610624780361 0.0001277849961830 0.0519676459949151 0.9690442278919611 0.9791463869908659
2.8937950864030850 -0.0036113286756905 0.0001276417508561 0.0530761352305480 0.9686112259924669 0.9788513331391168
2.9144253742239963 -0.0036621413264878 0.0001274969846836 0.0542046828857396 0.9681736354727316 0.9785530560260891
2.9351412748306767 -0.0037135043942924 0.0001273506876484 0.0553535830682860 0.9677314263470109 0.9782515320471284
2.9559428674654047 -0.0037654218328794 0.0001272028497926 0.0565231326108437 0.9672845688147180 0.9779467376579722
2.9768302155208048 -0.0038178975655071 0.0001270534612759 0.0577136306106444 0.9668330334377968 0.9776386494950368
2.9911830522141400 -0.0038541562270092 0.0001269502627263 0.0585411055390988 0.9665211153109466 0.9774257633291573
3.0055358889074753 -0.0038905725721190 0.0001268466210779 0.0593762896205584 0.9662078609882077 0.9772119153454696
3.0226349297200787 -0.0039341676079020 0.0001267225712406 0.0603813810456332 0.9658329290432790 0.9769558964148741
3.0438046886754981 -0.0039884597882493 0.0001265681203427 0.0616410536625725 0.9653661209535381 0.9766370404592275
3.0650509917675119 -0.0040433022063293 0.0001264121466899 0.0629223986329863 0.9648947206087601 0.9763149348150271
3.0863833854792486 -0.0040987230607280 0.0001262545715200 0.0642262919907143 0.9644184902948644 0.9759894135210659
3.1078018514543264 -0.0041547261014925 0.0001260953856651 0.0655530474153019 0.9639374026469435 0.9756604542007516
3.1293064484335518 -0.0042113152840121 0.0001259345794076 0.0669029864237777 0.9634514286469822 0.9753280332749643
3.1508972249271170 -0.0042684945433382 0.0001257721431233 0.0682764331115937 0.9629605395657053 0.9749921272879861
3.1725742476545173 -0.0043262678692241 0.0001256080670682 0.0696737159687786 0.9624647063203963 0.9746527124671326
3.1943375663601978 -0.0043846392128621 0.0001254423416443 0.0710951656582896 0.9619639002777183 0.9743097652710999
3.2161872055719707 -0.0044436124629986 0.0001252749574683 0.0725411144080278 0.9614580934600917 0.9739632625308675
3.2381232015044841 -0.0045031915441971 0.0001251059050926 0.0740118984039133 0.9609472577045441 0.9736131808729100
3.2601456212961692 -0.0045633804704284 0.0001249351748545 0.0755078591674615 0.9604313642060834 0.9732594964047538
3.2822544962391831 -0.0046241831633739 0.0001247627573923 0.0770293390804439 0.9599103850777332 0.9729021857831590
3.3044498841379824 -0.0046856036223237 0.0001245886431640 0.0785766856125786 0.9593842918964102 0.9725412252163391
3.3267318109730835 -0.0047476457633779 0.0001244128229041 0.0801502473063769 0.9588530570829032 0.9721765914094905
3.3491002976577549 -0.0048103134917698 0.0001242352874190 0.0817503755698563 0.9583166532839777 0.9718082611404383
3.3715554152694001 -0.0048736108574517 0.0001240560271470 0.0833774286901971 0.9577750520434823 0.9714362103457452
3.3940972152798596 -0.0049375418608107 0.0001238750327099 0.0850317669243383 0.9572282254684004 0.9710604152631857
3.4167257074636406 -0.0050021103876201 0.0001236922950971 0.0867137507668059 0.9566761467865833 0.9706808528148854
3.4394408974945119 -0.0050673203135470 0.0001235078053710 0.0884237436101047 0.9561187894542987 0.9702974999937882
3.4622428961423304 -0.0051331758199789 0.0001233215537738 0.0901621201096088 0.9555561244606082 0.9699103320075683
3.4851316466208391 -0.0051996806084581 0.0001231335319509 0.0919292455178397 0.9549881270428047 0.9695193268976294
3.5081072261039141 -0.0052668387699113 0.0001229437304929 0.0937254985993563 0.9544147692615906 0.9691244604296785
3.5311696410858406 -0.0053346541926779 0.0001227521406105 0.0955512559919257 0.9538360250610046 0.9687257095747638
3.5543189437219596 -0.0054031309013581 0.0001225587531774 0.0974069012496406 0.9532518673776166 0.9683230505178139
3.5775551346156345 -0.0054722727705678 0.0001223635595403 0.0992928171391693 0.9526622705859036 0.9679164603415660
3.6008782462509239 -0.0055420837707463 0.0001221665508246 0.1012093922854041 0.9520672084035664 0.9675059155820442
3.6242883005772457 -0.0056125678427546 0.0001219677182900 0.1031570177885838 0.9514666549641565 0.9670913929667995
3.6477853491227887 -0.0056837290186622 0.0001217670529907 0.1051360905759414 0.9508605837908334 0.9666728687054400
3.6713693567685635 -0.0057555710691650 0.0001215645467699 0.1071470035907753 0.9502489708018104 0.9662503205642230
3.6950403696860961 -0.0058280980118278 0.0001213601908282 0.1091901599280243 0.9496317899844380 0.9658237248778542
3.7187984657924171 -0.0059013139650518 0.0001211539761365 0.1112659689105242 0.9490090146444664 0.9653930574091319
3.7426435378281071 -0.0059752224765069 0.0001209458953281 0.1133748269649917 0.9483806231195084 0.9649582973003380
3.7665756497077707 -0.0060498276205623 0.0001207359396086 0.1155171487224070 0.9477465894468388 0.9645194206190310
3.7905948369827138 -0.0061251333860612 0.0001205241004817 0.1176933497557447 0.9471068885758414 0.9640764039601762
3.8147011048149984 -0.0062011436672787 0.0001203103697750 0.1199038462445190 0.9464614964462369 0.9636292245005263
3.8388944038858543 -0.0062778621844828 0.0001200947398638 0.1221490525614999 0.9458103906634080 0.9631778604672243
3.8631747971741488 -0.0063552930122890 0.0001198772021868 0.1244293967258597 0.9451535460170980 0.9627222880304412
3.8875423025533609 -0.0064334400834398 0.0001196577486425 0.1267453059839080 0.9444909386981000 0.9622624842238757
3.9010980381179898 -0.0064770965353759 0.0001195351756688 0.1280455797971536 0.9441208555444350 0.9620055693809177
3.9146537736826188 -0.0065208846330289 0.0001194122531202 0.1293544077278263 0.9437497228023329 0.9617478519289813
3.9392285108737664 -0.0066006112558251 0.0001191885211571 0.1317490222742562 0.9430742401680944 0.9612786011922152
3.9638669052252702 -0.0066809896410208 0.0001189630620462 0.1341782741024388 0.9423935665458093 0.9608054954172680
3.9885924610833228 -0.0067620996887785 0.0001187356546760 0.1366448791978455 0.9417070350528299 0.9603280645688980
4.0134051276234617 -0.0068439450873026 0.0001185062919163 0.1391492748205764 0.9410146248745564 0.9598462872012735
4.0383048566071098 -0.0069265295276016 0.0001182749666948 0.1416919015117633 0.9403163153835994 0.9593601418876491
4.0632916868034865 -0.0070098569859295 0.0001180416712068 0.1442732118737286 0.9396120837568467 0.9588696055590121
4.0883655895852531 -0.0070939312124869 0.0001178063983495 0.1468936548577296 0.9389019093030209 0.9583746565153005
4.1135265816223834 -0.0071787561061609 0.0001175691406733 0.1495536873373093 0.9381857702983677 0.9578752722208532
4.1387746165412374 -0.0072643353503706 0.0001173298914017 0.1522537627270596 0.9374636470655436 0.9573714314497193
4.1641096985024690 -0.0073506727953318 0.0001170886433633 0.1549943429470078 0.9367355187494482 0.9568631120367164
4.1895317336603730 -0.0074377719523339 0.0001168453904061 0.1577758823834522 0.9360013675862617 0.9563502938564534
4.2150408095940346 -0.0075256369497476 0.0001166001247281 0.1605988583681653 0.9352611708478882 0.9558329531962270
4.2406369082235225 -0.0076142715528595 0.0001163528396171 0.1634637399981330 0.9345149091104662 0.9553110685285244
4.2663199526891793 -0.0077036793177581 0.0001161035290204 0.1663709928011797 0.9337625649551633 0.9547846196068411
4.2920899187476520 -0.0077938639767427 0.0001158521864703 0.1693210911743652 0.9330041197266693 0.9542535851980790
4.3179468697991119 -0.0078848295666711 0.0001155988047292 0.1723145227885605 0.9322395524629219 0.9537179423284061
4.3438906573913556 -0.0079765793750888 0.0001153433787268 0.1753517538938029 0.9314688487566409 0.9531776724906752
4.3699213589339889 -0.0080691174807372 0.0001150859012698 0.1784332800295833 0.9306919878118992 0.9526327525750889
4.3960388926134373 -0.0081624473947564 0.0001148263668275 0.1815595811488804 0.9299089538649450 0.9520831628722987
4.4222431834571765 -0.0082565726439732 0.0001145647699075 0.1847311407643730 0.9291197312846249 0.9515288836406670
4.4485342695762133 -0.0083514971560869 0.0001143011039876 0.1879484590504077 0.9283243013501695 0.9509698928399015
4.4749120698681306 -0.0084472244249719 0.0001140353638373 0.1912120246948130 0.9275226492537597 0.9504061710483570
4.5013765593898336 -0.0085437581409387 0.0001137675437668 0.1945223361353394 0.9267147588203621 0.9498376977536175
4.5279276968209254 -0.0086411019293417 0.0001134976383549 0.1978798927053236 0.9259006147027447 0.9492644528938460
4.5545654862081397 -0.0087392595771630 0.0001132256418224 0.2012852024433496 0.9250802004908858 0.9486864155255799
4.5812898111112439 -0.0088382344214652 0.0001129515497272 0.2047387608459714 0.9242535038271805 0.9481035674272090
4.5950735218518419 -0.0088894778225200 0.0001128097076861 0.2065346252732791 0.9238257053307386 0.9478018037988282
4.6054942021190790 -0.0089283064142359 0.0001127022603640 0.2078989403715756 0.9235016489138865 0.9475731495330270
4.6159148823863161 -0.0089671989106775 0.0001125946314206 0.2092689622012160 0.9231770471930721 0.9473440508660635
4.6286904762037464 -0.0090149821564524 0.0001124624312705 0.2109563877643168 0.9227783481368379 0.9470625736909526
4.6556829530948267 -0.0091163114162319 0.0001121822182962 0.2145499300326800 0.9219332907866354 0.9464656738810020
4.6827330720875082 -0.0092183628278065 0.0001119001888096 0.2181898435277693 0.9210827963040911 0.9458645232241722
4.7098696136777143 -0.0093212478876621 0.0001116160395703 0.2218804635269801 0.9202259512852281 0.9452584666229767
4.7370923481293943 -0.0094249694393902 0.0001113297679918 0.2256222854726222 0.9193627490685905 0.9446474891061885
4.7644013015994711 -0.0095295312887403 0.0001110413689289 0.2294158421856258 0.9184931752969250 0.9440315701214521
4.7917964035503591 -0.0096349368677451 0.0001107508383692 0.2332616559582188 0.9176172190480987 0.9434106914069156
4.8192775295256904 -0.0097411893915197 0.0001104581729989 0.2371602439234759 0.9167348715270481 0.9427848360700273
4.8468447114466686 -0.0098482926722901 0.0001101633679630 0.2411121479339786 0.9158461193114987 0.9421539837952965
4.8744977984194335 -0.0099562498067966 0.0001098664204811 0.2451178863212644 0.9149509552551215 0.9415181185784345
4.9022367772175128 -0.0100650644194031 0.0001095673264268 0.2491779996481793 0.9140493681741272 0.9408772214069130
4.9300615588328549 -0.0101747398318160 0.0001092660826138 0.2532930199977627 0.9131413497402734 0.9402312751531261
4.9579720669881597 -0.0102852794074508 0.0001089626858499 0.2574634836661119 0.9122268916284653 0.9395802625488159
4.9859681936114004 -0.0103966863751543 0.0001086571334222 0.2616899244779352 0.9113059869796646 0.9389241672260628
5.0140498564286160 -0.0105089640571502 0.0001083494224726 0.2659728823418753 0.9103786285195072 0.9382629723776736
5.0422169919594602 -0.0106221158434131 0.0001080395500708 0.2703129023384850 0.9094448087778576 0.9375966609111283
5.0704695063144758 -0.0107361449945482 0.0001077275137557 0.2747105271437217 0.9085045217210370 0.9369252166123561
5.0988073510222058 -0.0108510549472737 0.0001074133107007 0.2791663087446741 0.9075577602367325 0.9362486223499418
5.1272303546801137 -0.0109668486314551 0.0001070969395825 0.2836807818993883 0.9066045217652613 0.9355668640994932
5.1557384648419564 -0.0110835294509487 0.0001067783979006 0.2882545021246405 0.9056448002228803 0.9348799251715018
5.1843315886087957 -0.0112011006380874 0.0001064576837442 0.2928880206594895 0.9046785913263169 0.9341877900153847
5.1984365201256280 -0.0112592979763146 0.0001062990275876 0.2951908004572690 0.9042006328232486 0.9338452032028760
5.2069966677427990 -0.0112946816303119 0.0001062025967775 0.2965938468798277 0.9039101378688383 0.9336369182737659
5.2155568153599701 -0.0113301069757220 0.0001061060582060 0.2980010614598222 0.9036193215167263 0.9334283524773197
5.2242136119000318 -0.0113659741538307 0.0001060083203299 0.2994284075096093 0.9033248954849930 0.9332171464762620
5.2530486451035792 -0.0114858008604178 0.0001056819685368 0.3042136047057487 0.9023418313154041 0.9325115714520478
5.2819294301718642 -0.0116063660462788 0.0001053538788263 0.3090540533754741 0.9013535935612684 0.9318016992791696
5.3108948771619504 -0.0117278346018849 0.0001050236093106 0.3139567542030894 0.9003588526603634 0.9310865629470707
5.3399447416924115 -0.0118502090608090 0.0001046911605916 0.3189222432066653 0.8993576120196642 0.9303661516280453
5.3690788846384585 -0.0119734923848597 0.0001043565322337 0.3239510754911005 0.8983498719460055 0.9296404521214625
5.3982972003005525 -0.0120976876683351 0.0001040197235723 0.3290438135102611 0.8973356320816951 0.9289094505990046
5.4275995782038384 -0.0122227979780119 0.0001036807341506 0.3342010205575918 0.8963148927199638 0.9281731335503103
5.4569858966942357 -0.0123488263254532 0.0001033395637954 0.3394232595461287 0.8952876550350515 0.9274314879495273
5.4864560173817223 -0.0124757756422527 0.0001029962126859 0.3447110918738338 0.8942539212870726 0.9266845014045334
5.5160097983079828 -0.0126036488358466 0.0001026506812029 0.3500650796373525 0.8932136943705519 0.9259321618320918
5.5456470731165597 -0.0127324486987700 0.0001023029701758 0.3554857817328924 0.8921669785560483 0.9251744579953735
5.5753677878981174 -0.0128621785052879 0.0001019530792740 0.3609737789903107 0.8911137746496969 0.9244113759981752
5.6051717643564549 -0.0129928409819201 0.0001016010097876 0.3665296307642584 0.8900540883637117 0.9236429053449341
5.6350587889233843 -0.0131244386891558 0.0001012467635951 0.3721538906462690 0.8889879272082154 0.9228690366980972
5.6650287545181701 -0.0132569746466992 0.0001008903414823 0.3778471331603334 0.8879152954320680 0.9220897582053706
5.6950815498336569 -0.0133904518512440 0.0001005317444449 0.3836099333403477 0.8868361979445959 0.9213050583404213
5.7252169503639401 -0.0135248727893413 0.0001001709749971 0.3894428454622167 0.8857506442522184 0.9205149287701030
5.7417210867782478 -0.0135987349270749 0.0000999728936713 0.3926604200714139 0.8851546531611100 0.9200808173194928
5.7582252231925555 -0.0136727360934396 0.0000997744638186 0.3958943651931678 0.8845576276723808 0.9196457288017507
5.7802948748677165 -0.0137719601157114 0.0000995085724475 0.4002444839039649 0.8837576661311829 0.9190623967247074
5.8106779738931484 -0.0139090633578681 0.0000991415042794 0.4062813234084088 0.8826533772688174 0.9182564855834179
5.8411279675101389 -0.0140470512372948 0.0000987724540324 0.4123874622373311 0.8815432119204314 0.9174455078588922
5.8716597646590420 -0.0141859943190202 0.0000984012425168 0.4185664506677120 0.8804266330614055 0.9166290558440805
5.9022732325307690 -0.0143258954328616 0.0000980278721433 0.4248188649447333 0.8793036500458118 0.9158071202382297
5.9329681404331271 -0.0144667569555009 0.0000976523466897 0.4311452618413471 0.8781742763699748 0.9149796946243273
5.9637443102868328 -0.0146085814965562 0.0000972746694706 0.4375462091353420 0.8770385241658276 0.9141467714422261
5.9946015277199916 -0.0147513714918654 0.0000968948444230 0.4440222673106875 0.8758964074686598 0.9133083443823449
6.0255396272419803 -0.0148951295971042 0.0000965128750608 0.4505740072818475 0.8747479390716072 0.9124644060786683
6.0565583650719832 -0.0150398580984197 0.0000961287660428 0.4572019835134556 0.8735931352416048 0.9116149515734838
6.0876575476543859 -0.0151855595087830 0.0000957425215891 0.4639067610507411 0.8724320109571682 0.9107599748206447
6.1188369409235586 -0.0153322361456472 0.0000953541466037 0.4706888961245110 0.8712645832844392 0.9098994711691462
6.1500963211006292 -0.0154798903680416 0.0000949636460467 0.4775489469040189 0.8700908694892672 0.9090334359760268
6.1814354957366993 -0.0156285246781396 0.0000945710246681 0.4844874782217931 0.8689108862388166 0.9081618640158519
6.2128542317465625 -0.0157781413814652 0.0000941762879082 0.4915050456818137 0.8677246523066099 0.9072847514782860
6.2230325301241107 -0.0158267251579364 0.0000940481736602 0.4937916429746480 0.8673396710742108 0.9069998932505335
6.2332108285016590 -0.0158753625614882 0.0000939199444065 0.4960847138780745 0.8669543525325276 0.9067146873785819
6.2648000496857170 -0.0160267151978024 0.0000935212393553 0.5032427300837533 0.8657563488937078 0.9058273183291514
6.2964287739184162 -0.0161788658376883 0.0000931209312936 0.5104723545546213 0.8645536400735359 0.9049355052169560
6.3281362587317682 -0.0163320055756244 0.0000927185285893 0.5177830506258512 0.8633447513125710 0.9040381380582198
6.3599221552515735 -0.0164861361097637 0.0000923140390101 0.5251753444423353 0.8621297085169689 0.9031352177075076
6.3917862087037367 -0.0166412595858551 0.0000919074693211 0.5326497826461657 0.8609085346144782 0.9022267426821373
6.4237281408916704 -0.0167973780314456 0.0000914988267746 0.5402069053380697 0.8596812540284740 0.9013127124829348
6.4557477029087131 -0.0169544936134677 0.0000910881184361 0.5478472584136360 0.8584478906556504 0.9003931260907351
6.4878446451210747 -0.0171126084936043 0.0000906753515659 0.5555713865481363 0.8572084690116381 0.8994679828187712
6.5200186687391968 -0.0172717245889605 0.0000902605342439 0.5633798213291971 0.8559630161075291 0.8985372837173227
6.5522694632076375 -0.0174318437540329 0.0000898436748936 0.5712730898837319 0.8547115600193693 0.8976010305125454
6.5845967515847699 -0.0175929680069217 0.0000894247816943 0.5792517259420926 0.8534541281249302 0.8966592242887819
6.6170002425831571 -0.0177550992928986 0.0000890038631992 0.5873162581386990 0.8521907489587379 0.8957118668765066
6.6308301920083617 -0.0178244885774203 0.0000888238999975 0.5907787177091908 0.8516506333984910 0.8953065193847245
6.6446601414335662 -0.0178939919903483 0.0000886437506897 0.5942534453210057 0.8511099838145240 0.8949005688071002
6.6531642791480543 -0.0179367717934491 0.0000885328851305 0.5963961762650347 0.8507772704045572 0.8946506479367899
6.6616684168625424 -0.0179795858096949 0.0000884219507002 0.5985435517435603 0.8504443567730856 0.8944004998004244
6.6942950411602595 -0.0181442427311703 0.0000879957007124 0.6068252151470761 0.8491652697807467 0.8934386887820828
6.7269539056429943 -0.0183096946558392 0.0000875680164858 0.6151836832045271 0.8478820183926660 0.8924725992541935
6.7596877102693860 -0.0184761600490823 0.0000871383464041 0.6236303442889459 0.8465929502428428 0.8915009693380794
6.7924958944332943 -0.0186436394526747 0.0000867067035710 0.6321656469701058 0.8452981076948243 0.8905238106833648
6.8253781697924456 -0.0188121347881733 0.0000862730977128 0.6407901072128115 0.8439975230137093 0.8895411272326877
6.8583341868913745 -0.0189816476661501 0.0000858375395475 0.6495042226985305 0.8426912314747428 0.8885529250976225
6.8913635675325686 -0.0191521795485550 0.0000854000403633 0.6583084807745917 0.8413792700991926 0.8875592116139933
6.9244659549110938 -0.0193237320070841 0.0000849606113558 0.6672033716068627 0.8400616756654424 0.8865599938403722
6.9576409570128748 -0.0194963064311330 0.0000845192643771 0.6761893729529613 0.8387384869566551 0.8855552802643105
6.9908882028982129 -0.0196699043196712 0.0000840760111890 0.6852669651453106 0.8374097425197800 0.8845450791067235
7.0242072507075219 -0.0198445268011454 0.0000836308646884 0.6944366058373339 0.8360754843408533 0.8835294011200212
7.0400781629979496 -0.0199279334560734 0.0000834185017280 0.6988299256484970 0.8354390165493549 0.8830444472986223
7.0476108470622520 -0.0199675568918013 0.0000833176382168 0.7009208619674044 0.8351367292232108 0.8828140177108914
7.0551435311265545 -0.0200072047312677 0.0000832167288779 0.7030155142835970 0.8348343101064178 0.8825834211265222
7.0886299078149051 -0.0201838584149542 0.0000827675767910 0.7123722530624405 0.8334883312202677 0.8815562935675159
7.1221575983307002 -0.0203613839989430 0.0000823169613597 0.7218142369829709 0.8321381362450281 0.8805246159656334
7.1557555130867625 -0.0205399371450546 0.0000818645029184 0.7313500789683701 0.8307825908231794 0.8794875016835256
7.1894231247980667 -0.0207195185007096 0.0000814102164427 0.7409801939773657 0.8294217433296365 0.8784449660062180
7.2231600348532865 -0.0209001293984160 0.0000809541153614 0.7507050293488332 0.8280556375402537 0.8773970206390582
7.2569657685509501 -0.0210817707670770 0.0000804962143142 0.7605250064563958 0.8266843208932260 0.8763436800346204
7.2908398262623830 -0.0212644434018943 0.0000800365284644 0.7704405348284747 0.8253078424299954 0.8752849598268244
7.3247817092044283 -0.0214481481026142 0.0000795750731495 0.7804520194324849 0.8239262517479682 0.8742208760324630
7.3587909831844645 -0.0216328860214506 0.0000791118630099 0.7905598796339776 0.8225395963926900 0.8731514430419735
7.3928671095705960 -0.0218186577472459 0.0000786469142875 0.8007644990499696 0.8211479287387023 0.8720766789267156
7.4054778140748132 -0.0218875772282114 0.0000784746412874 0.8045604978280345 0.8206323366820889 0.8716781208584472
7.4124515968569442 -0.0219257132236209 0.0000783793275327 0.8066642373028597 0.8203470803064493 0.8714575277379466
7.4187868757261004 -0.0219603751539158 0.0000782927119080 0.8085781624333016 0.8200878606696913 0.8712570154124102
7.4530519468382401 -0.0221482484890815 0.0000778237618787 0.8189760534323651 0.8186845241600199 0.8701706100261973
7.4873107088279678 -0.0223367625830454 0.0000773540990699 0.8294500702157065 0.8172792549130059 0.8690811936577205
7.5216343519566635 -0.0225263105836741 0.0000768827595619 0.8400222612345798 0.8158691720701683 0.8679865150687864
7.5560223081428441 -0.0227168928993615 0.0000764097608480 0.8506929751733210 0.8144543318985873 0.8668865952388151
7.5904739375575376 -0.0229085095408210 0.0000759351215850 0.8614625322572917 0.8130347941777702 0.8657814578743578
7.6249886096350865 -0.0231011605679365 0.0000754588604793 0.8723312489643392 0.8116106188674648 0.8646711268300169
7.6595657921565889 -0.0232948465915334 0.0000749809950510 0.8832994664241328 0.8101818624124039 0.8635556232236702
7.6942048246175556 -0.0234895675078741 0.0000745015447602 0.8943674788136257 0.8087485870894635 0.8624349727315956
7.7289050447752512 -0.0236853232020362 0.0000740205292615 0.9055355726824157 0.8073108557881672 0.8613092015329237
7.7462062588818670 -0.0237831835139710 0.0000737804352007 0.9111340161216904 0.8065933108498984 0.8607467344346635
7.7635074729884828 -0.0238811532046321 0.0000735401745479 0.9167525217792515 0.8058753033321792 0.8601834937120731
7.7849582479949921 -0.0240028573679796 0.0000732420512519 0.9237464510770999 0.8049844544503599 0.8594840937566633
7.8198366032742364 -0.0242013071746172 0.0000727567567488 0.9351842873727810 0.8035344899546091 0.8583443718797776
7.8547534699316115 -0.0244006736399535 0.0000722702513488 0.9467165573444021 0.8020811424313524 0.8572002882559325
7.8897284659647573 -0.0246010718159978 0.0000717822734738 0.9583501408952022 0.8006236345598149 0.8560512092905830
7.9247608181399842 -0.0248025009318544 0.0000712928452289 0.9700852462940905 0.7991620367027299 0.8548971672740455
7.9598497836352315 -0.0250049603883969 0.0000708019884509 0.9819220835583207 0.7976964184473191 0.8537381939558744
7.9949945939866911 -0.0252084494371292 0.0000703097254867 0.9938608456423059 0.7962268509316829 0.8525743223864451
8.0301945519918352 -0.0254129677425186 0.0000698160778327 1.0059017413361622 0.7947534027804817 0.8514055837024849
8.0420424276130813 -0.0254819659941981 0.0000696497868109 1.0099733429956852 0.7942571119184302 0.8510115199624794
8.0538903032343274 -0.0255510448017965 0.0000694834285942 1.0140544079690423 0.7937606496547335 0.8506171148709042
8.0603251115171002 -0.0255885965888978 0.0000693930482993 1.0162748787850395 0.7934909402973577 0.8504027631707292
8.0660388109014995 -0.0256219454198962 0.0000693127815746 1.0182488556991574 0.7932514136745742 0.8502123484511691
8.0716400997383797 -0.0256546492052479 0.0000692340798706 1.0201861340265219 0.7930165614619928 0.8500256032311003
8.1070452124701369 -0.0258617816606038 0.0000687362773942 1.0324804196083308 0.7915312310151950 0.8488434567975458
8.1424160019356400 -0.0260694301844002 0.0000682383854999 1.0448472547232510 0.7900458984139370 0.8476594535665977
8.1778386214966776 -0.0262781016474200 0.0000677392058432 1.0573168664884562 0.7885569923211333 0.8464707303631857
8.2133120591195841 -0.0264877938363008 0.0000672387650696 1.0698893067720641 0.7870645968335954 0.8452773311941082
8.2488353502548915 -0.0266985048037547 0.0000667370892929 1.0825646331339775 0.7855687944785182 0.8440792989722584
8.2844076891944187 -0.0269102335381093 0.0000662342025114 1.0953429494732041 0.7840696614946397 0.8428766717218213
8.3200280852209882 -0.0271229779231584 0.0000657301314606 1.1082242831261941 0.7825672822988815 0.8416694941746813
8.3556956105927256 -0.0273367362087003 0.0000652249021069 1.1212086731630837 0.7810617390315828 0.8404578094061723
8.3615225191739952 -0.0273717120117662 0.0000651423200988 1.1233380793979535 0.7808156736366889 0.8402595845758198
8.3673494277552649 -0.0274066990472735 0.0000650597263508 1.1254697836179424 0.7805695781572868 0.8400612827270221
8.4030791467677695 -0.0276216614314337 0.0000645530009287 1.1385913240947569 0.7790599151956030 0.8388436478313822
8.4388538632508343 -0.0278376312387929 0.0000640451775751 1.1518159854582770 0.7775472781159631 0.8376216054650544
8.4746724271476044 -0.0280546053333163 0.0000635362857797 1.1651436881610782 0.7760317595908496 0.8363952078196450
8.5105337169868349 -0.0282725807310083 0.0000630263547355 1.1785743503757087 0.7745134514156955 0.8351645066142462
8.5464367277409963 -0.0284915551401966 0.0000625154120805 1.1921079215198933 0.7729924407641298 0.8339295500514202
8.5823802829326770 -0.0287115252093392 0.0000620034879876 1.2057442740587045 0.7714688223633255 0.8326903927010015
8.6183633576679899 -0.0289324884967359 0.0000614906105627 1.2194833251108728 0.7699426847930518 0.8314470843855264
8.6262322755501586 -0.0289809099154481 0.0000613784019454 1.2224995285055524 0.7696088353406904 0.8311748234860091
8.6341011934323273 -0.0290293673675568 0.0000612661755079 1.2255199291515737 0.7692749483035247 0.8309024305502867
8.6434711989763962 -0.0290870809794532 0.0000611325214366 1.2291219811341483 0.7688773195157398 0.8305779035859344
8.6519623021672665 -0.0291394213670569 0.0000610113830571 1.2323913026530930 0.7685169432862261 0.8302836559972135
8.6880520307022344 -0.0293623512137123 0.0000604962860262 1.2463414321130362 0.7669847762200369 0.8290313139755625
8.7241457534704363 -0.0295860639850717 0.0000599807824417 1.2603814207339212 0.7654517300646932 0.8277760955631578
8.7602744045055942 -0.0298107542308550 0.0000594644447373 1.2745234485915415 0.7639165378462637 0.8265169446233924
8.7964367107634800 -0.0300364178636843 0.0000589473049375 1.2887672712725622 0.7623792997928651 0.8252539218900875
8.8326313585500493 -0.0302630505131994 0.0000584293957114 1.3031126136506370 0.7608401180428649 0.8239870899995431
8.8688570530189779 -0.0304906478964109 0.0000579107495168 1.3175591931621686 0.7592990940965469 0.8227165114076385
8.8814943608261263 -0.0305702267425599 0.0000577297539680 1.3226198035838850 0.7587613949478162 0.8222726493152036
8.8941316686332748 -0.0306498996854233 0.0000575487251905 1.3276912404533687 0.7582236400988015 0.8218284673340707
8.8992859425093940 -0.0306824079194490 0.0000574748827167 1.3297627936011194 0.7580042947191716 0.8216472109039802
8.9044402163855132 -0.0307149242654969 0.0000574010357126 1.3318361476664828 0.7577849403948627 0.8214659014762880
8.9407465462010300 -0.0309444101728966 0.0000568807138372 1.3464917213260306 0.7562395863120711 0.8201872755256707
8.9770586843899380 -0.0311747105224332 0.0000563600582355 1.3612390061577750 0.7546936018163763 0.8189058424714805
9.0133965642336271 -0.0314059548439412 0.0000558387973826 1.3760862023136349 0.7531461854146119 0.8176209197656096
9.0497586609715288 -0.0316381372155133 0.0000553169672336 1.3910328573456312 0.7515974489088870 0.8163325802850394
9.0861436089875234 -0.0318712526879600 0.0000547946014832 1.4060785676597820 0.7500474973696862 0.8150408917358931
9.1225499422612284 -0.0321052956305558 0.0000542717352832 1.4212228721850244 0.7484964401678577 0.8137459258288625
9.1382949416278478 -0.0322067599711582 0.0000540455499669 1.4278002804615451 0.7478255909855042 0.8131851052309169
9.1457379231155915 -0.0322547581130556 0.0000539386182823 1.4309153984299749 0.7475084580956172 0.8129198320630111
9.1531809046033352 -0.0323027750721135 0.0000538316811331 1.4340342673333142 0.7471913199875114 0.8126544552262193
9.1896266675853049 -0.0325383766779015 0.0000533079475483 1.4493604589459450 0.7456383434521825 0.8113535047335251
9.2260872091458683 -0.0327748713771907 0.0000527838483775 1.4647828277052222 0.7440846745261656 0.8100495686253467
9.2625631890525284 -0.0330122670576414 0.0000522593882356 1.4803017378264300 0.7425303318908664 0.8087426445291752
9.2990530270646143 -0.0332505570962027 0.0000517346039072 1.4959165966346268 0.7409754295914519 0.8074328103906939
9.3355550925519495 -0.0334897344838503 0.0000512095328803 1.5116267720364551 0.7394200837158876 0.8061201463937788
9.3720676421488474 -0.0337297914088397 0.0000506842142367 1.5274315648532177 0.7378644150275531 0.8048047372133806
9.3777500247922863 -0.0337672053369665 0.0000506024542131 1.5298993379913977 0.7376223228746639 0.8045998110087484
9.3828900495020928 -0.0338010598078734 0.0000505284967571 1.5321334525378143 0.7374033408978452 0.8044143952312225
9.4192991550293659 -0.0340413276930595 0.0000500045804310 1.5480097875364658 0.7358523040499259 0.8030996890920229
9.4558316351062039 -0.0342832247536435 0.0000494788239732 1.5640299014951864 0.7342962395087441 0.8017782149724869
9.4923689830449653 -0.0345259737108319 0.0000489529463965 1.5801422618209844 0.7327402419061338 0.8004542714507908
9.5289094078685999 -0.0347695661281748 0.0000484269872691 1.5963460666686855 0.7311844332075041 0.7991279467264021
9.5654512507455074 -0.0350139943761878 0.0000479009841913 1.6126405537161217 0.7296289294971690 0.7977993245911253
9.5777724738125798 -0.0350965978769596 0.0000477236229263 1.6181550424930873 0.7291045331720044 0.7973508360431104
9.5900936968796522 -0.0351792958434481 0.0000475462610589 1.6236797628384176 0.7285801852512906 0.7969020957857081
9.5965438608224840 -0.0352226079313622 0.0000474534141038 1.6265760350874368 0.7283057084832908 0.7966670800507302
9.6026082228178051 -0.0352633433692844 0.0000473661217458 1.6293016301176451 0.7280476614482274 0.7964460586451774
9.6391814603596764 -0.0355094983499200 0.0000468396793241 1.6457917977627958 0.7264916922093119 0.7951118322591518
9.6757183465341043 -0.0357562433852729 0.0000463137774321 1.6623555086810571 0.7249377692004662 0.7937767562970496
9.7122492132358822 -0.0360037854605752 0.0000457879928495 1.6790063065418448 0.7233846460151643 0.7924397499556087
9.7487719978399952 -0.0362521137908952 0.0000452623685500 1.6957431468458919 0.7218324542543069 0.7911009136428423
9.7852848395196013 -0.0365012188600327 0.0000447369444929 1.7125650564107231 0.7202813165309730 0.7897603407369019
9.7936670373457755 -0.0365585250854800 0.0000446163331296 1.7164394785380763 0.7199253178919652 0.7894522934160636
9.7988468246351559 -0.0365939598867669 0.0000445418031408 1.7188360406447669 0.7197053462040692 0.7892618806712741
9.8040266119245363 -0.0366293919514305 0.0000444672769913 1.7212344046653036 0.7194853880202421 0.7890714262872168
9.8094370170620859 -0.0366664167415987 0.0000443894347477 1.7237414740643411 0.7192556516147034 0.7888724479638565
9.8459922149155830 -0.0369170621477739 0.0000438635440200 1.7407318883152365 0.7177038575444539 0.7875268753281907
9.8824711592076522 -0.0371680364867411 0.0000433388419746 1.7577762495737923 0.7161560457209241 0.7861820715589183
9.9189329471727117 -0.0374197471240116 0.0000428144910823 1.7749017672593024 0.7146097487458172 0.7848358891197230
9.9553755362244196 -0.0376721828073891 0.0000422905333089 1.7921072873068851 0.7130650947225500 0.7834884295854959
9.9917968183127677 -0.0379253317111744 0.0000417670114095 1.8093916032705790 0.7115222139762585 0.7821397972572607
9.9949870461835850 -0.0379475467658848 0.0000417211614493 1.8109098072054448 0.7113871121663520 0.7820215747015696
9.9981772740544024 -0.0379697566309198 0.0000416753139861 1.8124286921424257 0.7112520171321848 0.7819033372955947
10.0020497410894453 -0.0379967224818481 0.0000416196637038 1.8142733098386679 0.7110880410596623 0.7817597945495455
10.0381881131925379 -0.0382488429379753 0.0000411004092112 1.8315358824953931 0.7095583042338190 0.7804191855123539
10.0745555921616301 -0.0385034248347354 0.0000405780196234 1.8489960355398813 0.7080198273957401 0.7790681798402180
10.1108949577648684 -0.0387586791686415 0.0000400562032539 1.8665309408141144 0.7064835410656842 0.7777163398042173
10.1472040627056330 -0.0390145932960751 0.0000395350026923 1.8841392811142839 0.7049495745947464 0.7763637723432415
10.1587229090419093 -0.0390959634611995 0.0000393696947433 1.8897437975879774 0.7044631568129636 0.7759342949910458
10.1702417553781856 -0.0391774219996640 0.0000392044066295 1.8953571614475631 0.7039768491066876 0.7755046341832963
10.1770877006302953 -0.0392258768248604 0.0000391061812264 1.8986975180212939 0.7036878766681628 0.7752491891421843
10.1806464450365119 -0.0392510775772235 0.0000390551233233 1.9004351777501169 0.7035376750505312 0.7751163750749742
10.1842051894427286 -0.0392762730645698 0.0000390040690172 1.9021736815473953 0.7033874838735528 0.7749835436216439
10.1885765957244487 -0.0393072315850411 0.0000389413590848 1.9043103388209643 0.7032030102818184 0.7748203554889987
10.2251057889736554 -0.0395664326076001 0.0000384174493443 1.9222148557210885 0.7016621207927289 0.7734556716798701
10.2613082304884102 -0.0398241986619101 0.0000378984443352 1.9400468725455797 0.7001361787316519 0.7721014139529351
10.2974715697595141 -0.0400825693326682 0.0000373802286520 1.9579466753653560 0.6986130816258399 0.7707468709018274
10.3335936039901526 -0.0403415308516628 0.0000368628446376 1.9759128094728307 0.6970929574324111 0.7693921526642372
10.3462456931597835 -0.0404324449146225 0.0000366816847096 1.9822261147232336 0.6965608180194590 0.7689172465762303
10.3551556492118060 -0.0404965348184929 0.0000365541255559 1.9866784987783912 0.6961861650235165 0.7685826797661930
10.3598278130328456 -0.0405301509868438 0.0000364872444301 1.9890153265432933 0.6959897372783598 0.7684072000432979
10.3644999768538852 -0.0405637748177901 0.0000364203685121 1.9913536030401939 0.6957933310919708 0.7682316921287677
10.4003992485623069 -0.0408226277342219 0.0000359066646609 2.0093684145895576 0.6942849482272690 0.7668822152138776
10.4363939114149886 -0.0410830589880520 0.0000353918653968 2.0275168805870436 0.6927738874988411 0.7655275053798346
10.4723390274443400 -0.0413440267888338 0.0000348780551806 2.0457260097883636 0.6912662736266415 0.7641730355773596
10.5082322517213829 -0.0416055155758752 0.0000343652772553 2.0639941735700003 0.6897622365027447 0.7628189220479344
10.5191774659121435 -0.0416854327870507 0.0000342089711104 2.0695817855595133 0.6893038822453773 0.7624056864099575
10.5229263545795089 -0.0417128248677163 0.0000341554405663 2.0714974413674678 0.6891469204084218 0.7622641138249369
10.5266752432468742 -0.0417402134251571 0.0000341019149694 2.0734140260473670 0.6889899740935709 0.7621225241243392
10.5308308774555925 -0.0417705824105147 0.0000340425862039 2.0755396410238602 0.6888160179517395 0.7619655522937101
10.5666528523743981 -0.0420328693759471 0.0000335313392173 2.0939099523692324 0.6873173153909489 0.7606115731929556
10.6024015132909160 -0.0422955226256834 0.0000330214547101 2.1123271190171651 0.6858231643427208 0.7592588315384017
10.6380902459022657 -0.0425586409473508 0.0000325127504161 2.1307974844955107 0.6843330329188341 0.7579068497339174
10.6737169624938790 -0.0428222098596523 0.0000320052647071 2.1493194564295894 0.6828470359857955 0.7565557347525068
10.6781588045118738 -0.0428551347844011 0.0000319420167166 2.1516345847222480 0.6826618759170533 0.7563871785622918
10.6814312994011527 -0.0428794010663368 0.0000318954226558 2.1533410694687611 0.6825254763211679 0.7562629815032451
10.6847037942904315 -0.0429036618222521 0.0000318488331247 2.1550482589833213 0.6823890897952101 0.7561387721474681
10.6902333420748459 -0.0429446722806695 0.0000317701173387 2.1579345053125167 0.6821586673907658 0.7559288671874461
10.7256986706556798 -0.0432082286826462 0.0000312654527728 2.1764940826281141 0.6806817061801427 0.7545817529368223
10.7611656356615093 -0.0434727083087949 0.0000307611207514 2.1951371937974051 0.6792062907239665 0.7532331560821365
10.7965630221446212 -0.0437375832340602 0.0000302581427021 2.2138260846514171 0.6777354128918459 0.7518858080526397
10.8114949190273659 -0.0438495923346041 0.0000300460799596 2.2217343868459056 0.6771154439236472 0.7513170341636004
10.8264268159101107 -0.0439617654228644 0.0000298340844768 2.2296573079437203 0.6764957755814512 0.7507480168498332
10.8303445161578864 -0.0439912236274226 0.0000297784741883 2.2317384747213986 0.6763332425310108 0.7505986829417074
10.8342622164056621 -0.0440206813972876 0.0000297228700260 2.2338206472944058 0.6761707301059303 0.7504493323982981
10.8380498281954072 -0.0440491677785076 0.0000296691171764 2.2358346368225543 0.6760136337717424 0.7503049252853101
10.8730410659675840 -0.0443128360983490 0.0000291727401891 2.2544849893975925 0.6745632577359448 0.7489701130799290
10.9082057841365021 -0.0445787275613748 0.0000286742905587 2.2733085389161243 0.6731074099809816 0.7476273681131627
10.9432920618290517 -0.0448449469865993 0.0000281773499437 2.2921706766507048 0.6716565593425944 0.7462863230817846
10.9544479877254766 -0.0449297870548041 0.0000280194288152 2.2981848750388041 0.6711956226526572 0.7458596603954272
10.9656039136219015 -0.0450147209436405 0.0000278615490024 2.3042071991598831 0.6707348668942194 0.7454328693680766
10.9721862210680285 -0.0450648783963074 0.0000277684150068 2.3077643488859665 0.6704630934289781 0.7451809907946307
10.9762658134082169 -0.0450959705874667 0.0000277107009137 2.3099704236812517 0.6702946848787784 0.7450248588420614
10.9801888217896302 -0.0451258762047932 0.0000276552079173 2.3120928485514121 0.6701327631607190 0.7448747035305374
11.0149809445455400 -0.0453916115590474 0.0000271632837806 2.3309599975995532 0.6686977185461611 0.7435423310020897
11.0498163531927904 -0.0456586008107819 0.0000266711653159 2.3499296558838676 0.6672627040777487 0.7422070802402263
11.0845646235156181 -0.0459258487614590 0.0000261807028396 2.3689305676123409 0.6658331194487935 0.7408739704517072
11.0961230846388794 -0.0460149507308199 0.0000260176538202 2.3752683273176816 0.6653580033554433 0.7404302702264656
11.1076815457621407 -0.0461041560115368 0.0000258546530186 2.3816147719820830 0.6648830950632442 0.7399864400875821
11.1148348320664816 -0.0461593901226479 0.0000257538026456 2.3855468012230658 0.6645892883282536 0.7397116982165173
11.1213944665164188 -0.0462100727721134 0.0000256613385485 2.3891554331224225 0.6643199350874643 0.7394597137694073
11.1558825155962271 -0.0464770929969562 0.0000251754579858 2.4081742042796122 0.6629048964951725 0.7381341971735759
11.1903528483403960 -0.0467449045447588 0.0000246902700140 2.4272603238545312 0.6614924827098928 0.7368082341858583
11.2247274678577948 -0.0470129031739711 0.0000242068783211 2.4463701414058145 0.6600859089096438 0.7354848474487911
11.2311759448558206 -0.0470632821932745 0.0000241162474734 2.4499635555869421 0.6598222595946067 0.7352364662375669
11.2350784144802525 -0.0470937864278462 0.0000240614075963 2.4521395144424178 0.6596627384117052 0.7350861331151334
11.2389808841046843 -0.0471242927387951 0.0000240065748694 2.4543164589919702 0.6595032421310886 0.7349357860401889
11.2427043798076500 -0.0471534067985300 0.0000239542629356 2.4563944839551994 0.6593510839920809 0.7347923211447246
11.2768668907167342 -0.0474210385931231 0.0000234745622389 2.4755019106733673 0.6579561326820295 0.7334754637536018
11.3109929760161059 -0.0476893162629800 0.0000229958346389 2.4946642797327048 0.6565646265505085 0.7321589619373365
11.3450161626528203 -0.0479577179812616 0.0000225190173305 2.5138437221684731 0.6551792911717467 0.7308454024541763
11.3517528556363700 -0.0480109733779296 0.0000224246620021 2.5176501665370745 0.6549052268374097 0.7305851934638259
11.3553985648872953 -0.0480398090592930 0.0000223736073076 2.5197113278081460 0.6547569436614001 0.7304443591910029
11.3574865152023836 -0.0480563285308070 0.0000223443700067 2.5208921705468001 0.6546720301219764 0.7303636961716766
11.3595744655174720 -0.0480728447754812 0.0000223151353400 2.5220732943357986 0.6545871239679967 0.7302830293694624
11.3625832055723972 -0.0480966497151707 0.0000222730114430 2.5237757900375248 0.6544647873297360 0.7301667817168401
11.3926706061216496 -0.0483351042677506 0.0000218519785688 2.5408328300470404 0.6532422891971142 0.7290038757162187
11.4264333980243613 -0.0486035689298762 0.0000213799641392 2.5600429154185660 0.6518723499780911 0.7276979922082486
11.4600930576727364 -0.0488721474633861 0.0000209098726898 2.5792673083035846 0.6505086157924513 0.7263951435442421
11.4669459042349011 -0.0489269428200492 0.0000208142251922 2.5831901675643270 0.6502312194976225 0.7261297782586390
11.4708783371972345 -0.0489584041503718 0.0000207593480400 2.5854426207847587 0.6500720769054270 0.7259774837167802
11.4748107701595679 -0.0489898716055116 0.0000207044784082 2.5876960672214424 0.6499129621221669 0.7258251764409569
11.4785962112925457 -0.0490201680493412 0.0000206516669515 2.5898662193709274 0.6497598212304275 0.7256785502984605
11.5122335120992823 -0.0492899054010173 0.0000201826600639 2.6091905183683197 0.6484001625098965 0.7243751210162771
11.5456059185713631 -0.0495584544539312 0.0000197178379403 2.6284343546458464 0.6470532643178615 0.7230810527347608
11.5788612270112221 -0.0498269951167702 0.0000192551401672 2.6476816456418897 0.6457131505807010 0.7217906442409338
11.5820516379764378 -0.0498528073271108 0.0000192107765093 2.6495318928138536 0.6455846931298530 0.7216668007546488
11.5852420489416534 -0.0498786177936745 0.0000191664187494 2.6513827913123920 0.6454562545448862 0.7215429493145210
11.5897939039937619 -0.0499154565795074 0.0000191031402653 2.6540246511373944 0.6452730405238943 0.7213662329966390
11.6226751649953144 -0.0501820933163346 0.0000186463149061 2.6731480263995433 0.6439507206302710 0.7200892092176618
11.6556532049325767 -0.0504504445159335 0.0000181886430681 2.6923970810943043 0.6426265794618123 0.7188075946081627
11.6655210701198033 -0.0505309239635867 0.0000180517939318 2.6981703831175525 0.6422307693564587 0.7184239430702744
11.6753889353070299 -0.0506114875509204 0.0000179149901697 2.7039498984859915 0.6418351475688580 0.7180402184931385
11.6813245555132710 -0.0506599879619960 0.0000178327232530 2.7074293270004555 0.6415972680411804 0.7178093692698174
11.6850242047034083 -0.0506902335329206 0.0000177814549516 2.7095991780927964 0.6414490332876087 0.7176654685709135
11.6887238538935456 -0.0507204816558839 0.0000177301942444 2.7117699019797397 0.6413008249122304 0.7175215577028874
11.6923225496100578 -0.0507499129613677 0.0000176803388277 2.7138822299414418 0.6411566862454229 0.7173815640297818
11.7257525207909499 -0.0510238527059006 0.0000172175006747 2.7335440782753047 0.6398189254062689 0.7160806410128321
11.7583413338149576 -0.0512918404600050 0.0000167668203396 2.7527797002741452 0.6385169450173939 0.7148116680280024
11.7684300590717701 -0.0513749924651706 0.0000166274037364 2.7587482904533243 0.6381143103517208 0.7144186692519343
11.7785187843285826 -0.0514582343368079 0.0000164880362958 2.7647233524435375 0.6377118789794933 0.7140255979643416
11.7834754510208253 -0.0514991646786484 0.0000164195820843 2.7676613156315333 0.6375142360836644 0.7138324526317561
11.7884321177130680 -0.0515401035543592 0.0000163511414664 2.7706008401987967 0.6373166421094494 0.7136392899260876
11.7930393374097076 -0.0515781733514315 0.0000162875369522 2.7733345270106384 0.6371330227801577 0.7134597297188128
11.8253218040199535 -0.0518454549468239 0.0000158421553957 2.7925270968167264 0.6358476161833623 0.7122011466590853
11.8575079043910083 -0.0521128654930071 0.0000153986139317 2.8117282151205449 0.6345681541855788 0.7109456023497011
11.8687590731950792 -0.0522065626785486 0.0000152436881255 2.8184557684650478 0.6341213978002445 0.7105065397315041
11.8741057518677540 -0.0522511286167211 0.0000151700878153 2.8216555873456381 0.6339091855212067 0.7102978623168388
11.8768907483095951 -0.0522743525013676 0.0000151317562907 2.8233230374484068 0.6337986709870599 0.7101891580630633
11.8796757447514363 -0.0522975770569992 0.0000150934294481 2.8249909788899732 0.6336881722687919 0.7100804485836107
11.8826356801393551 -0.0523222657877317 0.0000150526996677 2.8267642302603675 0.6335707500756805 0.7099649048178897
11.9122350340185434 -0.0525695896192543 0.0000146456440240 2.8445272537440025 0.6323975258963094 0.7088091447922212
11.9440456963453521 -0.0528362796771504 0.0000142086721936 2.8636791147361937 0.6311386874331686 0.7075663943205515
11.9545520731582577 -0.0529245651325645 0.0000140644630905 2.8700186149912801 0.6307233864942864 0.7071557954929719
11.9650584499711634 -0.0530129520297732 0.0000139203105375 2.8763650890590391 0.6303083182471908 0.7067451253026855
11.9688744148303456 -0.0530450716436680 0.0000138679687189 2.8786718838683720 0.6301576210353401 0.7065959503930854
11.9723738820304018 -0.0530745361037796 0.0000138199751079 2.8807881604686769 0.6300194497075956 0.7064591398911108
12.0045480096507919 -0.0533459628300894 0.0000133790178344 2.9002814455791333 0.6287503200742810 0.7052009372549796
12.0359544642187526 -0.0536118406168296 0.0000129491007121 2.9193725910091683 0.6275136048830583 0.7039721266000581
12.0418443129624801 -0.0536618048962191 0.0000128685331344 2.9229597944193029 0.6272819120858748 0.7037416117863532
12.0477341617062077 -0.0537118016750545 0.0000127879837815 2.9265491828507653 0.6270502941578375 0.7035110755837352
12.0539006679278078 -0.0537641709989384 0.0000127036718022 2.9303095126287597 0.6268078767281795 0.7032696878069182
12.0597377757307669 -0.0538137693998736 0.0000126238828210 2.9338711812551037 0.6265784842376880 0.7030411728486564
12.0907283360206268 -0.0540776362836621 0.0000122005665564 2.9528168174298322 0.6253618260915340 0.7018275868513073
12.1217269705288686 -0.0543424816016457 0.0000117776515626 2.9718278035346084 0.6241469508241574 0.7006131078360757
12.1279597015834373 -0.0543958430858668 0.0000116926804462 2.9756575315954947 0.6239029373790680 0.7003688502239589
12.1326228225235528 -0.0544357827638781 0.0000116291225610 2.9785244014246257 0.6237204304969474 0.7001860899106440
12.1372859434636684 -0.0544757383653996 0.0000115655770022 2.9813926365515631 0.6235379714995456 0.7000033168402976
12.1676719539394078 -0.0547366089685199 0.0000111517866537 3.0001161612052516 0.6223502051539422 0.6988120137898769
12.1982905228917637 -0.0550003758668046 0.0000107353368469 3.0190415537518884 0.6211554294323699 0.6976110562458655
12.2052882802799676 -0.0550607861675607 0.0000106402307750 3.0233751273469092 0.6208826629362620 0.6973365073093499
12.2118654283116204 -0.0551175916972085 0.0000105508678541 3.0274510217292998 0.6206263913114295 0.6970784353775112
12.2422054204077515 -0.0553801780567698 0.0000101389503462 3.0462879361838664 0.6194454893701750 0.6958876523687225
12.2724408760799975 -0.0556427569994671 0.0000097289590777 3.0651172275213034 0.6182707340460205 0.6947004678744267
12.2753839630803441 -0.0556683642367493 0.0000096890781350 3.0669531022407388 0.6181564959597919 0.6945848820537911
12.2783270500806907 -0.0556939763221132 0.0000096492025015 3.0687895181123599 0.6180422775713660 0.6944692915566368
12.2815545159005737 -0.0557220690171293 0.0000096054799200 3.0708040016094516 0.6179170453773759 0.6943425266377808
12.3102866817285097 -0.0559726159817239 0.0000092165014821 3.0887663935549856 0.6168032327636043 0.6932137697123448
12.3401507354247002 -0.0562339040833191 0.0000088126918388 3.1074910009160543 0.6156475594036372 0.6920400832079053
12.3431944588552724 -0.0562605844842506 0.0000087715641621 3.1094025225686992 0.6155298900031375 0.6919204357422672
12.3462381822858447 -0.0562872705428666 0.0000087304422054 3.1113146216496976 0.6154122420124103 0.6918007834724473
12.3494845954316492 -0.0563157400360930 0.0000086865881224 3.1133546888602597 0.6152867831377712 0.6916731579479570
12.3791652849241771 -0.0565765172704047 0.0000082859253494 3.1320366687161219 0.6141409003728270 0.6905060762606731
12.4086478859879321 -0.0568364362253289 0.0000078884351251 3.1506482570512122 0.6130047073694432 0.6893463409251811
12.4180016268218019 -0.0569190631151437 0.0000077624331453 3.1565643247132087 0.6126446621135692 0.6889783088046854
12.4265611392251927 -0.0569947515024409 0.0000076471743312 3.1619828236367082 0.6123153693932623 0.6886414883559840
12.4556785054916173 -0.0572527867721231 0.0000072554093495 3.1804493126577147 0.6111964959003063 0.6874954382363543
12.4684001082756115 -0.0573657981237815 0.0000070843986966 3.1885339906424286 0.6107082843336553 0.6869945907532511
12.4728715165147683 -0.0574055529983277 0.0000070243148031 3.1913779911751314 0.6105367785217148 0.6868185336246215
12.4772404822704885 -0.0574444135203151 0.0000069656191825 3.1941580323150665 0.6103692480410017 0.6866465008061707
12.5061708402341356 -0.0577022391079123 0.0000065772310231 3.2125967455401150 0.6092610510643792 0.6855071071607858
12.5155307475904234 -0.0577858405161535 0.0000064516799909 3.2185733747999388 0.6089029441192770 0.6851383919904610
12.5248906549467112 -0.0578695334537772 0.0000063261805152 3.2245554319996286 0.6085450484279799 0.6847696359612109
12.5278950039979780 -0.0578964165592404 0.0000062859085786 3.2264767070073535 0.6084302156907214 0.6846512637934988
12.5307933782620005 -0.0579223544273833 0.0000062470629986 3.2283307411233975 0.6083194540332131 0.6845370631014090
12.5582308317705493 -0.0581683323166763 0.0000058795774584 3.2459077147516995 0.6072719373360609 0.6834557911519884
12.5678803949871920 -0.0582550296125218 0.0000057504414059 3.2521004875488853 0.6069039676669202 0.6830754337049345
12.5775299582038347 -0.0583418254156944 0.0000056213607252 3.2582990190304399 0.6065362249512737 0.6826950342511745
12.5813514081451974 -0.0583762258413978 0.0000055702571235 3.2607553721286768 0.6063906531769865 0.6825443757273754
12.5851728580865601 -0.0584106365805047 0.0000055191629002 3.2632126279676732 0.6062451169308706 0.6823937106725158
12.5886898967806378 -0.0584423176543368 0.0000054721467616 3.2654749399499710 0.6061112053827573 0.6822550416191697
12.6170908394612233 -0.0586986328097365 0.0000050927510554 3.2837716627618541 0.6050309482005358 0.6811350545171702
12.6272586107827411 -0.0587906053349579 0.0000049570418424 3.2903341488075766 0.6046446892859434 0.6807340038659674
12.6323966796432270 -0.0588371238958073 0.0000048884876967 3.2936527897930645 0.6044495984408613 0.6805313242874126
12.6375347485037128 -0.0588836649482615 0.0000048199502073 3.2969730598706923 0.6042545725897223 0.6803286332867736
12.6432325155293910 -0.0589353046461938 0.0000047439659856 3.3006569169455466 0.6040383784068537 0.6801038495084148
