0.0001118680410000 -0.0000000000100856 0.0000179142670311 0.0000000000000020 0.9999999999838449 0.9999999999833513
0.0001572086341517 -0.0000000000199202 0.0000179142670278 0.0000000000000054 0.9999999999679686 0.9999999999671171
0.0002135477643587 -0.0000000000367585 0.0000179142670222 0.0000000000000136 0.9999999999407868 0.9999999999393214
0.0002819760249005 -0.0000000000640926 0.0000179142670130 0.0000000000000313 0.9999999998966621 0.9999999998942001
0.0003635721907285 -0.0000000001065549 0.0000179142669988 0.0000000000000670 0.9999999998281165 0.9999999998241060
0.0004593438763564 -0.0000000001700880 0.0000179142669776 0.0000000000001351 0.9999999997255574 0.9999999997192297
0.0005702905500751 -0.0000000002621764 0.0000179142669468 0.0000000000002586 0.9999999995769027 0.9999999995672162
0.0006973380559505 -0.0000000003920037 0.0000179142669034 0.0000000000004728 0.9999999993673276 0.9999999993529057
0.0008414188386765 -0.0000000005707282 0.0000179142668436 0.0000000000008306 0.9999999990788199 0.9999999990578790
0.0010034126318151 -0.0000000008116428 0.0000179142667630 0.0000000000014087 0.9999999986899212 0.9999999986601927
0.0011841608524672 -0.0000000011303888 0.0000179142666564 0.0000000000023153 0.9999999981753823 0.9999999981340274
0.0013845066693377 -0.0000000015452439 0.0000179142665176 0.0000000000037005 0.9999999975056989 0.9999999974492115
0.0016052478793742 -0.0000000020772630 0.0000179142663397 0.0000000000057678 0.9999999966468823 0.9999999965709889
0.0018471675088209 -0.0000000027505534 0.0000179142661145 0.0000000000087882 0.9999999955600174 0.9999999954595647
0.0021110236228525 -0.0000000035924762 0.0000179142658329 0.0000000000131178 0.9999999942009362 0.9999999940697732
0.0023975526413818 -0.0000000046338733 0.0000179142654846 0.0000000000192170 0.9999999925198521 0.9999999923507024
0.0027074989582270 -0.0000000059094158 0.0000179142650580 0.0000000000276749 0.9999999904607967 0.9999999902451194
0.0030415554104967 -0.0000000074576071 0.0000179142645402 0.0000000000392345 0.9999999879616157 0.9999999876894656
0.0034004210906950 -0.0000000093212359 0.0000179142639169 0.0000000000548250 0.9999999849532372 0.9999999846131080
0.0037847488209801 -0.0000000115473483 0.0000179142631724 0.0000000000755948 0.9999999813597161 0.9999999809383858
0.0041952118630352 -0.0000000141878300 0.0000179142622893 0.0000000001029538 0.9999999770972962 0.9999999765796498
0.0046324445989429 -0.0000000172993059 0.0000179142612486 0.0000000001386153 0.9999999720745699 0.9999999714434271
0.0050970999852224 -0.0000000209437545 0.0000179142600297 0.0000000001846503 0.9999999661914880 0.9999999654274075
0.0055897900905671 -0.0000000251883229 0.0000179142586101 0.0000000002435381 0.9999999593396578 0.9999999584207493
0.0061111279317982 -0.0000000301058588 0.0000179142569654 0.0000000003182326 0.9999999514014842 0.9999999503031999
0.0066617003946296 -0.0000000357749038 0.0000179142550694 0.0000000004122264 0.9999999422501807 0.9999999409451078
0.0072421159865783 -0.0000000422804152 0.0000179142528936 0.0000000005296353 0.9999999317486047 0.9999999302062315
0.0078529430265713 -0.0000000497133686 0.0000179142504076 0.0000000006752706 0.9999999197498977 0.9999999179363939
0.0084947504044422 -0.0000000581714047 0.0000179142475788 0.0000000008547367 0.9999999060964428 0.9999999039744164
0.0091681131549846 -0.0000000677591953 0.0000179142443721 0.0000000010745345 0.9999998906192724 0.9999998881475134
0.0098735658335121 -0.0000000785880235 0.0000179142407503 0.0000000013421546 0.9999998731387474 0.9999998702719862
0.0106116625622955 -0.0000000907768648 0.0000179142366737 0.0000000016662139 0.9999998534628102 0.9999998501514377
0.0113829178353482 -0.0000001044517017 0.0000179142321001 0.0000000020565594 0.9999998313880932 0.9999998275779040
0.0121878915985145 -0.0000001197472322 0.0000179142269844 0.0000000025244467 0.9999998066971587 0.9999998023290345
0.0130270726178598 -0.0000001368050051 0.0000179142212794 0.0000000030826268 0.9999997791615114 0.9999997741711699
0.0139010033807777 -0.0000001557760243 0.0000179142149344 0.0000000037455783 0.9999997485373915 0.9999997428550426
0.0148101750524860 -0.0000001768189064 0.0000179142078965 0.0000000045296120 0.9999997145687524 0.9999997081188188
0.0157550868235789 -0.0000002001013029 0.0000179142001096 0.0000000054530920 0.9999996769849604 0.9999996696857503
0.0167362410265603 -0.0000002258001135 0.0000179141915145 0.0000000065366341 0.9999996355004555 0.9999996272638227
0.0177541411924193 -0.0000002541017452 0.0000179141820489 0.0000000078033198 0.9999995898143283 0.9999995805453273
0.0188092604375577 -0.0000002852014606 0.0000179141716475 0.0000000092788797 0.9999995396113762 0.9999995292079380
0.0199020647363882 -0.0000003193041554 0.0000179141602417 0.0000000109919507 0.9999994845608453 0.9999994729134258
0.0210330288179038 -0.0000003566251194 0.0000179141477595 0.0000000129743558 0.9999994243152034 0.9999994113064048
0.0222026112872811 -0.0000003973895130 0.0000179141341257 0.0000000152613342 0.9999993585109852 0.9999993440151952
0.0234112905867228 -0.0000004418338607 0.0000179141192611 0.0000000178918968 0.9999992867663801 0.9999992706493577
0.0246595121382297 -0.0000004902044374 0.0000179141030833 0.0000000209090229 0.9999992086838392 0.9999991908023581
0.0259477229406704 -0.0000005427586756 0.0000179140855063 0.0000000243600419 0.9999991238478021 0.9999991040492441
0.0272763685608359 -0.0000005997653358 0.0000179140664402 0.0000000282969678 0.9999990318244221 0.9999990099463636
0.0286459000342223 -0.0000006615050992 0.0000179140457910 0.0000000327768822 0.9999989321606110 0.9999989080303869
0.0300567618397087 -0.0000007282703390 0.0000179140234611 0.0000000378622804 0.9999988243844056 0.9999987978186838
0.0315093802817543 -0.0000008003647528 0.0000179139993488 0.0000000436214152 0.9999987080055640 0.9999986788099311
0.0330041974303449 -0.0000008781052468 0.0000179139733482 0.0000000501288409 0.9999985825125224 0.9999985504810012
0.0345416255073050 -0.0000009618198797 0.0000179139453495 0.0000000574656618 0.9999984473757140 0.9999984122903568
0.0361220857703488 -0.0000010518500494 0.0000179139152385 0.0000000657201459 0.9999983020440406 0.9999982636744418
0.0377460060644424 -0.0000011485507466 0.0000179138828965 0.0000000749882185 0.9999981459444622 0.9999981040472617
0.0394137875943850 -0.0000012522888256 0.0000179138482009 0.0000000853737763 0.9999979784847888 0.9999979328032387
0.0411258274520212 -0.0000013634444317 0.0000179138110245 0.0000000969893115 0.9999977990513761 0.9999977493148551
0.0428825585597637 -0.0000014824139895 0.0000179137712346 0.0000001099567633 0.9999976070043025 0.9999975529277207
0.0446843839617827 -0.0000016096062739 0.0000179137286947 0.0000001244076684 0.9999974016837104 0.9999973429670586
0.0465316843562197 -0.0000017454428439 0.0000179136832636 0.0000001404837492 0.9999971824091074 0.9999971187369885
0.0484248733410305 -0.0000018903623089 0.0000179136347948 0.0000001583380121 0.9999969484724781 0.9999968795134853
0.0503643351920660 -0.0000020448160711 0.0000179135831372 0.0000001781348776 0.9999966991451585 0.9999966245514063
0.0523504489511327 -0.0000022092701963 0.0000179135281349 0.0000002000510362 0.9999964336748156 0.9999963530814036
0.0543836207036048 -0.0000023842084460 0.0000179134696262 0.0000002242765439 0.9999961512805525 0.9999960643049186
0.0564642325765230 -0.0000025701283745 0.0000179134074447 0.0000002510150214 0.9999958511592099 0.9999957574006251
0.0585926898731604 -0.0000027675456794 0.0000179133414179 0.0000002804850041 0.9999955324783424 0.9999954315172471
0.0607693219167618 -0.0000029769851874 0.0000179132713702 0.0000003129193517 0.9999951943907713 0.9999950857884401
0.0629945357175764 -0.0000031989954116 0.0000179131971182 0.0000003485682256 0.9999948360110847 0.9999947193087596
0.0652686912708496 -0.0000034341371101 0.0000179131184744 0.0000003876981888 0.9999944564341067 0.9999943311525485
0.0675921551445448 -0.0000036829885653 0.0000179130352454 0.0000004305938628 0.9999940547263767 0.9999939203652226
0.0699653345558620 -0.0000039461498386 0.0000179129472305 0.0000004775596096 0.9999936299192810 0.9999934859562469
0.0723885448925528 -0.0000042242283953 0.0000179128542265 0.0000005289179019 0.9999931810322579 0.9999930269228654
0.0748621384819397 -0.0000045178531431 0.0000179127560230 0.0000005850126931 0.9999927070501368 0.9999925422269269
0.0773865335364448 -0.0000048276790507 0.0000179126524012 0.0000006462114547 0.9999922069156832 0.9999920307872618
0.0799620416160218 -0.0000051543665587 0.0000179125431400 0.0000007129022038 0.9999916795628342 0.9999914915136684
0.0825890540790992 -0.0000054986044925 0.0000179124280091 0.0000007854990535 0.9999911238797131 0.9999909232690907
0.0852679020297998 -0.0000058610927886 0.0000179123067744 0.0000008644398318 0.9999905387365123 0.9999903248981319
0.0879989511891489 -0.0000062425549545 0.0000179121791940 0.0000009501898027 0.9999899229653822 0.9999896952064873
0.0907825108635914 -0.0000066437257993 0.0000179120450220 0.0000010432401172 0.9999892753802361 0.9999890329811976
0.0936189829436817 -0.0000070653729416 0.0000179119040019 0.0000011441139666 0.9999885947420325 0.9999883369551449
0.0965086683177177 -0.0000075082691078 0.0000179117558751 0.0000012533613949 0.9999878798034930 0.9999876058527817
0.0994519383050930 -0.0000079732175671 0.0000179116003731 0.0000013715666127 0.9999871292680446 0.9999868383481437
0.1024490976425986 -0.0000084610314611 0.0000179114372239 0.0000014993442435 0.9999863418231872 0.9999860330989720
0.1055005167731020 -0.0000089725549890 0.0000179112661451 0.0000016373460996 0.9999855161062968 0.9999851887117417
0.1086065229492251 -0.0000095086462504 0.0000179110868499 0.0000017862581900 0.9999846507323217 0.9999843037699843
0.1117674499429923 -0.0000100701854268 0.0000179108990438 0.0000019468042871 0.9999837442805767 0.9999833768207816
0.1149836205960876 -0.0000106580720050 0.0000179107024261 0.0000021197466542 0.9999827952992252 0.9999824063793507
0.1182553615127160 -0.0000112732275863 0.0000179104966885 0.0000023058883826 0.9999818023007476 0.9999813909244057
0.1215830291104091 -0.0000119166013816 0.0000179102815136 0.0000025060767529 0.9999807637530694 0.9999803288890876
0.1249669319603476 -0.0000125891556716 0.0000179100565797 0.0000027212004274 0.9999796781030345 0.9999792186849652
0.1284073780799662 -0.0000132918745928 0.0000179098215576 0.0000029521936844 0.9999785437622227 0.9999780586875329
0.1319047139070440 -0.0000140257726903 0.0000179095761080 0.0000032000410693 0.9999773590931459 0.9999768472220918
0.1354592633543712 -0.0000147918829896 0.0000179093198856 0.0000034657753580 0.9999761224285029 0.9999755825834401
0.1390713265748277 -0.0000155912563830 0.0000179090525388 0.0000037504789880 0.9999748320721719 0.9999742630368871
0.1427412072491475 -0.0000164249675050 0.0000179087737084 0.0000040552878885 0.9999734862897273 0.9999728868085536
0.1464692368213898 -0.0000172941208410 0.0000179084830249 0.0000043813957680 0.9999720832985811 0.9999714520752896
0.1502557504047930 -0.0000181998460205 0.0000179081801107 0.0000047300545875 0.9999706212755813 0.9999699569724430
0.1541010397071237 -0.0000191432865472 0.0000179078645833 0.0000051025721840 0.9999690983752070 0.9999683996124644
0.1580054374126411 -0.0000201256202447 0.0000179075360490 0.0000055003222557 0.9999675126965639 0.9999667780511567
0.1619692389773174 -0.0000211480404206 0.0000179071941087 0.0000059247391215 0.9999658623137940 0.9999650903187685
0.1659927387439057 -0.0000222117646419 0.0000179068383552 0.0000063773232581 0.9999641452619106 0.9999633344055083
0.1700762558540672 -0.0000233180420868 0.0000179064683710 0.0000068596467902 0.9999623595249335 0.9999615082494101
0.1742200687811289 -0.0000244681362673 0.0000179060837334 0.0000073733483659 0.9999605030637796 0.9999596097648524
0.1784245158591447 -0.0000256633528792 0.0000179056840060 0.0000079201478525 0.9999585737713105 0.9999576367965876
0.1826898672109429 -0.0000269050044086 0.0000179052687498 0.0000085018329248 0.9999565695294669 0.9999555871781662
0.1870164468882516 -0.0000281944449107 0.0000179048375121 0.0000091202774054 0.9999544881531307 0.9999534586745276
0.1914045677491942 -0.0000295330520870 0.0000179043898324 0.0000097774358105 0.9999523274190592 0.9999512490115856
0.1958544978635093 -0.0000309222165962 0.0000179039252456 0.0000104753404161 0.9999500850831410 0.9999489558938751
0.2003665515821114 -0.0000323633701534 0.0000179034432730 0.0000112161177801 0.9999477588350421 0.9999465769581664
0.2049410088611992 -0.0000338579608488 0.0000179029434305 0.0000120019792170 0.9999453463380489 0.9999441098142096
0.2095781839172817 -0.0000354074753738 0.0000179024252210 0.0000128352350830 0.9999428451931943 0.9999415520080451
0.2142783297349834 -0.0000370134076119 0.0000179018881452 0.0000137182808933 0.9999402529899610 0.9999389010738524
0.2190417795363696 -0.0000386773065640 0.0000179013316851 0.0000146536262764 0.9999375672289247 0.9999361544548390
0.2238688220580292 -0.0000404007347117 0.0000179007553183 0.0000156438755110 0.9999347853889673 0.9999333095719720
0.2287596962878266 -0.0000421852646617 0.0000179001585192 0.0000166917277358 0.9999319049326949 0.9999303638295175
0.2337147089912623 -0.0000440325217392 0.0000178995407443 0.0000178000047787 0.9999289232376912 0.9999273145447319
0.2387341845048769 -0.0000459441676511 0.0000178989014383 0.0000189716458230 0.9999258376228921 0.9999241589748302
0.2438183515100503 -0.0000479218570157 0.0000178982400479 0.0000202096837328 0.9999226454187546 0.9999208943887438
0.2489675405270632 -0.0000499673130010 0.0000178975559971 0.0000215172949058 0.9999193438451737 0.9999175179422639
0.2541820141350865 -0.0000520822622677 0.0000178968487088 0.0000228977624476 0.9999159301164947 0.9999140267854327
0.2594620497872094 -0.0000542684670669 0.0000178961175938 0.0000243544995566 0.9999124013897106 0.9999104180095612
0.2648079372209163 -0.0000565277250505 0.0000178953620514 0.0000258910533901 0.9999087547647714 0.9999066886475417
0.2702199244924824 -0.0000588618465898 0.0000178945814764 0.0000275110932200 0.9999049873212006 0.9999028357112901
0.2756983157989501 -0.0000612726967225 0.0000178937752454 0.0000292184429543 0.9999010960503935 0.9998988561225047
0.2812433633027471 -0.0000637621488759 0.0000178929427323 0.0000310170529217 0.9998970779303177 0.9998947467890558
0.2868553610127554 -0.0000663321262560 0.0000178920832942 0.0000329110329791 0.9998929298587147 0.9998905045366669
0.2925345764197146 -0.0000689845717899 0.0000178911962819 0.0000349046350584 0.9998886487016199 0.9998861261585310
0.2982813060555308 -0.0000717214739325 0.0000178902810307 0.0000370022763659 0.9998842312517157 0.9998816083727130
0.3040957890062974 -0.0000745448259154 0.0000178893368745 0.0000392085124412 0.9998796742941134 0.9998769478894191
0.3099783413646133 -0.0000774566905361 0.0000178883631241 0.0000415280914617 0.9998749745017866 0.9998721413040500
0.3159291381709509 -0.0000804590930473 0.0000178873591025 0.0000439658736453 0.9998701286084580 0.9998671852740099
0.3219485217203256 -0.0000835541746820 0.0000178863240943 0.0000465269584806 0.9998651331608153 0.9998620762652849
0.3280367515036985 -0.0000867440688077 0.0000178852573866 0.0000492165903298 0.9998599847184063 0.9998568107568756
0.3341940775395310 -0.0000900309367044 0.0000178841582573 0.0000520401908501 0.9998546797959030 0.9998513851817405
0.3404207919775730 -0.0000934169956965 0.0000178830259653 0.0000550033880889 0.9998492148177042 0.9998457958803605
0.3467171120791767 -0.0000969044561584 0.0000178818597724 0.0000581119664222 0.9998435862196152 0.9998400392047242
0.3530833617259719 -0.0001004956213163 0.0000178806589088 0.0000613719595069 0.9998377902877815 0.9998341113535886
0.3595197334872967 -0.0001041927551160 0.0000178794226183 0.0000647895368623 0.9998318233719519 0.9998280085905892
0.3660265017738240 -0.0001079982014795 0.0000178781501179 0.0000683711160209 0.9998256816930154 0.9998217270473869
0.3726039699222602 -0.0001119143570735 0.0000178768406067 0.0000721233451537 0.9998193613869621 0.9998152627686211
0.3792523312597937 -0.0001159435882232 0.0000178754932945 0.0000760530281220 0.9998128586389873 0.9998086118490593
0.3859719085515585 -0.0001200883742914 0.0000178741073530 0.0000801672677292 0.9998061694521013 0.9998017701969276
0.3927629334705955 -0.0001243511753460 0.0000178726819605 0.0000844733430861 0.9997992898607132 0.9997947337523503
0.3996256757024370 -0.0001287345106652 0.0000178712162755 0.0000889787917185 0.9997922158039430 0.9997874983577655
0.4065603444243636 -0.0001332408965538 0.0000178697094577 0.0000936913516837 0.9997849432259889 0.9997800598605719
0.4135672087587611 -0.0001378729235444 0.0000178681606418 0.0000986190465932 0.9997774679515489 0.9997724139856985
0.4206465489037474 -0.0001426332269177 0.0000178665689478 0.0001037701626938 0.9997697857334109 0.9997645563842676
0.4277986000723198 -0.0001475244489893 0.0000178649334934 0.0001091532137150 0.9997618923133282 0.9997564826958498
0.4350236338535796 -0.0001525492938734 0.0000178632533756 0.0001147770059450 0.9997537833336543 0.9997481884580691
0.4423218594560948 -0.0001577104594761 0.0000178615276935 0.0001206505686448 0.9997454544471049 0.9997396692188624
0.4496935420599363 -0.0001630107199048 0.0000178597555210 0.0001267832522885 0.9997369011837847 0.9997309204004523
0.4571389274921557 -0.0001684528735604 0.0000178579359237 0.0001331846770215 0.9997281190349667 0.9997219373850323
0.4646583235549379 -0.0001740398031955 0.0000178560679392 0.0001398648102031 0.9997191033561948 0.9997127154156352
0.4722518884122733 -0.0001797743188941 0.0000178541506296 0.0001468337851496 0.9997098496206823 0.9997032498553188
0.4799199379866586 -0.0001856593870102 0.0000178521830046 0.0001541021818694 0.9997003530498915 0.9996935358092766
0.4876626399058397 -0.0001916978995957 0.0000178501640989 0.0001616807538394 0.9996906089856209 0.9996835685054292
0.4954803210294736 -0.0001978929110673 0.0000178480928931 0.0001695807277160 0.9996806125081229 0.9996733429037800
0.5033731396199097 -0.0002042473825128 0.0000178459683990 0.0001778134889475 0.9996703588487230 0.9996628541184722
0.5113413814896621 -0.0002107644153708 0.0000178437895815 0.0001863908852655 0.9996598430127632 0.9996520970320765
0.5193853435997482 -0.0002174471624268 0.0000178415553887 0.0001953251243673 0.9996490599232464 0.9996410664425062
0.5275051640766112 -0.0002242986843421 0.0000178392647993 0.0002046285862073 0.9996380046523539 0.9996297572998358
0.5357011345998405 -0.0002313222092863 0.0000178369167362 0.0002143141772802 0.9996266720025320 0.9996181642777540
0.5439735208498985 -0.0002385209858896 0.0000178345101158 0.0002243951441648 0.9996150567437878 0.9996062820162853
0.5523225000092070 -0.0002458982262028 0.0000178320438664 0.0002348849973921 0.9996031537057419 0.9995941052159447
0.5607483157114362 -0.0002534572400726 0.0000178295168841 0.0002457977062966 0.9995909575608358 0.9995816284159418
0.5692512220688913 -0.0002612013885468 0.0000178269280479 0.0002571476442813 0.9995784628995401 0.9995688460710956
0.5778314845301261 -0.0002691340856941 0.0000178242762192 0.0002689496006948 0.9995656642274436 0.9995557525488362
0.5864892628503783 -0.0002772586890669 0.0000178215602782 0.0002812186236709 0.9995525561420054 0.9995423423100080
0.5952248434231270 -0.0002855787155026 0.0000178187790524 0.0002939703505205 0.9995391329844062 0.9995286095526786
0.6040384520275499 -0.0002940976679884 0.0000178159313738 0.0003072207581231 0.9995253891189139 0.9995145484979175
0.6129303507219647 -0.0003028191274024 0.0000178130160486 0.0003209863109398 0.9995113187848979 0.9995001532383757
0.6219007183144776 -0.0003117466355920 0.0000178100318961 0.0003352837851574 0.9994969162854890 0.9994854179312775
0.6309497904910890 -0.0003208838321436 0.0000178069777033 0.0003501304917680 0.9994821757669561 0.9994703365726796
0.6400777818215336 -0.0003302343783158 0.0000178038522499 0.0003655441655579 0.9994670913414553 0.9994549031230294
0.6492849874258013 -0.0003398020621668 0.0000178006542734 0.0003815431486198 0.9994516569174710 0.9994391113336552
0.6585715931193755 -0.0003495906033102 0.0000177973825345 0.0003981460760002 0.9994358665148158 0.9994229550690297
0.6679378088734566 -0.0003596037887236 0.0000177940357715 0.0004153721067967 0.9994197140455734 0.9994064280826186
0.6773838769009030 -0.0003698454836463 0.0000177906126967 0.0004332409555017 0.9994031932965586 0.9993895239989015
0.6869100247136778 -0.0003803195823416 0.0000177871120129 0.0004517728180001 0.9993862980087790 0.9993722363946470
0.6965164716155734 -0.0003910300145524 0.0000177835324113 0.0004709883910324 0.9993690218670578 0.9993545587882642
0.7062034584542612 -0.0004019807790126 0.0000177798725601 0.0004909089422438 0.9993513584460154 0.9993364845844992
0.7159712057562096 -0.0004131758971058 0.0000177761311204 0.0005115562371198 0.9993333012848586 0.9993180071509298
0.7258199237210148 -0.0004246194232499 0.0000177723067422 0.0005329525657917 0.9993148438706665 0.9992991198008323
0.7357498336201282 -0.0004363154697258 0.0000177683980566 0.0005551207990455 0.9992959795983839 0.9992798157522105
0.7457611679345363 -0.0004482682080013 0.0000177644036751 0.0005780844028039 0.9992767017687304 0.9992600881256187
0.7558540827003182 -0.0004604817631391 0.0000177603222249 0.0006018672433763 0.9992570037585423 0.9992399301184468
0.7660288918499510 -0.0004729604971530 0.0000177561522543 0.0006264941488686 0.9992368785638202 0.9992193345372591
0.7762857717922229 -0.0004857086526321 0.0000177518923518 0.0006519902276583 0.9992163193745370 0.9991982943859895
0.7866249289797940 -0.0004987305541368 0.0000177475410787 0.0006783812681793 0.9991953192498708 0.9991768025335523
0.7970465711512018 -0.0005120305740023 0.0000177430969808 0.0007056936839391 0.9991738711734044 0.9991548517702931
0.8075509861925529 -0.0005256132353495 0.0000177385585536 0.0007339547405261 0.9991519678870631 0.9991324346379864
0.8181383265460288 -0.0005394829349146 0.0000177339243352 0.0007631919930644 0.9991296023381315 0.9991095438872953
0.8288087890460317 -0.0005536441719996 0.0000177291928297 0.0007934337659578 0.9991067673100910 0.9990861720999149
0.8395626458663092 -0.0005681015943814 0.0000177243624921 0.0008247092719501 0.9990834553486568 0.9990623116128162
0.8504000922150455 -0.0005828597964043 0.0000177194317953 0.0008570481927081 0.9990596590874123 0.9990379548514872
0.8613212845522793 -0.0005979233656154 0.0000177143992150 0.0008904807807108 0.9990353711726468 0.9990130942529729
0.8723264558376456 -0.0006132970415999 0.0000177092631764 0.0009250382227026 0.9990105840073132 0.9989877220037495
0.8834158869305676 -0.0006289856822929 0.0000177040220655 0.0009607525894350 0.9989852898054249 0.9989618300953372
0.8945897075569815 -0.0006449939816536 0.0000176986743235 0.0009976562032418 0.9989594810472965 0.9989354107902517
0.9058481503432059 -0.0006613268271708 0.0000176932183273 0.0010357824594548 0.9989331499032055 0.9989084560320024
0.9171914339503328 -0.0006779891366898 0.0000176876524439 0.0010751654719519 0.9989062884965410 0.9988809577144011
0.9286197431098667 -0.0006949858275562 0.0000176819750413 0.0011158400089233 0.9988788889536058 0.9988529077324970
0.9401333661169889 -0.0007123220220561 0.0000176761844190 0.0011578419991892 0.9988509430725070 0.9988242976435485
0.9517324097808915 -0.0007300026201574 0.0000176702789514 0.0012012075141847 0.9988224430119705 0.9987951193721482
0.9634171495539465 -0.0007480328263853 0.0000176642569116 0.0012459740564056 0.9987933804420908 0.9987653643407292
0.9751877411898242 -0.0007664177128286 0.0000176581166175 0.0012921795063419 0.9987637472488174 0.9987350241907517
0.9870443826378632 -0.0007851624655750 0.0000176518563492 0.0013398627388733 0.9987335351367906 0.9987040903760266
0.9989873082794835 -0.0008042723796888 0.0000176454743509 0.0013890636336154 0.9987027356375284 0.9986725541710216
1.0110166555975362 -0.0008237526457915 0.0000176389689024 0.0014398225384115 0.9986713404534718 0.9986404070230742
1.0231327211855457 -0.0008436087629743 0.0000176323381808 0.0014921813543670 0.9986393407925886 0.9986076398710001
1.0353356890038743 -0.0008638461012705 0.0000176255804068 0.0015461824160403 0.9986067280736048 0.9985742438671392
1.0476257074930182 -0.0008844700210812 0.0000176186938051 0.0016018688017752 0.9985734937335865 0.9985402101802862
1.0600030025640887 -0.0009054860628555 0.0000176116765406 0.0016592848595738 0.9985396289223640 0.9985055296826958
1.0724677561800624 -0.0009268997452442 0.0000176045267861 0.0017184756810574 0.9985051248278937 0.9984701932831922
1.0850201891583828 -0.0009487167057135 0.0000175972426755 0.0017794874999018 0.9984699724497644 0.9984341916951469
1.0976605245915176 -0.0009709426400437 0.0000175898223235 0.0018423675454864 0.9984341626967904 0.9983975155363390
1.1103888731086620 -0.0009935830975905 0.0000175822638948 0.0019071634697719 0.9983976867169528 0.9983601556668210
1.1232054971824101 -0.0010166439482772 0.0000175745654472 0.0019739246893694 0.9983605351451070 0.9983221024183340
1.1361105726795477 -0.0010401309620463 0.0000175667250728 0.0020427012068662 0.9983226987806459 0.9982833462882951
1.1491042997451206 -0.0010640500054367 0.0000175587408323 0.0021135441865158 0.9982841682708901 0.9982438776154385
1.1621868521417769 -0.0010884069495168 0.0000175506107852 0.0021865056999430 0.9982449342595072 0.9982036867317580
1.1753584160406754 -0.0011132077408056 0.0000175423329669 0.0022616389498484 0.9982049872723662 0.9981627638455018
1.1886192525999717 -0.0011384585226503 0.0000175339053477 0.0023389986637221 0.9981643175221649 0.9981210988409196
1.2019694642490830 -0.0011641651909798 0.0000175253259811 0.0024186397508186 0.9981229156240643 0.9980786820113153
1.2154092999844677 -0.0011903339752455 0.0000175165928103 0.0025006190965168 0.9980807716601138 0.9980355031004906
1.2289389062270200 -0.0012169709612722 0.0000175077038272 0.0025849941076635 0.9980378759478581 0.9979915520900844
1.2425585275655802 -0.0012440824821642 0.0000174986569418 0.0026718239535604 0.9979942184109136 0.9979468185545972
1.2562682912194529 -0.0012716746931497 0.0000174894501246 0.0027611682326805 0.9979497892637441 0.9979012923629227
1.2700684458991953 -0.0012997540475527 0.0000174800812473 0.0028530885151388 0.9979045782453330 0.9978549628930298
1.2839590825900604 -0.0013283267330617 0.0000174705482711 0.0029476465276400 0.9978585755270148 0.9978078199621238
1.2979404679483790 -0.0013573993513449 0.0000174608490203 0.0030449063990899 0.9978117706183567 0.9977598527053474
1.3120127611365064 -0.0013869783396339 0.0000174509813746 0.0031449327764692 0.9977641532985860 0.9977110505301631
1.3261761502419300 -0.0014170702502420 0.0000174409431764 0.0032477917632856 0.9977157131666846 0.9976614026551940
1.3404307567652198 -0.0014476815478831 0.0000174307322986 0.0033535502443685 0.9976664399677891 0.9976108984446541
1.3547768490348058 -0.0014788190679114 0.0000174203464912 0.0034622774859899 0.9976163228557297 0.9975595266523496
1.3692145998206038 -0.0015104894990019 0.0000174097835541 0.0035740433772503 0.9975653512258996 0.9975072762752186
1.3837441390073821 -0.0015426994897457 0.0000173990413020 0.0036889187930373 0.9975135145437620 0.9974541363774859
1.3983657198573476 -0.0015754560182677 0.0000173881174404 0.0038069769334957 0.9974608017501657 0.9974000954809037
1.4130794485191500 -0.0016087657914266 0.0000173770097666 0.0039282911949162 0.9974072022283771 0.9973451425559816
1.4278855072623033 -0.0016426357409816 0.0000173657160042 0.0040529369617835 0.9973527050057467 0.9972892662034505
1.4427841349576294 -0.0016770729874809 0.0000173542338147 0.0041809915228666 0.9972972988120612 0.9972324547138902
1.4577754883300069 -0.0017120845216110 0.0000173425609043 0.0043125329126739 0.9972409725924062 0.9971746965934524
1.4728597350234984 -0.0017476774152940 0.0000173306949535 0.0044476407002214 0.9971837151676546 0.9971159802156414
1.4880370210912952 -0.0017838587453248 0.0000173186336422 0.0045863957188898 0.9971255153574814 0.9970562939473264
1.5033075138166609 -0.0018206356945970 0.0000173063746164 0.0047288804699683 0.9970663618176975 0.9969956259817931
1.5186714450238314 -0.0018580156608182 0.0000172939154519 0.0048751795797045 0.9970062428656145 0.9969339641594551
1.5341289159783451 -0.0018960057828193 0.0000172812538120 0.0050253779684799 0.9969451472420839 0.9968712967492975
1.5496801541092846 -0.0019346135651149 0.0000172683872395 0.0051795633146393 0.9968830631071872 0.9968076114186467
1.5653253066128960 -0.0019738463737074 0.0000172553133252 0.0053378240925930 0.9968199788513084 0.9967428960649305
1.5810645546661100 -0.0020137117169871 0.0000172420296134 0.0055002507040065 0.9967558826435846 0.9966771383523578
1.5968980191468463 -0.0020542170078555 0.0000172285336822 0.0056669345318698 0.9966907628145752 0.9966103261043445
1.6128258823179396 -0.0020953698722070 0.0000172148230400 0.0058379692182827 0.9966246073604820 0.9965424467947226
1.6288483341353213 -0.0021371780161806 0.0000172008951702 0.0060134501572548 0.9965574041568303 0.9964734877667641
1.6449655530277449 -0.0021796491765001 0.0000171867475476 0.0061934743090039 0.9964891410385102 0.9964034363151439
1.6611777181259046 -0.0022227911519289 0.0000171723776280 0.0063781403509178 0.9964198057494227 0.9963322796341070
1.6774849364324962 -0.0022666116069373 0.0000171577829137 0.0065675478471320 0.9963493862581954 0.9962600051413374
1.6938873833762993 -0.0023111184358485 0.0000171429608290 0.0067617988696162 0.9962778701573618 0.9961865998611853
1.7103808413658439 -0.0023563073935713 0.0000171279128084 0.0069609437095252 0.9962052643824364 0.9961120706666100
1.7269742616339663 -0.0024022106666274 0.0000171126282315 0.0071651939535398 0.9961315177197321 0.9960363647324889
1.7436633739318033 -0.0024488242145556 0.0000170971085058 0.0073746038615294 0.9960566369825269 0.9959594887892267
1.7604483940375277 -0.0024961562938089 0.0000170813509454 0.0075892832185332 0.9959806092356884 0.9958814292882356
1.7773294639091151 -0.0025442150153982 0.0000170653529151 0.0078093427459214 0.9959034217880057 0.9958021729230666
1.7943067584356145 -0.0025930086433958 0.0000170491117305 0.0080348954659905 0.9958250617129233 0.9957217061371743
1.8113804005711018 -0.0026425453522346 0.0000170326247395 0.0082660556073387 0.9957455162385777 0.9956400155242278
1.8285505561808253 -0.0026928334988809 0.0000170158892309 0.0085029398830228 0.9956647723109532 0.9955570873793282
1.8458173668909155 -0.0027438814294706 0.0000169989024996 0.0087456666170176 0.9955828169046695 0.9954729080179547
1.8631810287614192 -0.0027956977120202 0.0000169816617688 0.0089943568738353 0.9954996366496444 0.9953874633922859
1.8806416531671049 -0.0028482907232366 0.0000169641643275 0.0092491325073573 0.9954152184946934 0.9953007397726247
1.8981994165098526 -0.0029016690941185 0.0000169464073825 0.0095101183166736 0.9953295489924675 0.9952127230126728
1.9158544604841974 -0.0029558414118548 0.0000169283881577 0.0097774406358164 0.9952426147782691 0.9951233990411698
1.9336068887330633 -0.0030108162047146 0.0000169101038988 0.0100512272584618 0.9951544025944953 0.9950327538868627
1.9514569454582555 -0.0030666024975449 0.0000168915516889 0.0103316102391836 0.9950648983996312 0.9949407727626615
1.9694047236541028 -0.0031232089076877 0.0000168727287491 0.0106187214115526 0.9949740888192260 0.9948474415564115
1.9874503543978490 -0.0031806442286651 0.0000168536322447 0.0109126953056120 0.9948819602095702 0.9947527458685548
2.0055940244390245 -0.0032389174925659 0.0000168342592642 0.0112136695225625 0.9947884985580636 0.9946566709093811
2.0238358243490282 -0.0032980374839873 0.0000168146069810 0.0115217822564262 0.9946936902631329 0.9945592023004807
2.0421759448500718 -0.0033580133710769 0.0000167946724440 0.0118371755797590 0.9945975211224682 0.9944603250344368
2.0606145382794816 -0.0034188542612523 0.0000167744527249 0.0121599931767516 0.9944999770459304 0.9943600242074029
2.0791517474544561 -0.0034805692922839 0.0000167539448884 0.0124903808294510 0.9944010439097676 0.9942582848690167
2.0977876927151939 -0.0035431675873536 0.0000167331460068 0.0128284861918810 0.9943007076289613 0.9941550920965732
2.1165224631954973 -0.0036066582221502 0.0000167120531715 0.0131744586170817 0.9941989542102325 0.9940504310493457
2.1353562710641398 -0.0036710507499837 0.0000166906633180 0.0135284520556019 0.9940957689108724 0.9939442861030698
2.1542892230181407 -0.0037363544288916 0.0000166689734833 0.0138906208767243 0.9939911374778190 0.9938366421241265
2.1733214878818519 -0.0038025787915932 0.0000166469806162 0.0142611230103052 0.9938850452346389 0.9937274835301153
2.1924531087693184 -0.0038697329929140 0.0000166246817944 0.0146401163258726 0.9937774781273545 0.9936167953656129
2.2116843239831199 -0.0039378269318438 0.0000166020738518 0.0150277649658646 0.9936684209274130 0.9935045614528043
2.2310152568879356 -0.0040068701692818 0.0000165791537381 0.0154242332987916 0.9935578589657861 0.9933907661754746
2.2504459882734937 -0.0040768721723272 0.0000165559184376 0.0158296872678264 0.9934457777418086 0.9932753940764113
2.2699767018703887 -0.0041478428388274 0.0000165323647952 0.0162442974557190 0.9933321620837254 0.9931584289929993
2.2896074582070765 -0.0042197916812288 0.0000165084897874 0.0166682343743128 0.9932169974558066 0.9930398554024463
2.3093384378648576 -0.0042927287104357 0.0000164842902290 0.0171016736533615 0.9931002685438095 0.9929196569652369
2.3291698112617500 -0.0043666639673541 0.0000164597629287 0.0175447933581215 0.9929819600054817 0.9927978172973356
2.3491016616154941 -0.0044416072306283 0.0000164349047861 0.0179977722345799 0.9928620569385262 0.9926743204519139
2.3691340642526311 -0.0045175683049082 0.0000164097126962 0.0184607914181948 0.9927405444195477 0.9925491504443895
2.3892672085990592 -0.0045945574881212 0.0000163841833945 0.0189340373356581 0.9926174067571520 0.9924222904826085
2.4095011851618673 -0.0046725847650951 0.0000163583137243 0.0194176968240970 0.9924926287823755 0.9922937242957530
2.4298361103215638 -0.0047516602790457 0.0000163321004807 0.0199119600206828 0.9923661950948731 0.9921634353575416
2.4502721661376690 -0.0048317944926348 0.0000163055403575 0.0204170214342482 0.9922380898060645 0.9920314066210471
2.4708094152325915 -0.0049129974639072 0.0000162786301866 0.0209330754198823 0.9921082976971879 0.9918976217118171
2.4914480000298069 -0.0049952796244615 0.0000162513666810 0.0214603210908237 0.9919768029756755 0.9917620636458915
2.5121880125845948 -0.0050786512673027 0.0000162237466040 0.0219989591058364 0.9918435900943292 0.9916247156737541
2.5330295785560302 -0.0051631228803831 0.0000161957666589 0.0225491938252968 0.9917086432187519 0.9914855607309782
2.5539728323376276 -0.0052487050502798 0.0000161674235215 0.0231112327392484 0.9915719463818895 0.9913445815970963
2.5750178822029750 -0.0053354080420118 0.0000161387138901 0.0236852855576001 0.9914334837120298 0.9912017611304290
2.5961068489644465 -0.0054230006108240 0.0000161097145001 0.0242699442476704 0.9912936253548523 0.9910574804214846
2.6173557373414202 -0.0055119750535477 0.0000160802626479 0.0248686370863534 0.9911515867106211 0.9909109292545323
2.6387065449325027 -0.0056021016930924 0.0000160504345802 0.0254799843704611 0.9910077355768632 0.9907624862000576
2.6601596214327343 -0.0056933923258330 0.0000160202265973 0.0261042144608333 0.9908620541857049 0.9906121320780958
2.6817150485916255 -0.0057858576884082 0.0000159896353555 0.0267415512181888 0.9907145264890644 0.9904598494616060
2.7033729026293556 -0.0058795085512195 0.0000159586575057 0.0273922213517695 0.9905651364133644 0.9903056208754950
2.7251332599029658 -0.0059743557423567 0.0000159272896852 0.0280564546079438 0.9904138678219193 0.9901494287573990
2.7469963238796553 -0.0060704107077708 0.0000158955283326 0.0287344877669647 0.9902607036223930 0.9899912545354590
2.7689621142394447 -0.0061676841513823 0.0000158633701379 0.0294265551136620 0.9901056279360584 0.9898310808679164
2.7910307737294571 -0.0062661873780895 0.0000158308115982 0.0301328979092310 0.9899486239567178 0.9896688894317338
2.8132023717848345 -0.0063659314285721 0.0000157978493040 0.0308537582939710 0.9897896753308220 0.9895046623475052
2.8354770415865502 -0.0064669276903453 0.0000157644797374 0.0315893836920264 0.9896287651841201 0.9893383811735278
2.8578548929567869 -0.0065691875096001 0.0000157306994006 0.0323400240606433 0.9894658767410246 0.9891700275451566
2.8803360050762850 -0.0066727221535298 0.0000156965048281 0.0331059316100803 0.9893009933850916 0.9889995832370114
2.9029204680543650 -0.0067775429986471 0.0000156618925249 0.0338873622014454 0.9891340983596447 0.9888270298531565
2.9256083558657906 -0.0068836614057797 0.0000156268590080 0.0346845744463972 0.9889651749675057 0.9886523490331203
2.9483997370399937 -0.0069910887678330 0.0000155914007905 0.0354978300765230 0.9887942064955444 0.9884755223734887
2.9712947317033103 -0.0070998367808670 0.0000155555142922 0.0363273960391529 0.9886211757840615 0.9882965309819780
2.9942934613396845 -0.0072099172122327 0.0000155191959166 0.0371735428075305 0.9884460655967421 0.9881153558593907
3.0173960044434356 -0.0073213416862811 0.0000154824421218 0.0380365427469231 0.9882688589621726 0.9879319782525425
3.0406024076185298 -0.0074341217307423 0.0000154452494047 0.0389166704469941 0.9880895391004658 0.9877463795781166
3.0639127889748461 -0.0075482692791472 0.0000154076141360 0.0398142066692310 0.9879080886251471 0.9875585405961101
3.0873271925068928 -0.0076637959629815 0.0000153695327938 0.0407294328489509 0.9877244906693713 0.9873684425749872
3.1108457182752729 -0.0077807137476023 0.0000153310017536 0.0416626361108941 0.9875387278757480 0.9871760662454898
3.1344684738082584 -0.0078990346984811 0.0000152920173660 0.0426141074924957 0.9873507827689276 0.9869813921856426
3.1581954720136811 -0.0080187704656512 0.0000152525761263 0.0435841377924541 0.9871606385750950 0.9867844016692385
3.1792320119175295 -0.0081256772310943 0.0000152173687029 0.0444562936973513 0.9869909082952629 0.9866085272418724
3.2002685518213778 -0.0082332860358473 0.0000151819373084 0.0453399157324374 0.9868201009902056 0.9864315055031458
3.2242968319454035 -0.0083570584940142 0.0000151411932044 0.0463633234613322 0.9866236856637632 0.9862279052184912
3.2484169398634690 -0.0084822260978756 0.0000151000000286 0.0474058895672132 0.9864251092343854 0.9860220225178782
3.2726417439383271 -0.0086088667528872 0.0000150583325033 0.0484684657989634 0.9862242499803755 0.9858137297448329
3.2969712127312700 -0.0087369922053836 0.0000150161871412 0.0495513620052244 0.9860210912276932 0.9856030080888274
3.3214054808687390 -0.0088666151290736 0.0000149735601587 0.0506548990882484 0.9858156148786056 0.9853898372283749
3.3459445519523152 -0.0089977475639365 0.0000149304479899 0.0517793958644400 0.9856078038880912 0.9851741978988947
3.3705885648988430 -0.0091304023296941 0.0000148868468222 0.0529251811302597 0.9853976400241711 0.9849560695685586
3.3953374925512962 -0.0092645914123256 0.0000148427531263 0.0540925798272135 0.9851851064255931 0.9847354330918884
3.4201914656420773 -0.0094003277072241 0.0000147981630842 0.0552819281193385 0.9849701848410541 0.9845122678437918
3.4451505702344329 -0.0095376239321504 0.0000147530729459 0.0564935640599450 0.9847528573525639 0.9842865535074602
3.4702147885950403 -0.0096764922898051 0.0000147074791411 0.0577278245357911 0.9845331069097480 0.9840582706292995
3.4953841944581976 -0.0098169455408045 0.0000146613779260 0.0589850547515617 0.9843109156323128 0.9838273988553397
3.5206588656163769 -0.0099589965289680 0.0000146147655405 0.0602656041205856 0.9840862655628638 0.9835939177121644
3.5460388515332464 -0.0101026579982939 0.0000145676382677 0.0615698246328021 0.9838591389572957 0.9833578069081378
3.5715242247055414 -0.0102479428812229 0.0000145199923399 0.0628980734761454 0.9836295178299055 0.9831190458600216
3.5971149652204244 -0.0103948636382934 0.0000144718241551 0.0642507070046460 0.9833973849979302 0.9828776147785776
3.6228111498191229 -0.0105434333364551 0.0000144231299236 0.0656280906262915 0.9831627223783582 0.9826334928969174
3.6486128373533968 -0.0106936649995352 0.0000143739058816 0.0670305929215598 0.9829255120158165 0.9823866595384587
3.6745200967056437 -0.0108455714710943 0.0000143241482418 0.0684585871540267 0.9826857358295676 0.9821370938531959
3.7005058531738109 -0.0109990039056327 0.0000142739058755 0.0699109231999713 0.9824436294351139 0.9818850391023116
3.7266242398866067 -0.0111542962174713 0.0000142230704329 0.0713910038951388 0.9821986709995502 0.9816299498976260
3.7528482264548169 -0.0113113022563787 0.0000141716903277 0.0728977106354142 0.9819510940199397 0.9813720671390874
3.7791779800660588 -0.0114700359768347 0.0000141197615510 0.0744314389296096 0.9817008793823775 0.9811113687222822
3.8056133848795368 -0.0116305096865869 0.0000140672806455 0.0759925720674679 0.9814480106346710 0.9808478352695889
3.8321545922556890 -0.0117927373622998 0.0000140142436207 0.0775815131666054 0.9811924687608877 0.9805814446851741
3.8588016410736858 -0.0119567323610218 0.0000139606467022 0.0791986630889137 0.9809342357900444 0.9803121759141433
3.8855544780215148 -0.0121225075228724 0.0000139064862974 0.0808444212640284 0.9806732946338165 0.9800400087740204
3.9124131170709275 -0.0122900761499466 0.0000138517586767 0.0825191953383928 0.9804096275460956 0.9797649223479457
3.9393776972172629 -0.0124594523845606 0.0000137964598496 0.0842234051533405 0.9801432155305690 0.9794868943646948
3.9664481179176518 -0.0126306489227644 0.0000137405863120 0.0859574597965120 0.9798740419387013 0.9792059049525691
3.9936244805329157 -0.0128036797833618 0.0000136841341422 0.0877217854470450 0.9796020881152787 0.9789219320946070
4.0209067605501305 -0.0129785582432359 0.0000136270996754 0.0895168045648672 0.9793273366467085 0.9786349550181798
4.0482950415670000 -0.0131552983253862 0.0000135694790177 0.0913429510689816 0.9790497690234287 0.9783449517534550
4.0757892302387653 -0.0133339129644387 0.0000135112686454 0.0932006514533238 0.9787693685227111 0.9780519021442601
4.1033893756464304 -0.0135144141860936 0.0000134524647568 0.0950903460267942 0.9784861169765088 0.9777557844715530
4.1303387329215164 -0.0136918187224202 0.0000133946909944 0.0969596400070529 0.9782078352818226 0.9774647757826584
4.1581497846241904 -0.0138760971611039 0.0000133347012289 0.0989138822750658 0.9779188879467339 0.9771625227326414
4.1860650099050343 -0.0140622928919769 0.0000132741106874 0.1009013195185050 0.9776270554968495 0.9768571575781425
4.2140862261303775 -0.0142504317096092 0.0000132129117360 0.1029225331930586 0.9773323014403875 0.9765486392125453
4.2422134889017773 -0.0144405278346775 0.0000131511005262 0.1049779864206210 0.9770346075234942 0.9762369455456704
4.2704467312898720 -0.0146325947128754 0.0000130886734779 0.1070681378705830 0.9767339567928828 0.9759220557904883
4.2987859764707839 -0.0148266464485619 0.0000130256268143 0.1091934572423535 0.9764303313518239 0.9756039481130636
4.3272312067761520 -0.0150226969195502 0.0000129619568494 0.1113544157082532 0.9761237137478532 0.9752826010847487
4.3557823821768586 -0.0152207598967718 0.0000128976599494 0.1135514871660810 0.9758140867863042 0.9749579934865883
4.3844395071980902 -0.0154208495081082 0.0000128327323824 0.1157851533954138 0.9755014328066728 0.9746301035499091
4.4132025537681603 -0.0156229797046916 0.0000127671704922 0.1180558981686041 0.9751857345186268 0.9742989098318490
4.4342785996594634 -0.0157719174068109 0.0000127188797609 0.1197382101205650 0.9749532081334227 0.9740548988645423
4.4553546455507664 -0.0159215529864658 0.0000126703775311 0.1214361844224440 0.9747196688837425 0.9738097639175401
4.4802209852974482 -0.0160989977910556 0.0000126128810671 0.1234597524540488 0.9744428294960163 0.9735190995212254
4.5093448957579518 -0.0163080623120536 0.0000125451668016 0.1258577792526914 0.9741168026850724 0.9731766808211640
4.5385650619257358 -0.0165191597924737 0.0000124768245883 0.1282942437723220 0.9737877636872255 0.9728309771517739
4.5678910162677990 -0.0167323728474516 0.0000124078286267 0.1307704360438579 0.9734555886276287 0.9724818548021140
4.5973227709951408 -0.0169477160253667 0.0000123381751878 0.1332868718837843 0.9731202599083579 0.9721292915939561
4.6268602835767858 -0.0171652035262479 0.0000122678606755 0.1358440670898489 0.9727817605795798 0.9717732659618218
4.6565035198645317 -0.0173848496585008 0.0000121968814796 0.1384425427306575 0.9724400736294218 0.9714137562059847
4.6862524431092050 -0.0176066687589250 0.0000121252340013 0.1410828242249575 0.9720951821102803 0.9710507406243896
4.7161070517683372 -0.0178306754769070 0.0000120529145625 0.1437654447601460 0.9717470686989776 0.9706841970486206
4.7460672013316199 -0.0180568834334901 0.0000119799198386 0.1464909291950791 0.9713957177818455 0.9703141050389179
4.7761328432193118 -0.0182853041240650 0.0000119062463170 0.1492598154065128 0.9710411126747652 0.9699404429585888
4.8044676053253230 -0.0185018747476094 0.0000118364281306 0.1519004629903119 0.9707050763482141 0.9695862154805640
4.8347418680024035 -0.0187346643392631 0.0000117614177219 0.1547554625583664 0.9703440631742442 0.9692055156400278
4.8651174551074181 -0.0189696811106981 0.0000116857280365 0.1576550944826725 0.9699797948770233 0.9688212324165431
4.8955983027716341 -0.0192069701610228 0.0000116093457143 0.1606002880601604 0.9696122075816811 0.9684332941240927
4.9261843852434382 -0.0194465462706976 0.0000115322671908 0.1635916059584440 0.9692412845676108 0.9680416787154013
4.9568756033294576 -0.0196884236913694 0.0000114544890957 0.1666296082641667 0.9688670100569619 0.9676463650608975
4.9876719492710260 -0.0199326174398045 0.0000113760078369 0.1697148686717406 0.9684893672135945 0.9672473308348916
5.0185732845200022 -0.0201791415420867 0.0000112968201655 0.1728479523766358 0.9681083408612379 0.9668445553861506
5.0495794926838542 -0.0204280079854346 0.0000112169228179 0.1760294310769375 0.9677239156253653 0.9664380177766542
5.0790266227650456 -0.0206657570116433 0.0000111406348237 0.1790861418413975 0.9673568716615258 0.9660497023409061
5.1102405392268366 -0.0209192577794088 0.0000110593364272 0.1823638939114638 0.9669657373787824 0.9656357294117766
5.1415553774068972 -0.0211751159534952 0.0000109773280736 0.1856913748082543 0.9665712044061472 0.9652179802912960
5.1729748273192309 -0.0214333767565824 0.0000108945966325 0.1890695714095815 0.9661732100695485 0.9647963836649607
5.2044986451959918 -0.0216940535715066 0.0000108111392132 0.1924990636570873 0.9657717409703477 0.9643709202792130
5.2361267649506082 -0.0219571612752862 0.0000107269524736 0.1959804548544155 0.9653667815466480 0.9639415685048353
5.2678590984268405 -0.0222227146069260 0.0000106420331432 0.1995143504321419 0.9649583165922095 0.9635083070032336
5.2896361626686090 -0.0224058712667362 0.0000105834919442 0.2019634624050023 0.9646767421387487 0.9632095260628198
5.3114132269103775 -0.0225897698057689 0.0000105247368315 0.2044321013047377 0.9643941475021282 0.9629095697347189
5.3434134033359069 -0.0228613494266611 0.0000104380119838 0.2080952011224325 0.9639770430401253 0.9624666695386340
5.3754956341157527 -0.0231352394376256 0.0000103506027433 0.2118103880731463 0.9635566666849954 0.9620200895074912
5.4076814712810544 -0.0234116378455488 0.0000102624474216 0.2155807491652622 0.9631327223048629 0.9615695096886904
5.4399707405960855 -0.0236905588434975 0.0000101735430754 0.2194069027749327 0.9627051963211517 0.9611149099998524
5.4723632948517764 -0.0239720168879897 0.0000100838867076 0.2232894745493427 0.9622740749052637 0.9606562700026307
5.5048589307901601 -0.0242560259780711 0.0000099934754966 0.2272290874552264 0.9618393450851466 0.9601935700789992
5.5335539429955194 -0.0245081934139979 0.0000099132485235 0.2307453215820950 0.9614536025743643 0.9597828229925133
5.5622489552008787 -0.0247616519595131 0.0000098326564855 0.2342967849407807 0.9610661217541993 0.9593700483198573
5.5950364436821056 -0.0250528412666597 0.0000097401245079 0.2383980787472603 0.9606212557161731 0.9588959238724595
5.6279178919799389 -0.0253465602764771 0.0000096468508135 0.2425577503402727 0.9601728466964705 0.9584177865995904
5.6609015244291534 -0.0256428977366355 0.0000095528089676 0.2467774893561112 0.9597207682463526 0.9579354955316033
5.6939870210333448 -0.0259418667320948 0.0000094579966185 0.2510579257780507 0.9592650097150281 0.9574490329908949
5.7152722015703645 -0.0261351137966583 0.0000093967465561 0.2538370400759208 0.9589705963151003 0.9571346540305847
5.7365573821073843 -0.0263290702734692 0.0000093352983306 0.2566360711293495 0.9586752403770313 0.9568191649924205
5.7698879479539027 -0.0266342147095446 0.0000092386788940 0.2610592471136319 0.9582108515063106 0.9563229106421398
5.8033062544591338 -0.0269419141900013 0.0000091413192405 0.2655434867060801 0.9577429303371964 0.9558226213622334
5.8368253893339945 -0.0272523042529283 0.0000090431783727 0.2700912037930289 0.9572712805166247 0.9553180806730920
5.8704450106229000 -0.0275653978358076 0.0000089442541596 0.2747030427805537 0.9567958925168861 0.9548092715935983
5.9041647606376584 -0.0278812077265804 0.0000088445445518 0.2793796486865123 0.9563167572123286 0.9542961774774338
5.9341901416300518 -0.0281639176384572 0.0000087553466398 0.2835870920145930 0.9558881566539432 0.9538369660367995
5.9642155226224451 -0.0284480422059392 0.0000086657609931 0.2878354191421347 0.9554577148298350 0.9533755593104211
5.9982192022730016 -0.0287715236427005 0.0000085638383690 0.2926962225536670 0.9549680230318733 0.9528503687076596
6.0323137760920993 -0.0290976946386240 0.0000084611465111 0.2976231304106920 0.9544746643993018 0.9523209525811740
6.0665067231763192 -0.0294266422940695 0.0000083576601125 0.3026179141305110 0.9539775181204282 0.9517871740728063
6.0895277543199207 -0.0296491479581305 0.0000082877056233 0.3060111378208848 0.9536414752119602 0.9514262001661319
6.1125487854635221 -0.0298724832732680 0.0000082175260503 0.3094289079561431 0.9533043645188954 0.9510639415389328
6.1399536715269454 -0.0301394342173187 0.0000081336893728 0.3135296254660340 0.9529016693100988 0.9506310248448987
6.1744663870598062 -0.0304773033831725 0.0000080276565756 0.3187437554496382 0.9523923870044091 0.9500832391996311
6.2090614356462783 -0.0308178595121849 0.0000079208665416 0.3240263154995943 0.9518794995701446 0.9495312561881344
6.2437522961896601 -0.0311612503102684 0.0000078132752133 0.3293800509094567 0.9513627962313459 0.9489748413712746
6.2718677547357853 -0.0314409404743728 0.0000077257066898 0.3337607406401719 0.9509422756424477 0.9485217602411158
6.2999832132819105 -0.0317218732658303 0.0000076378074147 0.3381789245152486 0.9505201884881628 0.9480667731832371
6.3349347394053197 -0.0320728485773109 0.0000075280760616 0.3437238370405915 0.9499932958595390 0.9474985043967380
6.3699662979791034 -0.0324265586329429 0.0000074175832316 0.3493400559661352 0.9494627816517227 0.9469259844298694
6.4002408757536244 -0.0327337957340538 0.0000073216840743 0.3542411055440209 0.9490023650924003 0.9464288310954175
6.4305154535281455 -0.0330424725769995 0.0000072254056121 0.3591863367855426 0.9485401537949310 0.9459294764050867
6.4599355241167649 -0.0333438205755355 0.0000071314821247 0.3640344734129867 0.9480892739458883 0.9454421090087782
6.4953036782775770 -0.0337079013751356 0.0000070180976991 0.3699184445854627 0.9475450058908259 0.9448534601659245
6.5307498419046732 -0.0340747652697871 0.0000069039479825 0.3758766013333208 0.9469971020602044 0.9442605073639712
6.5662842137127972 -0.0344445281806825 0.0000067889981670 0.3819113526339002 0.9464453960434175 0.9436630621231005
6.5987483760285954 -0.0347840834435807 0.0000066835298561 0.3874789782850424 0.9459392307957942 0.9431145992099349
6.6344540161822945 -0.0351594647756893 0.0000065670357532 0.3936626197726035 0.9453801884323269 0.9425084682783837
6.6702382736744763 -0.0355376937430034 0.0000064497665061 0.3999233008249499 0.9448174667322434 0.9418979526936306
6.7061056070413958 -0.0359188256973323 0.0000063317057408 0.4062624986956379 0.9442509877093521 0.9412829591139205
6.7405151967970518 -0.0362863789825753 0.0000062179561654 0.4124045058894862 0.9437052338614907 0.9406900837818077
6.7765433855912409 -0.0366732292799284 0.0000060983463503 0.4188991264242067 0.9431314051738835 0.9400663045092196
6.7904553427345471 -0.0368231578468571 0.0000060520209666 0.4214244598862184 0.9429091704447008 0.9398246129745587
6.8043672998778533 -0.0369733907686221 0.0000060056182385 0.4239595640785270 0.9426865710161364 0.9395824621897231
6.8208249917952104 -0.0371515096852302 0.0000059506245648 0.4269712016469066 0.9424227681494955 0.9392954077615089
6.8570560348445353 -0.0375451443135674 0.0000058291776200 0.4336496049608521 0.9418402234579677 0.9386612050968196
6.8933261969833906 -0.0379412876474799 0.0000057070771743 0.4404020935744739 0.9412545891831294 0.9380232043970872
6.9233005622464017 -0.0382702390460469 0.0000056057778560 0.4460331698195355 0.9407687582435453 0.9374935999721478
6.9532749275094128 -0.0386006133730186 0.0000055041238227 0.4517102795940382 0.9402812574522016 0.9369618726279753
6.9897382077631196 -0.0390044303656223 0.0000053799867073 0.4586786608577505 0.9396859778349841 0.9363121767384357
7.0078057394802711 -0.0392053036870499 0.0000053182834536 0.4621568952641413 0.9393901074223403 0.9359890911292895
7.0258732711974226 -0.0394066926281969 0.0000052564523810 0.4656520090512635 0.9390936357083195 0.9356652363048249
7.0470725883282430 -0.0396436507485409 0.0000051837409329 0.4697745238931760 0.9387450091426532 0.9352842650445586
7.0837061582546035 -0.0400548113358834 0.0000050576784676 0.4769534889846328 0.9381406215267446 0.9346234334600257
7.1074062467584778 -0.0403219489042391 0.0000049758442487 0.4816351728121223 0.9377483060877789 0.9341942276408887
7.1311063352623520 -0.0405899760339102 0.0000048937921902 0.4863462098273685 0.9373549670413113 0.9337637025185751
7.1676816965773877 -0.0410053661616860 0.0000047667382192 0.4936743306856116 0.9367459405948066 0.9330967042910998
7.1926777187557605 -0.0412904744928819 0.0000046796112039 0.4987229039121601 0.9363283312186274 0.9326390659302928
7.2150819538669957 -0.0415468639841011 0.0000046013139680 0.5032759937563790 0.9359530641930445 0.9322276354423444
7.2355613572805240 -0.0417819253003305 0.0000045295749934 0.5074611142854273 0.9356092468975596 0.9318505247086573
