0.0001033515156365 -0.0000000000005456 0.0001011579321850 0.0000000000000022 0.9999999999655638 0.9999999999758924
0.0001437502918942 -0.0000000000010557 0.0001011579321757 0.0000000000000059 0.9999999999330765 0.9999999999533585
0.0001935941712198 -0.0000000000019147 0.0001011579321602 0.0000000000000143 0.9999999998783555 0.9999999999154023
0.0002537589563494 -0.0000000000032899 0.0001011579321353 0.0000000000000323 0.9999999997907643 0.9999999998546458
0.0003251364236527 -0.0000000000054010 0.0001011579320971 0.0000000000000679 0.9999999996562929 0.9999999997613717
0.0004085468738691 -0.0000000000085277 0.0001011579320405 0.0000000000001347 0.9999999994571354 0.9999999996232283
0.0005047884787627 -0.0000000000130187 0.0001011579319593 0.0000000000002541 0.9999999991710726 0.9999999994248041
0.0006146322169260 -0.0000000000193011 0.0001011579318456 0.0000000000004587 0.9999999987709098 0.9999999991472354
0.0007388334410028 -0.0000000000278898 0.0001011579316902 0.0000000000007967 0.9999999982238420 0.9999999987677674
0.0008780972349983 -0.0000000000393947 0.0001011579314820 0.0000000000013374 0.9999999974910213 0.9999999982594538
0.0010331244643535 -0.0000000000545329 0.0001011579312080 0.0000000000021782 0.9999999965267770 0.9999999975906155
0.0012045981360385 -0.0000000000741375 0.0001011579308533 0.0000000000034528 0.9999999952780376 0.9999999967244402
0.0013931566306816 -0.0000000000991639 0.0001011579304004 0.0000000000053413 0.9999999936839495 0.9999999956187171
0.0015994442287993 -0.0000000001307049 0.0001011579298297 0.0000000000080826 0.9999999916749031 0.9999999942251622
0.0018240830661082 -0.0000000001699977 0.0001011579291186 0.0000000000119889 0.9999999891720998 0.9999999924891178
0.0020676816569633 -0.0000000002184346 0.0001011579282421 0.0000000000174621 0.9999999860868564 0.9999999903490696
0.0023308199137366 -0.0000000002775694 0.0001011579271721 0.0000000000250133 0.9999999823201929 0.9999999877363612
0.0026140766363850 -0.0000000003491329 0.0001011579258771 0.0000000000352858 0.9999999777618657 0.9999999845745231
0.0029180076624292 -0.0000000004350379 0.0001011579243226 0.0000000000490800 0.9999999722900446 0.9999999807790489
0.0032431791696150 -0.0000000005373981 0.0001011579224703 0.0000000000673842 0.9999999657700847 0.9999999762565438
0.0035901057335452 -0.0000000006585196 0.0001011579202785 0.0000000000914043 0.9999999580550989 0.9999999709051207
0.0039593249913725 -0.0000000008009337 0.0001011579177015 0.0000000001226051 0.9999999489838600 0.9999999646129463
0.0043513607760176 -0.0000000009673964 0.0001011579146892 0.0000000001627498 0.9999999383808148 0.9999999572582495
0.0047667148868060 -0.0000000011608942 0.0001011579111878 0.0000000002139453 0.9999999260557350 0.9999999487090806
0.0052058883400241 -0.0000000013846628 0.0001011579071386 0.0000000002786953 0.9999999118025263 0.9999999388224841
0.0056693549303976 -0.0000000016421832 0.0001011579024786 0.0000000003599532 0.9999998953994453 0.9999999274446499
0.0061576081841959 -0.0000000019372177 0.0001011578971398 0.0000000004611915 0.9999998766068660 0.9999999144093639
0.0066711297552841 -0.0000000022738044 0.0001011578910490 0.0000000005864666 0.9999998551675653 0.9999998995382056
0.0072103704804436 -0.0000000026562533 0.0001011578841284 0.0000000007404877 0.9999998308070167 0.9999998826407522
0.0077758001389211 -0.0000000030891892 0.0001011578762942 0.0000000009287105 0.9999998032306395 0.9999998635126708
0.0083678574188216 -0.0000000035775266 0.0001011578674574 0.0000000011574118 0.9999997721253965 0.9999998419368261
0.0089869976784643 -0.0000000041265164 0.0001011578575231 0.0000000014338013 0.9999997371568202 0.9999998176812179
0.0096336390000139 -0.0000000047417107 0.0001011578463908 0.0000000017661036 0.9999996979712776 0.9999997905005517
0.0103082412652147 -0.0000000054290452 0.0001011578339531 0.0000000021637086 0.9999996541906725 0.9999997601325649
0.0110112160881473 -0.0000000061947655 0.0001011578200969 0.0000000026372475 0.9999996054171925 0.9999997263013181
0.0117429854150641 -0.0000000070454921 0.0001011578047026 0.0000000031987521 0.9999995512291336 0.9999996887143004
0.0125039555483296 -0.0000000079882035 0.0001011577876436 0.0000000038617777 0.9999994911819947 0.9999996470631873
0.0132945358882377 -0.0000000090302677 0.0001011577687869 0.0000000046415660 0.9999994248064603 0.9999996010224422
0.0141151360819528 -0.0000000101794517 0.0001011577479917 0.0000000055552062 0.9999993516078031 0.9999995502489016
0.0149661576662916 -0.0000000114439213 0.0001011577251104 0.0000000066217976 0.9999992710658964 0.9999994943817840
0.0158479936007626 -0.0000000128322493 0.0001011576999878 0.0000000078626291 0.9999991826346893 0.9999994330423255
0.0167610362209952 -0.0000000143534375 0.0001011576724611 0.0000000093013824 0.9999990857407940 0.9999993658328000
0.0177056496230163 -0.0000000160168792 0.0001011576423601 0.0000000109642890 0.9999989797858939 0.9999992923381897
0.0186822580167135 -0.0000000178325264 0.0001011576095049 0.0000000128805066 0.9999988641360963 0.9999992121187993
0.0196911970599328 -0.0000000198106331 0.0001011575737100 0.0000000150820775 0.9999987381382590 0.9999991247215813
0.0207328514919416 -0.0000000219620139 0.0001011575347795 0.0000000176044268 0.9999986011035313 0.9999990296687189
0.0218075833223401 -0.0000000242979221 0.0001011574925099 0.0000000204864808 0.9999984523151202 0.9999989264630127
0.0229157943195789 -0.0000000268301963 0.0001011574466870 0.0000000237711090 0.9999982910189655 0.9999988145814133
0.0240578092513498 -0.0000000295710085 0.0001011573970904 0.0000000275050781 0.9999981164397616 0.9999986934861339
0.0252339953401680 -0.0000000325331396 0.0001011573434890 0.0000000317396883 0.9999979277634055 0.9999985626124759
0.0264447125383605 -0.0000000357298831 0.0001011572856421 0.0000000365309613 0.9999977241431648 0.9999984213731067
0.0276903117970717 -0.0000000391750481 0.0001011572232999 0.0000000419399618 0.9999975046994628 0.9999982691579112
0.0289711364226478 -0.0000000428829701 0.0001011571562030 0.0000000480331451 0.9999972685191867 0.9999981053335111
0.0302875362780454 -0.0000000468685624 0.0001011570840815 0.0000000548827932 0.9999970146524124 0.9999979292409942
0.0316398608079009 -0.0000000511473111 0.0001011570066552 0.0000000625673824 0.9999967421127649 0.9999977401961624
0.0330284357925906 -0.0000000557352080 0.0001011569236346 0.0000000711718469 0.9999964498816177 0.9999975374924466
0.0344535989994194 -0.0000000606488728 0.0001011568347192 0.0000000807881978 0.9999961369003771 0.9999973203955530
0.0359156798168076 -0.0000000659054990 0.0001011567395977 0.0000000915158509 0.9999958020739000 0.9999970881458345
0.0374150223454191 -0.0000000715229484 0.0001011566379469 0.0000001034622651 0.9999954442644722 0.9999968399541135
0.0389519505197566 -0.0000000775196363 0.0001011565294336 0.0000001167431709 0.9999950622991201 0.9999965750067533
0.0405267706100090 -0.0000000839145390 0.0001011564137144 0.0000001314830422 0.9999946549691473 0.9999962924653368
0.0421398233218881 -0.0000000907274159 0.0001011562904318 0.0000001478161096 0.9999942210159763 0.9999959914568451
0.0437914255037202 -0.0000000979785896 0.0001011561592180 0.0000001658863930 0.9999937591451553 0.9999956710833733
0.0454818925211570 -0.0000001056890428 0.0001011560196934 0.0000001858484618 0.9999932680201958 0.9999953304178556
0.0472115296173032 -0.0000001138803877 0.0001011558714668 0.0000002078679182 0.9999927462645137 0.9999949685054118
0.0489806606768470 -0.0000001225750133 0.0001011557141331 0.0000002321223851 0.9999921924520421 0.9999945843568352
0.0507896045795362 -0.0000001317959924 0.0001011555472748 0.0000002588018937 0.9999916051131698 0.9999941769527121
0.0526386403829252 -0.0000001415669026 0.0001011553704653 0.0000002881089717 0.9999909827461371 0.9999937452513254
0.0545280836919310 -0.0000001519122262 0.0001011551832616 0.0000003202604628 0.9999903237915508 0.9999932881709778
0.0564582519369361 -0.0000001628571978 0.0001011549852071 0.0000003554878169 0.9999896266421195 0.9999928045967428
0.0584294298955057 -0.0000001744276130 0.0001011547758349 0.0000003940371723 0.9999888896548150 0.9999922933889014
0.0604419516360226 -0.0000001866503143 0.0001011545546594 0.0000004361716975 0.9999881111199318 0.9999917533614795
0.0624960683106682 -0.0000001995524104 0.0001011543211900 0.0000004821697042 0.9999872893108084 0.9999911833167360
0.0645921022788976 -0.0000002131622192 0.0001011540749143 0.0000005323286782 0.9999864224237865 0.9999905820035160
0.0667303500432412 -0.0000002275086938 0.0001011538153085 0.0000005869641481 0.9999855086147341 0.9999899481425838
0.0689110689970902 -0.0000002426213148 0.0001011535418391 0.0000006464100151 0.9999845460059424 0.9999892804314068
0.0711345635399988 -0.0000002585306842 0.0001011532539523 0.0000007110217154 0.9999835326482701 0.9999885775178962
0.0734011429745830 -0.0000002752682757 0.0001011529510786 0.0000007811762687 0.9999824665370785 0.9999878380114599
0.0757110707427800 -0.0000002928660604 0.0001011526326396 0.0000008572716190 0.9999813456360302 0.9999870604995094
0.0780646344982017 -0.0000003113570252 0.0001011522980384 0.0000009397297295 0.9999801678441294 0.9999862435245973
0.0804621279864029 -0.0000003307750641 0.0001011519466616 0.0000010289972043 0.9999789310025794 0.9999853855891728
0.0829038219191686 -0.0000003511547528 0.0001011515778836 0.0000011255452791 0.9999776329091971 0.9999844851655796
0.0853900146213423 -0.0000003725317740 0.0001011511910589 0.0000012298728742 0.9999762712912887 0.9999835406772404
0.0879209534565831 -0.0000003949422597 0.0001011507855336 0.0000013425045138 0.9999748438475606 0.9999825505277272
0.0904969015136279 -0.0000004184233544 0.0001011503606355 0.0000014639941015 0.9999733482122480 0.9999815130758790
0.0931181716567292 -0.0000004430135711 0.0001011499156680 0.0000015949281005 0.9999717819324190 0.9999804266200567
0.0957850199279330 -0.0000004687518284 0.0001011494499267 0.0000017359217470 0.9999701425293395 0.9999792894407084
0.0984977143184711 -0.0000004956780781 0.0001011489626887 0.0000018876234895 0.9999684274584791 0.9999780997726265
0.1012565116961904 -0.0000005238330953 0.0001011484532164 0.0000020507151187 0.9999666341228869 0.9999768558142242
0.1040616990716101 -0.0000005532589136 0.0001011479207492 0.0000022259156205 0.9999647598454591 0.9999755557082980
0.1069135300210874 -0.0000005839981871 0.0001011473645152 0.0000024139788269 0.9999628019096126 0.9999741975702396
0.1098122791045823 -0.0000006160947645 0.0001011467837212 0.0000026156981918 0.9999607575226823 0.9999727794626446
0.1127582163830376 -0.0000006495934396 0.0001011461775567 0.0000028319067792 0.9999586238318419 0.9999712994063551
0.1157515867524680 -0.0000006845397127 0.0001011455451984 0.0000030634771114 0.9999563979392765 0.9999697553909821
0.1187926385881801 -0.0000007209801128 0.0001011448858044 0.0000033113246507 0.9999540768816989 0.9999681453606959
0.1218816613290906 -0.0000007589626823 0.0001011441985056 0.0000035764128045 0.9999516575994352 0.9999664671927795
0.1250189027333181 -0.0000007985359984 0.0001011434824230 0.0000038597478761 0.9999491369987903 0.9999647187408879
0.1282046072090292 -0.0000008397496214 0.0001011427366601 0.0000041623835979 0.9999465119234870 0.9999628978152341
0.1314390547682943 -0.0000008826546244 0.0001011419602926 0.0000044854268025 0.9999437791209218 0.9999610021591802
0.1347224553388062 -0.0000009273022105 0.0001011411523943 0.0000048300287848 0.9999409353302628 0.9999590295103458
0.1380551075171835 -0.0000009737458463 0.0001011403119978 0.0000051974032746 0.9999379771465295 0.9999569775063217
0.1414372242149172 -0.0000010220389064 0.0001011394381375 0.0000055888100851 0.9999349011706621 0.9999548437887672
0.1448690967622067 -0.0000010722369668 0.0001011385298079 0.0000060055751032 0.9999317038634185 0.9999526259020588
0.1483509245677854 -0.0000011243953735 0.0001011375860078 0.0000064490723854 0.9999283817002701 0.9999503214007357
0.1518829908717443 -0.0000011785718184 0.0001011366056933 0.0000069207474652 0.9999249310073048 0.9999479277356664
0.1554655153241390 -0.0000012348241616 0.0001011355878177 0.0000074221009829 0.9999213480999710 0.9999454423502896
0.1590987810763233 -0.0000012932123933 0.0001011345312958 0.0000079547078585 0.9999176291580842 0.9999428625939060
0.1627829951518302 -0.0000013537964427 0.0001011334350433 0.0000085201997613 0.9999137703654233 0.9999401858185096
0.1665184383310547 -0.0000014166385971 0.0001011322979336 0.0000091202893431 0.9999097677556270 0.9999374092718872
0.1703053180813084 -0.0000014818010965 0.0001011311188405 0.0000097567499885 0.9999056173654320 0.9999345302039115
0.1741438720933593 -0.0000015493478461 0.0001011298966082 0.0000104314340429 0.9999013151255632 0.9999315457908514
0.1780343634829484 -0.0000016193444006 0.0001011286300507 0.0000111462754889 0.9998968568617844 0.9999284531360964
0.1819770087214157 -0.0000016918566872 0.0001011273179753 0.0000119032793669 0.9998922383761975 0.9999252493265485
0.1859720677013942 -0.0000017669526363 0.0001011259591534 0.0000127045408301 0.9998874553434248 0.9999219313606014
0.1900197785510087 -0.0000018447010164 0.0001011245523410 0.0000135522357062 0.9998825033847762 0.9999184961995848
0.1941203467423352 -0.0000019251711869 0.0001011230962834 0.0000144486197947 0.9998773780840374 0.9999149407787125
0.1982740466723454 -0.0000020084350990 0.0001011215896791 0.0000153960536944 0.9998720748600125 0.9999112619186601
0.2024810756913551 -0.0000020945644350 0.0001011200312316 0.0000163969734809 0.9998665891487365 0.9999074564519619
0.2067416542467295 -0.0000021836325709 0.0001011184196137 0.0000174539150805 0.9998609162784906 0.9999035211363027
0.2110560523743524 -0.0000022757152090 0.0001011167534561 0.0000185695252884 0.9998550514295085 0.9998994526265605
0.2154244714760176 -0.0000023708878982 0.0001011150313923 0.0000197465349327 0.9998489897919053 0.9998952475843578
0.2198471667976753 -0.0000024692286452 0.0001011132520115 0.0000209877932183 0.9998427263994063 0.9998909025627106
0.2243243303409141 -0.0000025708153645 0.0001011114139044 0.0000222962389851 0.9998362562917306 0.9998864141186712
0.2288562434253787 -0.0000026757293135 0.0001011095156016 0.0000236749474747 0.9998295742958369 0.9998817786615675
0.2334430912956322 -0.0000027840508906 0.0001011075556488 0.0000251270791715 0.9998226752935537 0.9998769926386567
0.2380851236791201 -0.0000028958633280 0.0001011055325408 0.0000266559310162 0.9998155539863642 0.9998720523719447
0.2427825369415288 -0.0000030112499341 0.0001011034447711 0.0000282649027648 0.9998082050710796 0.9998669541800481
0.2475355573017363 -0.0000031302960821 0.0001011012907958 0.0000299575270541 0.9998006231131823 0.9998616942903212
0.2523444137153899 -0.0000032530885949 0.0001010990690446 0.0000317374646798 0.9997928025859965 0.9998562688660215
0.2572093694242726 -0.0000033797165939 0.0001010967779061 0.0000336085207476 0.9997847378166618 0.9998506739688211
0.2621305910637192 -0.0000035102680924 0.0001010944157887 0.0000355745976528 0.9997764232030840 0.9998449057093067
0.2671083294862656 -0.0000036448346993 0.0001010919810358 0.0000376397678852 0.9997678529143799 0.9998389600391558
0.2721427739357554 -0.0000037835077908 0.0001010894719953 0.0000398082203450 0.9997590211347152 0.9998328329202905
0.2772341496070218 -0.0000039263811274 0.0001010868869717 0.0000420843036708 0.9997499218966364 0.9998265202092403
0.2823826725743252 -0.0000040735496587 0.0001010842242485 0.0000444725117982 0.9997405491571913 0.9998200177099423
0.2875886040086955 -0.0000042251111051 0.0001010814820586 0.0000469775137640 0.9997308966972258 0.9998133211038653
0.2928520856672284 -0.0000043811611695 0.0001010786586719 0.0000496040782719 0.9997209584263334 0.9998064261615655
0.2981734062138658 -0.0000045418013400 0.0001010757522536 0.0000523572072387 0.9997107278859440 0.9997993283979303
0.3035527389993469 -0.0000047071311703 0.0001010727610038 0.0000552420105672 0.9997001987409806 0.9997920234132677
0.3089903011477266 -0.0000048772529973 0.0001010696830725 0.0000582637894685 0.9996893644793979 0.9997845066848404
0.3144863134842086 -0.0000050522707871 0.0001010665165804 0.0000614280215857 0.9996782184857306 0.9997767736178795
0.3200409645605232 -0.0000052322889815 0.0001010632596394 0.0000647403440388 0.9996667541145390 0.9997688195965291
0.3256544983091383 -0.0000054174153342 0.0001010599103019 0.0000682066096243 0.9996549645098065 0.9997606398585297
0.3313271086246853 -0.0000056077575142 0.0001010564666217 0.0000718328288583 0.9996428428212651 0.9997522296452920
0.3370590143390507 -0.0000058034255552 0.0001010529266100 0.0000756252196676 0.9996303820484348 0.9997435840936771
0.3428504000802599 -0.0000060045298694 0.0001010492882712 0.0000795901738054 0.9996175751671286 0.9997346983237528
0.3487014903138296 -0.0000062111837949 0.0001010455495570 0.0000837343110172 0.9996044149672149 0.9997255673262144
0.3546125209457299 -0.0000064235026985 0.0001010417083825 0.0000880644675908 0.9995908941098045 0.9997161860020447
0.3605836083911960 -0.0000066415992014 0.0001010377627125 0.0000925876021117 0.9995770054312929 0.9997065493734572
0.3666150662278693 -0.0000068655946827 0.0001010337103536 0.0000973110373742 0.9995627412108227 0.9996966520756111
0.3727070366635170 -0.0000070956058695 0.0001010295491965 0.0001022421880230 0.9995480940242432 0.9996864889491115
0.3788597214640114 -0.0000073317532541 0.0001010252770642 0.0001073887394871 0.9995330562081508 0.9996760546681172
0.3850733636557096 -0.0000075741605707 0.0001010208917210 0.0001127586452155 0.9995176198931938 0.9996653437634270
0.3913481336866180 -0.0000078229503901 0.0001010163909524 0.0001183600348148 0.9995017772846710 0.9996543508171605
0.3976842445648640 -0.0000080782485752 0.0001010117724846 0.0001242013170226 0.9994855203787743 0.9996430702658470
0.4040818964436775 -0.0000083401821439 0.0001010070340230 0.0001302911379866 0.9994688410987584 0.9996314964948896
0.4105413043623906 -0.0000086088804016 0.0001010021732319 0.0001366384127842 0.9994517312227904 0.9996196237884786
0.4170626452585979 -0.0000088844727466 0.0001009971877739 0.0001432522790386 0.9994341825237749 0.9996074464265965
0.4236461099027145 -0.0000091670908013 0.0001009920752718 0.0001501421519286 0.9994161866336302 0.9995949585908165
0.4302919493097566 -0.0000094568705095 0.0001009868332701 0.0001573177832376 0.9993977349098050 0.9995821542716473
0.4370002941507864 -0.0000097539442944 0.0001009814593774 0.0001647890735252 0.9993788189346159 0.9995690276150181
0.4437713740328412 -0.0000100584505955 0.0001009759510937 0.0001725663132915 0.9993594299080221 0.9995555725008785
0.4506054002050947 -0.0000103705288238 0.0001009703059016 0.0001806600655516 0.9993395589688859 0.9995417827661048
0.4575025570783075 -0.0000106903189151 0.0001009645212743 0.0001890811586081 0.9993191972234536 0.9995276522242411
0.4644630229486743 -0.0000110179622301 0.0001009585946597 0.0001978407140626 0.9992983356880550 0.9995131746257103
0.4714870033211732 -0.0000113536031480 0.0001009525234511 0.0002069501959865 0.9992769651876823 0.9994983435874005
0.4785747113155117 -0.0000116973882176 0.0001009463050029 0.0002164213963043 0.9992550764100542 0.9994831526301524
0.4857262946322254 -0.0000120494625759 0.0001009399366953 0.0002262663412113 0.9992326601337090 0.9994675953370310
0.4929419886267549 -0.0000124099774243 0.0001009334157991 0.0002364975048394 0.9992097067520107 0.9994516650229488
0.5002219666823886 -0.0000127790827207 0.0001009267396078 0.0002471276128595 0.9991862067384761 0.9994353550575777
0.5075664218895932 -0.0000131569311946 0.0001009199053652 0.0002581697610326 0.9991621503911728 0.9994186586879251
0.5149755516938451 -0.0000135436776248 0.0001009129102781 0.0002696374025304 0.9991375278787541 0.9994015690702477
0.5224495443614793 -0.0000139394781457 0.0001009057515293 0.0002815443343815 0.9991123292846625 0.9993840793006968
0.5299886084175527 -0.0000143444918168 0.0001008984262489 0.0002939047517518 0.9990865445072524 0.9993661823459609
0.5375928780395781 -0.0000147588755202 0.0001008909316067 0.0003067330984236 0.9990601635846623 0.9993478712687197
0.5452625984537839 -0.0000151827940023 0.0001008832646307 0.0003200443826932 0.9990331760555627 0.9993291387839057
0.5529979212529049 -0.0000156164087653 0.0001008754224079 0.0003338538418200 0.9990055716664422 0.9993099777495917
0.5607990350342595 -0.0000160598851879 0.0001008674019554 0.0003481771696662 0.9989773399182796 0.9992903808522957
0.5686661557935480 -0.0000165133921253 0.0001008592002280 0.0003630305155526 0.9989484700920940 0.9992703406246664
0.5765994669834180 -0.0000169770985033 0.0001008508141797 0.0003784303817101 0.9989189514658048 0.9992498495959741
0.5845991281781524 -0.0000174511737159 0.0001008422407560 0.0003943936403776 0.9988887732889623 0.9992289002745334
0.5926652992367176 -0.0000179357889999 0.0001008334768700 0.0004109375855759 0.9988579246952919 0.9992074850869529
0.6007982057218648 -0.0000184311214567 0.0001008245193288 0.0004280800810199 0.9988263944467310 0.9991855962003934
0.6089980411924866 -0.0000189373482633 0.0001008153649389 0.0004458393730685 0.9987941713020068 0.9991632257783836
0.6172649681218391 -0.0000194546466092 0.0001008060105067 0.0004642340923270 0.9987612440206937 0.9991403659835975
0.6255991626839671 -0.0000199831964356 0.0001007964527897 0.0004832833567140 0.9987276011889125 0.9991170088568018
0.6340008375132088 -0.0000205231819757 0.0001007866884678 0.0005030068384444 0.9986932311213343 0.9990931462487628
0.6424701378394488 -0.0000210747851134 0.0001007767142644 0.0005234245308104 0.9986581222839974 0.9990687701137472
0.6510072251196821 -0.0000216381906584 0.0001007665268502 0.0005445569454096 0.9986222629585586 0.9990438722763724
0.6596123493411576 -0.0000222135912923 0.0001007561227542 0.0005664253123855 0.9985856409275905 0.9990184442130331
0.6682856502250727 -0.0000228011744132 0.0001007454986014 0.0005890510941874 0.9985482443119512 0.9989924776332505
0.6770273314140957 -0.0000234011336931 0.0001007346509041 0.0006124564300925 0.9985100608352532 0.9989659639689157
0.6858375385374683 -0.0000240136608398 0.0001007235762107 0.0006366638284555 0.9984710783482297 0.9989388947383258
0.6947164392665540 -0.0000246389510218 0.0001007122710075 0.0006616963843069 0.9984312844835737 0.9989112613064596
0.7036642410488891 -0.0000252772042493 0.0001007007316940 0.0006875778487164 0.9983906665681018 0.9988830548239074
0.7126810744786584 -0.0000259286170873 0.0001006889547327 0.0007143323030406 0.9983492121502194 0.9988542665930955
0.7217671639254326 -0.0000265933948758 0.0001006769364279 0.0007419846656604 0.9983069082223166 0.9988248875282201
0.7309226940152718 -0.0000272717422184 0.0001006646730983 0.0007705603162125 0.9982637418261376 0.9987949085755674
0.7401478107999238 -0.0000279638628982 0.0001006521610778 0.0008000850944408 0.9982197000582137 0.9987643207172370
0.7494426830777511 -0.0000286699643933 0.0001006393966344 0.0008305854986585 0.9981747697825710 0.9987331147715499
0.7588075074296465 -0.0000293902583832 0.0001006263759609 0.0008620887223847 0.9981289375986286 0.9987012813706674
0.7682424364557771 -0.0000301249552689 0.0001006130952740 0.0008946224261430 0.9980821901899664 0.9986688112027543
0.7777476523821306 -0.0000308742698103 0.0001005995507125 0.0009282149928136 0.9980345139657085 0.9986356947628233
0.7873232920484396 -0.0000316384152559 0.0001005857384432 0.0009628952762239 0.9979858954341058 0.9986019226121472
0.7969695741192593 -0.0000324176134696 0.0001005716544781 0.0009986930696372 0.9979363205583445 0.9985674849307044
0.8066866644252203 -0.0000332120842649 0.0001005572948672 0.0010356386356429 0.9978857754352245 0.9985323719885210
0.8164747227003418 -0.0000340220490469 0.0001005426556326 0.0010737628776666 0.9978342460635700 0.9984965739847284
0.8263339106052838 -0.0000348477314662 0.0001005277327568 0.0011130973806909 0.9977817183026763 0.9984600810186117
0.8362644489740368 -0.0000356893623183 0.0001005125220942 0.0011536746601642 0.9977281775607604 0.9984228828730638
0.8462664085027140 -0.0000365471617959 0.0001004970196917 0.0011955273165364 0.9976736099241282 0.9983849697989992
0.8563400468875855 -0.0000374213681634 0.0001004812212706 0.0012386894336040 0.9976180003330934 0.9983463312479441
0.8664855049335288 -0.0000383122118822 0.0001004651226944 0.0012831953360533 0.9975613342281607 0.9983069570156672
0.8767029497411890 -0.0000392199278148 0.0001004487197483 0.0013290801923245 0.9975035967737320 0.9982668367027322
0.8869925493264450 -0.0000401447530753 0.0001004320081775 0.0013763799222130 0.9974447729949972 0.9982259598095063
0.8973544497871259 -0.0000410869249551 0.0001004149837255 0.0014251311009086 0.9973848479099832 0.9981843158278246
0.9077888181497097 -0.0000420466847793 0.0001003976420641 0.0014753711678819 0.9973238062843574 0.9981418940704981
0.9182958411341494 -0.0000430242779108 0.0001003799787933 0.0015271384446231 0.9972616326313638 0.9980986836711446
0.9288756679014302 -0.0000440199484452 0.0001003619895371 0.0015804718666914 0.9971983115492986 0.9980546738186210
0.9395284708749473 -0.0000450339448414 0.0001003436698421 0.0016354112921169 0.9971338273635907 0.9980098535081647
0.9502544202852784 -0.0000460665175904 0.0001003250152197 0.0016919973920057 0.9970681642751575 0.9979642116443813
0.9610536271019116 -0.0000471179136256 0.0001003060212466 0.0017502713509489 0.9970013067160090 0.9979177372883237
0.9719262755337372 -0.0000481883891239 0.0001002866833342 0.0018102755830698 0.9969332385353488 0.9978704190916329
0.9828725730140113 -0.0000492782049088 0.0001002669968112 0.0018720535048327 0.9968639432920907 0.9978222454996994
0.9938926893809404 -0.0000503876204327 0.0001002469570327 0.0019356492089022 0.9967934046376253 0.9977732050176290
1.0049867140616928 -0.0000515168891958 0.0001002265594628 0.0020011071987136 0.9967216066072330 0.9977232864127672
1.0161548290982090 -0.0000526662762048 0.0001002057993593 0.0020684734040958 0.9966485325101390 0.9976724779428998
1.0273972154008448 -0.0000538360486951 0.0001001846719414 0.0021377946715938 0.9965741655196432 0.9976207677663619
1.0387140428169039 -0.0000550264750832 0.0001001631724086 0.0022091187148128 0.9964984887398673 0.9975681439883169
1.0501054245785475 -0.0000562378200420 0.0001001412960298 0.0022824938245938 0.9964214855189477 0.9975145948784352
1.0615715463143489 -0.0000574703581242 0.0001001190378971 0.0023579697015299 0.9963431385831807 0.9974601082686479
1.0731125541598203 -0.0000587243619658 0.0001000963931391 0.0024355967608798 0.9962634307870993 0.9974046720745949
1.0847286005392400 -0.0000600001071185 0.0001000733568336 0.0025154264365604 0.9961823448064361 0.9973482740819691
1.0964198721956517 -0.0000612978752217 0.0001000499239502 0.0025975113990212 0.9960998629367451 0.9972909018062797
1.1081864874561207 -0.0000626179426262 0.0001000260895561 0.0026819048512770 0.9960159678166053 0.9972325429957339
1.1200286357146343 -0.0000639605958930 0.0001000018485362 0.0027686615241319 0.9959306414427977 0.9971731849460603
1.1319464205444365 -0.0000653261141540 0.0000999771959115 0.0028578365598700 0.9958438662914876 0.9971128152802723
1.1439400543458809 -0.0000667147912578 0.0000999521264393 0.0029494869624425 0.9957556239111107 0.9970514209696146
1.1560096494538978 -0.0000681269118672 0.0000999266350451 0.0030436700529070 0.9956658964414825 0.9969889893902372
1.1681553811640795 -0.0000695627702306 0.0000999007164833 0.0031404447158519 0.9955746654211974 0.9969255074933059
1.1803774066392585 -0.0000710226608366 0.0000998743655067 0.0032398708002394 0.9954819123816784 0.9968609622181254
1.1926758438638325 -0.0000725068757569 0.0000998475769136 0.0033420089434662 0.9953876190161723 0.9967953406096046
1.2050509202798865 -0.0000740157226239 0.0000998203452240 0.0034469218261435 0.9952917660378494 0.9967286290233818
1.2175027324197412 -0.0000755494955623 0.0000997926652042 0.0035546721825543 0.9951943350267467 0.9966608144110025
1.2300314001855581 -0.0000771084936700 0.0000997645315331 0.0036653240774994 0.9950953072558407 0.9965918835028057
1.2426371332279713 -0.0000786930295544 0.0000997359386488 0.0037789435465518 0.9949946631491696 0.9965218224304612
1.2553200417581420 -0.0000803034057657 0.0000997068811729 0.0038955969370660 0.9948923837789880 0.9964506177689180
1.2680802764794497 -0.0000819399322056 0.0000996773535976 0.0040153521589051 0.9947884497602418 0.9963782557666782
1.2809180009093508 -0.0000836029227878 0.0000996473503453 0.0041382784708928 0.9946828414629731 0.9963047224934094
1.2938333335078736 -0.0000852926879174 0.0000996168659044 0.0042644459389693 0.9945755394901543 0.9962300041724549
1.3068264451517022 -0.0000870095471468 0.0000995858946015 0.0043939263897918 0.9944665238742622 0.9961540866212026
1.3198974952427749 -0.0000887538209546 0.0000995544307492 0.0045267928235060 0.9943557745996402 0.9960769556145617
1.3330465685830648 -0.0000905258221280 0.0000995224688021 0.0046631187588118 0.9942432721498529 0.9959985972660169
1.3462738851645708 -0.0000923258839624 0.0000994900028480 0.0048029804131066 0.9941289957175896 0.9959189967806253
1.3595795663380461 -0.0000941543288746 0.0000994570271742 0.0049464543141629 0.9940129251976713 0.9958381398428791
1.3729637256413820 -0.0000960114804156 0.0000994235360506 0.0050936182227275 0.9938950404246213 0.9957560120855272
1.3864265482791875 -0.0000978976744088 0.0000993895235294 0.0052445520404301 0.9937753204659551 0.9956725985969502
1.3999681506588051 -0.0000998132394735 0.0000993549837962 0.0053993362843795 0.9936537448587917 0.9955878847824365
1.4135886829680526 -0.0001017585112828 0.0000993199109128 0.0055580532359762 0.9935302927051548 0.9955018557336448
1.4272882682887711 -0.0001037338239761 0.0000992842989724 0.0057207862660761 0.9934049432173012 0.9954144966083311
1.4410670405407859 -0.0001057395155262 0.0000992481420027 0.0058876202856875 0.9932776753774275 0.9953257923929830
1.4549251854956677 -0.0001077759338718 0.0000992114338556 0.0060586422870409 0.9931484675489408 0.9952357276315527
1.4688628404958446 -0.0001098434223362 0.0000991741684703 0.0062339401500117 0.9930172984020174 0.9951442870702896
1.4828801331411963 -0.0001119423251150 0.0000991363397741 0.0064136031040094 0.9928841465657022 0.9950514554150545
1.4969771591505103 -0.0001140729838482 0.0000990979417444 0.0065977214424610 0.9927489908456305 0.9949572174828923
1.5111540853211718 -0.0001162357531765 0.0000990589681287 0.0067863878842193 0.9926118092375873 0.9948615575139632
1.5254110865297377 -0.0001184309915018 0.0000990194126107 0.0069796968182329 0.9924725795141259 0.9947644595801486
1.5397482121554729 -0.0001206590401958 0.0000989792691857 0.0071777424713766 0.9923312805434796 0.9946659085046718
1.5541656664687613 -0.0001229202668799 0.0000989385313803 0.0073806227475105 0.9921878895450372 0.9945658879477413
1.5686636323757117 -0.0001252150385158 0.0000988971927377 0.0075884368978509 0.9920423837965666 0.9944643815967420
1.5832421451691854 -0.0001275437009992 0.0000988552471853 0.0078012836538190 0.9918947419282624 0.9943613740688841
1.5979013778431068 -0.0001299066242852 0.0000988126882220 0.0080192653288412 0.9917449410618493 0.9942568489151250
1.6126414421209816 -0.0001323041708839 0.0000987695094856 0.0082424849829268 0.9915929588085900 0.9941507900136971
1.6274625314845874 -0.0001347367189931 0.0000987257043364 0.0084710485835930 0.9914387718032261 0.9940431805467872
1.6423647056307118 -0.0001372046272493 0.0000986812664922 0.0087050617250782 0.9912823579387573 0.9939340045598296
1.6573481642625598 -0.0001397082796889 0.0000986361892187 0.0089446338749313 0.9911236935170109 0.9938232449725029
1.6724129669388430 -0.0001422480393528 0.0000985904661651 0.0091898739935374 0.9909627561896021 0.9937108856311736
1.6875592899816365 -0.0001448242911280 0.0000985440905926 0.0094408946450130 0.9907995222433024 0.9935969094135904
1.7027872421223380 -0.0001474374108518 0.0000984970559312 0.0096978090513767 0.9906339685584116 0.9934812995956838
1.7180970176217238 -0.0001500877914260 0.0000984493553093 0.0099607336644673 0.9904660709546680 0.9933640386962195
1.7334886807288143 -0.0001527758056617 0.0000984009822231 0.0102297845160716 0.9902958065455479 0.9932451101206040
1.7489623725144052 -0.0001555018418839 0.0000983519298954 0.0105050807495533 0.9901231514831423 0.9931244965856543
1.7645182091020724 -0.0001582662863546 0.0000983021915923 0.0107867429003527 0.9899480820721138 0.9930021808972032
1.7801563334670099 -0.0001610695324061 0.0000982517604592 0.0110748938395008 0.9897705741917783 0.9928781455459972
1.7958768714453466 -0.0001639119726607 0.0000982006296604 0.0113696580052780 0.9895906037893795 0.9927523730519289
1.8116799505285044 -0.0001667940023386 0.0000981487923204 0.0116711617577344 0.9894081466710533 0.9926248458176246
1.8275656598899233 -0.0001697160118870 0.0000980962416560 0.0119795326193255 0.9892231789690034 0.9924955464546393
1.8435341981236180 -0.0001726784142004 0.0000980429704875 0.0122949021734007 0.9890356754189588 0.9923644565789067
1.8595856031138143 -0.0001756815947300 0.0000979889721355 0.0126174007977771 0.9888456125187319 0.9922315590184299
1.8757200446500892 -0.0001787259656531 0.0000979342394473 0.0129471634401500 0.9886529651000673 0.9920968354162203
1.8919376408693998 -0.0001818119318458 0.0000978787654088 0.0132843260196209 0.9884577084829754 0.9919602677360289
1.9082384717808998 -0.0001849398930755 0.0000978225431053 0.0136290256456297 0.9882598183372721 0.9918218381653598
1.9246227000136058 -0.0001881102671532 0.0000977655653054 0.0139814031883667 0.9880592692184421 0.9916815280908559
1.9410904671482685 -0.0001913234702865 0.0000977078248144 0.0143416011632795 0.9878560358114284 0.9915393189677352
1.9576418649969538 -0.0001945799112348 0.0000976493145796 0.0147097630707210 0.9876500933007296 0.9913951925785018
1.9742770490258845 -0.0001978800134947 0.0000975900272914 0.0150860359110898 0.9874414159678815 0.9912491300510632
1.9909961080064478 -0.0002012241896388 0.0000975299558452 0.0154705673036072 0.9872299788149409 0.9911011129944647
2.0077991085804996 -0.0002046128497887 0.0000974690931885 0.0158635064308626 0.9870157570289938 0.9909511231239203
2.0246862110431154 -0.0002080464250639 0.0000974074319008 0.0162650067907637 0.9867987245005476 0.9907991412229062
2.0416575284063798 -0.0002115253393475 0.0000973449647001 0.0166752229670734 0.9865788556093108 0.9906451483928589
2.0587132295702211 -0.0002150500302973 0.0000972816840664 0.0170943131136366 0.9863561238968329 0.9904891251231414
2.0758533401625154 -0.0002186209081523 0.0000972175829813 0.0175224340745386 0.9861305046702789 0.9903310531145240
2.0930780373951632 -0.0002222384166977 0.0000971526538334 0.0179597486591637 0.9859019711506958 0.9901709125805278
2.1103873853548683 -0.0002259029782733 0.0000970868894063 0.0184064190902282 0.9856704979484679 0.9900086846817390
2.1277815315699891 -0.0002296150349267 0.0000970202821395 0.0188626119857827 0.9854360584640690 0.9898443497040411
2.1452605605224995 -0.0002333750174820 0.0000969528246840 0.0193284946214844 0.9851986268427282 0.9896778884279528
2.1628246578222692 -0.0002371833807346 0.0000968845092712 0.0198042392995791 0.9849581757526211 0.9895092805705219
2.1804738385969511 -0.0002410405447223 0.0000968153287665 0.0202900160561311 0.9847146800938575 0.9893385073854323
2.1982082545230521 -0.0002449469611468 0.0000967452754779 0.0207860009619779 0.9844681128054131 0.9891655487223736
2.2160280005767188 -0.0002489030714772 0.0000966743419082 0.0212923709124156 0.9842184475111907 0.9889903848819522
2.2339331851728201 -0.0002529093222076 0.0000966025204809 0.0218093055626453 0.9839656575575898 0.9888129959402193
2.2519239413471301 -0.0002569661674994 0.0000965298034938 0.0223369877103965 0.9837097158478060 0.9886333616316887
2.2700003034309821 -0.0002610740412578 0.0000964561836191 0.0228755996717724 0.9834505966042192 0.9884514625858356
2.2881624821495485 -0.0002652334194996 0.0000963816527865 0.0234253314623513 0.9831882714349728 0.9882672775654605
2.3064104757092805 -0.0002694447318070 0.0000963062037696 0.0239863691875483 0.9829227149200558 0.9880807873876672
2.3247444671727306 -0.0002737084522035 0.0000962298285584 0.0245589070600498 0.9826538988806366 0.9878919708997664
2.3431645680587465 -0.0002780250404767 0.0000961525194104 0.0251431396744940 0.9823817960807191 0.9877008075776488
2.3616707989688988 -0.0002823949369439 0.0000960742689448 0.0257392612268860 0.9821063805571233 0.9875072777577979
2.3802633399700839 -0.0002868186214249 0.0000959950690863 0.0263474735616285 0.9818276239033864 0.9873113600256201
2.3989422207272897 -0.0002912965401053 0.0000959149123756 0.0269679762220385 0.9815454998802796 0.9871130344545280
2.4177076265474424 -0.0002958291783702 0.0000958337906650 0.0276009764914002 0.9812599798272523 0.9869122793803188
2.4365595906896984 -0.0003004169870493 0.0000957516964395 0.0282466791973084 0.9809710373102567 0.9867090746678306
2.4554982374591066 -0.0003050604408505 0.0000956686217708 0.0289052948551447 0.9806786444415221 0.9865033991230062
2.4745236511545761 -0.0003097599706109 0.0000955845588870 0.0295770352666326 0.9803827738754142 0.9862952318956163
2.4935757575612159 -0.0003145007526070 0.0000954997687102 0.0302599422667929 0.9800843439125640 0.9860852176514161
2.5127748936965584 -0.0003193134688820 0.0000954137082430 0.0309585429360118 0.9797814434912885 0.9858720098387075
2.5320609404284675 -0.0003241836656351 0.0000953266366346 0.0316709152053106 0.9794749847401559 0.9856562485555914
2.5514341314151276 -0.0003291118541341 0.0000952385453710 0.0323972870392935 0.9791649377112926 0.9854379109645585
2.5708945941160262 -0.0003340985212252 0.0000951494263906 0.0331378853935572 0.9788512740506613 0.9852169753088310
2.5904423381062487 -0.0003391441253102 0.0000950592721565 0.0338929354861478 0.9785339672505071 0.9849934210908895
2.6100775469092916 -0.0003442491713808 0.0000949680743156 0.0346626720045858 0.9782129879313264 0.9847672257481593
2.6298002798716169 -0.0003494141342903 0.0000948758250703 0.0354473276828567 0.9778883086686688 0.9845383680526361
2.6496106202219423 -0.0003546394967681 0.0000947825164990 0.0362471389822661 0.9775599016033711 0.9843068264267819
2.6695086425847965 -0.0003599257409728 0.0000946881407082 0.0370623448411634 0.9772277389738456 0.9840725793179148
2.6894944735082826 -0.0003652733646533 0.0000945926895433 0.0378931892038950 0.9768917921020243 0.9838356044822210
2.7095681852172300 -0.0003706828529006 0.0000944961550943 0.0387399166854864 0.9765520331695373 0.9835958802366336
2.7297298365843470 -0.0003761546887774 0.0000943985295054 0.0396027741928292 0.9762084345506090 0.9833533849880325
2.7499795536636165 -0.0003816893752671 0.0000942998045844 0.0404820144244253 0.9758609674352836 0.9831080962606841
2.7703173856992276 -0.0003872873961375 0.0000941999725011 0.0413778897132808 0.9755096042881540 0.9828599924308211
2.7907434323139242 -0.0003929492505662 0.0000940990251698 0.0422906575285649 0.9751543166756726 0.9826090511923172
2.8112577539007426 -0.0003986754285177 0.0000939969546890 0.0432205765654419 0.9747950768130643 0.9823552506481461
2.8318604690531437 -0.0004044664378312 0.0000938937528591 0.0441679111498267 0.9744318558661219 0.9820985681100014
2.8525516115714504 -0.0004103227641655 0.0000937894118961 0.0451329247328749 0.9740646264652303 0.9818389818738865
2.8733312656414807 -0.0004162449088152 0.0000936839237586 0.0461158860697379 0.9736933603345319 0.9815764695441951
2.8941995506907463 -0.0004222333848319 0.0000935772802172 0.0471170686745130 0.9733180285375019 0.9813110082057721
2.9151565279790241 -0.0004282886902796 0.0000934694733314 0.0481367463836572 0.9729386031548513 0.9810425756097068
2.9362022750072860 -0.0004344113293690 0.0000933604950735 0.0491751968748140 0.9725550559609272 0.9807711492367528
2.9573368677169629 -0.0004406018073745 0.0000932503374194 0.0502327008446362 0.9721673587438906 0.9804967065229021
2.9785603730648815 -0.0004468606284096 0.0000931389923890 0.0513095416430969 0.9717754834464863 0.9802192249582853
2.9998728720974621 -0.0004531883021989 0.0000930264519255 0.0524060064557598 0.9713794017435636 0.9799386817872329
3.0212744291039333 -0.0004595853349551 0.0000929127080590 0.0535223847525019 0.9709790856147983 0.9796550544130070
3.0427651480963815 -0.0004660522462514 0.0000927977526061 0.0546589712533299 0.9705745062904938 0.9793683196500425
3.0643450805642831 -0.0004725895413722 0.0000926815776624 0.0558160611121395 0.9701656359832952 0.9790784549501584
3.0860142634920407 -0.0004791977224028 0.0000925641754057 0.0569939518229828 0.9697524471952038 0.9787854379112594
3.1077727508498203 -0.0004858772977672 0.0000924455379266 0.0581929449293056 0.9693349121227086 0.9784892458547458
3.1296206402149829 -0.0004926287906405 0.0000923256570799 0.0594133476007923 0.9689130021333022 0.9781898554527840
3.1515580321616623 -0.0004994527267073 0.0000922045247030 0.0606554705018697 0.9684866885331019 0.9778872432714516
3.1735849658947579 -0.0005063496139616 0.0000920821329744 0.0619196241040417 0.9680559438301466 0.9775813866669263
3.1957014985425358 -0.0005133199671366 0.0000919584739805 0.0632061231092516 0.9676207402093489 0.9772722627025534
3.2179076872015280 -0.0005203643021612 0.0000918335398148 0.0645152854698891 0.9671810498807961 0.9769598483950827
3.2402036039736699 -0.0005274831409624 0.0000917073224931 0.0658474333092420 0.9667368447819257 0.9766441205020562
3.2625893233831578 -0.0005346770075517 0.0000915798140235 0.0672028922309222 0.9662880968240000 0.9763250556958231
3.2850648750157947 -0.0005419464126698 0.0000914510066788 0.0685819884203997 0.9658347788514573 0.9760026312450168
3.3076303256675446 -0.0005492918801327 0.0000913208925306 0.0699850536189875 0.9653768630002817 0.9756768238465229
3.3302857519997437 -0.0005567139382191 0.0000911894636021 0.0714124235573123 0.9649143212377881 0.9753476100079023
3.3530311915088200 -0.0005642131035444 0.0000910567121545 0.0728644348621982 0.9644471263694193 0.9750149667631659
3.3758666864727864 -0.0005717898952650 0.0000909226304358 0.0743414277687092 0.9639752511549888 0.9746788710432752
3.3987923159441977 -0.0005794448458308 0.0000907872104912 0.0758437482640770 0.9634986676415342 0.9743392991996604
3.4218081055214014 -0.0005871784709467 0.0000906504446951 0.0773717422307096 0.9630173490358710 0.9739962283372402
3.4449141576213274 -0.0005949913131820 0.0000905123249805 0.0789257640481246 0.9625312669920906 0.9736496343804518
3.4681104649229435 -0.0006028838790974 0.0000903728439513 0.0805061641500073 0.9620403955261100 0.9732994948629438
3.4913971151912944 -0.0006108565390870 0.0000902319936717 0.0821133027819130 0.9615447067139344 0.9729457858597532
3.5149032175744757 -0.0006189536625062 0.0000900889789809 0.0837566215670727 0.9610414020488424 0.9725865052281776
3.5383708562463476 -0.0006270878010111 0.0000899453616188 0.0854184518174203 0.9605359779528243 0.9722255723874454
3.5619292775932401 -0.0006353038517037 0.0000898003501352 0.0871081366515887 0.9600256491583390 0.9718609952393499
3.5855782204650346 -0.0006436022367910 0.0000896539387866 0.0888260256270954 0.9595103955014759 0.9714927550862632
3.6093177007918928 -0.0006519834748398 0.0000895061201649 0.0905724911452785 0.9589901909623253 0.9711208289698356
3.6331477651362776 -0.0006604480959337 0.0000893568866972 0.0923479112613479 0.9584650089412708 0.9707451934362682
3.6570684724119591 -0.0006689966354381 0.0000892062307563 0.0941526684506778 0.9579348226492421 0.9703658248136718
3.6810798728012597 -0.0006776296265194 0.0000890541447936 0.0959871480584652 0.9573996055743724 0.9699826995447799
3.7051819818051399 -0.0006863475906246 0.0000889006215071 0.0978517362496755 0.9568593320740010 0.9695957946102536
3.7293748414176928 -0.0006951510594183 0.0000887456534556 0.0997468246729669 0.9563139760168906 0.9692050865558823
3.7536584919973719 -0.0007040405647325 0.0000885892332368 0.1016728083540597 0.9557635114091826 0.9688105519394394
3.7780329756453419 -0.0007130166397845 0.0000884313534661 0.1036300859704937 0.9552079123214720 0.9684121672774233
3.8024982929492079 -0.0007220798031130 0.0000882720070603 0.1056190563315394 0.9546471538851794 0.9680099097588780
3.8270544658553161 -0.0007312305816097 0.0000881111868327 0.1076401233841956 0.9540812108691068 0.9676037562240986
3.8517015546448437 -0.0007404695171236 0.0000879488853782 0.1096936977505295 0.9535100572748273 0.9671936828723195
3.8764396476852596 -0.0007497971629983 0.0000877850951355 0.1117801960621736 0.9529336665552366 0.9667796654163058
3.9012686736124356 -0.0007592140129323 0.0000876198096366 0.1139000249833447 0.9523520160118838 0.9663616822409268
3.9261887245310589 -0.0007687206228539 0.0000874530213673 0.1160536084871540 0.9517650792667209 0.9659397089945807
3.9511997739469176 -0.0007783175041795 0.0000872847236425 0.1182413638945321 0.9511728328591078 0.9655137233280722
3.9763018857482417 -0.0007880052033712 0.0000871149092103 0.1204637198675781 0.9505752513360876 0.9650837013643120
4.0014950580159008 -0.0007977842421322 0.0000869435713020 0.1227211028171699 0.9499723109465368 0.9646496203539267
4.0267793020781681 -0.0008076551476150 0.0000867707031031 0.1250139437669388 0.9493639877793053 0.9642114573354831
4.0521546567883320 -0.0008176184581818 0.0000865962976535 0.1273426797463053 0.9487502574120932 0.9637691888808665
4.0776211702119891 -0.0008276747164528 0.0000864203479704 0.1297077522348690 0.9481310953439127 0.9633227914049761
4.1031788252331971 -0.0008378244397750 0.0000862428475654 0.1321096001865143 0.9475064788156339 0.9628722424777889
4.1288276035453437 -0.0008480681451098 0.0000860637900096 0.1345486657910721 0.9468763852787568 0.9624175197208026
4.1545675552379508 -0.0008584063770385 0.0000858831684455 0.1370254012023804 0.9462407906770128 0.9619585995650745
4.1803987550437114 -0.0008688396908060 0.0000857009758844 0.1395402646429539 0.9455996704953068 0.9614954580051251
4.2063210903008539 -0.0008793685662326 0.0000855172067106 0.1420936995425813 0.9449530050506714 0.9610280744217817
4.2323345698389456 -0.0008899935320925 0.0000853318545094 0.1446861644211343 0.9443007718503127 0.9605564260621986
4.2584392970731919 -0.0009007144311927 0.0000851449122905 0.1473181308595892 0.9436429461947551 0.9600804884712208
4.2822658292611822 -0.0009105503232094 0.0000849734660214 0.1497471141140870 0.9430396509824983 0.9596437869304901
4.3085496936566310 -0.0009214578854203 0.0000847834346356 0.1524563170024024 0.9423709601572879 0.9591595053494628
4.3349198324573610 -0.0009324615097168 0.0000845918310100 0.1552058738280256 0.9416967398436682 0.9586709603721695
4.3613812439930566 -0.0009435637902654 0.0000843986130038 0.1579967717852012 0.9410168418417322 0.9581780376931093
4.3879338524322886 -0.0009547652207710 0.0000842037751408 0.1608294811267142 0.9403312469695700 0.9576807163115274
4.4145776796287954 -0.0009660663359528 0.0000840073112933 0.1637044857606672 0.9396399337548977 0.9571789734540862
4.4413127474211418 -0.0009774676708868 0.0000838092153912 0.1666222731210633 0.9389428809305396 0.9566727863815946
4.4681390149981484 -0.0009889697340772 0.0000836094818912 0.1695833272139147 0.9382400690830253 0.9561621335861472
4.4950565192955221 -0.0010005730674153 0.0000834081047352 0.1725881439828579 0.9375314769910248 0.9556469921307695
4.5220651717746678 -0.0010122781587695 0.0000832050788696 0.1756372087224353 0.9368170869681663 0.9551273415317602
4.5491649789339261 -0.0010240855368647 0.0000830003985988 0.1787310205915792 0.9360968790714355 0.9546031595481135
4.5763559703989598 -0.0010359957408021 0.0000827940581165 0.1818700848631866 0.9353708329697481 0.9540744235365414
4.6036381617616557 -0.0010480093039234 0.0000825860517863 0.1850549087070748 0.9346389289324272 0.9535411111696294
4.6310114787104828 -0.0010601267199770 0.0000823763747282 0.1882859920903436 0.9339011498913731 0.9530032019395545
4.6584759044704418 -0.0010723485078562 0.0000821650216981 0.1915638448748538 0.9331574774995000 0.9524606742860168
4.6860314750449383 -0.0010846752101388 0.0000819519871155 0.1948889866073053 0.9324078922281357 0.9519135056631177
4.7136781075999838 -0.0010971073163364 0.0000817372663911 0.1982619258108569 0.9316523780383298 0.9513616759482032
4.7414158095767727 -0.0011096453562766 0.0000815208543138 0.2016831851145776 0.9308909167050565 0.9508051632986743
4.7692445429402088 -0.0011222898393257 0.0000813027461022 0.2051532848297219 0.9301234915166599 0.9502439468518272
4.7971643326458837 -0.0011350413035282 0.0000810829365575 0.2086727563783492 0.9293500842954623 0.9496780045458828
4.8251750839644245 -0.0011479002322788 0.0000808614215014 0.2122421193102664 0.9285706804566575 0.9491073168204254
4.8532767751777506 -0.0011608671420642 0.0000806381962642 0.2158619054211096 0.9277852636885829 0.9485318627242877
4.8814694756995607 -0.0011739420979352 0.0000804132555639 0.2195326616149034 0.9269938153992952 0.9479516195055200
4.9094126495378605 -0.0011869643496525 0.0000801893297591 0.2232098762696579 0.9262059417776634 0.9473736273996498
4.9377866956314795 -0.0012002540783448 0.0000799609616199 0.2269836273884575 0.9254024425708742 0.9467837916015922
4.9662508796185634 -0.0012136534152342 0.0000797308712318 0.2308098594596809 0.9245928884399434 0.9461891214942043
4.9948058885559750 -0.0012271632061618 0.0000794990486460 0.2346892137450133 0.9237772445090207 0.9455895818464495
5.0234516244227265 -0.0012407839295104 0.0000792654903151 0.2386222303209732 0.9229554984272068 0.9449851538270169
5.0521880491566247 -0.0012545160917229 0.0000790301922971 0.2426094602787762 0.9221276364574738 0.9443758174524224
5.0810151130987169 -0.0012683601935809 0.0000787931508355 0.2466514560557025 0.9212936455180696 0.9437615530860876
5.1099328161216402 -0.0012823167596582 0.0000785543618566 0.2507487800383021 0.9204535114134964 0.9431423401340990
5.1389411201955193 -0.0012963862964179 0.0000783138216885 0.2549019923286870 0.9196072213640978 0.9425181589071018
5.1680399158671060 -0.0013105692754012 0.0000780715273482 0.2591116455712786 0.9187547650166871 0.9418889913684454
5.1972291839747244 -0.0013248662117933 0.0000778274752002 0.2633783081551038 0.9178961297244226 0.9412548176514385
5.2265088418775028 -0.0013392775896553 0.0000775816622354 0.2677025420463806 0.9170313050468762 0.9406156193789902
5.2558788526447398 -0.0013538039153207 0.0000773340851606 0.2720849186608581 0.9161602795469432 0.9399713772978214
5.2853391997301005 -0.0013684457053495 0.0000770847406067 0.2765260153536639 0.9152830415224512 0.9393220718159117
5.3148897479508959 -0.0013832034172034 0.0000768336263097 0.2810263942767336 0.9143995831619893 0.9386676860795021
5.3445304787450789 -0.0013980775661814 0.0000765807391207 0.2855866378116830 0.9135098935436649 0.9380082007904146
5.3742612792276550 -0.0014130686202337 0.0000763260767976 0.2902073165043560 0.9126139649381912 0.9373435988733261
5.4040821212331824 -0.0014281770897775 0.0000760696364792 0.2948890165487515 0.9117117874409942 0.9366738614965558
5.4339930000858123 -0.0014434011977117 0.0000758114153679 0.2996323306723672 0.9108033507727221 0.9359989694099430
5.4631206558266516 -0.0014582941622550 0.0000755589928823 0.3042972972769358 0.9099153197246027 0.9353387429461070
5.4932103386480184 -0.0014737507766612 0.0000752972416008 0.3091640165936075 0.9089944761728422 0.9346536042367455
5.5233881340080684 -0.0014893257765397 0.0000750337177610 0.3140938188621298 0.9080674034879364 0.9339632977804728
5.5536555534250329 -0.0015050204588229 0.0000747684056696 0.3190875503474845 0.9071340466348322 0.9332677704549934
5.5840126092268241 -0.0015208353529691 0.0000745013027493 0.3241458189644946 0.9061943967236870 0.9325670033050596
5.6144591515124143 -0.0015367709041898 0.0000742324079588 0.3292692080955250 0.9052484502708056 0.9318609812568579
5.6449951442210047 -0.0015528276170166 0.0000739617193684 0.3344583223629297 0.9042962006705464 0.9311496867596700
5.6756204455728803 -0.0015690059404735 0.0000736892360995 0.3397137506831220 0.9033376450173747 0.9304331048768741
5.7063350021626169 -0.0015853063700719 0.0000734149566060 0.3450360991459038 0.9023727780611267 0.9297112187711450
5.7371387234342137 -0.0016017293818553 0.0000731388797882 0.3504259696553952 0.9014015961240559 0.9289840126299007
5.7680315044115780 -0.0016182754441913 0.0000728610047942 0.3558839636189876 0.9004240964043999 0.9282514711463408
5.7990132609590441 -0.0016349450366561 0.0000725813307047 0.3614106881101017 0.8994402758656574 0.9275135786871117
5.8300838320453403 -0.0016517385973902 0.0000722998574172 0.3670067383249543 0.8984501343476732 0.9267703216262710
5.8612431717733839 -0.0016686566267025 0.0000720165839100 0.3726727319662220 0.8974536684606584 0.9260216837634628
5.8924912058603178 -0.0016856996100801 0.0000717315095367 0.3784092837333982 0.8964508761371264 0.9252676497362008
5.9238277620804141 -0.0017028631081496 0.0000714446350242 0.3842169920899211 0.8954417588502991 0.9245082067111073
5.9549574925779751 -0.0017199889894120 0.0000711586766891 0.3900409721509325 0.8944358727883414 0.9237505417154717
5.9864705005525973 -0.0017374029524729 0.0000708682128196 0.3959922550207752 0.8934141469124843 0.9229802756734417
6.0180712136566950 -0.0017549432741026 0.0000705759531132 0.4020164365423278 0.8923861131052425 0.9222045707922438
6.0497599651766754 -0.0017726106627310 0.0000702818938056 0.4081142161233054 0.8913517583476818 0.9214234026979309
6.0815367214726423 -0.0017904056256046 0.0000699860346269 0.4142862263035197 0.8903110819169301 0.9206367561225880
6.1134012587627780 -0.0018083285639752 0.0000696883772054 0.4205330642422264 0.8892640897702770 0.9198446206931817
6.1453534731903785 -0.0018263799463661 0.0000693889221869 0.4268553515827407 0.8882107844117373 0.9190469832756192
6.1773932819066442 -0.0018445602538706 0.0000690876701481 0.4332537156577576 0.8871511681063200 0.9182438303987188
6.2095205239422411 -0.0018628699238628 0.0000687846225305 0.4397287695725390 0.8860852461651960 0.9174351507452316
6.2417350709816617 -0.0018813094126407 0.0000684797806034 0.4462811340742995 0.8850130232962710 0.9166209323883970
6.2740367459828184 -0.0018998791490163 0.0000681731462327 0.4529114210299037 0.8839345063102507 0.9158011648460752
6.3064253945109288 -0.0019185795750560 0.0000678647212087 0.4596202477667825 0.8828497017549488 0.9149758372860689
6.3229762671906142 -0.0019281668060853 0.0000677067429978 0.4630720277514828 0.8822940587721806 0.9145527958107010
6.3395271398702997 -0.0019377721308184 0.0000675485159055 0.4665397394450067 0.8817375424588192 0.9141288825498545
6.3627343261774003 -0.0019512753515026 0.0000673262367615 0.4714289423915011 0.8809557469440065 0.9135330177974659
6.3953765276106518 -0.0019703381739251 0.0000670127693071 0.4783590736390364 0.8798532353936759 0.9126920142144966
6.4280885356964932 -0.0019895234993475 0.0000666976781726 0.4853665501973742 0.8787450244671278 0.9118458386536379
6.4608868642064712 -0.0020088414839144 0.0000663808059731 0.4924555164571305 0.8776305608840618 0.9109940527245122
6.4937713030101332 -0.0020282925382712 0.0000660621558269 0.4996265823840200 0.8765098558842735 0.9101366483023196
6.5267415993978748 -0.0020478770480655 0.0000657417314129 0.5068803487073995 0.8753829226833297 0.9092736186293433
6.5597976963564895 -0.0020675955159307 0.0000654195346512 0.5142174595698792 0.8742497683146911 0.9084049520643031
6.5929393183500231 -0.0020874483153831 0.0000650955697304 0.5216385112320604 0.8731104077944439 0.9075306429320726
6.6261662919697022 -0.0021074358814528 0.0000647698399909 0.5291441226228496 0.8719648531592712 0.9066506831285651
6.6594784139001417 -0.0021275586321366 0.0000644423492105 0.5367349060735782 0.8708131179883847 0.9057650655866156
6.6928755739055301 -0.0021478170428721 0.0000641131003947 0.5444114953597684 0.8696552131487822 0.9048737810039911
6.7097864383331807 -0.0021581071739021 0.0000639460339603 0.5483239999696694 0.8690676776338075 0.9044211771007187
6.7266973027608312 -0.0021684161412698 0.0000637787345286 0.5522536165847139 0.8684793253806358 0.9039677041143921
6.7455068637954909 -0.0021799067603117 0.0000635923788318 0.5566445630338058 0.8678239605046185 0.9034622979374745
6.7791470119734081 -0.0022005236860381 0.0000632583784397 0.5645505264100179 0.8666493780246836 0.9025557316157755
6.8128460674414990 -0.0022212620480319 0.0000629228870972 0.5725385377465951 0.8654695661819866 0.9016441592260688
6.8466292337996837 -0.0022421378071282 0.0000625856574799 0.5806151544064273 0.8642836555194580 0.9007268917004573
6.8804962010849593 -0.0022631513203409 0.0000622466953916 0.5887809621881479 0.8630916667680748 0.8998039265419111
6.9144467679889257 -0.0022843030129356 0.0000619060057028 0.5970365721421307 0.8618936173803777 0.8988752585796482
6.9484807125315360 -0.0023055932988523 0.0000615635936388 0.6053825897785773 0.8606895260616755 0.8979408834722926
6.9825978063503751 -0.0023270225895465 0.0000612194646384 0.6138196183454729 0.8594794122717857 0.8970007973247205
7.0167977945255915 -0.0023485912812708 0.0000608736245584 0.6223482536517541 0.8582632969458597 0.8960549972510603
7.0510803964543225 -0.0023702997554045 0.0000605260796686 0.6309690839513959 0.8570412024744445 0.8951034813644611
7.0694805004160433 -0.0023819872703600 0.0000603391903825 0.6356256512183811 0.8563840381787274 0.8945913739303448
7.0878806043777640 -0.0023936959381178 0.0000601520550096 0.6403029285215828 0.8557260120254085 0.8940782836999313
7.1120051180050998 -0.0024090849014668 0.0000599063296970 0.6464667538556604 0.8548619722839077 0.8934040822428888
7.1465327027173746 -0.0024311852568620 0.0000595539161497 0.6553506643046526 0.8536228004707553 0.8924362273591337
7.1811247019336912 -0.0024534156886158 0.0000591999975496 0.6643245850316299 0.8523783531886835 0.8914631317208825
7.2157980848238097 -0.0024757876022616 0.0000588444050407 0.6733935180803463 0.8511280370606175 0.8904843121491519
7.2505525165033955 -0.0024983013508602 0.0000584871463294 0.6825580293914665 0.8498718795542750 0.8894997699805480
7.2853877331854351 -0.0025209573352041 0.0000581282285459 0.6918187017074015 0.8486099061169098 0.8885095048475398
7.3203034129921898 -0.0025437559203413 0.0000577676595715 0.7011761005107210 0.8473421448401551 0.8875135183352977
7.3552992511206075 -0.0025666974843274 0.0000574054472654 0.7106307937206776 0.8460686237436551 0.8865118118553671
7.3903749698684393 -0.0025897824251893 0.0000570415993585 0.7201833545540585 0.8447893704000227 0.8855043863490816
7.4183583548046599 -0.0026082600339744 0.0000567507484208 0.7278592358465609 0.8437667792298008 0.8846982096341155
7.4443605219958968 -0.0026254789411490 0.0000564800385347 0.7350353627849442 0.8428150112584745 0.8839471664654224
7.4796524045815680 -0.0026489294444897 0.0000561119252822 0.7448427100804691 0.8415208070350174 0.8829248177119684
7.5150077948161540 -0.0026725143210396 0.0000557423653431 0.7547456730649503 0.8402215361064179 0.8818972008024871
7.5504414802862518 -0.0026962439667116 0.0000553712101735 0.7647489834389037 0.8389166766353253 0.8808638824451129
7.5859530905048871 -0.0027201187271849 0.0000549984693219 0.7748531742027973 0.8376062626101038 0.8798248680516402
7.6215422654239102 -0.0027441389575002 0.0000546241523804 0.7850587782329738 0.8362903281783360 0.8787801630619029
7.6572086164175044 -0.0027683049958536 0.0000542482693948 0.7953663170104577 0.8349689090866277 0.8777297740894224
7.6929516478500144 -0.0027926171099150 0.0000538708316953 0.8057762773008427 0.8336420456020178 0.8766737112558405
7.7211950583623379 -0.0028118899924018 0.0000535720671555 0.8140589154636849 0.8325917675592907 0.8758368253328112
7.7494384688746614 -0.0028312184127450 0.0000532728485078 0.8223918438424718 0.8315399057567580 0.8749978242652234
7.7853896240701896 -0.0028559065722177 0.0000528913231335 0.8330716955845657 0.8301987257898177 0.8739268103658370
7.8214038520109783 -0.0028807334391163 0.0000525084103119 0.8438521748553691 0.8288526909584414 0.8728505136770779
7.8574928817289642 -0.0029057076677224 0.0000521239924670 0.8547373677023269 0.8275013884030396 0.8717685823464116
7.8936562185885961 -0.0029308295364202 0.0000517380817770 0.8657277380234092 0.8261448613968060 0.8706810284729974
7.9298933745357143 -0.0029560993304411 0.0000513506905030 0.8768237468780874 0.8247831535099781 0.8695878643338587
7.9662038936406994 -0.0029815173600184 0.0000509618307130 0.8880258603991772 0.8234163076398935 0.8684891016055648
7.9842845254191355 -0.0029942103885831 0.0000507679481379 0.8936351487088284 0.8227348175708431 0.8679407204124369
8.0023651571975716 -0.0030069231501028 0.0000505739003250 0.8992652319765497 0.8220527514914437 0.8673915058743914
8.0221327781974896 -0.0030208486142313 0.0000503615594032 0.9054444319851201 0.8213063929330935 0.8667900967093399
8.0586526337293733 -0.0030466510210319 0.0000499687584508 0.9169257113192570 0.8199257534415177 0.8656764156815704
8.0952183584187640 -0.0030725842928867 0.0000495748110043 0.9285065967545719 0.8185411094926793 0.8645579683506353
8.1318549974605876 -0.0030986667319408 0.0000491794557534 0.9401955176157196 0.8171515431094244 0.8634339916356337
8.1685619134405467 -0.0031248985310103 0.0000487827075462 0.9519928521951132 0.8157571069851111 0.8623045048872479
8.2053385343612710 -0.0031512799317899 0.0000483845806723 0.9638989932911044 0.8143578518555171 0.8611695258525575
8.2421842382453878 -0.0031778111426455 0.0000479850901078 0.9759143111356029 0.8129538308728596 0.8600290742203286
8.2658576141458937 -0.0031949060174090 0.0000477280978794 0.9836800430075970 0.8120506374648611 0.8592945784262843
8.2895309900463996 -0.0032120395780214 0.0000474708593991 0.9914816983134157 0.8111465891583440 0.8585587155134322
8.3265517778504279 -0.0032389163658719 0.0000470680992644 1.0037541084564112 0.8097311371782883 0.8574052335215160
8.3636196615098797 -0.0032659289683844 0.0000466642424465 1.0161302735644862 0.8083118593808776 0.8562469669435407
8.4007537023625751 -0.0032930918632095 0.0000462590905555 1.0286170342206808 0.8068880590803982 0.8550833248681540
8.4379532255283820 -0.0033204052290773 0.0000458526598982 1.0412147042896722 0.8054597941294172 0.8539143308501366
8.4752173724883875 -0.0033478691116846 0.0000454449689279 1.0539235271379854 0.8040271299267219 0.8527400146535907
8.4916019003047385 -0.0033599772862143 0.0000452655403928 1.0595397150148809 0.8033966107701511 0.8522226466769668
8.5079864281210895 -0.0033721022877286 0.0000450860082150 1.0651731933621762 0.8027657323284951 0.8517046474512161
8.5279188800101249 -0.0033868774219661 0.0000448674615221 1.0720498709961213 0.8019977635897430 0.8510736314650013
8.5653607662872151 -0.0034147115273201 0.0000444565297875 1.0850365210412174 0.8005537812950648 0.8498857985991857
8.6028395398633037 -0.0034426776638497 0.0000440446738357 1.0981265108012150 0.7991065826184869 0.8486935344050300
8.6403793129054360 -0.0034707944085160 0.0000436316388415 1.1113286733203316 0.7976552726868156 0.8474960795783220
8.6779792005377523 -0.0034990617914154 0.0000432174442832 1.1246431915380122 0.7961999205205672 0.8462934672168891
8.7156381654026873 -0.0035274797284990 0.0000428021114498 1.1380701836954961 0.7947406015065185 0.8450857357801342
8.7451758140618843 -0.0035498384829375 0.0000424760138681 1.1486657368697246 0.7935948422883494 0.8441362085203140
8.7747134627210812 -0.0035722585536916 0.0000421496298854 1.1593177106454229 0.7924480960908581 0.8431847156053208
8.8125304067478289 -0.0036010585767093 0.0000417313524784 1.1730377865541086 0.7909785137230780 0.8419636693090701
8.8503920341302980 -0.0036300004801079 0.0000413121319739 1.1868667973836464 0.7895056522973651 0.8407379899241206
8.8883080711759046 -0.0036590923589803 0.0000408918712445 1.2008086997502745 0.7880291711629571 0.8395073711077672
8.9262773388390801 -0.0036883340172507 0.0000404705938383 1.2148634936950473 0.7865491536582403 0.8382718587094738
8.9446723981050837 -0.0037025400678102 0.0000402663467325 1.2217062429109586 0.7858316125379400 0.8376721542084304
8.9630674573710873 -0.0037167661378934 0.0000400620041626 1.2285709224096684 0.7851137428317183 0.8370717134609374
8.9885707521132137 -0.0037365315825007 0.0000397785433019 1.2381245432569774 0.7841179390429909 0.8362380363560474
9.0266902348168117 -0.0037661668872226 0.0000393545269184 1.2524828536846409 0.7826283916260774 0.8349893327304804
9.0648428796880278 -0.0037959387589295 0.0000389297559177 1.2669480158891915 0.7811362306230990 0.8337364229696198
9.1030428893536115 -0.0038258589260482 0.0000385040833480 1.2815257385380356 0.7796409404154270 0.8324788521980352
9.1412888409885564 -0.0038559269880169 0.0000380775360894 1.2962158478067622 0.7781426160551675 0.8312166773329945
9.1637355337772508 -0.0038736215509835 0.0000378270302336 1.3048817345045931 0.7772626856030401 0.8304744701882737
9.1842174821814933 -0.0038897988266522 0.0000375983479182 1.3128176364136599 0.7764594239097463 0.8297963082953030
9.2225756057017332 -0.0039201820449045 0.0000371698185976 1.3277530662448922 0.7749542168728213 0.8285239132743563
9.2609555472913616 -0.0039506960838115 0.0000367407189167 1.3427925944988055 0.7734470465532062 0.8272477475525051
9.2993751099161219 -0.0039813557217456 0.0000363108614414 1.3579434384307372 0.7719372552150625 0.8259672334884335
9.3378326334389374 -0.0040121603426917 0.0000358802761753 1.3732052423196301 0.7704249488816640 0.8246824388999872
9.3763263671915240 -0.0040430975975320 0.0000354489951666 1.3885775952403465 0.7689102372156476 0.8233934352069666
9.4122617455523923 -0.0040720822000804 0.0000350461257357 1.4030151238643374 0.7674953483760432 0.8221874115971085
9.4508229689510141 -0.0041032970772628 0.0000346135589933 1.4186008997830573 0.7659762031555581 0.8208903945177505
9.4894125180804210 -0.0041346517032697 0.0000341804180107 1.4342947951617719 0.7644550846672257 0.8195894738638313
9.5105233810429244 -0.0041518542203425 0.0000339433590230 1.4429212452576550 0.7636225918269413 0.8188765486994476
9.5316342440054278 -0.0041690883453901 0.0000337062292263 1.4515766348920285 0.7627898624734339 0.8181627501550057
9.5526216863617659 -0.0041862534085774 0.0000334704175258 1.4602101074208982 0.7619617740983978 0.8174522624550954
9.5912969829511034 -0.0042179761979964 0.0000330356954848 1.4761946311141638 0.7604352167693154 0.8161407478240487
9.6299812735780908 -0.0042498251674818 0.0000326006592565 1.4922800134970249 0.7589076016407179 0.8148260413633572
9.6686865295095714 -0.0042818107764107 0.0000321651861805 1.5084713312389417 0.7573784986106105 0.8135077546411246
9.6831284127697028 -0.0042937760803221 0.0000320026514050 1.5145376183041357 0.7568077923088421 0.8130151389989693
9.6975702960298342 -0.0043057557870605 0.0000318400911455 1.5206174406476174 0.7562370023330975 0.8125221281487369
9.7130669434320982 -0.0043186265842668 0.0000316656306457 1.5271563563813326 0.7556244341426166 0.8119926719257402
9.7518247035385563 -0.0043509014424918 0.0000312291765025 1.5435786742597539 0.7540919833385453 0.8106665023976303
9.7905803759077248 -0.0043832956270070 0.0000307925824367 1.5600975468232658 0.7525590891224742 0.8093375966023800
9.8293467373362535 -0.0044158203745340 0.0000303557165167 1.5767184277645203 0.7510252888774721 0.8080055371858076
9.8501014709248143 -0.0044332836533269 0.0000301217691730 1.5856569642769480 0.7502039391490779 0.8072912410963519
9.8708562045133750 -0.0044507755692585 0.0000298877842333 1.5946234254012230 0.7493824695670275 0.8065761555326767
9.9053498937073279 -0.0044799241802168 0.0000294988295006 1.6095871488898987 0.7480169666180586 0.8053859692394237
9.9441338241778681 -0.0045128145907065 0.0000290613881770 1.6265040986873669 0.7464812892399139 0.8040451758810805
9.9829156694714474 -0.0045458269479090 0.0000286238660518 1.6435175634278814 0.7449453789296080 0.8027017502281270
10.0013769059574962 -0.0045615853603549 0.0000284155601339 1.6516506608119537 0.7442141442824755 0.8020612984302739
10.0198381424435450 -0.0045773662877593 0.0000282072349999 1.6598058217727227 0.7434828520912387 0.8014202409933333
10.0586151000675024 -0.0046106054405403 0.0000277695993605 1.6770071769630508 0.7419466402209174 0.8000717682089808
10.0973778588257961 -0.0046439575854218 0.0000273320543682 1.6942994621141083 0.7404107989297812 0.7987211500906171
10.1361276129607916 -0.0046774242338884 0.0000268945982234 1.7116830640347866 0.7388753224643615 0.7973683690513191
10.1568337835372784 -0.0046953551143221 0.0000266608214140 1.7210118899160971 0.7380547836549505 0.7966444372181384
10.1772501425966748 -0.0047130680836534 0.0000264303055690 1.7302372728517552 0.7372457049111820 0.7959299156103439
10.2159617454309881 -0.0047467504898785 0.0000259931981438 1.7478035174176825 0.7357115596373910 0.7945731482186368
10.2546504470200528 -0.0047805400555299 0.0000255563265677 1.7654560477340744 0.7341782967668398 0.7932146396698395
10.2770177416146709 -0.0048001332061104 0.0000253037498629 1.7757056639278939 0.7332918680934397 0.7924280863416007
10.2993850362092889 -0.0048197628855384 0.0000250511720509 1.7859875561383609 0.7324054521378305 0.7916406940218466
10.3243324754974957 -0.0048417070833266 0.0000247694592740 1.7974935624701391 0.7314168096156036 0.7907614884390377
10.3629304181724660 -0.0048757640666251 0.0000243336098511 1.8153743716583208 0.7298872863230195 0.7893991736603772
10.4014944125812328 -0.0049099197875512 0.0000238981635584 1.8333353136565456 0.7283592343654069 0.7880356077322882
10.4216485763513695 -0.0049278167906257 0.0000236706042692 1.8427600938847530 0.7275607129955128 0.7873220189810776
10.4398121797801107 -0.0049439754611416 0.0000234655288362 1.8512764191970212 0.7268411021789652 0.7866783433300094
10.4782763023619978 -0.0049782890561634 0.0000230312830663 1.8693810705308753 0.7253173738397314 0.7853135041966964
10.5167008393782346 -0.0050126970898727 0.0000225975362643 1.8875620795457269 0.7237954544424038 0.7839476982791795
10.5373422515441764 -0.0050312312749290 0.0000223645558008 1.8973679767846146 0.7229780018364045 0.7832130245669819
10.5579836637101181 -0.0050498007103047 0.0000221315952938 1.9072012426463705 0.7221606355058710 0.7824776757233903
10.5962730111403047 -0.0050843468409466 0.0000216995167515 1.9255141609007198 0.7206446881645080 0.7811118432165907
10.6345135641399384 -0.0051189796204477 0.0000212680726967 1.9438976308603220 0.7191310264523721 0.7797454628312408
10.6507415778449488 -0.0051337129738411 0.0000210850103890 1.9517273021662749 0.7184887947885590 0.7791649302034379
10.6655202789572243 -0.0051471500362912 0.0000209183127569 1.9588723965031092 0.7179039839129148 0.7786358905183959
10.7035994016715552 -0.0051818631130601 0.0000204888679790 1.9773470768624639 0.7163974418017338 0.7772712083940619
10.7416332623157338 -0.0052166662220405 0.0000200600451728 1.9958924703267882 0.7148931423453077 0.7759059386479210
10.7574240335412927 -0.0052311513270333 0.0000198820433287 2.0036192759866216 0.7142687334183505 0.7753384662341348
10.7717745367696942 -0.0052443339640335 0.0000197202957896 2.0106551549686005 0.7137013514932099 0.7748224264835523
10.8096183041149771 -0.0052791885330608 0.0000192938404324 2.0292726284836871 0.7122054634013554 0.7734600941510269
10.8474087093708178 -0.0053141256468435 0.0000188681239124 2.0479551416567121 0.7107122286997385 0.7720975530748176
10.8844807657019693 -0.0053485177117439 0.0000184506434013 2.0663710907846249 0.7092479399762726 0.7707588620711303
10.9220729665294165 -0.0053835231626418 0.0000180274591721 2.0851349225211524 0.7077637077297980 0.7693993328272875
10.9356642883155857 -0.0053962118448334 0.0000178744983993 2.0919410825092615 0.7072272445468242 0.7689072940427426
10.9492556101017549 -0.0054089163347035 0.0000177215596691 2.0987590082768945 0.7066908664404362 0.7684149878816384
10.9620555427224122 -0.0054208952418359 0.0000175775467604 2.1051906976809223 0.7061857995008894 0.7679511037713032
10.9993635766989417 -0.0054558985647736 0.0000171579080457 2.1239966640654773 0.7047141289581808 0.7665976761029792
11.0173322640554314 -0.0054728043515769 0.0000169558611013 2.1330857792232290 0.7040055740957882 0.7659451147562426
11.0284799494193351 -0.0054833080756645 0.0000168305336632 2.1387349384820138 0.7035660729496694 0.7655400383196007
11.0396276347832387 -0.0054938221905105 0.0000167052231007 2.1443919950579939 0.7031266362191482 0.7651347858745124
11.0542524224839713 -0.0055076321919720 0.0000165408525462 2.1518255309360241 0.7025502328087105 0.7646028639770214
11.0912601321160444 -0.0055426697597935 0.0000161250506276 2.1706965969471548 0.7010921714208611 0.7632555044769808
11.1100745012306454 -0.0055605331160860 0.0000159137367594 2.1803237915975111 0.7003511974631250 0.7625697858015522
11.1288888703452464 -0.0055784284436867 0.0000157024757512 2.1899734345242212 0.6996104247693848 0.7618835753544976
11.1465401540664519 -0.0055952467326960 0.0000155043237470 2.1990469459492843 0.6989156324919149 0.7612393405860352
11.1832104889756341 -0.0056302835654793 0.0000150928206897 2.2179601511028060 0.6974728020033981 0.7598995807321569
11.1968373632640095 -0.0056433369469116 0.0000149399589403 2.2250100849306840 0.6969368476958361 0.7594012507513022
11.2104642375523849 -0.0056564062200889 0.0000147871277458 2.2320717675670876 0.6964010087031486 0.7589026680856742
11.2237092688366786 -0.0056691260740086 0.0000146386086333 2.2389468279962128 0.6958802966074922 0.7584178149811843
11.2600471688910009 -0.0057041121033501 0.0000142312971367 2.2578655822800839 0.6944522951224309 0.7570863990056620
11.2717775501282791 -0.0057154340273106 0.0000140998599693 2.2639906310894164 0.6939915007393717 0.7566562207517249
11.2835079313655573 -0.0057267681402047 0.0000139684471422 2.2701243680726679 0.6935307979707558 0.7562258586043304
11.3018170318426936 -0.0057444845198231 0.0000137633835567 2.2797154294034807 0.6928119058457780 0.7555537712903325
11.3378124157779538 -0.0057794124396324 0.0000133604097314 2.2986329424576204 0.6913992476826166 0.7542311640837176
11.3492868879503455 -0.0057905739259014 0.0000132320017761 2.3046805633481129 0.6909491165458561 0.7538091894756044
11.3598641050768361 -0.0058008722561693 0.0000131136569637 2.3102626333406970 0.6905342666885442 0.7534200585310024
11.3955454783813934 -0.0058356963116709 0.0000127145887085 2.3291452531321042 0.6891354012159224 0.7521062798838193
11.4157357339312551 -0.0058554587531147 0.0000124888866713 2.3398654492718420 0.6883442700444464 0.7513621477376052
11.4359259894811167 -0.0058752590840658 0.0000122632662640 2.3506112775983201 0.6875534446628496 0.7506174895979023
11.4568220329144790 -0.0058957952022569 0.0000120298459295 2.3617597217953010 0.6867353016483682 0.7498462494266797
11.4752489092749670 -0.0059139419307938 0.0000118240821522 2.3716135709585782 0.6860141142006921 0.7491656794694262
11.4936757856354550 -0.0059321214637316 0.0000116183895302 2.3814887324587728 0.6852931930985451 0.7484846777683382
11.5114076608368148 -0.0059496472528240 0.0000114205229886 2.3910115459790484 0.6845997175767284 0.7478289554126860
11.5280658887245853 -0.0059661416198248 0.0000112346985544 2.3999757218205748 0.6839484618688747 0.7472125753912000
11.5386143582633540 -0.0059766012739296 0.0000111170603139 2.4056610887447034 0.6835361847271878 0.7468220856411836
11.5491628278021228 -0.0059870714507704 0.0000109994465394 2.4113534261648231 0.6831239988672907 0.7464314566161780
11.5658686664137864 -0.0060036757787905 0.0000108132294954 2.4203827593449510 0.6824713996255527 0.7458125249471742
11.6004146768312140 -0.0060381048660713 0.0000104283496809 2.4391099214786092 0.6811226323522529 0.7445315369407054
11.6348360122278276 -0.0060725291203172 0.0000100451308196 2.4578437121745829 0.6797797477374796 0.7432537089646942
11.6473978618761347 -0.0060851233226018 0.0000099053462317 2.4646989258586842 0.6792899272957834 0.7427870124388135
11.6552564925792730 -0.0060930107424018 0.0000098179165998 2.4689925230228376 0.6789835687139569 0.7424949516372965
11.6631151232824113 -0.0061009035101479 0.0000097305017240 2.4732899747807147 0.6786772648072713 0.7422028157582823
11.6754348291428069 -0.0061132898967272 0.0000095934940855 2.4800346980287409 0.6781971934058877 0.7417446936100325
11.6934819986008574 -0.0061314641148005 0.0000093928571446 2.4899321512972183 0.6774941815900287 0.7410732580041430
11.7053331407542629 -0.0061434177288186 0.0000092611466842 2.4964426155110830 0.6770326910847078 0.7406321289713689
11.7171842829076684 -0.0061553849105017 0.0000091294707453 2.5029618315706958 0.6765713288136641 0.7401908313423058
11.7298224902779715 -0.0061681632193395 0.0000089890880631 2.5099236449179432 0.6760794686150848 0.7397200407914956
11.7467016359271224 -0.0061852564602904 0.0000088016598461 2.5192371080391833 0.6754227884435906 0.7390909723921943
11.7550050745240018 -0.0061936765728058 0.0000087094835932 2.5238252310078089 0.6750998423126705 0.7387813874906537
11.7633085131208812 -0.0062021031135054 0.0000086173248324 2.5284176432575971 0.6747769609901454 0.7384717208603345
11.7737244437004325 -0.0062126838397240 0.0000085017445559 2.5341844820875257 0.6743720270177780 0.7380831561142919
11.7902095914418137 -0.0062294540324879 0.0000083188739041 2.5433253621195417 0.6737313546608489 0.7374679186631087
11.8015571599794775 -0.0062410151107866 0.0000081930353385 2.5496273095904027 0.6732904985244410 0.7370442337224088
11.8129047285171414 -0.0062525888097327 0.0000080672302961 2.5559372553759294 0.6728497666673590 0.7366203979411388
11.8271041691816094 -0.0062670909996244 0.0000079098552924 2.5638442788493694 0.6722984463237721 0.7360898319026584
11.8464364704224252 -0.0062868712474446 0.0000076956772086 2.5746296734012595 0.6715481505207781 0.7353670980556376
11.8638990827879969 -0.0063047716648964 0.0000075022985983 2.5843919033318250 0.6708707359256144 0.7347138900109078
11.8809603747143857 -0.0063222934455101 0.0000073134432296 2.5939480354830127 0.6702091835541842 0.7340753542434875
11.8980216666407745 -0.0063398463077639 0.0000071246668754 2.6035221996018789 0.6695479244711149 0.7334364843518105
11.9160158184666791 -0.0063583932964283 0.0000069256551613 2.6136393762090764 0.6688508304177652 0.7327623225678873
11.9254420830757653 -0.0063681236797607 0.0000068214381957 2.6189472718801312 0.6684857890226352 0.7324090147419702
11.9348683476848514 -0.0063778630144720 0.0000067172459817 2.6242606633377856 0.6681208392172949 0.7320556060853449
11.9466392989621202 -0.0063900388021332 0.0000065871718433 2.6309034200261490 0.6676652411785567 0.7316141494493835
11.9667934246736340 -0.0064109220838673 0.0000063645504036 2.6422969749025325 0.6668855056888086 0.7308579282177872
11.9869475503851479 -0.0064318494448568 0.0000061420442900 2.6537156168294840 0.6661061976973630 0.7301012509426952
11.9985923956476714 -0.0064439621300762 0.0000060135355063 2.6603246180407858 0.6656561181453390 0.7296638437026656
12.0102088928644815 -0.0064560594554808 0.0000058853785955 2.6669258655486550 0.6652072786626563 0.7292273508340341
12.0272052352303458 -0.0064737871717497 0.0000056979400136 2.6765992840076458 0.6645508337515352 0.7285884390788255
12.0400253435460307 -0.0064871799640514 0.0000055566135330 2.6839075906822223 0.6640558933100097 0.7281063053660682
12.0523419779642538 -0.0065000641948963 0.0000054208827883 2.6909384200299917 0.6635805590183486 0.7276429355686930
12.0606959694371803 -0.0065088131445564 0.0000053288463410 2.6957125303593465 0.6632582491157886 0.7273285513509780
12.0690499609101067 -0.0065175694966897 0.0000052368306705 2.7004909366151413 0.6629360160215784 0.7270140906653610
12.0786760228000869 -0.0065276690001017 0.0000051308294983 2.7060022807051456 0.6625648118212606 0.7266516521406428
12.0903438867830388 -0.0065399251651561 0.0000050023814181 2.7126902881105659 0.6621150087236786 0.7262122006431859
12.1020117507659908 -0.0065521961990592 0.0000048739744038 2.7193866666763982 0.6616653575094203 0.7257726011267325
12.1148614922494975 -0.0065657284191684 0.0000047326083019 2.7267710259037026 0.6611703363178136 0.7252883023544343
12.1294633288813412 -0.0065811283592281 0.0000045720276778 2.7351745740446707 0.6606080438655342 0.7247377517177576
