0.0230145909181836 -0.0000002366195382 0.0000199999018104 0.0000000204164921 0.9999990582332110 0.9999991415375958
0.0276155091018204 -0.0000003410070402 0.0000199998532967 0.0000000337738475 0.9999985911641996 0.9999987628167190
0.0322164272854571 -0.0000004642907523 0.0000199997948642 0.0000000519528029 0.9999980282789479 0.9999983155397921
0.0368173454690938 -0.0000006064706506 0.0000199997264891 0.0000000756948887 0.9999973693391241 0.9999977997068717
0.0414182636527305 -0.0000007675467064 0.0000199996481551 0.0000001057416327 0.9999966141859183 0.9999972153180254
0.0460191818363673 -0.0000009475188810 0.0000199995598512 0.0000001428345591 0.9999957627082665 0.9999965623733510
0.0506201000200040 -0.0000011463871260 0.0000199994615691 0.0000001877151887 0.9999948148255088 0.9999958408729761
0.0552210182036407 -0.0000013641513841 0.0000199993533028 0.0000002411250378 0.9999937704772752 0.9999950508170552
0.0598219363872775 -0.0000016008115893 0.0000199992350477 0.0000003038056183 0.9999926296172574 0.9999941922057672
0.0644228545709142 -0.0000018563676680 0.0000199991068000 0.0000003764984372 0.9999913922092042 0.9999932650393145
0.0690237727545509 -0.0000021308195387 0.0000199989685569 0.0000004599449959 0.9999900582242525 0.9999922693179208
0.0736246909381876 -0.0000024241671125 0.0000199988203160 0.0000005548867899 0.9999886276390924 0.9999912050418314
0.0782256091218244 -0.0000027364102935 0.0000199986620754 0.0000006620653087 0.9999871004346700 0.9999900722113118
0.0828265273054611 -0.0000030675489783 0.0000199984938334 0.0000007822220346 0.9999854765952525 0.9999888708266476
0.0874274454890978 -0.0000034175830567 0.0000199983155889 0.0000009160984431 0.9999837561077382 0.9999876008881445
0.0920283636727345 -0.0000037865124113 0.0000199981273406 0.0000010644360019 0.9999819389611388 0.9999862623961279
0.0966292818563713 -0.0000041743369177 0.0000199979290876 0.0000012279761709 0.9999800251461856 0.9999848553509424
0.1012302000400080 -0.0000045810564447 0.0000199977208292 0.0000014074604014 0.9999780146550243 0.9999833797529523
0.1058311182236447 -0.0000050066708540 0.0000199975025646 0.0000016036301358 0.9999759074809783 0.9999818356025409
0.1104320364072815 -0.0000054511800006 0.0000199972742933 0.0000018172268072 0.9999737036183574 0.9999802229001112
0.1150329545909182 -0.0000059145837324 0.0000199970360149 0.0000020489918390 0.9999714030623087 0.9999785416460850
0.1196338727745549 -0.0000063968818905 0.0000199967877288 0.0000022996666444 0.9999690058086943 0.9999767918409034
0.1242347909581916 -0.0000068980743091 0.0000199965294348 0.0000025699926260 0.9999665118539912 0.9999749734850266
0.1288357091418284 -0.0000074181608155 0.0000199962611325 0.0000028607111753 0.9999639211952106 0.9999730865789340
0.1334366273254651 -0.0000079571412303 0.0000199959828216 0.0000031725636725 0.9999612338298293 0.9999711311231241
0.1380375455091018 -0.0000085150153670 0.0000199956945021 0.0000035062914858 0.9999584497557342 0.9999691071181142
0.1426384636927386 -0.0000090917830325 0.0000199953961736 0.0000038626359710 0.9999555689711753 0.9999670145644408
0.1472393818763753 -0.0000096874440266 0.0000199950878361 0.0000042423384713 0.9999525914747248 0.9999648534626596
0.1518403000600120 -0.0000103019981423 0.0000199947694894 0.0000046461403166 0.9999495172652443 0.9999626238133452
0.1564412182436487 -0.0000109354451660 0.0000199944411335 0.0000050747828231 0.9999463463418548 0.9999603256170913
0.1610421364272855 -0.0000115877848770 0.0000199941027683 0.0000055290072933 0.9999430787039132 0.9999579588745103
0.1656430546109222 -0.0000122590170478 0.0000199937543937 0.0000060095550148 0.9999397143509909 0.9999555235862341
0.1702439727945589 -0.0000129491414442 0.0000199933960098 0.0000065171672606 0.9999362532828544 0.9999530197529132
0.1748448909781956 -0.0000136581578249 0.0000199930276164 0.0000070525852881 0.9999326954994500 0.9999504473752172
0.1794458091618324 -0.0000143860659420 0.0000199926492137 0.0000076165503393 0.9999290410008903 0.9999478064538350
0.1840467273454691 -0.0000151328655407 0.0000199922608017 0.0000082098036396 0.9999252897874409 0.9999450969894740
0.1886476455291058 -0.0000158985563592 0.0000199918623803 0.0000088330863980 0.9999214418595103 0.9999423189828610
0.1932485637127425 -0.0000166831381291 0.0000199914539497 0.0000094871398063 0.9999174972176406 0.9999394724347418
0.1978494818963793 -0.0000174866105751 0.0000199910355100 0.0000101727050391 0.9999134558624991 0.9999365573458808
0.2024504000800160 -0.0000183089734150 0.0000199906070612 0.0000108905232528 0.9999093177948709 0.9999335737170617
0.2070513182636527 -0.0000191502263598 0.0000199901686033 0.0000116413355855 0.9999050830156516 0.9999305215490871
0.2116522364472894 -0.0000200103691137 0.0000199897201366 0.0000124258831565 0.9999007515258428 0.9999274008427788
0.2162531546309262 -0.0000208894013740 0.0000199892616611 0.0000132449070661 0.9998963233265458 0.9999242115989770
0.2208540728145629 -0.0000217873228312 0.0000199887931769 0.0000140991483946 0.9998917984189571 0.9999209538185416
0.2254549909981997 -0.0000227041331690 0.0000199883146843 0.0000149893482026 0.9998871768043649 0.9999176275023510
0.2300559091818364 -0.0000236398320642 0.0000199878261832 0.0000159162475300 0.9998824584841439 0.9999142326513029
0.2346568273654731 -0.0000245944191869 0.0000199873276739 0.0000168805873958 0.9998776434597538 0.9999107692663135
0.2392577455491098 -0.0000255678942003 0.0000199868191565 0.0000178831087976 0.9998727317327341 0.9999072373483185
0.2438586637327466 -0.0000265602567608 0.0000199863006312 0.0000189245527113 0.9998677233047029 0.9999036368982723
0.2484595819163833 -0.0000275715065178 0.0000199857720982 0.0000200056600906 0.9998626181773536 0.9998999679171484
0.2530605001000200 -0.0000286016431142 0.0000199852335576 0.0000211271718663 0.9998574163524533 0.9998962304059391
0.2576614182836567 -0.0000296506661857 0.0000199846850097 0.0000222898289465 0.9998521178318395 0.9998924243656560
0.2622623364672935 -0.0000307185753615 0.0000199841264546 0.0000234943722155 0.9998467226174192 0.9998885497973292
0.2668632546509302 -0.0000318053702639 0.0000199835578925 0.0000247415425338 0.9998412307111670 0.9998846067020082
0.2714641728345669 -0.0000329110505082 0.0000199829793237 0.0000260320807374 0.9998356421151229 0.9998805950807612
0.2760650910182036 -0.0000340356157030 0.0000199823907483 0.0000273667276377 0.9998299568313913 0.9998765149346757
0.2806660092018404 -0.0000351790654502 0.0000199817921665 0.0000287462240208 0.9998241748621403 0.9998723662648578
0.2852669273854771 -0.0000363413993447 0.0000199811835787 0.0000301713106469 0.9998182962095986 0.9998681490724326
0.2898678455691138 -0.0000375226169746 0.0000199805649850 0.0000316427282506 0.9998123208760566 0.9998638633585445
0.2944687637527506 -0.0000387227179214 0.0000199799363857 0.0000331612175394 0.9998062488638634 0.9998595091243566
0.2990696819363873 -0.0000399417017594 0.0000199792977810 0.0000347275191944 0.9998000801754271 0.9998550863710510
0.3036706001200240 -0.0000411795680564 0.0000199786491712 0.0000363423738690 0.9997938148132135 0.9998505950998289
0.3082715183036607 -0.0000424363163733 0.0000199779905566 0.0000380065221888 0.9997874527797451 0.9998460353119102
0.3128724364872975 -0.0000437119462641 0.0000199773219373 0.0000397207047513 0.9997809940776007 0.9998414070085341
0.3174733546709342 -0.0000450064572760 0.0000199766433137 0.0000414856621253 0.9997744387094141 0.9998367101909585
0.3220742728545709 -0.0000463198489496 0.0000199759546860 0.0000433021348504 0.9997677866778740 0.9998319448604605
0.3266751910382076 -0.0000476521208184 0.0000199752560545 0.0000451708634367 0.9997610379857231 0.9998271110183358
0.3312761092218444 -0.0000490032724093 0.0000199745474195 0.0000470925883646 0.9997541926357575 0.9998222086658994
0.3358770274054811 -0.0000503733032422 0.0000199738287814 0.0000490680500838 0.9997472506308267 0.9998172378044853
0.3404779455891178 -0.0000517622128304 0.0000199731001403 0.0000510979890132 0.9997402119738321 0.9998121984354461
0.3450788637727545 -0.0000531700006802 0.0000199723614966 0.0000531831455407 0.9997330766677277 0.9998070905601536
0.3496797819563913 -0.0000545966662912 0.0000199716128507 0.0000553242600223 0.9997258447155185 0.9998019141799986
0.3542807001400280 -0.0000560422091561 0.0000199708542027 0.0000575220727821 0.9997185161202605 0.9997966692963909
0.3588816183236647 -0.0000575066287610 0.0000199700855530 0.0000597773241115 0.9997110908850612 0.9997913559107590
0.3634825365073014 -0.0000589899245850 0.0000199693069021 0.0000620907542689 0.9997035690130778 0.9997859740245505
0.3680834546909382 -0.0000604920961004 0.0000199685182500 0.0000644631034796 0.9996959505075181 0.9997805236392321
0.3726843728745749 -0.0000620131427728 0.0000199677195973 0.0000668951119348 0.9996882353716396 0.9997750047562892
0.3772852910582116 -0.0000635530640610 0.0000199669109443 0.0000693875197915 0.9996804236087485 0.9997694173772265
0.3818862092418484 -0.0000651118594168 0.0000199660922912 0.0000719410671721 0.9996725152222014 0.9997637615035673
0.3864871274254851 -0.0000666895282854 0.0000199652636385 0.0000745564941639 0.9996645102154025 0.9997580371368540
0.3910880456091218 -0.0000682860701052 0.0000199644249865 0.0000772345408187 0.9996564085918056 0.9997522442786478
0.3956889637927585 -0.0000699014843077 0.0000199635763355 0.0000799759471522 0.9996482103549127 0.9997463829305293
0.4002898819763953 -0.0000715357703178 0.0000199627176859 0.0000827814531438 0.9996399155082742 0.9997404530940975
0.4048908001600320 -0.0000731889275532 0.0000199618490381 0.0000856517987360 0.9996315240554877 0.9997344547709709
0.4094917183436687 -0.0000748609554252 0.0000199609703925 0.0000885877238342 0.9996230360001994 0.9997283879627864
0.4140926365273054 -0.0000765518533381 0.0000199600817494 0.0000915899683061 0.9996144513461032 0.9997222526712002
0.4186935547109422 -0.0000782616206896 0.0000199591831091 0.0000946592719811 0.9996057700969393 0.9997160488978873
0.4232944728945789 -0.0000799902568704 0.0000199582744722 0.0000977963746502 0.9995969922564969 0.9997097766445419
0.4278953910782156 -0.0000817377612644 0.0000199573558390 0.0001010020160656 0.9995881178286108 0.9997034359128767
0.4324963092618523 -0.0000835041332490 0.0000199564272099 0.0001042769359398 0.9995791468171639 0.9996970267046237
0.4370972274454891 -0.0000852893721945 0.0000199554885852 0.0001076218739457 0.9995700792260852 0.9996905490215338
0.4416981456291258 -0.0000870934774645 0.0000199545399654 0.0001110375697159 0.9995609150593504 0.9996840028653766
0.4462990638127626 -0.0000889164484158 0.0000199535813509 0.0001145247628421 0.9995516543209821 0.9996773882379411
0.4508999819963993 -0.0000907582843986 0.0000199526127422 0.0001180841928754 0.9995422970150497 0.9996707051410347
0.4555009001800360 -0.0000926189847561 0.0000199516341395 0.0001217165993249 0.9995328431456677 0.9996639535764843
0.4601018183636728 -0.0000944985488248 0.0000199506455435 0.0001254227216578 0.9995232927169979 0.9996571335461353
0.4647027365473095 -0.0000963969759343 0.0000199496469544 0.0001292032992992 0.9995136457332481 0.9996502450518522
0.4693036547309462 -0.0000983142654077 0.0000199486383727 0.0001330590716311 0.9995039021986716 0.9996432880955185
0.4739045729145829 -0.0001002504165610 0.0000199476197990 0.0001369907779924 0.9994940621175682 0.9996362626790365
0.4785054910982197 -0.0001022054287036 0.0000199465912335 0.0001409991576782 0.9994841254942830 0.9996291688043276
0.4831064092818564 -0.0001041793011382 0.0000199455526767 0.0001450849499396 0.9994740923332074 0.9996220064733320
0.4877073274654931 -0.0001061720331605 0.0000199445041292 0.0001492488939832 0.9994639626387780 0.9996147756880088
0.4923082456491298 -0.0001081836240596 0.0000199434455913 0.0001534917289704 0.9994537364154770 0.9996074764503363
0.4969091638327666 -0.0001102140731177 0.0000199423770636 0.0001578141940176 0.9994434136678324 0.9996001087623114
0.5015100820164032 -0.0001122633796104 0.0000199412985464 0.0001622170281951 0.9994329944004177 0.9995926726259502
0.5061110002000400 -0.0001143315428064 0.0000199402100403 0.0001667009705270 0.9994224786178512 0.9995851680432876
0.5107119183836767 -0.0001164185619676 0.0000199391115458 0.0001712667599907 0.9994118663247971 0.9995775950163773
0.5153128365673134 -0.0001185244363492 0.0000199380030632 0.0001759151355168 0.9994011575259641 0.9995699535472923
0.5199137547509501 -0.0001206491651998 0.0000199368845932 0.0001806468359879 0.9993903522261072 0.9995622436381241
0.5245146729345869 -0.0001227927477609 0.0000199357561362 0.0001854626002390 0.9993794504300256 0.9995544652909834
0.5291155911182236 -0.0001249551832673 0.0000199346176926 0.0001903631670566 0.9993684521425638 0.9995466185079998
0.5337165093018603 -0.0001271364709474 0.0000199334692631 0.0001953492751784 0.9993573573686113 0.9995387032913217
0.5383174274854970 -0.0001293366100225 0.0000199323108480 0.0002004216632929 0.9993461661131025 0.9995307196431166
0.5429183456691338 -0.0001315555997071 0.0000199311424479 0.0002055810700389 0.9993348783810171 0.9995226675655707
0.5475192638527705 -0.0001337934392092 0.0000199299640633 0.0002108282340050 0.9993234941773789 0.9995145470608894
0.5521201820364072 -0.0001360501277298 0.0000199287756948 0.0002161638937295 0.9993120135072574 0.9995063581312967
0.5567211002200440 -0.0001383256644633 0.0000199275773428 0.0002215887876996 0.9993004363757659 0.9994981007790359
0.5613220184036807 -0.0001406200485973 0.0000199263690079 0.0002271036543512 0.9992887627880637 0.9994897750063689
0.5659229365873174 -0.0001429332793127 0.0000199251506906 0.0002327092320684 0.9992769927493533 0.9994813808155767
0.5705238547709541 -0.0001452653557835 0.0000199239223914 0.0002384062591830 0.9992651262648830 0.9994729182089590
0.5751247729545909 -0.0001476162771771 0.0000199226841109 0.0002441954739743 0.9992531633399448 0.9994643871888347
0.5797256911382276 -0.0001499860426540 0.0000199214358497 0.0002500776146683 0.9992411039798760 0.9994557877575413
0.5843266093218643 -0.0001523746513683 0.0000199201776082 0.0002560534194378 0.9992289481900583 0.9994471199174355
0.5889275275055010 -0.0001547821024669 0.0000199189093871 0.0002621236264012 0.9992166959759174 0.9994383836708928
0.5935284456891378 -0.0001572083950903 0.0000199176311868 0.0002682889736231 0.9992043473429242 0.9994295790203075
0.5981293638727745 -0.0001596535283720 0.0000199163430080 0.0002745501991128 0.9991919022965933 0.9994207059680930
0.6027302820564112 -0.0001621175014390 0.0000199150448512 0.0002809080408248 0.9991793608424842 0.9994117645166815
0.6073312002400479 -0.0001646003134114 0.0000199137367170 0.0002873632366577 0.9991667229862004 0.9994027546685241
0.6119321184236847 -0.0001671019634026 0.0000199124186059 0.0002939165244542 0.9991539887333902 0.9993936764260910
0.6165330366073214 -0.0001696224505193 0.0000199110905186 0.0003005686420003 0.9991411580897458 0.9993845297918710
0.6211339547909581 -0.0001721617738615 0.0000199097524557 0.0003073203270252 0.9991282310610038 0.9993753147683718
0.6257348729745948 -0.0001747199325224 0.0000199084044176 0.0003141723172009 0.9991152076529450 0.9993660313581204
0.6303357911582316 -0.0001772969255884 0.0000199070464051 0.0003211253501413 0.9991020878713950 0.9993566795636623
0.6349367093418683 -0.0001798927521393 0.0000199056784187 0.0003281801634025 0.9990888717222224 0.9993472593875620
0.6395376275255050 -0.0001825074112482 0.0000199043004590 0.0003353374944815 0.9990755592113412 0.9993377708324030
0.6441385457091418 -0.0001851409019814 0.0000199029125266 0.0003425980808168 0.9990621503447085 0.9993282139007877
0.6487394638927785 -0.0001877932233985 0.0000199015146221 0.0003499626597869 0.9990486451283268 0.9993185885953373
0.6533403820764152 -0.0001904643745522 0.0000199001067462 0.0003574319687108 0.9990350435682414 0.9993088949186918
0.6579413002600519 -0.0001931543544888 0.0000198986888995 0.0003650067448469 0.9990213456705425 0.9992991328735102
0.6625422184436887 -0.0001958631622478 0.0000198972610826 0.0003726877253930 0.9990075514413639 0.9992893024624706
0.6671431366273254 -0.0001985907968617 0.0000198958232961 0.0003804756474857 0.9989936608868839 0.9992794036882697
0.6717440548109621 -0.0002013372573567 0.0000198943755407 0.0003883712481999 0.9989796740133249 0.9992694365536232
0.6763449729945988 -0.0002041025427519 0.0000198929178170 0.0003963752645486 0.9989655908269520 0.9992594010612657
0.6809458911782356 -0.0002068866520601 0.0000198914501256 0.0004044884334823 0.9989514113340761 0.9992492972139505
0.6855468093618723 -0.0002096895842869 0.0000198899724673 0.0004127114918885 0.9989371355410512 0.9992391250144501
0.6901477275455090 -0.0002125113384317 0.0000198884848426 0.0004210451765915 0.9989227634542751 0.9992288844655557
0.6947486457291457 -0.0002153519134868 0.0000198869872521 0.0004294902243520 0.9989082950801895 0.9992185755700773
0.6993495639127825 -0.0002182113084380 0.0000198854796967 0.0004380473718663 0.9988937304252806 0.9992081983308440
0.7039504820964192 -0.0002210895222644 0.0000198839621769 0.0004467173557663 0.9988790694960780 0.9991977527507035
0.7085514002800559 -0.0002239865539383 0.0000198824346934 0.0004555009126187 0.9988643122991552 0.9991872388325228
0.7131523184636926 -0.0002269024024254 0.0000198808972469 0.0004643987789249 0.9988494588411296 0.9991766565791873
0.7177532366473294 -0.0002298370666846 0.0000198793498380 0.0004734116911205 0.9988345091286628 0.9991660059936016
0.7223541548309661 -0.0002327905456682 0.0000198777924675 0.0004825403855748 0.9988194631684593 0.9991552870786891
0.7269550730146028 -0.0002357628383217 0.0000198762251360 0.0004917855985902 0.9988043209672685 0.9991444998373918
0.7315559911982396 -0.0002387539435841 0.0000198746478442 0.0005011480664021 0.9987890825318830 0.9991336442726710
0.7361569093818763 -0.0002417638603875 0.0000198730605929 0.0005106285251785 0.9987737478691392 0.9991227203875067
0.7407578275655130 -0.0002447925876575 0.0000198714633827 0.0005202277110191 0.9987583169859175 0.9991117281848977
0.7453587457491497 -0.0002478401243128 0.0000198698562143 0.0005299463599554 0.9987427898891422 0.9991006676678615
0.7499596639327865 -0.0002509064692656 0.0000198682390884 0.0005397852079501 0.9987271665857803 0.9990895388394350
0.7545605821164232 -0.0002539916214214 0.0000198666120059 0.0005497449908966 0.9987114470828439 0.9990783417026734
0.7591615003000599 -0.0002570955796790 0.0000198649749673 0.0005598264446185 0.9986956313873876 0.9990670762606511
0.7637624184836966 -0.0002602183429304 0.0000198633279733 0.0005700303048695 0.9986797195065107 0.9990557425164611
0.7683633366673334 -0.0002633599100611 0.0000198616710249 0.0005803573073325 0.9986637114473557 0.9990443404732156
0.7729642548509701 -0.0002665202799498 0.0000198600041225 0.0005908081876198 0.9986476072171084 0.9990328701340453
0.7775651730346068 -0.0002696994514687 0.0000198583272671 0.0006013836812721 0.9986314068229993 0.9990213315021000
0.7821660912182435 -0.0002728974234832 0.0000198566404593 0.0006120845237583 0.9986151102723015 0.9990097245805484
0.7867670094018803 -0.0002761141948519 0.0000198549437000 0.0006229114504752 0.9985987175723321 0.9989980493725776
0.7913679275855170 -0.0002793497644271 0.0000198532369897 0.0006338651967468 0.9985822287304520 0.9989863058813941
0.7959688457691537 -0.0002826041310541 0.0000198515203293 0.0006449464978242 0.9985656437540654 0.9989744941102230
0.8005697639527904 -0.0002858772935717 0.0000198497937196 0.0006561560888848 0.9985489626506201 0.9989626140623082
0.8051706821364272 -0.0002891692508120 0.0000198480571614 0.0006674947050323 0.9985321854276081 0.9989506657409125
0.8097716003200639 -0.0002924800016005 0.0000198463106553 0.0006789630812960 0.9985153120925639 0.9989386491493176
0.8143725185037006 -0.0002958095447560 0.0000198445542021 0.0006905619526302 0.9984983426530665 0.9989265642908240
0.8189734366873374 -0.0002991578790906 0.0000198427878027 0.0007022920539144 0.9984812771167381 0.9989144111687510
0.8235743548709741 -0.0003025250034099 0.0000198410114579 0.0007141541199523 0.9984641154912439 0.9989021897864367
0.8281752730546108 -0.0003059109165126 0.0000198392251683 0.0007261488854715 0.9984468577842935 0.9988899001472383
0.8327761912382475 -0.0003093156171911 0.0000198374289348 0.0007382770851232 0.9984295040036397 0.9988775422545315
0.8373771094218843 -0.0003127391042308 0.0000198356227582 0.0007505394534819 0.9984120541570786 0.9988651161117110
0.8419780276055210 -0.0003161813764107 0.0000198338066393 0.0007629367250444 0.9983945082524497 0.9988526217221902
0.8465789457891577 -0.0003196424325032 0.0000198319805789 0.0007754696342302 0.9983768662976367 0.9988400590894017
0.8511798639727944 -0.0003231222712737 0.0000198301445778 0.0007881389153804 0.9983591283005655 0.9988274282167964
0.8557807821564312 -0.0003266208914814 0.0000198282986369 0.0008009453027576 0.9983412942692068 0.9988147291078444
0.8603817003400679 -0.0003301382918787 0.0000198264427568 0.0008138895305454 0.9983233642115737 0.9988019617660345
0.8649826185237046 -0.0003336744712113 0.0000198245769386 0.0008269723328480 0.9983053381357236 0.9987891261948744
0.8695835367073413 -0.0003372294282184 0.0000198227011829 0.0008401944436899 0.9982872160497566 0.9987762223978903
0.8741844548909781 -0.0003408031616325 0.0000198208154906 0.0008535565970150 0.9982689979618165 0.9987632503786278
0.8787853730746148 -0.0003443956701793 0.0000198189198625 0.0008670595266868 0.9982506838800903 0.9987502101406508
0.8833862912582516 -0.0003480069525784 0.0000198170142996 0.0008807039664877 0.9982322738128090 0.9987371016875423
0.8879872094418884 -0.0003516370075421 0.0000198150988026 0.0008944906501184 0.9982137677682464 0.9987239250229039
0.8925881276255251 -0.0003552858337768 0.0000198131733724 0.0009084203111978 0.9981951657547196 0.9987106801503561
0.8971890458091618 -0.0003589534299816 0.0000198112380098 0.0009224936832623 0.9981764677805894 0.9986973670735385
0.9017899639927985 -0.0003626397948495 0.0000198092927157 0.0009367114997658 0.9981576738542600 0.9986839857961091
0.9063908821764353 -0.0003663449270666 0.0000198073374909 0.0009510744940786 0.9981387839841785 0.9986705363217447
0.9109918003600720 -0.0003700688253126 0.0000198053723364 0.0009655833994877 0.9981197981788358 0.9986570186541414
0.9155927185437087 -0.0003738114882604 0.0000198033972529 0.0009802389491958 0.9981007164467659 0.9986434327970134
0.9201936367273454 -0.0003775729145765 0.0000198014122414 0.0009950418763213 0.9980815387965457 0.9986297787540943
0.9247945549109822 -0.0003813531029205 0.0000197994173028 0.0010099929138976 0.9980622652367963 0.9986160565291362
0.9293954730946189 -0.0003851520519459 0.0000197974124379 0.0010250927948729 0.9980428957761813 0.9986022661259100
0.9339963912782556 -0.0003889697602991 0.0000197953976476 0.0010403422521094 0.9980234304234079 0.9985884075482054
0.9385973094618923 -0.0003928062266201 0.0000197933729328 0.0010557420183836 0.9980038691872268 0.9985744807998311
0.9431982276455291 -0.0003966614495424 0.0000197913382945 0.0010712928263849 0.9979842120764314 0.9985604858846144
0.9477991458291658 -0.0004005354276929 0.0000197892937334 0.0010869954087161 0.9979644590998589 0.9985464228064015
0.9524000640128025 -0.0004044281596917 0.0000197872392505 0.0011028504978924 0.9979446102663891 0.9985322915690571
0.9570009821964393 -0.0004083396441526 0.0000197851748468 0.0011188588263411 0.9979246655849456 0.9985180921764650
0.9616019003800760 -0.0004122698796827 0.0000197831005231 0.0011350211264015 0.9979046250644951 0.9985038246325277
0.9662028185637127 -0.0004162188648825 0.0000197810162804 0.0011513381303239 0.9978844887140476 0.9984894889411665
0.9708037367473494 -0.0004201865983459 0.0000197789221195 0.0011678105702698 0.9978642565426556 0.9984750851063213
0.9754046549309862 -0.0004241730786603 0.0000197768180414 0.0011844391783108 0.9978439285594158 0.9984606131319510
0.9800055731146229 -0.0004281783044065 0.0000197747040471 0.0012012246864291 0.9978235047734674 0.9984460730220333
0.9846064912982596 -0.0004322022741588 0.0000197725801375 0.0012181678265159 0.9978029851939929 0.9984314647805643
0.9892074094818963 -0.0004362449864849 0.0000197704463135 0.0012352693303722 0.9977823698302183 0.9984167884115593
0.9938083276655331 -0.0004403064399458 0.0000197683025760 0.0012525299297075 0.9977616586914123 0.9984020439190523
0.9984092458491698 -0.0004443866330962 0.0000197661489261 0.0012699503561396 0.9977408517868871 0.9983872313070958
1.0030101640328066 -0.0004484855644840 0.0000197639853646 0.0012875313411945 0.9977199491259975 0.9983723505797614
1.0076110822164432 -0.0004526032326507 0.0000197618118926 0.0013052736163056 0.9976989507181420 0.9983574017411391
1.0122120004000801 -0.0004567396361313 0.0000197596285109 0.0013231779128135 0.9976778565727620 0.9983423847953380
1.0168129185837167 -0.0004608947734539 0.0000197574352206 0.0013412449619654 0.9976566666993422 0.9983272997464858
1.0214138367673535 -0.0004650686431406 0.0000197552320227 0.0013594754949149 0.9976353811074099 0.9983121465987290
1.0260147549509901 -0.0004692612437065 0.0000197530189180 0.0013778702427214 0.9976139998065358 0.9982969253562327
1.0306156731346270 -0.0004734725736605 0.0000197507959076 0.0013964299363497 0.9975925228063337 0.9982816360231810
1.0352165913182636 -0.0004777026315045 0.0000197485629925 0.0014151553066697 0.9975709501164606 0.9982662786037766
1.0398175095019004 -0.0004819514157345 0.0000197463201737 0.0014340470844559 0.9975492817466163 0.9982508531022410
1.0444184276855371 -0.0004862189248394 0.0000197440674521 0.0014531060003870 0.9975275177065436 0.9982353595228145
1.0490193458691739 -0.0004905051573019 0.0000197418048287 0.0014723327850455 0.9975056580060285 0.9982197978697559
1.0536202640528105 -0.0004948101115981 0.0000197395323046 0.0014917281689172 0.9974837026549001 0.9982041681473430
1.0582211822364473 -0.0004991337861974 0.0000197372498808 0.0015112928823907 0.9974616516630302 0.9981884703598723
1.0628221004200840 -0.0005034761795630 0.0000197349575583 0.0015310276557574 0.9974395050403342 0.9981727045116590
1.0674230186037208 -0.0005078372901515 0.0000197326553380 0.0015509332192107 0.9974172627967698 0.9981568706070368
1.0720239367873574 -0.0005122171164126 0.0000197303432211 0.0015710103028456 0.9973949249423382 0.9981409686503586
1.0766248549709942 -0.0005166156567901 0.0000197280212084 0.0015912596366584 0.9973724914870831 0.9981249986459958
1.0812257731546309 -0.0005210329097208 0.0000197256893012 0.0016116819505462 0.9973499624410921 0.9981089605983383
1.0858266913382677 -0.0005254688736352 0.0000197233475003 0.0016322779743068 0.9973273378144943 0.9980928545117952
1.0904276095219043 -0.0005299235469574 0.0000197209958069 0.0016530484376376 0.9973046176174633 0.9980766803907939
1.0950285277055412 -0.0005343969281047 0.0000197186342219 0.0016739940701358 0.9972818018602146 0.9980604382397807
1.0996294458891778 -0.0005388890154882 0.0000197162627465 0.0016951156012979 0.9972588905530070 0.9980441280632207
1.1042303640728146 -0.0005433998075123 0.0000197138813816 0.0017164137605190 0.9972358837061422 0.9980277498655976
1.1088312822564512 -0.0005479293025751 0.0000197114901284 0.0017378892770925 0.9972127813299648 0.9980113036514138
1.1134322004400881 -0.0005524774990681 0.0000197090889879 0.0017595428802099 0.9971895834348624 0.9979947894251904
1.1180331186237247 -0.0005570443953762 0.0000197066779611 0.0017813752989601 0.9971662900312656 0.9979782071914673
1.1226340368073615 -0.0005616299898780 0.0000197042570491 0.0018033872623291 0.9971429011296470 0.9979615569548033
1.1272349549909981 -0.0005662342809456 0.0000197018262530 0.0018255794991996 0.9971194167405235 0.9979448387197754
1.1318358731746350 -0.0005708572669445 0.0000196993855739 0.0018479527383505 0.9970958368744538 0.9979280524909796
1.1364367913582716 -0.0005754989462339 0.0000196969350128 0.0018705077084566 0.9970721615420400 0.9979111982730307
1.1410377095419084 -0.0005801593171664 0.0000196944745709 0.0018932451380882 0.9970483907539265 0.9978942760705620
1.1456386277255450 -0.0005848383780881 0.0000196920042492 0.0019161657557106 0.9970245245208013 0.9978772858882257
1.1502395459091819 -0.0005895361273388 0.0000196895240488 0.0019392702896834 0.9970005628533946 0.9978602277306924
1.1548404640928185 -0.0005942525632517 0.0000196870339708 0.0019625594682608 0.9969765057624795 0.9978431016026517
1.1594413822764553 -0.0005989876841536 0.0000196845340164 0.0019860340195905 0.9969523532588725 0.9978259075088116
1.1640423004600919 -0.0006037414883649 0.0000196820241866 0.0020096946717137 0.9969281053534322 0.9978086454538991
1.1686432186437288 -0.0006085139741993 0.0000196795044825 0.0020335421525644 0.9969037620570602 0.9977913154426598
1.1732441368273654 -0.0006133051399643 0.0000196769749053 0.0020575771899691 0.9968793233807011 0.9977739174798577
1.1778450550110022 -0.0006181149839610 0.0000196744354561 0.0020818005116467 0.9968547893353419 0.9977564515702758
1.1824459731946391 -0.0006229435044838 0.0000196718861360 0.0021062128452075 0.9968301599320126 0.9977389177187157
1.1870468913782757 -0.0006277906998208 0.0000196693269461 0.0021308149181531 0.9968054351817862 0.9977213159299976
1.1916478095619125 -0.0006326565682538 0.0000196667578876 0.0021556074578760 0.9967806150957779 0.9977036462089603
1.1962487277455491 -0.0006375411080578 0.0000196641789615 0.0021805911916592 0.9967556996851455 0.9976859085604616
1.2008496459291860 -0.0006424443175018 0.0000196615901692 0.0022057668466756 0.9967306889610910 0.9976681029893776
1.2054505641128226 -0.0006473661948481 0.0000196589915116 0.0022311351499880 0.9967055829348571 0.9976502295006032
1.2100514822964594 -0.0006523067383526 0.0000196563829900 0.0022566968285480 0.9966803816177304 0.9976322880990521
1.2146524004800960 -0.0006572659462649 0.0000196537646055 0.0022824526091962 0.9966550850210402 0.9976142787896565
1.2192533186637329 -0.0006622438168281 0.0000196511363592 0.0023084032186617 0.9966296931561577 0.9975962015773673
1.2238542368473695 -0.0006672403482788 0.0000196484982523 0.0023345493835613 0.9966042060344977 0.9975780564671540
1.2284551550310063 -0.0006722555388473 0.0000196458502861 0.0023608918303995 0.9965786236675174 0.9975598434640048
1.2330560732146429 -0.0006772893867576 0.0000196431924616 0.0023874312855680 0.9965529460667161 0.9975415625729267
1.2376569913982798 -0.0006823418902270 0.0000196405247801 0.0024141684753449 0.9965271732436364 0.9975232137989450
1.2422579095819164 -0.0006874130474667 0.0000196378472427 0.0024411041258950 0.9965013052098634 0.9975047971471040
1.2468588277655532 -0.0006925028566812 0.0000196351598506 0.0024682389632688 0.9964753419770244 0.9974863126224665
1.2514597459491899 -0.0006976113160689 0.0000196324626050 0.0024955737134022 0.9964492835567900 0.9974677602301137
1.2560606641328267 -0.0007027384238217 0.0000196297555071 0.0025231091021163 0.9964231299608725 0.9974491399751459
1.2606615823164633 -0.0007078841781250 0.0000196270385581 0.0025508458551168 0.9963968812010280 0.9974304518626818
1.2652625005001001 -0.0007130485771580 0.0000196243117592 0.0025787846979936 0.9963705372890542 0.9974116958978586
1.2698634186837368 -0.0007182316190933 0.0000196215751116 0.0026069263562206 0.9963440982367916 0.9973928720858324
1.2744643368673736 -0.0007234333020973 0.0000196188286165 0.0026352715551549 0.9963175640561237 0.9973739804317776
1.2790652550510102 -0.0007286536243300 0.0000196160722752 0.0026638210200367 0.9962909347589761 0.9973550209408876
1.2836661732346470 -0.0007338925839450 0.0000196133060888 0.0026925754759888 0.9962642103573170 0.9973359936183741
1.2882670914182837 -0.0007391501790894 0.0000196105300586 0.0027215356480162 0.9962373908631571 0.9973168984694677
1.2928680096019205 -0.0007444264079042 0.0000196077441858 0.0027507022610055 0.9962104762885502 0.9972977354994175
1.2974689277855571 -0.0007497212685239 0.0000196049484717 0.0027800760397248 0.9961834666455914 0.9972785047134910
1.3020698459691940 -0.0007550347590765 0.0000196021429174 0.0028096577088232 0.9961563619464198 0.9972592061169746
1.3066707641528306 -0.0007603668776839 0.0000195993275243 0.0028394479928302 0.9961291622032157 0.9972398397151733
1.3112716823364674 -0.0007657176224615 0.0000195965022935 0.0028694476161555 0.9961018674282028 0.9972204055134104
1.3158726005201040 -0.0007710869915184 0.0000195936672264 0.0028996573030884 0.9960744776336470 0.9972009035170282
1.3204735187037409 -0.0007764749829573 0.0000195908223241 0.0029300777777977 0.9960469928318559 0.9971813337313873
1.3250744368873775 -0.0007818815948747 0.0000195879675880 0.0029607097643308 0.9960194130351812 0.9971616961618671
1.3296753550710143 -0.0007873068253606 0.0000195851030193 0.0029915539866139 0.9959917382560152 0.9971419908138655
1.3342762732546509 -0.0007927506724987 0.0000195822286192 0.0030226111684510 0.9959639685067939 0.9971222176927989
1.3388771914382878 -0.0007982131343663 0.0000195793443891 0.0030538820335238 0.9959361037999954 0.9971023768041024
1.3434781096219244 -0.0008036942090347 0.0000195764503302 0.0030853673053914 0.9959081441481400 0.9970824681532298
1.3480790278055612 -0.0008091938945685 0.0000195735464438 0.0031170677074895 0.9958800895637907 0.9970624917456532
1.3526799459891978 -0.0008147121890262 0.0000195706327312 0.0031489839631304 0.9958519400595524 0.9970424475868636
1.3572808641728347 -0.0008202490904598 0.0000195677091936 0.0031811167955025 0.9958236956480729 0.9970223356823703
1.3618817823564713 -0.0008258045969151 0.0000195647758325 0.0032134669276694 0.9957953563420424 0.9970021560377014
1.3664827005401081 -0.0008313787064317 0.0000195618326490 0.0032460350825703 0.9957669221541930 0.9969819086584034
1.3710836187237447 -0.0008369714170426 0.0000195588796445 0.0032788219830191 0.9957383930972994 0.9969615935500414
1.3756845369073816 -0.0008425827267749 0.0000195559168202 0.0033118283517038 0.9957097691841789 0.9969412107181992
1.3802854550910182 -0.0008482126336490 0.0000195529441776 0.0033450549111868 0.9956810504276904 0.9969207601684790
1.3848863732746550 -0.0008538611356792 0.0000195499617178 0.0033785023839036 0.9956522368407359 0.9969002419065016
1.3894872914582916 -0.0008595282308736 0.0000195469694423 0.0034121714921632 0.9956233284362593 0.9968796559379065
1.3940882096419285 -0.0008652139172338 0.0000195439673523 0.0034460629581472 0.9955943252272472 0.9968590022683516
1.3986891278255651 -0.0008709181927552 0.0000195409554493 0.0034801775039096 0.9955652272267276 0.9968382809035133
1.4032900460092019 -0.0008766410554270 0.0000195379337344 0.0035145158513761 0.9955360344477715 0.9968174918490869
1.4078909641928385 -0.0008823825032320 0.0000195349022091 0.0035490787223441 0.9955067469034924 0.9967966351107856
1.4124918823764754 -0.0008881425341468 0.0000195318608746 0.0035838668384821 0.9954773646070455 0.9967757106943419
1.4170928005601120 -0.0008939211461417 0.0000195288097324 0.0036188809213292 0.9954478875716279 0.9967547186055062
1.4216937187437488 -0.0008997183371809 0.0000195257487838 0.0036541216922950 0.9954183158104802 0.9967336588500479
1.4262946369273855 -0.0009055341052220 0.0000195226780302 0.0036895898726586 0.9953886493368839 0.9967125314337547
1.4308955551110223 -0.0009113684482165 0.0000195195974728 0.0037252861835689 0.9953588881641634 0.9966913363624329
1.4354964732946589 -0.0009172213641098 0.0000195165071131 0.0037612113460438 0.9953290323056853 0.9966700736419073
1.4400973914782957 -0.0009230928508409 0.0000195134069525 0.0037973660809697 0.9952990817748580 0.9966487432780212
1.4446983096619324 -0.0009289829063425 0.0000195102969922 0.0038337511091014 0.9952690365851329 0.9966273452766365
1.4492992278455692 -0.0009348915285412 0.0000195071772337 0.0038703671510615 0.9952388967500022 0.9966058796436337
1.4539001460292058 -0.0009408187153573 0.0000195040476784 0.0039072149273400 0.9952086622830015 0.9965843463849114
1.4585010642128426 -0.0009467644647048 0.0000195009083276 0.0039442951582940 0.9951783331977081 0.9965627455063873
1.4631019823964793 -0.0009527287744915 0.0000194977591828 0.0039816085641472 0.9951479095077413 0.9965410770139973
1.4677029005801161 -0.0009587116426190 0.0000194946002453 0.0040191558649893 0.9951173912267627 0.9965193409136958
1.4723038187637527 -0.0009647130669828 0.0000194914315165 0.0040569377807761 0.9950867783684761 0.9964975372114556
1.4769047369473896 -0.0009707330454718 0.0000194882529978 0.0040949550313288 0.9950560709466270 0.9964756659132683
1.4815056551310262 -0.0009767715759692 0.0000194850646907 0.0041332083363332 0.9950252689750035 0.9964537270251438
1.4861065733146630 -0.0009828286563515 0.0000194818665965 0.0041716984153403 0.9949943724674353 0.9964317205531106
1.4907074914982996 -0.0009889042844893 0.0000194786587167 0.0042104259877647 0.9949633814377943 0.9964096465032155
1.4953084096819365 -0.0009949984582469 0.0000194754410527 0.0042493917728852 0.9949322958999947 0.9963875048815241
1.4999093278655731 -0.0010011111754823 0.0000194722136058 0.0042885964898436 0.9949011158679926 0.9963652956941201
1.5045102460492099 -0.0010072424340476 0.0000194689763776 0.0043280408576451 0.9948698413557863 0.9963430189471062
1.5091111642328465 -0.0010133922317883 0.0000194657293695 0.0043677255951570 0.9948384723774156 0.9963206746466030
1.5137120824164834 -0.0010195605665441 0.0000194624725828 0.0044076514211091 0.9948070089469626 0.9962982627987500
1.5183130006001200 -0.0010257474361482 0.0000194592060191 0.0044478190540928 0.9947754510785518 0.9962757834097049
1.5229139187837568 -0.0010319528384278 0.0000194559296798 0.0044882292125608 0.9947437987863490 0.9962532364856441
1.5275148369673934 -0.0010381767712038 0.0000194526435663 0.0045288826148269 0.9947120520845627 0.9962306220327625
1.5321157551510303 -0.0010444192322911 0.0000194493476801 0.0045697799790654 0.9946802109874423 0.9962079400572731
1.5367166733346669 -0.0010506802194983 0.0000194460420226 0.0046109220233105 0.9946482755092803 0.9961851905654077
1.5413175915183037 -0.0010569597306279 0.0000194427265953 0.0046523094654565 0.9946162456644105 0.9961623735634164
1.5459185097019403 -0.0010632577634761 0.0000194394013997 0.0046939430232567 0.9945841214672088 0.9961394890575679
1.5505194278855772 -0.0010695743158330 0.0000194360664372 0.0047358234143234 0.9945519029320933 0.9961165370541493
1.5551203460692138 -0.0010759093854828 0.0000194327217094 0.0047779513561276 0.9945195900735230 0.9960935175594660
1.5597212642528506 -0.0010822629702032 0.0000194293672176 0.0048203275659982 0.9944871829060001 0.9960704305798420
1.5643221824364872 -0.0010886350677658 0.0000194260029634 0.0048629527611219 0.9944546814440678 0.9960472761216198
1.5689231006201241 -0.0010950256759363 0.0000194226289483 0.0049058276585427 0.9944220857023114 0.9960240541911601
1.5735240188037607 -0.0011014347924741 0.0000194192451738 0.0049489529751615 0.9943893956953583 0.9960007647948423
1.5781249369873975 -0.0011078624151324 0.0000194158516412 0.0049923294277357 0.9943566114378775 0.9959774079390641
1.5827258551710341 -0.0011143085416584 0.0000194124483523 0.0050359577328787 0.9943237329445797 0.9959539836302416
1.5873267733546710 -0.0011207731697931 0.0000194090353084 0.0050798386070597 0.9942907602302176 0.9959304918748093
1.5919276915383076 -0.0011272562972715 0.0000194056125111 0.0051239727666033 0.9942576933095858 0.9959069326792204
1.5965286097219444 -0.0011337579218222 0.0000194021799618 0.0051683609276887 0.9942245321975208 0.9958833060499461
1.6011295279055811 -0.0011402780411680 0.0000193987376621 0.0052130038063499 0.9941912769089004 0.9958596119934764
1.6057304460892179 -0.0011468166530254 0.0000193952856136 0.0052579021184747 0.9941579274586446 0.9958358505163195
1.6103313642728545 -0.0011533737551049 0.0000193918238177 0.0053030565798049 0.9941244838617148 0.9958120216250020
1.6149322824564913 -0.0011599493451108 0.0000193883522759 0.0053484679059352 0.9940909461331147 0.9957881253260691
1.6195332006401280 -0.0011665434207415 0.0000193848709899 0.0053941368123135 0.9940573142878891 0.9957641616260842
1.6241341188237648 -0.0011731559796890 0.0000193813799611 0.0054400640142400 0.9940235883411251 0.9957401305316291
1.6287350370074014 -0.0011797870196394 0.0000193778791911 0.0054862502268672 0.9939897683079512 0.9957160320493041
1.6333359551910382 -0.0011864365382728 0.0000193743686815 0.0055326961651989 0.9939558542035375 0.9956918661857280
1.6379368733746749 -0.0011931045332630 0.0000193708484337 0.0055794025440905 0.9939218460430961 0.9956676329475377
1.6425377915583117 -0.0011997910022780 0.0000193673184494 0.0056263700782482 0.9938877438418804 0.9956433323413887
1.6471387097419483 -0.0012064959429793 0.0000193637787301 0.0056735994822287 0.9938535476151860 0.9956189643739548
1.6517396279255852 -0.0012132193530229 0.0000193602292773 0.0057210914704385 0.9938192573783493 0.9955945290519282
1.6563405461092218 -0.0012199612300582 0.0000193566700927 0.0057688467571343 0.9937848731467495 0.9955700263820196
1.6609414642928586 -0.0012267215717289 0.0000193531011778 0.0058168660564215 0.9937503949358063 0.9955454563709579
1.6655423824764952 -0.0012335003756725 0.0000193495225341 0.0058651500822548 0.9937158227609818 0.9955208190254904
1.6701433006601321 -0.0012402976395206 0.0000193459341634 0.0059136995484372 0.9936811566377795 0.9954961143523827
1.6747442188437687 -0.0012471133608983 0.0000193423360670 0.0059625151686198 0.9936463965817440 0.9954713423584191
1.6793451370274055 -0.0012539475374254 0.0000193387282467 0.0060115976563014 0.9936115426084623 0.9954465030504017
1.6839460552110421 -0.0012608001667149 0.0000193351107041 0.0060609477248281 0.9935765947335621 0.9954215964351515
1.6885469733946790 -0.0012676712463744 0.0000193314834407 0.0061105660873927 0.9935415529727135 0.9953966225195076
1.6931478915783156 -0.0012745607740050 0.0000193278464581 0.0061604534570347 0.9935064173416274 0.9953715813103274
1.6977488097619524 -0.0012814687472020 0.0000193241997579 0.0062106105466396 0.9934711878560569 0.9953464728144868
1.7023497279455890 -0.0012883951635547 0.0000193205433418 0.0062610380689386 0.9934358645317963 0.9953212970388799
1.7069506461292259 -0.0012953400206464 0.0000193168772114 0.0063117367365082 0.9934004473846809 0.9952960539904193
1.7115515643128625 -0.0013023033160542 0.0000193132013682 0.0063627072617697 0.9933649364305883 0.9952707436760357
1.7161524824964993 -0.0013092850473494 0.0000193095158140 0.0064139503569889 0.9933293316854371 0.9952453661026784
1.7207534006801359 -0.0013162852120971 0.0000193058205503 0.0064654667342759 0.9932936331651878 0.9952199212773150
1.7253543188637728 -0.0013233038078566 0.0000193021155787 0.0065172571055841 0.9932578408858418 0.9951944092069310
1.7299552370474094 -0.0013303408321811 0.0000192984009010 0.0065693221827107 0.9932219548634421 0.9951688298985308
1.7345561552310462 -0.0013373962826178 0.0000192946765187 0.0066216626772954 0.9931859751140735 0.9951431833591369
1.7391570734146828 -0.0013444701567081 0.0000192909424335 0.0066742793008205 0.9931499016538619 0.9951174695957899
1.7437579915983197 -0.0013515624519871 0.0000192871986470 0.0067271727646104 0.9931137344989743 0.9950916886155491
1.7483589097819563 -0.0013586731659843 0.0000192834451609 0.0067803437798314 0.9930774736656196 0.9950658404254916
1.7529598279655931 -0.0013658022962228 0.0000192796819769 0.0068337930574909 0.9930411191700480 0.9950399250327134
1.7575607461492297 -0.0013729498402201 0.0000192759090965 0.0068875213084373 0.9930046710285509 0.9950139424443284
1.7621616643328666 -0.0013801157954875 0.0000192721265216 0.0069415292433594 0.9929681292574610 0.9949878926674688
1.7667625825165034 -0.0013873001595306 0.0000192683342536 0.0069958175727863 0.9929314938731527 0.9949617757092853
1.7713635007001400 -0.0013945029298487 0.0000192645322944 0.0070503870070867 0.9928947648920409 0.9949355915769469
1.7759644188837769 -0.0014017241039355 0.0000192607206456 0.0071052382564688 0.9928579423305828 0.9949093402776406
1.7805653370674135 -0.0014089636792785 0.0000192568993089 0.0071603720309796 0.9928210262052763 0.9948830218185718
1.7851662552510503 -0.0014162216533595 0.0000192530682859 0.0072157890405045 0.9927840165326610 0.9948566362069643
1.7897671734346869 -0.0014234980236540 0.0000192492275784 0.0072714899947674 0.9927469133293170 0.9948301834500601
1.7943680916183238 -0.0014307927876320 0.0000192453771880 0.0073274756033297 0.9927097166118665 0.9948036635551195
1.7989690098019604 -0.0014381059427573 0.0000192415171164 0.0073837465755903 0.9926724263969725 0.9947770765294210
1.8035699279855972 -0.0014454374864878 0.0000192376473655 0.0074403036207848 0.9926350427013394 0.9947504223802616
1.8081708461692338 -0.0014527874162756 0.0000192337679367 0.0074971474479857 0.9925975655417123 0.9947237011149560
1.8127717643528707 -0.0014601557295668 0.0000192298788320 0.0075542787661016 0.9925599949348787 0.9946969127408378
1.8173726825365073 -0.0014675424238016 0.0000192259800529 0.0076116982838766 0.9925223308976661 0.9946700572652585
1.8219736007201441 -0.0014749474964144 0.0000192220716012 0.0076694067098906 0.9924845734469435 0.9946431346955878
1.8265745189037808 -0.0014823709448335 0.0000192181534787 0.0077274047525583 0.9924467225996212 0.9946161450392140
1.8311754370874176 -0.0014898127664816 0.0000192142256870 0.0077856931201288 0.9924087783726507 0.9945890883035433
1.8357763552710542 -0.0014972729587751 0.0000192102882279 0.0078442725206858 0.9923707407830248 0.9945619644960002
1.8403772734546910 -0.0015047515191250 0.0000192063411032 0.0079031436621465 0.9923326098477765 0.9945347736240275
1.8449781916383277 -0.0015122484449360 0.0000192023843145 0.0079623072522617 0.9922943855839812 0.9945075156950863
1.8495791098219645 -0.0015197637336072 0.0000191984178636 0.0080217639986151 0.9922560680087544 0.9944801907166558
1.8541800280056011 -0.0015272973825316 0.0000191944417523 0.0080815146086232 0.9922176571392533 0.9944527986962335
1.8587809461892379 -0.0015348493890967 0.0000191904559823 0.0081415597895347 0.9921791529926755 0.9944253396413349
1.8633818643728746 -0.0015424197506837 0.0000191864605554 0.0082019002484299 0.9921405555862605 0.9943978135594941
1.8679827825565114 -0.0015500084646682 0.0000191824554733 0.0082625366922209 0.9921018649372881 0.9943702204582631
1.8725837007401480 -0.0015576155284200 0.0000191784407378 0.0083234698276507 0.9920630810630797 0.9943425603452122
1.8771846189237849 -0.0015652409393030 0.0000191744163507 0.0083847003612930 0.9920242039809969 0.9943148332279299
1.8817855371074215 -0.0015728846946751 0.0000191703823137 0.0084462289995518 0.9919852337084435 0.9942870391140229
1.8863864552910583 -0.0015805467918885 0.0000191663386287 0.0085080564486610 0.9919461702628631 0.9942591780111163
1.8909873734746949 -0.0015882272282896 0.0000191622852974 0.0085701834146840 0.9919070136617411 0.9942312499268530
1.8955882916583318 -0.0015959260012189 0.0000191582223215 0.0086326106035133 0.9918677639226031 0.9942032548688943
1.9001892098419684 -0.0016036431080111 0.0000191541497030 0.0086953387208701 0.9918284210630169 0.9941751928449197
1.9047901280256052 -0.0016113785459951 0.0000191500674435 0.0087583684723039 0.9917889851005893 0.9941470638626270
1.9093910462092418 -0.0016191323124941 0.0000191459755450 0.0088217005631924 0.9917494560529699 0.9941188679297318
1.9139919643928787 -0.0016269044048252 0.0000191418740091 0.0088853356987404 0.9917098339378483 0.9940906050539683
1.9185928825765153 -0.0016346948203000 0.0000191377628377 0.0089492745839803 0.9916701187729549 0.9940622752430885
1.9231938007601521 -0.0016425035562241 0.0000191336420326 0.0090135179237709 0.9916303105760612 0.9940338785048629
1.9277947189437887 -0.0016503306098974 0.0000191295115956 0.0090780664227978 0.9915904093649794 0.9940054148470799
1.9323956371274256 -0.0016581759786141 0.0000191253715286 0.0091429207855722 0.9915504151575631 0.9939768842775462
1.9369965553110622 -0.0016660396596624 0.0000191212218333 0.0092080817164311 0.9915103279717059 0.9939482868040865
1.9415974734946990 -0.0016739216503249 0.0000191170625116 0.0092735499195367 0.9914701478253427 0.9939196224345439
1.9461983916783356 -0.0016818219478783 0.0000191128935654 0.0093393260988761 0.9914298747364491 0.9938908911767794
1.9507993098619725 -0.0016897405495936 0.0000191087149964 0.0094054109582605 0.9913895087230417 0.9938620930386723
1.9554002280456091 -0.0016976774527362 0.0000191045268065 0.0094718052013256 0.9913490498031772 0.9938332280281199
1.9600011462292459 -0.0017056326545655 0.0000191003289976 0.0095385095315306 0.9913084979949539 0.9938042961530378
1.9646020644128825 -0.0017136061523351 0.0000190961215715 0.0096055246521577 0.9912678533165102 0.9937752974213595
1.9692029825965194 -0.0017215979432932 0.0000190919045300 0.0096728512663125 0.9912271157860260 0.9937462318410369
1.9738039007801560 -0.0017296080246818 0.0000190876778751 0.0097404900769226 0.9911862854217207 0.9937170994200399
1.9784048189637928 -0.0017376363937377 0.0000190834416085 0.0098084417867381 0.9911453622418556 0.9936879001663564
1.9830057371474294 -0.0017456830476914 0.0000190791957322 0.0098767070983305 0.9911043462647317 0.9936586340879926
1.9876066553310663 -0.0017537479837681 0.0000190749402479 0.0099452867140929 0.9910632375086917 0.9936293011929727
1.9922075735147029 -0.0017618311991871 0.0000190706751577 0.0100141813362392 0.9910220359921180 0.9935999014893390
1.9968084916983397 -0.0017699326911620 0.0000190664004633 0.0100833916668040 0.9909807417334342 0.9935704349851519
2.0014094098819766 -0.0017780524569006 0.0000190621161667 0.0101529184076420 0.9909393547511047 0.9935409016884899
2.0060103280656132 -0.0017861904936053 0.0000190578222696 0.0102227622604275 0.9908978750636335 0.9935113016074497
2.0106112462492498 -0.0017943467984724 0.0000190535187742 0.0102929239266546 0.9908563026895661 0.9934816347501461
2.0152121644328864 -0.0018025213686928 0.0000190492056821 0.0103634041076361 0.9908146376474888 0.9934519011247116
2.0198130826165235 -0.0018107142014515 0.0000190448829953 0.0104342035045036 0.9907728799560275 0.9934221007392973
2.0244140008001601 -0.0018189252939281 0.0000190405507158 0.0105053228182069 0.9907310296338496 0.9933922336020720
2.0290149189837967 -0.0018271546432961 0.0000190362088454 0.0105767627495136 0.9906890866996620 0.9933622997212228
2.0336158371674333 -0.0018354022467237 0.0000190318573860 0.0106485239990089 0.9906470511722135 0.9933322991049548
2.0382167553510704 -0.0018436679531236 0.0000190274963416 0.0107206072670951 0.9906049230702701 0.9933022317614911
2.0428176735347070 -0.0018519518166896 0.0000190231257133 0.0107930132539911 0.9905627024124521 0.9932720976988682
2.0474185917183436 -0.0018602539231965 0.0000190187455017 0.0108657426597322 0.9905203892175096 0.9932418969252216
2.0520195099019802 -0.0018685742697755 0.0000190143557089 0.0109387961841695 0.9904779835043501 0.9932116294488286
2.0566204280856173 -0.0018769128535523 0.0000190099563367 0.0110121745269699 0.9904354852919218 0.9931812952779846
2.0612213462692539 -0.0018852696716465 0.0000190055473871 0.0110858783876152 0.9903928945992132 0.9931508944210028
2.0658222644528905 -0.0018936447211725 0.0000190011288621 0.0111599084654023 0.9903502114452530 0.9931204268862146
2.0704231826365271 -0.0019020379992387 0.0000189967007635 0.0112342654594422 0.9903074358491105 0.9930898926819693
2.0750241008201642 -0.0019104495029481 0.0000189922630934 0.0113089500686601 0.9902645678298956 0.9930592918166344
2.0796250190038008 -0.0019188792293978 0.0000189878158536 0.0113839629917948 0.9902216074067581 0.9930286242985952
2.0842259371874374 -0.0019273271756795 0.0000189833590462 0.0114593049273984 0.9901785545988885 0.9929978901362549
2.0888268553710740 -0.0019357933388791 0.0000189788926731 0.0115349765738358 0.9901354094255173 0.9929670893380351
2.0934277735547111 -0.0019442777160769 0.0000189744167362 0.0116109786292844 0.9900921719059157 0.9929362219123751
2.0980286917383477 -0.0019527803043477 0.0000189699312376 0.0116873117917339 0.9900488420593951 0.9929052878677321
2.1026296099219843 -0.0019613011007605 0.0000189654361792 0.0117639767589856 0.9900054199053073 0.9928742872125816
2.1072305281056209 -0.0019698401023787 0.0000189609315629 0.0118409742286519 0.9899619054630440 0.9928432199554170
2.1118314462892580 -0.0019783973062602 0.0000189564173908 0.0119183048981567 0.9899182987520372 0.9928120861047495
2.1164323644728946 -0.0019869727094573 0.0000189518936649 0.0119959694647339 0.9898745997917594 0.9927808856691083
2.1210332826565312 -0.0019955663090165 0.0000189473603870 0.0120739686254282 0.9898308086017236 0.9927496186570407
2.1256342008401679 -0.0020041781019790 0.0000189428175594 0.0121523030770937 0.9897869252014821 0.9927182850771120
2.1302351190238049 -0.0020128080853801 0.0000189382651838 0.0122309735163940 0.9897429496106284 0.9926868849379054
2.1348360372074415 -0.0020214562562498 0.0000189337032624 0.0123099806398020 0.9896988818487955 0.9926554182480218
2.1394369553910781 -0.0020301226116123 0.0000189291317971 0.0123893251435990 0.9896547219356570 0.9926238850160806
2.1440378735747148 -0.0020388071484863 0.0000189245507899 0.0124690077238748 0.9896104698909262 0.9925922852507186
2.1486387917583518 -0.0020475098638850 0.0000189199602430 0.0125490290765271 0.9895661257343570 0.9925606189605909
2.1532397099419884 -0.0020562307548159 0.0000189153601581 0.0126293898972611 0.9895216894857428 0.9925288861543704
2.1578406281256250 -0.0020649698182812 0.0000189107505375 0.0127100908815891 0.9894771611649179 0.9924970868407480
2.1624415463092617 -0.0020737270512772 0.0000189061313831 0.0127911327248303 0.9894325407917564 0.9924652210284325
2.1670424644928987 -0.0020825024507948 0.0000189015026970 0.0128725161221103 0.9893878283861722 0.9924332887261506
2.1716433826765353 -0.0020912960138196 0.0000188968644812 0.0129542417683608 0.9893430239681192 0.9924012899426469
2.1762443008601720 -0.0021001077373312 0.0000188922167377 0.0130363103583189 0.9892981275575919 0.9923692246866840
2.1808452190438086 -0.0021089376183040 0.0000188875594685 0.0131187225865272 0.9892531391746243 0.9923370929670424
2.1854461372274456 -0.0021177856537069 0.0000188828926758 0.0132014791473332 0.9892080588392905 0.9923048947925206
2.1900470554110822 -0.0021266518405030 0.0000188782163615 0.0132845807348888 0.9891628865717051 0.9922726301719348
2.1946479735947189 -0.0021355361756501 0.0000188735305278 0.0133680280431501 0.9891176223920219 0.9922402991141192
2.1992488917783555 -0.0021444386561005 0.0000188688351767 0.0134518217658770 0.9890722663204351 0.9922079016279258
2.2038498099619925 -0.0021533592788010 0.0000188641303101 0.0135359625966327 0.9890268183771788 0.9921754377222248
2.2084507281456291 -0.0021622980406927 0.0000188594159304 0.0136204512287835 0.9889812785825272 0.9921429074059041
2.2130516463292658 -0.0021712549387113 0.0000188546920393 0.0137052883554983 0.9889356469567937 0.9921103106878694
2.2176525645129024 -0.0021802299697873 0.0000188499586392 0.0137904746697482 0.9888899235203327 0.9920776475770443
2.2222534826965394 -0.0021892231308453 0.0000188452157320 0.0138760108643064 0.9888441082935375 0.9920449180823705
2.2268544008801761 -0.0021982344188046 0.0000188404633198 0.0139618976317472 0.9887982012968418 0.9920121222128073
2.2314553190638127 -0.0022072638305791 0.0000188357014047 0.0140481356644465 0.9887522025507192 0.9919792599773321
2.2360562372474493 -0.0022163113630772 0.0000188309299888 0.0141347256545806 0.9887061120756824 0.9919463313849398
2.2406571554310863 -0.0022253770132018 0.0000188261490742 0.0142216682941264 0.9886599298922849 0.9919133364446435
2.2452580736147230 -0.0022344607778503 0.0000188213586630 0.0143089642748606 0.9886136560211196 0.9918802751654742
2.2498589917983596 -0.0022435626539147 0.0000188165587573 0.0143966142883597 0.9885672904828188 0.9918471475564804
2.2544599099819962 -0.0022526826382817 0.0000188117493592 0.0144846190259995 0.9885208332980553 0.9918139536267289
2.2590608281656333 -0.0022618207278323 0.0000188069304708 0.0145729791789544 0.9884742844875408 0.9917806933853038
2.2636617463492699 -0.0022709769194422 0.0000188021020943 0.0146616954381976 0.9884276440720275 0.9917473668413076
2.2682626645329065 -0.0022801512099817 0.0000187972642317 0.0147507684945003 0.9883809120723068 0.9917139740038602
2.2728635827165431 -0.0022893435963158 0.0000187924168851 0.0148401990384315 0.9883340885092105 0.9916805148820995
2.2774645009001802 -0.0022985540753037 0.0000187875600568 0.0149299877603576 0.9882871734036089 0.9916469894851814
2.2820654190838168 -0.0023077826437995 0.0000187826937488 0.0150201353504419 0.9882401667764132 0.9916133978222792
2.2866663372674534 -0.0023170292986520 0.0000187778179633 0.0151106424986444 0.9881930686485733 0.9915797399025843
2.2912672554510900 -0.0023262940367042 0.0000187729327024 0.0152015098947215 0.9881458790410796 0.9915460157353060
2.2958681736347271 -0.0023355768547941 0.0000187680379682 0.0152927382282252 0.9880985979749612 0.9915122253296711
2.3004690918183637 -0.0023448777497541 0.0000187631337630 0.0153843281885034 0.9880512254712877 0.9914783686949245
2.3050700100020003 -0.0023541967184112 0.0000187582200888 0.0154762804646989 0.9880037615511674 0.9914444458403286
2.3096709281856369 -0.0023635337575872 0.0000187532969478 0.0155685957457492 0.9879562062357491 0.9914104567751640
2.3142718463692740 -0.0023728888640984 0.0000187483643422 0.0156612747203865 0.9879085595462204 0.9913764015087286
2.3188727645529106 -0.0023822620347558 0.0000187434222741 0.0157543180771368 0.9878608215038086 0.9913422800503385
2.3234736827365472 -0.0023916532663649 0.0000187384707457 0.0158477265043198 0.9878129921297808 0.9913080924093274
2.3280746009201838 -0.0024010625557261 0.0000187335097592 0.0159415006900485 0.9877650714454435 0.9912738385950466
2.3326755191038209 -0.0024104898996343 0.0000187285393168 0.0160356413222290 0.9877170594721426 0.9912395186168654
2.3372764372874575 -0.0024199352948790 0.0000187235594205 0.0161301490885597 0.9876689562312633 0.9912051324841710
2.3418773554710941 -0.0024293987382445 0.0000187185700727 0.0162250246765312 0.9876207617442304 0.9911706802063679
2.3464782736547307 -0.0024388802265096 0.0000187135712755 0.0163202687734262 0.9875724760325085 0.9911361617928788
2.3510791918383678 -0.0024483797564481 0.0000187085630311 0.0164158820663184 0.9875240991176010 0.9911015772531439
2.3556801100220044 -0.0024578973248281 0.0000187035453417 0.0165118652420729 0.9874756310210512 0.9910669265966212
2.3602810282056410 -0.0024674329284127 0.0000186985182094 0.0166082189873455 0.9874270717644411 0.9910322098327866
2.3648819463892781 -0.0024769865639594 0.0000186934816366 0.0167049439885821 0.9873784213693934 0.9909974269711335
2.3694828645729147 -0.0024865582282206 0.0000186884356254 0.0168020409320188 0.9873296798575684 0.9909625780211730
2.3740837827565513 -0.0024961479179435 0.0000186833801779 0.0168995105036811 0.9872808472506670 0.9909276629924343
2.3786847009401879 -0.0025057556298698 0.0000186783152965 0.0169973533893839 0.9872319235704291 0.9908926818944639
2.3832856191238250 -0.0025153813607360 0.0000186732409834 0.0170955702747309 0.9871829088386336 0.9908576347368262
2.3878865373074616 -0.0025250251072732 0.0000186681572407 0.0171941618451142 0.9871338030770992 0.9908225215291034
2.3924874554910982 -0.0025346868662076 0.0000186630640708 0.0172931287857142 0.9870846063076832 0.9907873422808953
2.3970883736747348 -0.0025443666342597 0.0000186579614757 0.0173924717814989 0.9870353185522831 0.9907520970018193
2.4016892918583719 -0.0025540644081451 0.0000186528494579 0.0174921915172238 0.9869859398328342 0.9907167857015108
2.4062902100420085 -0.0025637801845738 0.0000186477280194 0.0175922886774312 0.9869364701713127 0.9906814083896225
2.4108911282256451 -0.0025735139602508 0.0000186425971626 0.0176927639464504 0.9868869095897326 0.9906459650758250
2.4154920464092817 -0.0025832657318759 0.0000186374568898 0.0177936180083967 0.9868372581101476 0.9906104557698068
2.4200929645929188 -0.0025930354961435 0.0000186323072030 0.0178948515471716 0.9867875157546511 0.9905748804812736
2.4246938827765554 -0.0026028232497428 0.0000186271481047 0.0179964652464617 0.9867376825453746 0.9905392392199492
2.4292948009601920 -0.0026126289893578 0.0000186219795971 0.0180984597897394 0.9866877585044895 0.9905035319955749
2.4338957191438286 -0.0026224527116674 0.0000186168016824 0.0182008358602613 0.9866377436542061 0.9904677588179096
2.4384966373274657 -0.0026322944133451 0.0000186116143628 0.0183035941410690 0.9865876380167736 0.9904319196967299
2.4430975555111023 -0.0026421540910593 0.0000186064176408 0.0184067353149879 0.9865374416144804 0.9903960146418301
2.4476984736947389 -0.0026520317414733 0.0000186012115185 0.0185102600646271 0.9864871544696541 0.9903600436630222
2.4522993918783755 -0.0026619273612449 0.0000185959959983 0.0186141690723792 0.9864367766046612 0.9903240067701357
2.4569003100620126 -0.0026718409470271 0.0000185907710824 0.0187184630204198 0.9863863080419072 0.9902879039730177
2.4615012282456492 -0.0026817724954674 0.0000185855367730 0.0188231425907070 0.9863357488038367 0.9902517352815332
2.4661021464292858 -0.0026917220032084 0.0000185802930726 0.0189282084649813 0.9862850989129328 0.9902155007055646
2.4707030646129224 -0.0027016894668872 0.0000185750399833 0.0190336613247650 0.9862343583917188 0.9901792002550122
2.4753039827965595 -0.0027116748831361 0.0000185697775076 0.0191395018513622 0.9861835272627552 0.9901428339397934
2.4799049009801961 -0.0027216782485820 0.0000185645056476 0.0192457307258578 0.9861326055486428 0.9901064017698438
2.4845058191638327 -0.0027316995598468 0.0000185592244058 0.0193523486291179 0.9860815932720211 0.9900699037551162
2.4891067373474693 -0.0027417388135470 0.0000185539337843 0.0194593562417887 0.9860304904555678 0.9900333399055812
2.4937076555311064 -0.0027517960062944 0.0000185486337856 0.0195667542442967 0.9859792971220004 0.9899967102312268
2.4983085737147430 -0.0027618711346952 0.0000185433244119 0.0196745433168482 0.9859280132940742 0.9899600147420590
2.5029094918983796 -0.0027719641953508 0.0000185380056656 0.0197827241394287 0.9858766389945846 0.9899232534481009
2.5075104100820163 -0.0027820751848574 0.0000185326775491 0.0198912973918027 0.9858251742463646 0.9898864263593936
2.5121113282656533 -0.0027922040998060 0.0000185273400645 0.0200002637535136 0.9857736190722871 0.9898495334859956
2.5167122464492899 -0.0028023509367826 0.0000185219932143 0.0201096239038827 0.9857219734952629 0.9898125748379828
2.5213131646329265 -0.0028125156923681 0.0000185166370008 0.0202193785220096 0.9856702375382418 0.9897755504254490
2.5259140828165632 -0.0028226983631381 0.0000185112714263 0.0203295282867713 0.9856184112242128 0.9897384602585053
2.5305150010002002 -0.0028328989456634 0.0000185058964933 0.0204400738768218 0.9855664945762032 0.9897013043472807
2.5351159191838368 -0.0028431174365096 0.0000185005122040 0.0205510159705924 0.9855144876172789 0.9896640827019212
2.5397168373674734 -0.0028533538322372 0.0000184951185608 0.0206623552462904 0.9854623903705451 0.9896267953325909
2.5443177555511101 -0.0028636081294016 0.0000184897155660 0.0207740923818997 0.9854102028591449 0.9895894422494711
2.5489186737347471 -0.0028738803245533 0.0000184843032221 0.0208862280551795 0.9853579251062609 0.9895520234627608
2.5535195919183837 -0.0028841704142375 0.0000184788815314 0.0209987629436647 0.9853055571351135 0.9895145389826766
2.5581205101020204 -0.0028944783949946 0.0000184734504962 0.0211116977246651 0.9852530989689622 0.9894769888194523
2.5627214282856570 -0.0029048042633598 0.0000184680101190 0.0212250330752654 0.9852005506311051 0.9894393729833397
2.5673223464692940 -0.0029151480158633 0.0000184625604020 0.0213387696723243 0.9851479121448788 0.9894016914846077
2.5719232646529306 -0.0029255096490302 0.0000184571013478 0.0214529081924748 0.9850951835336585 0.9893639443335428
2.5765241828365673 -0.0029358891593808 0.0000184516329586 0.0215674493121234 0.9850423648208582 0.9893261315404492
2.5811251010202039 -0.0029462865434302 0.0000184461552370 0.0216823937074496 0.9849894560299295 0.9892882531156486
2.5857260192038409 -0.0029567017976883 0.0000184406681852 0.0217977420544062 0.9849364571843634 0.9892503090694800
2.5903269373874775 -0.0029671349186605 0.0000184351718056 0.0219134950287183 0.9848833683076894 0.9892122994122999
2.5949278555711142 -0.0029775859028467 0.0000184296661007 0.0220296533058832 0.9848301894234753 0.9891742241544825
2.5995287737547508 -0.0029880547467421 0.0000184241510729 0.0221462175611701 0.9847769205553270 0.9891360833064192
2.6041296919383878 -0.0029985414468369 0.0000184186267246 0.0222631884696197 0.9847235617268892 0.9890978768785191
2.6087306101220245 -0.0030090459996162 0.0000184130930582 0.0223805667060436 0.9846701129618451 0.9890596048812088
2.6133315283056611 -0.0030195684015601 0.0000184075500761 0.0224983529450245 0.9846165742839162 0.9890212673249322
2.6179324464892977 -0.0030301086491439 0.0000184019977807 0.0226165478609151 0.9845629457168621 0.9889828642201507
2.6225333646729347 -0.0030406667388379 0.0000183964361745 0.0227351521278385 0.9845092272844812 0.9889443955773431
2.6271342828565714 -0.0030512426671072 0.0000183908652599 0.0228541664196873 0.9844554190106100 0.9889058614070060
2.6317352010402080 -0.0030618364304123 0.0000183852850393 0.0229735914101235 0.9844015209191233 0.9888672617196530
2.6363361192238446 -0.0030724480252086 0.0000183796955151 0.0230934277725780 0.9843475330339345 0.9888285965258153
2.6409370374074816 -0.0030830774479465 0.0000183740966899 0.0232136761802505 0.9842934553789946 0.9887898658360418
2.6455379555911183 -0.0030937246950715 0.0000183684885660 0.0233343373061088 0.9842392879782940 0.9887510696608983
2.6501388737747549 -0.0031043897630244 0.0000183628711459 0.0234554118228886 0.9841850308558604 0.9887122080109685
2.6547397919583915 -0.0031150726482407 0.0000183572444320 0.0235769004030934 0.9841306840357599 0.9886732808968532
2.6593407101420286 -0.0031257733471513 0.0000183516084269 0.0236988037189937 0.9840762475420970 0.9886342883291709
2.6639416283256652 -0.0031364918561821 0.0000183459631329 0.0238211224426269 0.9840217213990142 0.9885952303185572
2.6685425465093018 -0.0031472281717541 0.0000183403085526 0.0239438572457970 0.9839671056306930 0.9885561068756654
2.6731434646929384 -0.0031579822902833 0.0000183346446883 0.0240670088000739 0.9839124002613515 0.9885169180111660
2.6777443828765755 -0.0031687542081810 0.0000183289715427 0.0241905777767937 0.9838576053152475 0.9884776637357470
2.6823453010602121 -0.0031795439218534 0.0000183232891180 0.0243145648470575 0.9838027208166756 0.9884383440601137
2.6869462192438487 -0.0031903514277022 0.0000183175974169 0.0244389706817320 0.9837477467899696 0.9883989589949888
2.6915471374274853 -0.0032011767221238 0.0000183118964418 0.0245637959514481 0.9836926832595007 0.9883595085511124
2.6961480556111224 -0.0032120198015101 0.0000183061861952 0.0246890413266016 0.9836375302496785 0.9883199927392421
2.7007489737947590 -0.0032228806622479 0.0000183004666796 0.0248147074773519 0.9835822877849503 0.9882804115701527
2.7053498919783956 -0.0032337593007192 0.0000182947378975 0.0249407950736224 0.9835269558898018 0.9882407650546362
2.7099508101620322 -0.0032446557133014 0.0000182889998513 0.0250673047850998 0.9834715345887566 0.9882010532035024
2.7145517283456693 -0.0032555698963667 0.0000182832525437 0.0251942372812337 0.9834160239063759 0.9881612760275781
2.7191526465293059 -0.0032665018462827 0.0000182774959770 0.0253215932312363 0.9833604238672595 0.9881214335377075
2.7237535647129425 -0.0032774515594122 0.0000182717301538 0.0254493733040822 0.9833047344960452 0.9880815257447524
2.7283544828965791 -0.0032884190321130 0.0000182659550767 0.0255775781685079 0.9832489558174073 0.9880415526595915
2.7329554010802162 -0.0032994042607384 0.0000182601707481 0.0257062084930116 0.9831930878560601 0.9880015142931211
2.7375563192638528 -0.0033104072416366 0.0000182543771706 0.0258352649458525 0.9831371306367541 0.9879614106562548
2.7421572374474894 -0.0033214279711511 0.0000182485743466 0.0259647481950509 0.9830810841842788 0.9879212417599235
2.7467581556311260 -0.0033324664456208 0.0000182427622788 0.0260946589083877 0.9830249485234606 0.9878810076150752
2.7513590738147631 -0.0033435226613795 0.0000182369409696 0.0262249977534037 0.9829687236791644 0.9878407082326758
2.7559599919983997 -0.0033545966147565 0.0000182311104215 0.0263557653973999 0.9829124096762930 0.9878003436237078
2.7605609101820363 -0.0033656883020761 0.0000182252706373 0.0264869625074365 0.9828560065397862 0.9877599137991714
2.7651618283656729 -0.0033767977196582 0.0000182194216193 0.0266185897503331 0.9827995142946224 0.9877194187700840
2.7697627465493100 -0.0033879248638175 0.0000182135633701 0.0267506477926679 0.9827429329658175 0.9876788585474802
2.7743636647329466 -0.0033990697308643 0.0000182076958923 0.0268831373007777 0.9826862625784246 0.9876382331424119
2.7789645829165832 -0.0034102323171039 0.0000182018191884 0.0270160589407575 0.9826295031575354 0.9875975425659486
2.7835655011002198 -0.0034214126188372 0.0000181959332610 0.0271494133784598 0.9825726547282788 0.9875567868291766
2.7881664192838569 -0.0034326106323600 0.0000181900381127 0.0272832012794948 0.9825157173158214 0.9875159659431997
2.7927673374674935 -0.0034438263539636 0.0000181841337460 0.0274174233092295 0.9824586909453673 0.9874750799191389
2.7973682556511301 -0.0034550597799347 0.0000181782201635 0.0275520801327879 0.9824015756421588 0.9874341287681323
2.8019691738347667 -0.0034663109065549 0.0000181722973678 0.0276871724150502 0.9823443714314749 0.9873931125013357
2.8065700920184038 -0.0034775797301015 0.0000181663653614 0.0278227008206528 0.9822870783386332 0.9873520311299216
2.8111710102020404 -0.0034888662468469 0.0000181604241470 0.0279586660139876 0.9822296963889879 0.9873108846650802
2.8157719283856770 -0.0035001704530590 0.0000181544737271 0.0280950686592020 0.9821722256079320 0.9872696731180185
2.8203728465693136 -0.0035114923450006 0.0000181485141043 0.0282319094201983 0.9821146660208949 0.9872283964999610
2.8249737647529507 -0.0035228319189304 0.0000181425452813 0.0283691889606336 0.9820570176533436 0.9871870548221493
2.8295746829365873 -0.0035341891711021 0.0000181365672605 0.0285069079439193 0.9819992805307831 0.9871456480958424
2.8341756011202239 -0.0035455640977647 0.0000181305800447 0.0286450670332207 0.9819414546787557 0.9871041763323162
2.8387765193038605 -0.0035569566951627 0.0000181245836364 0.0287836668914566 0.9818835401228413 0.9870626395428640
2.8433774374874976 -0.0035683669595359 0.0000181185780382 0.0289227081812995 0.9818255368886568 0.9870210377387963
2.8479783556711342 -0.0035797948871194 0.0000181125632527 0.0290621915651744 0.9817674450018569 0.9869793709314408
2.8525792738547708 -0.0035912404741439 0.0000181065392826 0.0292021177052592 0.9817092644881336 0.9869376391321423
2.8571801920384075 -0.0036027037168351 0.0000181005061305 0.0293424872634839 0.9816509953732160 0.9868958423522627
2.8617811102220445 -0.0036141846114145 0.0000180944637990 0.0294833009015306 0.9815926376828710 0.9868539806031812
2.8663820284056811 -0.0036256831540987 0.0000180884122908 0.0296245592808329 0.9815341914429025 0.9868120538962941
2.8709829465893177 -0.0036371993410997 0.0000180823516084 0.0297662630625754 0.9814756566791519 0.9867700622430151
2.8755838647729544 -0.0036487331686251 0.0000180762817546 0.0299084129076940 0.9814170334174981 0.9867280056547747
2.8801847829565914 -0.0036602846328778 0.0000180702027318 0.0300510094768750 0.9813583216838563 0.9866858841430207
2.8847857011402280 -0.0036718537300560 0.0000180641145429 0.0301940534305547 0.9812995215041805 0.9866436977192181
2.8893866193238646 -0.0036834404563536 0.0000180580171904 0.0303375454289197 0.9812406329044605 0.9866014463948489
2.8939875375075013 -0.0036950448079597 0.0000180519106771 0.0304814861319057 0.9811816559107241 0.9865591301814124
2.8985884556911383 -0.0037066667810588 0.0000180457950054 0.0306258761991979 0.9811225905490361 0.9865167490904249
2.9031893738747749 -0.0037183063718311 0.0000180396701782 0.0307707162902303 0.9810634368454981 0.9864743031334198
2.9077902920584116 -0.0037299635764521 0.0000180335361981 0.0309160070641854 0.9810041948262499 0.9864317923219477
2.9123912102420482 -0.0037416383910927 0.0000180273930676 0.0310617491799938 0.9809448645174670 0.9863892166675763
2.9169921284256852 -0.0037533308119195 0.0000180212407896 0.0312079432963340 0.9808854459453633 0.9863465761818904
2.9215930466093218 -0.0037650408350941 0.0000180150793667 0.0313545900716320 0.9808259391361891 0.9863038708764919
2.9261939647929585 -0.0037767684567741 0.0000180089088016 0.0315016901640611 0.9807663441162318 0.9862611007629996
2.9307948829765951 -0.0037885136731124 0.0000180027290969 0.0316492442315413 0.9807066609118159 0.9862182658530496
2.9353958011602321 -0.0038002764802573 0.0000179965402553 0.0317972529317390 0.9806468895493031 0.9861753661582953
2.9399967193438687 -0.0038120568743526 0.0000179903422796 0.0319457169220670 0.9805870300550921 0.9861324016904066
2.9445976375275054 -0.0038238548515378 0.0000179841351723 0.0320946368596836 0.9805270824556183 0.9860893724610709
2.9491985557111424 -0.0038356704079478 0.0000179779189363 0.0322440134014930 0.9804670467773542 0.9860462784819924
2.9537994738947790 -0.0038475035397129 0.0000179716935742 0.0323938472041441 0.9804069230468093 0.9860031197648926
2.9584003920784157 -0.0038593542429591 0.0000179654590887 0.0325441389240309 0.9803467112905302 0.9859598963215099
2.9630013102620523 -0.0038712225138079 0.0000179592154826 0.0326948892172919 0.9802864115350999 0.9859166081635998
2.9676022284456893 -0.0038831083483764 0.0000179529627585 0.0328460987398095 0.9802260238071389 0.9858732553029348
2.9722031466293259 -0.0038950117427770 0.0000179467009191 0.0329977681472101 0.9801655481333039 0.9858298377513044
2.9768040648129626 -0.0039069326931179 0.0000179404299672 0.0331498980948635 0.9801049845402892 0.9857863555205153
2.9814049829965992 -0.0039188711955028 0.0000179341499055 0.0333024892378827 0.9800443330548254 0.9857428086223909
2.9860059011802362 -0.0039308272460311 0.0000179278607368 0.0334555422311233 0.9799835937036797 0.9856991970687720
2.9906068193638728 -0.0039428008407974 0.0000179215624637 0.0336090577291837 0.9799227665136567 0.9856555208715161
2.9952077375475095 -0.0039547919758923 0.0000179152550890 0.0337630363864042 0.9798618515115974 0.9856117800424978
2.9998086557311461 -0.0039668006474018 0.0000179089386154 0.0339174788568668 0.9798008487243797 0.9855679745936088
3.0044095739147831 -0.0039788268514075 0.0000179026130457 0.0340723857943953 0.9797397581789176 0.9855241045367575
3.0090104920984198 -0.0039908705839866 0.0000178962783826 0.0342277578525544 0.9796785799021630 0.9854801698838698
3.0136114102820564 -0.0040029318412120 0.0000178899346288 0.0343835956846496 0.9796173139211032 0.9854361706468879
3.0182123284656930 -0.0040150106191522 0.0000178835817872 0.0345398999437270 0.9795559602627629 0.9853921068377717
3.0228132466493300 -0.0040271069138712 0.0000178772198605 0.0346966712825727 0.9794945189542034 0.9853479784684974
3.0274141648329667 -0.0040392207214288 0.0000178708488514 0.0348539103537127 0.9794329900225219 0.9853037855510586
3.0320150830166033 -0.0040513520378803 0.0000178644687627 0.0350116178094124 0.9793713734948538 0.9852595280974656
3.0366160012002399 -0.0040635008592768 0.0000178580795972 0.0351697943016765 0.9793096693983689 0.9852152061197459
3.0412169193838769 -0.0040756671816650 0.0000178516813576 0.0353284404822482 0.9792478777602754 0.9851708196299437
3.0458178375675136 -0.0040878510010871 0.0000178452740467 0.0354875570026096 0.9791859986078170 0.9851263686401203
3.0504187557511502 -0.0041000523135813 0.0000178388576674 0.0356471445139806 0.9791240319682741 0.9850818531623537
3.0550196739347868 -0.0041122711151812 0.0000178324322223 0.0358072036673191 0.9790619778689639 0.9850372732087392
3.0596205921184239 -0.0041245071709720 0.0000178259977174 0.0359677351133204 0.9789998363371628 0.9849926287913887
3.0642215103020605 -0.0041367601825403 0.0000178195541595 0.0361287395024170 0.9789376073999319 0.9849479199222128
3.0688224284856971 -0.0041490306658883 0.0000178131015442 0.0362902174847783 0.9788752910843477 0.9849031466128626
3.0734233466693337 -0.0041613186170131 0.0000178066398744 0.0364521697103099 0.9788128874178694 0.9848583088755010
3.0780242648529708 -0.0041736240319078 0.0000178001691529 0.0366145968286538 0.9787503964279931 0.9848134067223072
3.0826251830366074 -0.0041859469065607 0.0000177936893824 0.0367774994891877 0.9786878181422506 0.9847684401654778
3.0872261012202440 -0.0041982872369562 0.0000177872005657 0.0369408783410248 0.9786251525882103 0.9847234092172261
3.0918270194038806 -0.0042106450190742 0.0000177807027058 0.0371047340330137 0.9785623997934767 0.9846783138897821
3.0964279375875177 -0.0042230202488905 0.0000177741958053 0.0372690672137376 0.9784995597856909 0.9846331541953928
3.1010288557711543 -0.0042354129223765 0.0000177676798671 0.0374338785315145 0.9784366325925300 0.9845879301463218
3.1056297739547909 -0.0042478230354994 0.0000177611548941 0.0375991686343963 0.9783736182417075 0.9845426417548500
3.1102306921384275 -0.0042602505842221 0.0000177546208890 0.0377649381701691 0.9783105167609729 0.9844972890332746
3.1148316103220646 -0.0042726955645032 0.0000177480778547 0.0379311877863523 0.9782473281781124 0.9844518719939102
3.1194325285057012 -0.0042851579722973 0.0000177415257941 0.0380979181301988 0.9781840525209479 0.9844063906490876
3.1240334466893378 -0.0042976378035545 0.0000177349647099 0.0382651298486942 0.9781206898173372 0.9843608450111551
3.1286343648729744 -0.0043101350542208 0.0000177283946050 0.0384328235885566 0.9780572400951753 0.9843152350924771
3.1332352830566115 -0.0043226497202380 0.0000177218154823 0.0386009999962367 0.9779937033823921 0.9842695609054353
3.1378362012402481 -0.0043351817975436 0.0000177152273446 0.0387696597179168 0.9779300797069544 0.9842238224624279
3.1424371194238847 -0.0043477312820711 0.0000177086301947 0.0389388033995110 0.9778663690968648 0.9841780197758700
3.1470380376075213 -0.0043602981697496 0.0000177020240355 0.0391084316866645 0.9778025715801617 0.9841321528581938
3.1516389557911584 -0.0043728824565040 0.0000176954088699 0.0392785452247538 0.9777386871849199 0.9840862217218477
3.1562398739747950 -0.0043854841382551 0.0000176887847008 0.0394491446588855 0.9776747159392500 0.9840402263792972
3.1608407921584316 -0.0043981032109197 0.0000176821515309 0.0396202306338971 0.9776106578712989 0.9839941668430245
3.1654417103420682 -0.0044107396704100 0.0000176755093632 0.0397918037943557 0.9775465130092490 0.9839480431255287
3.1700426285257053 -0.0044233935126345 0.0000176688582006 0.0399638647845583 0.9774822813813190 0.9839018552393255
3.1746435467093419 -0.0044360647334973 0.0000176621980459 0.0401364142485309 0.9774179630157632 0.9838556031969472
3.1792444648929785 -0.0044487533288984 0.0000176555289020 0.0403094528300289 0.9773535579408720 0.9838092870109432
3.1838453830766151 -0.0044614592947337 0.0000176488507718 0.0404829811725363 0.9772890661849716 0.9837629066938793
3.1884463012602522 -0.0044741826268949 0.0000176421636582 0.0406569999192653 0.9772244877764239 0.9837164622583383
3.1930472194438888 -0.0044869233212697 0.0000176354675640 0.0408315097131563 0.9771598227436270 0.9836699537169196
3.1976481376275254 -0.0044996813737415 0.0000176287624922 0.0410065111968776 0.9770950711150147 0.9836233810822391
3.2022490558111620 -0.0045124567801897 0.0000176220484457 0.0411820050128246 0.9770302329190566 0.9835767443669299
3.2068499739947991 -0.0045252495364897 0.0000176153254274 0.0413579918031200 0.9769653081842574 0.9835300435836414
3.2114508921784357 -0.0045380596385127 0.0000176085934402 0.0415344722096132 0.9769002969391585 0.9834832787450398
3.2160518103620723 -0.0045508870821259 0.0000176018524869 0.0417114468738801 0.9768351992123362 0.9834364498638081
3.2206527285457089 -0.0045637318631921 0.0000175951025706 0.0418889164372226 0.9767700150324035 0.9833895569526457
3.2252536467293460 -0.0045765939775706 0.0000175883436941 0.0420668815406687 0.9767047444280080 0.9833426000242692
3.2298545649129826 -0.0045894734211161 0.0000175815758603 0.0422453428249717 0.9766393874278335 0.9832955790914113
3.2344554830966192 -0.0046023701896795 0.0000175747990722 0.0424243009306101 0.9765739440605996 0.9832484941668217
3.2390564012802558 -0.0046152842791077 0.0000175680133327 0.0426037564977873 0.9765084143550609 0.9832013452632666
3.2436573194638929 -0.0046282156852435 0.0000175612186448 0.0427837101664312 0.9764427983400079 0.9831541323935290
3.2482582376475295 -0.0046411644039256 0.0000175544150113 0.0429641625761940 0.9763770960442670 0.9831068555704084
3.2528591558311661 -0.0046541304309887 0.0000175476024353 0.0431451143664517 0.9763113074966996 0.9830595148067212
3.2574600740148028 -0.0046671137622636 0.0000175407809196 0.0433265661763040 0.9762454327262029 0.9830121101153000
3.2620609921984398 -0.0046801143935770 0.0000175339504672 0.0435085186445739 0.9761794717617096 0.9829646415089943
3.2666619103820764 -0.0046931323207516 0.0000175271110811 0.0436909724098073 0.9761134246321875 0.9829171090006703
3.2712628285657130 -0.0047061675396060 0.0000175202627641 0.0438739281102726 0.9760472913666405 0.9828695126032106
3.2758637467493497 -0.0047192200459551 0.0000175134055194 0.0440573863839609 0.9759810719941074 0.9828218523295147
3.2804646649329867 -0.0047322898356095 0.0000175065393497 0.0442413478685850 0.9759147665436626 0.9827741281924983
3.2850655831166233 -0.0047453769043760 0.0000174996642582 0.0444258132015794 0.9758483750444158 0.9827263402050941
3.2896665013002599 -0.0047584812480575 0.0000174927802477 0.0446107830201003 0.9757818975255124 0.9826784883802511
3.2942674194838966 -0.0047716028624528 0.0000174858873213 0.0447962579610245 0.9757153340161322 0.9826305727309349
3.2988683376675336 -0.0047847417433568 0.0000174789854819 0.0449822386609500 0.9756486845454915 0.9825825932701280
3.3034692558511702 -0.0047978978865605 0.0000174720747324 0.0451687257561950 0.9755819491428412 0.9825345500108290
3.3080701740348069 -0.0048110712878510 0.0000174651550760 0.0453557198827978 0.9755151278374676 0.9824864429660535
3.3126710922184435 -0.0048242619430112 0.0000174582265155 0.0455432216765167 0.9754482206586922 0.9824382721488333
3.3172720104020805 -0.0048374698478205 0.0000174512890539 0.0457312317728293 0.9753812276358719 0.9823900375722169
3.3218729285857171 -0.0048506949980540 0.0000174443426943 0.0459197508069325 0.9753141487983985 0.9823417392492694
3.3264738467693538 -0.0048639373894833 0.0000174373874396 0.0461087794137422 0.9752469841756992 0.9822933771930724
3.3310747649529904 -0.0048771970178757 0.0000174304232929 0.0462983182278926 0.9751797337972365 0.9822449514167241
3.3356756831366274 -0.0048904738789949 0.0000174234502571 0.0464883678837363 0.9751123976925075 0.9821964619333389
3.3402766013202640 -0.0049037679686006 0.0000174164683353 0.0466789290153438 0.9750449758910451 0.9821479087560481
3.3448775195039007 -0.0049170792824485 0.0000174094775305 0.0468700022565033 0.9749774684224165 0.9820992918979994
3.3494784376875373 -0.0049304078162908 0.0000174024778456 0.0470615882407203 0.9749098753162245 0.9820506113723569
3.3540793558711743 -0.0049437535658756 0.0000173954692837 0.0472536876012173 0.9748421966021070 0.9820018671923014
3.3586802740548110 -0.0049571165269470 0.0000173884518479 0.0474463009709333 0.9747744323097368 0.9819530593710299
3.3632811922384476 -0.0049704966952456 0.0000173814255411 0.0476394289825241 0.9747065824688214 0.9819041879217563
3.3678821104220842 -0.0049838940665079 0.0000173743903663 0.0478330722683613 0.9746386471091035 0.9818552528577105
3.3724830286057212 -0.0049973086364668 0.0000173673463267 0.0480272314605323 0.9745706262603605 0.9818062541921391
3.3770839467893579 -0.0050107404008512 0.0000173602934253 0.0482219071908400 0.9745025199524056 0.9817571919383052
3.3816848649729945 -0.0050241893553861 0.0000173532316650 0.0484171000908024 0.9744343282150857 0.9817080661094885
3.3862857831566311 -0.0050376554957931 0.0000173461610489 0.0486128107916524 0.9743660510782832 0.9816588767189848
3.3908867013402682 -0.0050511388177896 0.0000173390815802 0.0488090399243375 0.9742976885719158 0.9816096237801065
3.3954876195239048 -0.0050646393170893 0.0000173319932617 0.0490057881195193 0.9742292407259348 0.9815603073061826
3.4000885377075414 -0.0050781569894024 0.0000173248960967 0.0492030560075734 0.9741607075703275 0.9815109273105583
3.4046894558911780 -0.0050916918304349 0.0000173177900881 0.0494008442185890 0.9740920891351149 0.9814614838065955
3.4092903740748151 -0.0051052438358894 0.0000173106752389 0.0495991533823685 0.9740233854503544 0.9814119768076721
3.4138912922584517 -0.0051188130014645 0.0000173035515524 0.0497979841284275 0.9739545965461363 0.9813624063271829
3.4184922104420883 -0.0051323993228551 0.0000172964190315 0.0499973370859942 0.9738857224525866 0.9813127723785386
3.4230931286257249 -0.0051460027957525 0.0000172892776792 0.0501972128840092 0.9738167631998659 0.9812630749751668
3.4276940468093620 -0.0051596234158442 0.0000172821274988 0.0503976121511251 0.9737477188181693 0.9812133141305112
3.4322949649929986 -0.0051732611788138 0.0000172749684932 0.0505985355157065 0.9736785893377266 0.9811634898580318
3.4368958831766352 -0.0051869160803415 0.0000172678006656 0.0507999836058291 0.9736093747888023 0.9811136021712052
3.4414968013602718 -0.0052005881161035 0.0000172606240190 0.0510019570492802 0.9735400752016953 0.9810636510835244
3.4460977195439089 -0.0052142772817725 0.0000172534385565 0.0512044564735577 0.9734706906067393 0.9810136366084986
3.4506986377275455 -0.0052279835730173 0.0000172462442812 0.0514074825058700 0.9734012210343024 0.9809635587596534
3.4552995559111821 -0.0052417069855033 0.0000172390411963 0.0516110357731361 0.9733316665147875 0.9809134175505306
3.4599004740948187 -0.0052554475148920 0.0000172318293047 0.0518151169019846 0.9732620270786315 0.9808632129946888
3.4645013922784558 -0.0052692051568412 0.0000172246086096 0.0520197265187539 0.9731923027563062 0.9808129451057026
3.4691023104620924 -0.0052829799070052 0.0000172173791142 0.0522248652494918 0.9731224935783177 0.9807626138971629
3.4737032286457290 -0.0052967717610347 0.0000172101408215 0.0524305337199550 0.9730525995752066 0.9807122193826771
3.4783041468293656 -0.0053105807145764 0.0000172028937346 0.0526367325556091 0.9729826207775475 0.9806617615758687
3.4829050650130027 -0.0053244067632737 0.0000171956378567 0.0528434623816281 0.9729125572159504 0.9806112404903778
3.4875059831966393 -0.0053382499027662 0.0000171883731908 0.0530507238228940 0.9728424089210583 0.9805606561398607
3.4921069013802759 -0.0053521101286900 0.0000171810997402 0.0532585175039969 0.9727721759235497 0.9805100085379898
3.4967078195639125 -0.0053659874366775 0.0000171738175079 0.0534668440492342 0.9727018582541369 0.9804592976984540
3.5013087377475496 -0.0053798818223576 0.0000171665264970 0.0536757040826106 0.9726314559435666 0.9804085236349583
3.5059096559311862 -0.0053937932813553 0.0000171592267107 0.0538850982278379 0.9725609690226192 0.9803576863612243
3.5105105741148228 -0.0054077218092925 0.0000171519181522 0.0540950271083343 0.9724903975221105 0.9803067858909896
3.5151114922984594 -0.0054216674017870 0.0000171446008245 0.0543054913472245 0.9724197414728896 0.9802558222380082
3.5197124104820965 -0.0054356300544534 0.0000171372747309 0.0545164915673392 0.9723490009058398 0.9802047954160502
3.5243133286657331 -0.0054496097629025 0.0000171299398744 0.0547280283912148 0.9722781758518793 0.9801537054389021
3.5289142468493697 -0.0054636065227417 0.0000171225962583 0.0549401024410933 0.9722072663419596 0.9801025523203666
3.5335151650330068 -0.0054776203295748 0.0000171152438856 0.0551527143389216 0.9721362724070670 0.9800513360742626
3.5381160832166434 -0.0054916511790020 0.0000171078827596 0.0553658647063517 0.9720651940782215 0.9800000567144254
