0.0000970223724007 -0.0000000000083260 0.0000562752561276 0.0000000000000020 0.9999999999641233 0.9999999999743291
0.0001338116299665 -0.0000000000158386 0.0000562752561207 0.0000000000000053 0.9999999999314095 0.9999999999511665
0.0001789238583221 -0.0000000000283193 0.0000562752561093 0.0000000000000127 0.9999999998770619 0.9999999999126857
0.0002331326484275 -0.0000000000480798 0.0000562752560912 0.0000000000000282 0.9999999997910149 0.9999999998517600
0.0002971746334413 -0.0000000000781244 0.0000562752560636 0.0000000000000583 0.9999999996601868 0.9999999997591266
0.0003717553170075 -0.0000000001222591 0.0000562752560232 0.0000000000001142 0.9999999994680034 0.9999999996230502
0.0004575529727948 -0.0000000001852047 0.0000562752559656 0.0000000000002130 0.9999999991939090 0.9999999994289760
0.0005552334140653 -0.0000000002727232 0.0000562752558854 0.0000000000003806 0.9999999988128131 0.9999999991591387
0.0006654161921951 -0.0000000003917046 0.0000562752557764 0.0000000000006551 0.9999999982947132 0.9999999987922948
0.0007887221217345 -0.0000000005503268 0.0000562752556311 0.0000000000010909 0.9999999976039988 0.9999999983032302
0.0009257380943210 -0.0000000007581399 0.0000562752554407 0.0000000000017639 0.9999999966990846 0.9999999976624998
0.0010770375015197 -0.0000000010262073 0.0000562752551951 0.0000000000027778 0.9999999955317959 0.9999999968359933
0.0012431819985484 -0.0000000013672349 0.0000562752548827 0.0000000000042717 0.9999999940468048 0.9999999957845356
0.0014247072485937 -0.0000000017956644 0.0000562752544903 0.0000000000064295 0.9999999921812258 0.9999999944636001
0.0016221423394201 -0.0000000023278338 0.0000562752540028 0.0000000000094900 0.9999999898639157 0.9999999928228133
0.0018360058254118 -0.0000000029821004 0.0000562752534034 0.0000000000137602 0.9999999870149379 0.9999999908055758
0.0020667932991641 -0.0000000037789254 0.0000562752526735 0.0000000000196287 0.9999999835451956 0.9999999883488015
0.0023150033339179 -0.0000000047410827 0.0000562752517921 0.0000000000275839 0.9999999793555203 0.9999999853822741
0.0025811162953777 -0.0000000058937198 0.0000562752507362 0.0000000000382317 0.9999999743364089 0.9999999818284587
0.0028655916984126 -0.0000000072644543 0.0000562752494806 0.0000000000523172 0.9999999683676010 0.9999999776022044
0.0031688921183180 -0.0000000088836064 0.0000562752479973 0.0000000000707495 0.9999999613170686 0.9999999726100277
0.0034914620034468 -0.0000000107842280 0.0000562752462563 0.0000000000946288 0.9999999530408887 0.9999999667500232
0.0038337512596862 -0.0000000130023635 0.0000562752442243 0.0000000001252775 0.9999999433821077 0.9999999599110587
0.0041961899056605 -0.0000000155770323 0.0000562752418658 0.0000000001642732 0.9999999321708167 0.9999999519728289
0.0045792009645839 -0.0000000185504252 0.0000562752391420 0.0000000002134865 0.9999999192232980 0.9999999428052514
0.0049832041762782 -0.0000000219680664 0.0000562752360113 0.0000000002751232 0.9999999043413184 0.9999999322679658
0.0054085991521354 -0.0000000258787958 0.0000562752324288 0.0000000003517674 0.9999998873122060 0.9999999202103882
0.0058557916305630 -0.0000000303351190 0.0000562752283466 0.0000000004464348 0.9999998679073276 0.9999999064706334
0.0063251880278150 -0.0000000353933243 0.0000562752237130 0.0000000005626283 0.9999998458815791 0.9999998908751534
0.0068171758223036 -0.0000000411134066 0.0000562752184731 0.0000000007043925 0.9999998209737135 0.9999998732389710
0.0073321359602750 -0.0000000475593039 0.0000562752125683 0.0000000008763806 0.9999997929053167 0.9999998533649527
0.0078704551120113 -0.0000000547991924 0.0000562752059362 0.0000000010839288 0.9999997613795178 0.9999998310428969
0.0084325080687023 -0.0000000629054090 0.0000562751985105 0.0000000013331269 0.9999997260813291 0.9999998060497746
0.0090186447162889 -0.0000000719543424 0.0000562751902212 0.0000000016308913 0.9999996866781189 0.9999997781500630
0.0096292406410863 -0.0000000820273200 0.0000562751809938 0.0000000019850767 0.9999996428157509 0.9999997470930138
0.0102646720493507 -0.0000000932104465 0.0000562751707494 0.0000000024045643 0.9999995941192861 0.9999997126131480
0.0109252669492190 -0.0000001055938278 0.0000562751594056 0.0000000028993278 0.9999995401963614 0.9999996744326506
0.0116113799671198 -0.0000001192729822 0.0000562751468747 0.0000000034805882 0.9999994806310473 0.9999996322570188
0.0123233683075425 -0.0000001343486308 0.0000562751330646 0.0000000041609204 0.9999994149847581 0.9999995857757090
0.0130615572153876 -0.0000001509260773 0.0000562751178788 0.0000000049543419 0.9999993427989542 0.9999995346640482
0.0138263029382580 -0.0000001691166964 0.0000562751012152 0.0000000058765073 0.9999992635886585 0.9999994785786445
0.0146179151773001 -0.0000001890362976 0.0000562750829678 0.0000000069447620 0.9999991768495844 0.9999994171624333
0.0154367494262371 -0.0000002108074780 0.0000562750630242 0.0000000081784046 0.9999990820478889 0.9999993500374226
0.0162831112760690 -0.0000002345573563 0.0000562750412681 0.0000000095987167 0.9999989786300389 0.9999992768116784
0.0171573231035112 -0.0000002604193838 0.0000562750175771 0.0000000112292193 0.9999988660149285 0.9999991970737427
0.0180597166176022 -0.0000002885333897 0.0000562749918231 0.0000000130958513 0.9999987435936772 0.9999991103924929
0.0189906070272654 -0.0000003190449497 0.0000562749638729 0.0000000152271087 0.9999986107323837 0.9999990163190881
0.0199503020100384 -0.0000003521057291 0.0000562749335875 0.0000000176542509 0.9999984667706294 0.9999989143859124
0.0209391046758998 -0.0000003878736861 0.0000562749008221 0.0000000204115109 0.9999983110205929 0.9999988041059468
0.0219573221795005 -0.0000004265135234 0.0000562748654260 0.0000000235363389 0.9999981427650863 0.9999986849713783
0.0230052807369283 -0.0000004681974931 0.0000562748272412 0.0000000270696943 0.9999979612540461 0.9999985564511165
0.0240832409677070 -0.0000005131021326 0.0000562747861062 0.0000000310559974 0.9999977657187514 0.9999984180008591
0.0251915194980905 -0.0000005614132133 0.0000562747418507 0.0000000355437892 0.9999975553502712 0.9999982690478325
0.0263304297245521 -0.0000006133236847 0.0000562746942979 0.0000000405858284 0.9999973293084189 0.9999981089971317
0.0275002411881189 -0.0000006690318346 0.0000562746432663 0.0000000462391689 0.9999970867297617 0.9999979372373921
0.0287012651305638 -0.0000007287453388 0.0000562745885656 0.0000000525658347 0.9999968267099897 0.9999977531283040
0.0299337581052186 -0.0000007926767583 0.0000562745300010 0.0000000596326494 0.9999965483235197 0.9999975560144945
0.0311980234379484 -0.0000008610487014 0.0000562744673687 0.0000000675120869 0.9999962506010194 0.9999973452096133
0.0324943255553736 -0.0000009340895775 0.0000562744004594 0.0000000762821266 0.9999959325478964 0.9999971200094229
0.0338229793209631 -0.0000010120386574 0.0000562743290539 0.0000000860271830 0.9999955931222635 0.9999968796761974
0.0351842213067192 -0.0000010951388177 0.0000562742529298 0.0000000968375646 0.9999952312665332 0.9999966234610933
0.0365783606226393 -0.0000011836455176 0.0000562741718530 0.0000001088109592 0.9999948458683288 0.9999963505764715
0.0380056561398561 -0.0000012778195956 0.0000562740855846 0.0000001220518943 0.9999944357918517 0.9999960602181071
0.0394663796036899 -0.0000013779312077 0.0000562739938772 0.0000001366726367 0.9999939998607295 0.9999957515530454
0.0409607913010131 -0.0000014842583870 0.0000562738964759 0.0000001527934017 0.9999935368642926 0.9999954237240454
0.0424891765776373 -0.0000015970897950 0.0000562737931165 0.0000001705431978 0.9999930455455917 0.9999950758410947
0.0440517871858247 -0.0000017167206525 0.0000562736835284 0.0000001900596475 0.9999925246191173 0.9999947069939574
0.0456489034184136 -0.0000018434574548 0.0000562735674309 0.0000002114901895 0.9999919727502664 0.9999943162376336
0.0472807817605316 -0.0000019776141580 0.0000562734445365 0.0000002349919430 0.9999913885719506 0.9999939026041192
0.0489476640275186 -0.0000021195127909 0.0000562733145500 0.0000002607322643 0.9999907706819322 0.9999934651005197
0.0506498204239595 -0.0000022694872507 0.0000562731771657 0.0000002888899440 0.9999901176262945 0.9999930026973454
0.0523875027032579 -0.0000024278795483 0.0000562730320703 0.0000003196550750 0.9999894279157931 0.9999925143400897
0.0541609658186638 -0.0000025950417623 0.0000562728789412 0.0000003532299552 0.9999887000173472 0.9999919989432030
0.0559704614064790 -0.0000027713356036 0.0000562727174471 0.0000003898295772 0.9999879323559352 0.9999914553914352
0.0578162451202231 -0.0000029571332733 0.0000562725472471 0.0000004296823984 0.9999871233108590 0.9999908825371907
0.0596985673234677 -0.0000031528167075 0.0000562723679912 0.0000004730307996 0.9999862712190356 0.9999902792028577
0.0616176663500301 -0.0000033587769165 0.0000562721793214 0.0000005201315496 0.9999853743778701 0.9999896441828428
0.0635737974631240 -0.0000035754171970 0.0000562719808681 0.0000005712571844 0.9999844310312733 0.9999889762336698
0.0655671793269940 -0.0000038031473754 0.0000562717722560 0.0000006266953284 0.9999834393947258 0.9999882740917262
0.0675980945006870 -0.0000040423953375 0.0000562715530930 0.0000006867521773 0.9999823976050743 0.9999875364377161
0.0696667694677078 -0.0000042935935543 0.0000562713229832 0.0000007517499621 0.9999813037792064 0.9999867619382036
0.0717734325034002 -0.0000045571855731 0.0000562710815201 0.0000008220292071 0.9999801559857818 0.9999859492255981
0.0739183244358380 -0.0000048336276104 0.0000562708282858 0.0000008979499423 0.9999789522383000 0.9999850968932438
0.0761016981391194 -0.0000051233888795 0.0000562705628506 0.0000009798926494 0.9999776904936726 0.9999842034944082
0.0783237703371912 -0.0000054269453119 0.0000562702847784 0.0000010682572970 0.9999763686795645 0.9999832675616421
0.0805848027090774 -0.0000057447905696 0.0000562699936171 0.0000011634673289 0.9999749846464416 0.9999822875728239
0.0828849971596659 -0.0000060774217505 0.0000562696889114 0.0000012659663289 0.9999735362298163 0.9999812619952337
0.0852245805032739 -0.0000064253511006 0.0000562693701919 0.0000013762223161 0.9999720211992476 0.9999801892494414
0.0876038054883480 -0.0000067891068367 0.0000562690369749 0.0000014947290779 0.9999704372547590 0.9999790677067693
0.0900229012124412 -0.0000071692259622 0.0000562686887684 0.0000016220048570 0.9999687820581251 0.9999778957114434
0.0924820826676206 -0.0000075662554912 0.0000562683250714 0.0000017585936019 0.9999670532275383 0.9999766715768175
0.0949815897706760 -0.0000079807588573 0.0000562679453678 0.0000019050681553 0.9999652483097051 0.9999753935656138
0.0975216344810316 -0.0000084133075012 0.0000562675491341 0.0000020620283794 0.9999633648164765 0.9999740599158589
0.1001024373875627 -0.0000088644868839 0.0000562671358341 0.0000022301042648 0.9999614001986672 0.9999726688223448
0.1027242240753627 -0.0000093348961773 0.0000562667049189 0.0000024099569593 0.9999593518474007 0.9999712184375802
0.1053872155463523 -0.0000098251467553 0.0000562662558285 0.0000026022793281 0.9999572171006832 0.9999697068764440
0.1080916498648967 -0.0000103358663865 0.0000562657879879 0.0000028077987693 0.9999549932251469 0.9999681322032574
0.1108377413270823 -0.0000108676918024 0.0000562653008138 0.0000030272754554 0.9999526774484105 0.9999664924546957
0.1136256896857849 -0.0000114212701403 0.0000562647937135 0.0000032615039389 0.9999502669527995 0.9999647856353407
0.1164557402809112 -0.0000119972711253 0.0000562642660735 0.0000035113195789 0.9999477588223012 0.9999630096801190
0.1193280756876891 -0.0000125963655014 0.0000562637172794 0.0000037775905945 0.9999451501364857 0.9999611625208041
0.1222429520470546 -0.0000132192530794 0.0000562631466903 0.0000040612316084 0.9999424378483741 0.9999592419995362
0.1252005479945577 -0.0000138666313349 0.0000562625536673 0.0000043631910009 0.9999396189211788 0.9999572459656425
0.1282011021271772 -0.0000145392247221 0.0000562619375467 0.0000046844655418 0.9999366902006588 0.9999551721852534
0.1312447978730177 -0.0000152377596898 0.0000562612976633 0.0000050260901596 0.9999336485239122 0.9999530184183351
0.1343318800473608 -0.0000159629910556 0.0000562606333256 0.0000053891520345 0.9999304906045349 0.9999507823373690
0.1374625281071829 -0.0000167156730209 0.0000562599438429 0.0000057747778673 0.9999272131588328 0.9999484616167195
0.1406369346865845 -0.0000174965770635 0.0000562592285084 0.0000061841439830 0.9999238128279120 0.9999460538774655
0.1438553636544496 -0.0000183065072253 0.0000562584865858 0.0000066184863150 0.9999202861111143 0.9999435566402631
0.1471179768399890 -0.0000191462572175 0.0000562577173481 0.0000070790792827 0.9999166295527963 0.9999409674576012
0.1504250139153715 -0.0000200166555109 0.0000562569200364 0.0000075672614296 0.9999128395459929 0.9999382837747733
0.1537766646943043 -0.0000209185330276 0.0000562560938897 0.0000080844195752 0.9999089124731015 0.9999355030294934
0.1571731195262046 -0.0000218527358427 0.0000562552381331 0.0000086319972339 0.9999048446505756 0.9999326226127306
0.1606145827662432 -0.0000228201291764 0.0000562543519741 0.0000092114987466 0.9999006323115432 0.9999296398563996
0.1641012738829336 -0.0000238215982968 0.0000562534346019 0.0000098244918459 0.9998962716018804 0.9999265520305755
0.1676333695635809 -0.0000248580319840 0.0000562524852025 0.0000104725993130 0.9998917586522150 0.9999233563944775
0.1712111187343791 -0.0000259303561882 0.0000562515029278 0.0000111575217365 0.9998870894313705 0.9999200500926892
0.1748346949472804 -0.0000270394908288 0.0000562504869352 0.0000118810123721 0.9998822599344790 0.9999166302883583
0.1785042633507919 -0.0000281863686964 0.0000562494363706 0.0000126448902944 0.9998772661006797 0.9999130941049154
0.1822200610392266 -0.0000293719612155 0.0000562483503441 0.0000134510598265 0.9998721037009419 0.9999094385466356
0.1859822728155640 -0.0000305972400960 0.0000562472279658 0.0000143014872349 0.9998667685050502 0.9999056606168804
0.1897910942944352 -0.0000318631969495 0.0000562460683276 0.0000151982156864 0.9998612561961903 0.9999017572576090
0.1936467335782631 -0.0000331708443819 0.0000562448705021 0.0000161433683837 0.9998555623661959 0.9998977253460102
0.1975493595417520 -0.0000345211985106 0.0000562436335587 0.0000171391380068 0.9998496825916777 0.9998935617484046
0.2014991752692460 -0.0000359153039405 0.0000562423565408 0.0000181878068919 0.9998436123252736 0.9998892632432329
0.2054964109299103 -0.0000373542325210 0.0000562410384667 0.0000192917491552 0.9998373469010650 0.9998848265248866
0.2095412144907362 -0.0000388390439719 0.0000562396783659 0.0000204534026482 0.9998308817060234 0.9998802483251089
0.2136337965307126 -0.0000403708378255 0.0000562382752316 0.0000216753108755 0.9998242119538499 0.9998755252528380
0.2177743231361087 -0.0000419507145803 0.0000562368280558 0.0000229600951973 0.9998173328541207 0.9998706539139808
0.2219630117682156 -0.0000435798118687 0.0000562353357969 0.0000243104862203 0.9998102394548115 0.9998656307998917
0.2262000593765255 -0.0000452592777557 0.0000562337974034 0.0000257293050343 0.9998029267585651 0.9998604523697009
0.2304856423524582 -0.0000469902701243 0.0000562322118150 0.0000272194646185 0.9997953897253711 0.9998551150522056
0.2348199299761721 -0.0000487739616384 0.0000562305779579 0.0000287839761433 0.9997876232509615 0.9998496152305658
0.2392031158208738 -0.0000506115529018 0.0000562288947327 0.0000304259631716 0.9997796221095169 0.9998439492017254
0.2436353893988119 -0.0000525042613336 0.0000562271610246 0.0000321486549043 0.9997713810021148 0.9998381132107126
0.2481169691664156 -0.0000544533356548 0.0000562253756901 0.0000339554023216 0.9997628944936544 0.9998321034059666
0.2526480003304472 -0.0000564600115397 0.0000562235375978 0.0000358496398056 0.9997541572059611 0.9998259159760799
0.2572286668575828 -0.0000585255597984 0.0000562216455840 0.0000378349319752 0.9997451636080035 0.9998195470012293
0.2618591572846678 -0.0000606512722495 0.0000562196984658 0.0000399149640077 0.9997359080774068 0.9998129924967309
0.2665396812197233 -0.0000628384698454 0.0000562176950338 0.0000420935529129 0.9997263848650841 0.9998062483879838
0.2712703840703895 -0.0000650884628009 0.0000562156340884 0.0000443746106377 0.9997165882688432 0.9997993106334057
0.2760514771193491 -0.0000674026115705 0.0000562135143837 0.0000467622078854 0.9997065123678975 0.9997921750364109
0.2808831324398584 -0.0000697822775795 0.0000562113346735 0.0000492605278133 0.9996961512373879 0.9997848373973227
0.2857655455755031 -0.0000722288533945 0.0000562090936826 0.0000518739000044 0.9996854988170290 0.9997772934203393
0.2906988499645043 -0.0000747437198976 0.0000562067901468 0.0000546067577953 0.9996745490975809 0.9997695388455835
0.2956832564526437 -0.0000773283166772 0.0000562044227481 0.0000574637170619 0.9996632958143725 0.9997615692320477
0.3007189254349165 -0.0000799840775863 0.0000562019901738 0.0000604495101128 0.9996517327278911 0.9997533801562954
0.3058060911613248 -0.0000827124958865 0.0000561994910568 0.0000635690617259 0.9996398533401532 0.9997449670115828
0.3109448644122245 -0.0000855150192297 0.0000561969240719 0.0000668273732484 0.9996276513519587 0.9997363253316804
0.3161354338951685 -0.0000883931567993 0.0000561942878373 0.0000702296473920 0.9996151201964126 0.9997274504604967
0.3213779766546392 -0.0000913484320950 0.0000561915809585 0.0000737812385654 0.9996022532445051 0.9997183376976597
0.3266726880144616 -0.0000943823998506 0.0000561888020121 0.0000774876767044 0.9995890437314638 0.9997089822463462
0.3320197389646183 -0.0000974966220321 0.0000561859495685 0.0000813546419574 0.9995754848612654 0.9996993792872857
0.3374192773526681 -0.0001006926675601 0.0000561830221914 0.0000853879666971 0.9995615698078500 0.9996895239796115
0.3428714866011492 -0.0001039721469468 0.0000561800184066 0.0000895936826405 0.9995472915643326 0.9996794113540495
0.3483765692551585 -0.0001073367040184 0.0000561769367095 0.0000939780159244 0.9995326429790486 0.9996690363384332
0.3539346855541695 -0.0001107879785713 0.0000561737755992 0.0000985473424643 0.9995176169181572 0.9996583938728530
0.3595459905238818 -0.0001143276280372 0.0000561705335587 0.0001033082186495 0.9995022061713225 0.9996474788428428
0.3652106589382482 -0.0001179573434828 0.0000561672090402 0.0001082674069877 0.9994864033820688 0.9996362860300348
0.3709288576923294 -0.0001216788326233 0.0000561638004807 0.0001134318577291 0.9994702011217470 0.9996248101645333
0.3767007622833173 -0.0001254938305527 0.0000561603062923 0.0001188087277244 0.9994535918428290 0.9996130458918169
0.3825265626995558 -0.0001294041043174 0.0000561567248578 0.0001244053918536 0.9994365678590134 0.9996009877586289
0.3884064122488456 -0.0001334114186827 0.0000561530545621 0.0001302293983054 0.9994191214942756 0.9995886303185336
0.3943404696011399 -0.0001375175636938 0.0000561492937673 0.0001362885112170 0.9994012449628913 0.9995759680469195
0.4003289034719240 -0.0001417243584089 0.0000561454408086 0.0001425907210622 0.9993829303531983 0.9995629953294782
0.4063719028541216 -0.0001460336589265 0.0000561414939877 0.0001491442621935 0.9993641695926649 0.9995497064374416
0.4124696366805161 -0.0001504473302119 0.0000561374515979 0.0001559575752683 0.9993449545705605 0.9995360956144510
0.4186222215625428 -0.0001549672213027 0.0000561333119475 0.0001630392711860 0.9993252772459114 0.9995221571530127
0.4248298570974563 -0.0001595952642112 0.0000561290732686 0.0001703982896895 0.9993051292169449 0.9995078850894926
0.4310927287649068 -0.0001643334046105 0.0000561247337812 0.0001780437985008 0.9992845020228670 0.9994932734178542
0.4374109532890629 -0.0001691835589809 0.0000561202917319 0.0001859851264301 0.9992633873304380 0.9994783162218052
0.4437847334433854 -0.0001741477323491 0.0000561157452862 0.0001942319590454 0.9992417764214179 0.9994630073116959
0.4502141927989740 -0.0001792278917603 0.0000561110926448 0.0002027941367191 0.9992196607434150 0.9994473406147046
0.4566995378650158 -0.0001844260928186 0.0000561063319270 0.0002116818701460 0.9991970313590255 0.9994313097845892
0.4632409182969072 -0.0001897443701188 0.0000561014612718 0.0002209055620598 0.9991738794228433 0.9994149085395733
0.4698384792312526 -0.0001951847775859 0.0000560964788004 0.0002304758784223 0.9991501960058640 0.9993981305379321
0.4764924144782016 -0.0002007494331389 0.0000560913825755 0.0002404038333727 0.9991259719010767 0.9993809692402397
0.4832028566728157 -0.0002064404278874 0.0000560861706846 0.0002507006341943 0.9991011980187706 0.9993634181893896
0.4899699284909849 -0.0002122598670066 0.0000560808412022 0.0002613777558336 0.9990758652086167 0.9993454708845291
0.4967938760964302 -0.0002182099864143 0.0000560753920835 0.0002724471636235 0.9990499637517808 0.9993271204212077
0.5036748041616967 -0.0002242929245097 0.0000560698213728 0.0002839208991130 0.9990234843545983 0.9993083601953280
0.5106128726496466 -0.0002305108913094 0.0000560641270492 0.0002958113955801 0.9989964174123261 0.9992891833815135
0.5176082646873436 -0.0002368661425578 0.0000560583070498 0.0003081314393590 0.9989687531218708 0.9992695830129350
0.5246611192018548 -0.0002433609188562 0.0000560523593261 0.0003208940580432 0.9989404817467840 0.9992495521690289
0.5317716099746364 -0.0002499975173391 0.0000560462817775 0.0003341126648038 0.9989115933052835 0.9992290837544253
0.5389398827524458 -0.0002567782341092 0.0000560400723048 0.0003478009516276 0.9988820778208550 0.9992081706764703
0.5461661027259926 -0.0002637054084241 0.0000560337287693 0.0003619729828613 0.9988519251299393 0.9991868057089318
0.5534503853560545 -0.0002707813564312 0.0000560272490537 0.0003766430655148 0.9988211251703990 0.9991649816963608
0.5607929594849550 -0.0002780085297003 0.0000560206309168 0.0003918260840441 0.9987896672914923 0.9991426910651197
0.5681939042697601 -0.0002853892586463 0.0000560138722285 0.0004075369721993 0.9987575413707167 0.9991199266147167
0.5756534338554308 -0.0002929260323984 0.0000560069707136 0.0004237913064480 0.9987247365956494 0.9990966806545962
0.5831716603366868 -0.0003006212636054 0.0000559999241670 0.0004406048139473 0.9986912424877041 0.9990729457295298
0.5907487692293286 -0.0003084774649289 0.0000559927302924 0.0004579937577866 0.9986570481339523 0.9990487140752368
0.5983849108819521 -0.0003164971392969 0.0000559853868022 0.0004759747065759 0.9986221426648412 0.9990239779568602
0.6060802231125788 -0.0003246828019203 0.0000559778913983 0.0004945645863769 0.9985865151583930 0.9989987296010446
0.6138348445764309 -0.0003330369940592 0.0000559702417584 0.0005137807173543 0.9985501545803200 0.9989729611534557
0.6216489690619416 -0.0003415623428079 0.0000559624354823 0.0005336409607653 0.9985130495238579 0.9989466644943505
0.6295227010660843 -0.0003502614044675 0.0000559544702344 0.0005541633629183 0.9984751888914996 0.9989198317216785
0.6374562014274553 -0.0003591368224265 0.0000559463436000 0.0005753665273243 0.9984365612078789 0.9988924546640734
0.6454496359442459 -0.0003681912726400 0.0000559380531344 0.0005972694981581 0.9983971548571097 0.9988645250490020
0.6535031743365761 -0.0003774274629212 0.0000559295963642 0.0006198917666802 0.9983569580859081 0.9988360345049243
0.6616169313882726 -0.0003868480646065 0.0000559209708496 0.0006432531088845 0.9983159593010290 0.9988069747720643
0.6697910652973055 -0.0003964558250614 0.0000559121740815 0.0006673738673831 0.9982741465796712 0.9987773373553465
0.6780257156540397 -0.0004062534966688 0.0000559032035463 0.0006922747848697 0.9982315079785677 0.9987471137434184
0.6863210494714970 -0.0004162438913782 0.0000558940566763 0.0007179771494805 0.9981880312966340 0.9987162952403559
0.6946772018087917 -0.0004264298100193 0.0000558847309141 0.0007445026223735 0.9981437043826350 0.9986848731836908
0.7030943225923749 -0.0004368140981915 0.0000558752236616 0.0007718733876582 0.9980985148920040 0.9986528387719796
0.7115725562470300 -0.0004473996218960 0.0000558655323026 0.0008001120976163 0.9980524503929352 0.9986201831399475
0.7201120659597300 -0.0004581892980858 0.0000558556541741 0.0008292419624993 0.9980054982334901 0.9985868972642159
0.7287129929482524 -0.0004691860438157 0.0000558455866136 0.0008592866226120 0.9979576457629290 0.9985529721201470
0.7373754552662277 -0.0004803927731523 0.0000558353269616 0.0008902701434051 0.9979088803451966 0.9985183986913532
0.7460996166446942 -0.0004918124861522 0.0000558248724802 0.0009222172690150 0.9978591889717912 0.9984831676951677
0.7548856289685604 -0.0005034481958471 0.0000558142204199 0.0009551532322654 0.9978085585795443 0.9984472698078664
0.7637336190584115 -0.0005153029096467 0.0000558033680368 0.0009891037070732 0.9977569761315904 0.9984106957220175
0.7726437313791735 -0.0005273796857230 0.0000557923125408 0.0010240949756366 0.9977044283720770 0.9983734359724999
0.7816161361532111 -0.0005396816456811 0.0000557810510841 0.0010601539781781 0.9976509017710988 0.9983354808973731
0.7906509680641843 -0.0005522118912171 0.0000557695808375 0.0010973080791119 0.9975963828873882 0.9982968208949783
0.7997483382542379 -0.0005649735183481 0.0000557578989774 0.0011355851105727 0.9975408583064441 0.9982574463800128
0.8089084505146752 -0.0005779697814060 0.0000557460025357 0.0011750138757545 0.9974843139270805 0.9982173472775107
0.8181313773346285 -0.0005912037774433 0.0000557338886886 0.0012156232064984 0.9974267363345940 0.9981765139965447
0.8274172728736277 -0.0006046787465050 0.0000557215544820 0.0012574428771520 0.9973681114943893 0.9981349365037335
0.8367663219979632 -0.0006183980031462 0.0000557089968939 0.0013005034175492 0.9973084250500270 0.9980926045344882
0.8461786377592961 -0.0006323647861072 0.0000556962129721 0.0013448356506517 0.9972476629772904 0.9980495080568171
0.8556543477560139 -0.0006465823828012 0.0000556831997204 0.0013904710851593 0.9971858110426449 0.9980056368871838
0.8651935991999692 -0.0006610541383312 0.0000556699540902 0.0014374419578812 0.9971228547640942 0.9979609806626412
0.8747965343540617 -0.0006757834193455 0.0000556564730137 0.0014857811291954 0.9970587795684998 0.9979155289523227
0.8844633092029818 -0.0006907736428375 0.0000556427533775 0.0015355221874668 0.9969935706663713 0.9978692711685327
0.8941940579404608 -0.0007060282214419 0.0000556287920728 0.0015866992781981 0.9969272132899164 0.9978221967355168
0.9039889005897710 -0.0007215505738246 0.0000556145859857 0.0016393471431908 0.9968596926479026 0.9977742950573655
0.9138479689670648 -0.0007373441653689 0.0000556001319600 0.0016935012664329 0.9967909937487585 0.9977255553924248
0.9237714367176831 -0.0007534125581692 0.0000555854267518 0.0017491980615828 0.9967211011832049 0.9976759666989605
0.9337593990049130 -0.0007697592168136 0.0000555704672068 0.0018064742106458 0.9966499999691325 0.9976255182344894
0.9438119865438027 -0.0007863876912523 0.0000555552500932 0.0018653673014040 0.9965776747562483 0.9975741989913985
0.9539293781710688 -0.0008033016411094 0.0000555397720795 0.0019259159357852 0.9965041097204537 0.9975219976218498
0.9641116859413751 -0.0008205046448928 0.0000555240299090 0.0019881590617388 0.9964292893937629 0.9974689030265620
0.9743590507196146 -0.0008380003582176 0.0000555080202550 0.0020521365441724 0.9963531979762101 0.9974149038664554
0.9846715710644467 -0.0008557923931224 0.0000554917398315 0.0021178887364167 0.9962758198608175 0.9973599889350815
0.9950494430099436 -0.0008738845592820 0.0000554751851722 0.0021854573822116 0.9961971385846524 0.9973041464140789
1.0054927615620228 -0.0008922805214567 0.0000554583529442 0.0022548843599919 0.9961171383186889 0.9972473649304064
1.0160016914975134 -0.0009109840959314 0.0000554412396765 0.0023262127958012 0.9960358025787009 0.9971896326413264
1.0265762936305984 -0.0009299989429827 0.0000554238420416 0.0023994859072906 0.9959531155627512 0.9971309381836105
1.0372167389533369 -0.0009493289483544 0.0000554061565067 0.0024747484705921 0.9958690604923822 0.9970712694959881
1.0479231947760543 -0.0009689780235081 0.0000553881795158 0.0025520460809900 0.9957836204814057 0.9970106144356414
1.0586957519936158 -0.0009889499698663 0.0000553699076147 0.0026314246212559 0.9956967791262993 0.9969489611972433
1.0695345549092239 -0.0010092487160685 0.0000553513372335 0.0027129312020997 0.9956085194746438 0.9968862975805229
1.0804397468708147 -0.0010298782197105 0.0000553324647767 0.0027966137929606 0.9955188244525260 0.9968226112935261
1.0914114421266325 -0.0010508424132905 0.0000553132866725 0.0028825210108753 0.9954276770996666 0.9967578901194408
1.1024497807493587 -0.0010721453080214 0.0000552937992779 0.0029707025526646 0.9953350601181739 0.9966921215960616
1.1135548915743732 -0.0010937909237751 0.0000552739989432 0.0030612089225273 0.9952409561772635 0.9966252932320080
1.1247268743548526 -0.0011157832527636 0.0000552538820446 0.0031540912853591 0.9951453480712562 0.9965573926188110
1.1359658945543840 -0.0011381264461341 0.0000552334448139 0.0032494022664487 0.9950482179085166 0.9964884068547548
1.1472720556150504 -0.0011608245627611 0.0000552126835684 0.0033471949033543 0.9949495482036707 0.9964183233204116
1.1586454808653468 -0.0011838817300798 0.0000551915945635 0.0034475233352902 0.9948493211785392 0.9963471291820233
1.1700862968521855 -0.0012073021118026 0.0000551701740225 0.0035504426810941 0.9947475189026290 0.9962748114911126
1.1815946884370152 -0.0012310900227230 0.0000551484180317 0.0036560095649563 0.9946441227942822 0.9962013568299126
1.1931707028772960 -0.0012552495237669 0.0000551263229105 0.0037642803318003 0.9945391153809661 0.9961267525617491
1.2048145046613774 -0.0012797849477661 0.0000551038847307 0.0038753133885862 0.9944324780140836 0.9960509852074534
1.2165262174159890 -0.0013047005733857 0.0000550810996147 0.0039891677729492 0.9943241922864394 0.9959740414521745
1.2283059412203852 -0.0013300006584052 0.0000550579637054 0.0041059033017543 0.9942142398876873 0.9958959080425729
1.2401538592718493 -0.0013556896697136 0.0000550344729554 0.0042255816492146 0.9941026016049623 0.9958165710764637
1.2520700703899412 -0.0013817719235533 0.0000550106234563 0.0043482646998512 0.9939892588865149 0.9957360171137756
1.2640546830850470 -0.0014082517856929 0.0000549864112559 0.0044740154760949 0.9938741929719048 0.9956542325583196
1.2761078145084557 -0.0014351336700938 0.0000549618323588 0.0046028981493763 0.9937573848979783 0.9955712036618340
1.2882295947445428 -0.0014624220495407 0.0000549368827174 0.0047349781092121 0.9936388154528637 0.9954869164910725
1.3004201386352809 -0.0014901213927132 0.0000549115582890 0.0048703216742877 0.9935184654495869 0.9954013571221054
1.3126795937284375 -0.0015182362730777 0.0000548858549367 0.0050089966377159 0.9933963152531241 0.9953145113039005
1.3250081020073501 -0.0015467712834027 0.0000548597685070 0.0051510718704265 0.9932723451520383 0.9952263647222886
1.3374057184966979 -0.0015757308442178 0.0000548332950056 0.0052966163653844 0.9931465361907473 0.9951369035916146
1.3498725683129411 -0.0016051195664194 0.0000548064302655 0.0054457010517883 0.9930188685943558 0.9950461135345638
1.3624088300920474 -0.0016349422191927 0.0000547791699765 0.0055983986816281 0.9928893219083496 0.9949539796811134
1.3750145692327047 -0.0016652033337235 0.0000547515100475 0.0057547818169652 0.9927578767202372 0.9948604878927420
1.3876899294233629 -0.0016959076569550 0.0000547234461918 0.0059149251576076 0.9926245126886413 0.9947656233605505
1.4004350215295882 -0.0017270598873257 0.0000546949741686 0.0060789042024284 0.9924892096914323 0.9946693714215993
1.4132499966363719 -0.0017586648521340 0.0000546660896209 0.0062467961912887 0.9923519470555704 0.9945717170108399
1.4261349185104903 -0.0017907271932229 0.0000546367883630 0.0064186784508722 0.9922127049224205 0.9944726456322261
1.4390899332625551 -0.0018232517851373 0.0000546070659983 0.0065946306289673 0.9920714624318795 0.9943721420666032
1.4521151360019953 -0.0018562434050410 0.0000545769182207 0.0067747329486934 0.9919281991561423 0.9942701913915545
1.4652106932590936 -0.0018897070412212 0.0000545463405334 0.0069590678988744 0.9917828937602420 0.9941667780280082
1.4783766921128998 -0.0019236475104978 0.0000545153285977 0.0071477181578452 0.9916355256636398 0.9940618869224489
1.4916132102602586 -0.0019580696322661 0.0000544838780748 0.0073407675386613 0.9914860742846077 0.9939555030090644
1.5049204207237654 -0.0019929785032638 0.0000544519843743 0.0075383025587574 0.9913345178475730 0.9938476103604501
1.5182984112347404 -0.0020283790284335 0.0000544196430828 0.0077404098272919 0.9911808354202513 0.9937381936374255
1.5317472969144752 -0.0020642762132121 0.0000543868496976 0.0079471776953219 0.9910250056448371 0.9936272371856275
1.5452671747101641 -0.0021006750434601 0.0000543535997355 0.0081586955882363 0.9908670072595358 0.9935147254065438
1.5588581561575889 -0.0021375805726790 0.0000543198886540 0.0083750545220292 0.9907068187202103 0.9934006424878553
1.5725204007727229 -0.0021749980155183 0.0000542857117653 0.0085963476839525 0.9905444177948654 0.9932849721142628
1.5862539962736502 -0.0022129324211300 0.0000542510645351 0.0088226685250469 0.9903797829816927 0.9931676984771621
1.6000590815274869 -0.0022513890086703 0.0000542159422763 0.0090541127530565 0.9902128920531575 0.9930488052374290
1.6139357087813602 -0.0022903727846354 0.0000541803404981 0.0092907760518571 0.9900437237169777 0.9929282767083778
1.6278840351645401 -0.0023298890773685 0.0000541442544182 0.0095327573207172 0.9898722552968378 0.9928060962031705
1.6419041612179495 -0.0023699430862620 0.0000541076793748 0.0097801559711978 0.9896984646889939 0.9926822474284495
1.6559962080610049 -0.0024105400982113 0.0000540706106282 0.0100330732555315 0.9895223294232843 0.9925567138150405
1.6701602734743988 -0.0024516853619409 0.0000540330434765 0.0102916115052975 0.9893438272087184 0.9924294789064648
1.6843964811983341 -0.0024933842301433 0.0000539949731254 0.0105558750341842 0.9891629353171142 0.9923005259193366
1.6987048941308116 -0.0025356419051685 0.0000539563949206 0.0108259685421994 0.9889796316866336 0.9921698385297362
1.7130856404787642 -0.0025784638087433 0.0000539173040100 0.0111019994765486 0.9887938933182583 0.9920373997297759
1.7275388177842663 -0.0026218553005748 0.0000538776956011 0.0113840762629912 0.9886056974968295 0.9919031926977403
1.7401347900495345 -0.0026599600971788 0.0000538429149055 0.0116337422201510 0.9884404412746572 0.9917853311924398
1.7517570945026997 -0.0026953566231125 0.0000538106066244 0.0118673001969064 0.9882869331400396 0.9916758373633976
1.7664118072573358 -0.0027403148916389 0.0000537695731728 0.0121661932892856 0.9880919699732192 0.9915367591728655
1.7811314214129859 -0.0027858384405632 0.0000537280264593 0.0124713836188268 0.9878945696815444 0.9913959248370429
1.7959239909229252 -0.0028319570691553 0.0000536859393960 0.0127831480333928 0.9876946036232397 0.9912532418959089
1.8107896201663780 -0.0028786763150323 0.0000536433070422 0.0131016042198800 0.9874920483883514 0.9911086929345043
1.8257283743858912 -0.0029260016189506 0.0000536001245491 0.0134268706663953 0.9872868810036741 0.9909622608312479
1.8407403940210862 -0.0029739386863171 0.0000535563868293 0.0137590691592473 0.9870790773658709 0.9908139276392990
1.8558257461523500 -0.0030224930165987 0.0000535120889870 0.0140983215660954 0.9868686142819940 0.9906636760425565
1.8709845727495140 -0.0030716703767416 0.0000534672258855 0.0144447531348215 0.9866554674176613 0.9905114878906611
1.8862169675472129 -0.0031214764064910 0.0000534217925078 0.0147984897653822 0.9864396130083110 0.9903573454202179
1.9015230272112018 -0.0031719167814078 0.0000533757838077 0.0151596591545143 0.9862210271529421 0.9902012307502968
1.9169028279044653 -0.0032229971350163 0.0000533291947810 0.0155283902512934 0.9859996861518919 0.9900431261233256
1.9323565136758967 -0.0032747233530438 0.0000532820201972 0.0159048154041267 0.9857755652323035 0.9898830129942603
1.9478841286757673 -0.0033271010139910 0.0000532342551098 0.0162890663239689 0.9855486409725877 0.9897208737621133
1.9634858302927047 -0.0033801361033138 0.0000531858942051 0.0166812793060023 0.9853188882084907 0.9895566895591827
1.9791617057182918 -0.0034338343973652 0.0000531369323639 0.0170815907491580 0.9850862827027369 0.9893904421579675
1.9949118181163465 -0.0034882016140702 0.0000530873645246 0.0174901382405672 0.9848508004924579 0.9892221135047893
2.0107362727586739 -0.0035432436405398 0.0000530371854751 0.0179070622786170 0.9846124169037717 0.9890516850150155
2.0266351569797449 -0.0035989663272730 0.0000529863900414 0.0183325047561795 0.9843711074437185 0.9888791382101287
2.0426086272893302 -0.0036553757944528 0.0000529349728076 0.0187666113259403 0.9841268464743944 0.9887044537691773
2.0586567153140765 -0.0037124777479885 0.0000528829287400 0.0192095261666420 0.9838796101751680 0.9885276136466958
2.0747795855005702 -0.0037702783900008 0.0000528302523573 0.0196613990125375 0.9836293726007039 0.9883485982531059
2.0909772785820175 -0.0038287835065080 0.0000527769385617 0.0201223780993624 0.9833761096315945 0.9881673892800001
2.1072498588701363 -0.0038879989886010 0.0000527229821646 0.0205926142011927 0.9831197967181832 0.9879839680861215
2.1235974579551380 -0.0039479309962654 0.0000526683777372 0.0210722619890401 0.9828604081722792 0.9877983151897316
2.1400201799732095 -0.0040085856162245 0.0000526131199223 0.0215614773545456 0.9825979186488937 0.9876104113283176
2.1565181021061375 -0.0040699688599474 0.0000525572034364 0.0220604173814949 0.9823323031552166 0.9874202374648081
2.1730913889530425 -0.0041320870900636 0.0000525006226811 0.0225692438389470 0.9820635352060939 0.9872277734663972
2.1897399849956178 -0.0041949458668838 0.0000524433727943 0.0230881137449622 0.9817915918153501 0.9870330016783962
2.2064641263842915 -0.0042585518713961 0.0000523854478983 0.0236171951792352 0.9815164451764405 0.9868359009659280
2.2232638215617766 -0.0043229109485483 0.0000523268428824 0.0241566511870787 0.9812380711286014 0.9866364527767660
2.2401391757955036 -0.0043880293323305 0.0000522675522872 0.0247066499094567 0.9809564438574436 0.9864346373452996
2.2570902757444018 -0.0044539132088112 0.0000522075707028 0.0252673609855536 0.9806715377859457 0.9862304350464851
2.2741171800964404 -0.0045205686765994 0.0000521468928044 0.0258389552078679 0.9803833277458746 0.9860238265184420
2.2912200248230259 -0.0045880021592248 0.0000520855129776 0.0264216080810760 0.9800917871953987 0.9858147913841733
2.3083988994887150 -0.0046562199229372 0.0000520234257575 0.0270154957253067 0.9797968903048900 0.9856033097461183
2.3256538693672453 -0.0047252281587700 0.0000519606257533 0.0276207955584235 0.9794986116024714 0.9853893619318937
2.3429849895180719 -0.0047950330358142 0.0000518971076011 0.0282376867547678 0.9791969257442341 0.9851729283291973
2.3603924041556645 -0.0048656411040470 0.0000518328655964 0.0288663538486763 0.9788918057741821 0.9849539881367096
2.3778761896576115 -0.0049370586633633 0.0000517678942693 0.0295069811913289 0.9785832258520213 0.9847325213203793
2.3954363620303627 -0.0050092917845263 0.0000517021883648 0.0301597530688784 0.9782711611626704 0.9845085085487491
2.4130730962918161 -0.0050823472121730 0.0000516357420218 0.0308248618879259 0.9779555840158582 0.9842819283924824
2.4307864414046403 -0.0051562311943899 0.0000515685498381 0.0315024976395123 0.9776364689035929 0.9840527609540555
2.4485764868193551 -0.0052309501662349 0.0000515006062485 0.0321928540814601 0.9773137895478571 0.9838209857480342
2.4664433006839164 -0.0053065104931885 0.0000514319057586 0.0328961264165203 0.9769875200095738 0.9835865824967781
2.4843868692865265 -0.0053829182091089 0.0000513624431826 0.0336125088141857 0.9766576358204347 0.9833495319435704
2.5024074009899420 -0.0054601803115932 0.0000512922124664 0.0343422065863452 0.9763241083912076 0.9831098118338082
2.5205049516465814 -0.0055383031718019 0.0000512212081332 0.0350854213476945 0.9759869118784700 0.9828674018482694
2.5386795852713790 -0.0056172932125911 0.0000511494246673 0.0358423573333048 0.9756460202571767 0.9826222814994807
2.5569314070834541 -0.0056971570545599 0.0000510768563811 0.0366132228426614 0.9753014066914728 0.9823744296784462
2.5752604423570422 -0.0057779009864478 0.0000510034978972 0.0373982251529116 0.9749530458208800 0.9821238262982452
2.5936667872411756 -0.0058595316241838 0.0000509293435491 0.0381975768909071 0.9746009109173223 0.9818704502487897
2.6121505265370240 -0.0059420555528671 0.0000508543877071 0.0390114926160192 0.9742449754310849 0.9816142805078902
2.6307117157342215 -0.0060254792438665 0.0000507786248535 0.0398401879947087 0.9738852133490735 0.9813552963987445
2.6493504292561423 -0.0061098078626606 0.0000507020494423 0.0406838819245078 0.9735215982697597 0.9810934769242715
2.6682420362015709 -0.0061958430687824 0.0000506239288670 0.0415508959006924 0.9731506506280210 0.9808263137115749
2.6870364304774443 -0.0062820036923648 0.0000505457052817 0.0424253838926983 0.9727792198236909 0.9805587377338187
2.7059089975198116 -0.0063690921433950 0.0000504666504316 0.0433155636473282 0.9724038479878434 0.9802882567522671
2.7248593584990393 -0.0064571129775236 0.0000503867605773 0.0442216428995425 0.9720245175722315 0.9800148559747938
2.7438876462670452 -0.0065460731111921 0.0000503060298459 0.0451438556716837 0.9716412009026834 0.9797385132700746
2.7629938939125438 -0.0066359790124560 0.0000502244527818 0.0460824337130838 0.9712538722896275 0.9794592078919709
2.7821781856824375 -0.0067268374026430 0.0000501420237093 0.0470376137504084 0.9708625050054213 0.9791769183001866
2.8014406050518361 -0.0068186550155912 0.0000500587369522 0.0480096350347871 0.9704670723230870 0.9788916229081830
2.8207811770447084 -0.0069114383197095 0.0000499745870853 0.0489987363854158 0.9700675487141156 0.9786033009470358
2.8401999989922553 -0.0070051941420743 0.0000498895683691 0.0500051628256382 0.9696639071618910 0.9783119305263331
2.8596971208650226 -0.0070999290960095 0.0000498036752691 0.0510291595195200 0.9692561216278780 0.9780174904130218
2.8792726204822059 -0.0071956499424592 0.0000497169021280 0.0520709756508261 0.9688441654968111 0.9777199589085640
2.8989265699476632 -0.0072923634283657 0.0000496292433128 0.0531308627130234 0.9684280122737795 0.9774193143513552
2.9186590140450712 -0.0073900761782201 0.0000495406933133 0.0542090733153748 0.9680076360518519 0.9771155354541067
2.9384700439864702 -0.0074887950581980 0.0000494512464120 0.0553058652079967 0.9675830099466233 0.9768086001720053
2.9583596815615665 -0.0075885266004356 0.0000493608972065 0.0564214949234803 0.9671541085740840 0.9764984874928603
2.9783280278422986 -0.0076892777445443 0.0000492696399375 0.0575562260412671 0.9667209048624553 0.9761851751317629
2.9983751056489489 -0.0077910550475173 0.0000491774692050 0.0587103203660051 0.9662833734513189 0.9758686419880788
3.0185010002680497 -0.0078938653922365 0.0000490843793269 0.0598840459083894 0.9658414876463658 0.9755488659424408
3.0387057527299208 -0.0079977154468197 0.0000489903648286 0.0610776707876548 0.9653952217451300 0.9752258255383864
3.0589894326675267 -0.0081026120353205 0.0000488954201078 0.0622914674642378 0.9649445494448760 0.9748994988296582
3.0793521066917680 -0.0082085619769408 0.0000487995395803 0.0635257109328869 0.9644894445351956 0.9745698638805245
3.0997938310581281 -0.0083155720467929 0.0000487027177157 0.0647806782710517 0.9640298810678417 0.9742368988881727
3.1203146211419366 -0.0084236488127450 0.0000486049491857 0.0660566467008216 0.9635658340583709 0.9739005826908093
3.1409145663708249 -0.0085327992394475 0.0000485062283169 0.0673539007214657 0.9630972768939297 0.9735608928883903
3.1615937355808823 -0.0086430301938707 0.0000484065495398 0.0686727263424392 0.9626241834584309 0.9732178073814087
3.1823521838158699 -0.0087543484783347 0.0000483059073579 0.0700134114558144 0.9621465279918535 0.9728713042685616
3.2031899198585330 -0.0088667606523632 0.0000482042965100 0.0713762436553849 0.9616642858555816 0.9725213624018064
3.2241070483955392 -0.0089802737987625 0.0000481017112773 0.0727615195304760 0.9611774302474045 0.9721679590019261
3.2451035562612223 -0.0090948943684491 0.0000479981465280 0.0741695306508087 0.9606859371584104 0.9718110732550763
3.2661795639690165 -0.0092106295464774 0.0000478935964835 0.0756005802691268 0.9601897795159412 0.9714506820602195
3.2873350615460204 -0.0093274858099406 0.0000477880560211 0.0770549656228454 0.9596889333689601 0.9710867645196769
3.3029695814527269 -0.0094142781567137 0.0000477096760402 0.0781414040609638 0.9593169844374870 0.9708164257965611
3.3186041013594334 -0.0095014385699484 0.0000476309715707 0.0792377505555766 0.9589435011966829 0.9705449044293667
3.3399682183436021 -0.0096211432359644 0.0000475229003839 0.0807519669709849 0.9584306721164424 0.9701719687067718
3.3614001908295594 -0.0097419260754265 0.0000474138796259 0.0822897550288889 0.9579133495399929 0.9697956358151091
3.3829119445496909 -0.0098638602542791 0.0000473038440253 0.0838522652034696 0.9573912241198835 0.9694156770557238
3.4045034410907746 -0.0099869520897568 0.0000471927886867 0.0854398077141703 0.9568642730233121 0.9690320719855708
3.4261747503086450 -0.0101112085139490 0.0000470807081786 0.0870527034059730 0.9563324708803348 0.9686447982470304
3.4479259058456817 -0.0102366362557343 0.0000469675972716 0.0886912732945835 0.9557957932888603 0.9682538341175448
3.4697569503807970 -0.0103632420977435 0.0000468534507071 0.0903558418815529 0.9552542157162998 0.9678591577093992
3.4916679616840618 -0.0104910330299707 0.0000467382630591 0.0920467392263540 0.9547077128448876 0.9674607464912715
3.5136589323169294 -0.0106200155477336 0.0000466220293677 0.0937642916664244 0.9541562615758544 0.9670585794775574
3.5357298874914411 -0.0107501963344659 0.0000465047445234 0.0955088307972098 0.9535998381104788 0.9666526351004909
3.5578809015544515 -0.0108815823648900 0.0000463864031749 0.0972806949574152 0.9530384175123087 0.9662428908887004
3.5801119921989009 -0.0110141802801725 0.0000462670002929 0.0990802208567244 0.9524719763797566 0.9658293254163464
3.6024232015770488 -0.0111479968661227 0.0000461465307390 0.1009077499944896 0.9519004908041941 0.9654119168126162
3.6248146050221215 -0.0112830391097488 0.0000460249892157 0.1027636295111242 0.9513239361314469 0.9649906425857434
3.6472862167922981 -0.0114193136313785 0.0000459023707778 0.1046482044069193 0.9507422893886108 0.9645654813952119
3.6698380006943685 -0.0115568267391962 0.0000457786707837 0.1065618181544648 0.9501555290512189 0.9641364128828872
3.6924700039795413 -0.0116955852437185 0.0000456538841626 0.1085048240120050 0.9495636315696150 0.9637034151325481
3.7151823300136271 -0.0118355963025607 0.0000455280055552 0.1104775830566795 0.9489665720362117 0.9632664651543611
3.7379749839439076 -0.0119768664704667 0.0000454010301688 0.1124804508360207 0.9483643282391749 0.9628255418502756
3.7608479604441092 -0.0121194022308830 0.0000452729532985 0.1145137847192342 0.9477568783956609 0.9623806243564232
3.7838012769410145 -0.0122632102026868 0.0000451437701426 0.1165779468501552 0.9471442002730017 0.9619316913986895
3.8068349919099846 -0.0124082972593262 0.0000450134756962 0.1186733059407978 0.9465262706845904 0.9614787209213972
3.8266920056211093 -0.0125339835760677 0.0000449006233816 0.1204990407185457 0.9459910745343535 0.9610862437640588
3.8446829370863473 -0.0126483446035690 0.0000447979560199 0.1221687411451675 0.9455041906008299 0.9607290711718668
3.8679392095936858 -0.0127968727438982 0.0000446646503153 0.1243490907972618 0.9448720269009541 0.9602651458966769
3.8912655650422203 -0.0129466369865483 0.0000445302755496 0.1265610214642149 0.9442348139024872 0.9597973123543430
3.9146724311581642 -0.0130977102195646 0.0000443947675661 0.1288058818582259 0.9435922479514727 0.9593253423147546
3.9381598176409658 -0.0132500989641795 0.0000442581218094 0.1310840523184252 0.9429443080524050 0.9588492148507864
3.9617277665698292 -0.0134038099459519 0.0000441203335690 0.1333959191715690 0.9422909724862714 0.9583689084156933
3.9853762506377755 -0.0135588494311626 0.0000439813985749 0.1357418647600722 0.9416322216337871 0.9578844029177598
4.0091053580765479 -0.0137152244366296 0.0000438413119134 0.1381222857105453 0.9409680328369213 0.9573956759408192
4.0329150617014538 -0.0138729412153928 0.0000437000693853 0.1405375700232996 0.9402983868357470 0.9569027074776968
4.0568053464670193 -0.0140320060883382 0.0000435576667603 0.1429881095782711 0.9396232642362625 0.9564054773327785
4.0807762601222528 -0.0141924257859426 0.0000434140994720 0.1454743054829922 0.9389426440639804 0.9559039640546589
4.1048278111149283 -0.0143542067703424 0.0000432693632258 0.1479965576660461 0.9382565066446489 0.9553981470564380
4.1289600059982625 -0.0145173554819935 0.0000431234537782 0.1505552686376952 0.9375648325594517 0.9548880058460678
4.1531728288758485 -0.0146818781991684 0.0000429763670629 0.1531508412609269 0.9368676032430338 0.9543735204670558
4.1774663765728137 -0.0148477819593755 0.0000428280983679 0.1557836933452895 0.9361647970825089 0.9538546686182106
4.2018405709234123 -0.0150150725989213 0.0000426786440884 0.1584542266190207 0.9354563977267289 0.9533314317858683
4.2262954363352474 -0.0151837566420869 0.0000425280000386 0.1611628565929318 0.9347423860841721 0.9528037893373817
4.2508309881397688 -0.0153538405427183 0.0000423761621304 0.1639100006010291 0.9340227435401125 0.9522717208941788
4.2584256309546049 -0.0154066585640683 0.0000423290217870 0.1647663652521962 0.9337993254459913 0.9521064823404500
4.2660202737694410 -0.0154595469932431 0.0000422818153445 0.1656255841632156 0.9335755948136819 0.9519409869077287
4.2746379672226720 -0.0155196553399303 0.0000422281695106 0.1666040073457239 0.9333213481425050 0.9517528872175831
4.2993645498873976 -0.0156926978437048 0.0000420737709622 0.1694318534541555 0.9325896179540973 0.9512113442548825
4.3241397848260474 -0.0158669341956260 0.0000419183665320 0.1722958200085600 0.9318531498404443 0.9506660157732152
4.3489957267044792 -0.0160425944540537 0.0000417617527034 0.1751999797849037 0.9311109800829832 0.9501161817203008
4.3739323313216083 -0.0162196845766580 0.0000416039259902 0.1781447567630799 0.9303630929862197 0.9495618233841348
4.3989496688348639 -0.0163982113214393 0.0000414448822309 0.1811305911176860 0.9296094696696474 0.9490029195895127
4.4240476924003618 -0.0165781806034013 0.0000412846180540 0.1841579118816059 0.9288500950110096 0.9484394518439455
4.4492264061908662 -0.0167595986877886 0.0000411231298148 0.1872271567838016 0.9280849526103404 0.9478714006040845
4.4744857672007621 -0.0169424714862361 0.0000409604142235 0.1903387604075071 0.9273140277632311 0.9472987474811448
4.4998258299091640 -0.0171268056034007 0.0000407964674140 0.1934931719781732 0.9265373030517193 0.9467214719652768
4.5252465509304916 -0.0173126069226038 0.0000406312862033 0.1966908312893476 0.9257547643101031 0.9461395558563571
4.5507478987857155 -0.0174998813968852 0.0000404648673879 0.1999321820782695 0.9249663972920591 0.9455529807889189
4.5763298837932354 -0.0176886352721107 0.0000402972075467 0.2032176759509662 0.9241721867363921 0.9449617275350639
4.6019924675714909 -0.0178788744217814 0.0000401283036325 0.2065477608460386 0.9233721191705285 0.9443657780899294
4.6277356561454646 -0.0180706050336440 0.0000399581523629 0.2099228929676162 0.9225661800249232 0.9437651135229608
4.6399894310807506 -0.0181621827961992 0.0000398769090581 0.2115416656577823 0.9221813758023125 0.9434781987319841
4.6476370405231124 -0.0182194387930498 0.0000398261230685 0.2125559448055327 0.9219408351493155 0.9432988088427685
4.6548149786087327 -0.0182732363629527 0.0000397783994645 0.2135107329043086 0.9217147994433456 0.9431302085153470
4.6807640568903821 -0.0184682973230334 0.0000396054127366 0.2169850654222518 0.9208954982586069 0.9425188636490385
4.7067531648083829 -0.0186645626900758 0.0000394314390325 0.2205004456410746 0.9200715615145680 0.9419037003552919
4.7328228665313681 -0.0188623427502056 0.0000392562054846 0.2240627428875717 0.9192416978648855 0.9412837468274046
4.7589730988636907 -0.0190616430758787 0.0000390797095650 0.2276724168498544 0.9184058963962463 0.9406589863025682
4.7852037638715421 -0.0192624689522415 0.0000389019490474 0.2313299245454970 0.9175641476424289 0.9400294029895382
4.8115149166526230 -0.0194648268185596 0.0000387229207328 0.2350357466373419 0.9167164375482273 0.9393949775519104
4.8379065064740958 -0.0196687222905400 0.0000385426222004 0.2387903514898495 0.9158627557646998 0.9387556933102414
4.8643785199668192 -0.0198741612557864 0.0000383610508395 0.2425942150818607 0.9150030910611272 0.9381115328102545
4.8909308941646685 -0.0200811492010217 0.0000381782044447 0.2464478085746423 0.9141374341452281 0.9374624799347029
4.9175636186199085 -0.0202896920049575 0.0000379940805158 0.2503516129791497 0.9132657743495159 0.9368085174197621
4.9442766607330526 -0.0204997953590071 0.0000378086767709 0.2543061084115001 0.9123881020594374 0.9361496286739258
4.9710699498323185 -0.0207114646375392 0.0000376219912612 0.2583117715228946 0.9115044092569173 0.9354857981876231
4.9836134433792454 -0.0208108803369666 0.0000375343446427 0.2602006153584290 0.9110895424290457 0.9351740036884308
4.9914707592837653 -0.0208732590260662 0.0000374793619087 0.2613882120720129 0.9108292923169522 0.9349783640955535
4.9993280751882851 -0.0209357029363088 0.0000374243179810 0.2625792130438881 0.9105687537890451 0.9347824707842800
5.0073641254450472 -0.0209996469711086 0.0000373679582478 0.2638008311308522 0.9103019908743458 0.9345818591800013
5.0343787336750054 -0.0212152184051091 0.0000371780233499 0.2679336958728389 0.9094030195788367 0.9339055271137302
5.0614409326495640 -0.0214321138603362 0.0000369870281582 0.2721144061260166 0.9084990798610271 0.9332250118905200
5.0885832972568741 -0.0216505985522632 0.0000367947419366 0.2763484181289527 0.9075890808959806 0.9325394831109444
5.1158056857192893 -0.0218706771641984 0.0000366011636170 0.2806362088317391 0.9066730189392853 0.9318489278502327
5.1431080813378864 -0.0220923553674417 0.0000364062913199 0.2849782766409222 0.9057508864278809 0.9311533301876725
5.1704903796457460 -0.0223156381040617 0.0000362101238659 0.2893751080113167 0.9048226791340850 0.9304526765976611
5.1979525880341528 -0.0225405312101287 0.0000360126593500 0.2938272092645115 0.9038883894190566 0.9297469508591313
5.2254946549344714 -0.0227670400277456 0.0000358138963626 0.2983350793420589 0.9029480120101177 0.9290361384138781
5.2531164709442670 -0.0229951694044013 0.0000356138339895 0.3028992095125160 0.9020015440013933 0.9283202263718409
5.2808180060642318 -0.0232249248238469 0.0000354124708205 0.3075201058925712 0.9010489801645563 0.9275991999653536
5.3021695928401833 -0.0234026736685676 0.0000352567741543 0.3111116447229077 0.9003124853463506 0.9270413762027312
5.3106508273415312 -0.0234734207276170 0.0000351948111522 0.3125455018445519 0.9000193870201176 0.9268192982166362
5.3183979878023573 -0.0235381189080678 0.0000351381528439 0.3138588538536582 0.8997513850383256 0.9266161934477635
5.3463217097730968 -0.0237719392730921 0.0000349334724166 0.3186212362039502 0.8987832558464166 0.9258821634433678
5.3742902834206854 -0.0240071115947564 0.0000347277414086 0.3234361946266726 0.8978102189590841 0.9251438823746827
5.4023383931360058 -0.0242439313452556 0.0000345207047367 0.3283101363525743 0.8968310693437240 0.9244004255727448
5.4304658125633534 -0.0244824022413606 0.0000343123628585 0.3332435431657808 0.8958458107268176 0.9236517844037465
5.4586725097234892 -0.0247225296202621 0.0000341027148825 0.3382369320235600 0.8948544404780979 0.9228979452857873
5.4869584217870733 -0.0249643185447881 0.0000338917602262 0.3432908161881356 0.8938569574540933 0.9221388956407031
5.5153233860773216 -0.0252077732051106 0.0000336794991376 0.3484056924476522 0.8928533644644067 0.9213746257757831
5.5437674067359666 -0.0254528992045690 0.0000334659307032 0.3535820890082507 0.8918436588509809 0.9206051217114953
5.5722903380146436 -0.0256997008433911 0.0000332510552169 0.3588205084234217 0.8908278436913449 0.9198303737122517
5.5813437604592622 -0.0257782458031301 0.0000331827031313 0.3604932281725182 0.8905047267460126 0.9195838130966180
5.5860186379265722 -0.0258188429200298 0.0000331473804900 0.3613588526196276 0.8903377508258589 0.9194563754447215
5.5906935153938822 -0.0258594565919393 0.0000331120392543 0.3622257645023952 0.8901706868995659 0.9193288546429160
5.5959100390494800 -0.0259048038595835 0.0000330725809947 0.3631946400980341 0.8899841626772355 0.9191864607732466
5.6246235257974417 -0.0261550028323032 0.0000328549676696 0.3685564000420150 0.8889555195738408 0.9184008284515174
5.6533694008430198 -0.0264064864984167 0.0000326363974802 0.3739730397486565 0.8879224267470884 0.9176111844812987
5.6821938753716266 -0.0266596621918883 0.0000324165203023 0.3794536837162367 0.8868832309086736 0.9168162540850384
5.7110967921865878 -0.0269145339940603 0.0000321953369477 0.3849988379188842 0.8858379377029687 0.9160160288965015
5.7400780384875603 -0.0271711063572487 0.0000319728479816 0.3906090176886119 0.8847865516383214 0.9152104995587208
5.7691374847300763 -0.0274293835686718 0.0000317490541900 0.3962847360677831 0.8837290782925199 0.9143996574111102
5.7982750368486737 -0.0276893702151055 0.0000315239561774 0.4020265139644225 0.8826655224151275 0.9135834930347064
5.8274905326876629 -0.0279510702602410 0.0000312975551671 0.4078348597455020 0.8815958917074747 0.9127619991526510
5.8404863286896544 -0.0280678079268525 0.0000311966221960 0.4104350716871973 0.8811190608006672 0.9123955689248645
5.8534821246916460 -0.0281847247012014 0.0000310955528895 0.4130454670196289 0.8806415978778921 0.9120285191786305
5.8654326810618587 -0.0282923983333895 0.0000310024924754 0.4154549082251120 0.8802019811021352 0.9116904450845178
5.8948577941266329 -0.0285582371697334 0.0000307728651498 0.4214243266964226 0.8791172830210912 0.9108558032054662
5.9243295698608609 -0.0288255229271032 0.0000305421790967 0.4274557838805687 0.8780276700541796 0.9100166795338104
5.9538787669758531 -0.0290945382837105 0.0000303101950120 0.4335560365040069 0.8769320137873521 0.9091721924296626
5.9835051280736113 -0.0293652862138668 0.0000300769153755 0.4397255763721560 0.8758303280010410 0.9083223386628354
6.0132085593909510 -0.0296377711658347 0.0000298423414800 0.4459649294542418 0.8747226209010346 0.9074671105874370
6.0429888505387321 -0.0299119965055511 0.0000296064756362 0.4522745976896308 0.8736089055289582 0.9066065041703905
6.0728458510135388 -0.0301879661318181 0.0000293693197817 0.4586550957664420 0.8724891931961311 0.9057405139259627
6.0848119345520768 -0.0302988603038779 0.0000292740820492 0.4612276386167659 0.8720395626232051 0.9053925556792380
6.0967780180906148 -0.0304098824615401 0.0000291787375390 0.4638089874133422 0.8715894355456519 0.9050440913571955
6.1119620239023549 -0.0305509986521563 0.0000290575975659 0.4670972022234077 0.8710175486148402 0.9046011908395274
6.1420208700697314 -0.0308311438364467 0.0000288172744202 0.4736485990114033 0.8698830864624371 0.9037220165018194
6.1721305222192235 -0.0311128074642664 0.0000285758712025 0.4802670160609673 0.8687436252533176 0.9028381832847719
6.2023160644215798 -0.0313962280804103 0.0000283331888171 0.4869584446276595 0.8675982273894708 0.9019489501581666
6.2325772597647937 -0.0316814086597505 0.0000280892304334 0.4937233801081025 0.8664469101532843 0.9010543156610044
6.2629138162102738 -0.0319683516353057 0.0000278439997740 0.5005623048294731 0.8652896934669746 0.9001542802780580
6.2933255102658343 -0.0322570600659494 0.0000275975001162 0.5074757157090843 0.8641265951840470 0.8992488427812944
6.3043382591424093 -0.0323618677311306 0.0000275080750013 0.5099934488347678 0.8637046731195952 0.8989201833686975
6.3128101395142977 -0.0324425634691876 0.0000274392248042 0.5119354451460846 0.8633798314645468 0.8986670708401876
6.3205265956927574 -0.0325161306687739 0.0000273764700123 0.5137081810098149 0.8630837550195292 0.8984363151325379
6.3511189168844089 -0.0328084561452754 0.0000271272641927 0.5207729592273728 0.8619080737832684 0.8975194797302593
6.3817470877006759 -0.0331021849049382 0.0000268771137926 0.5279047726024076 0.8607280480631637 0.8965983958088818
6.4124494090301765 -0.0333976873593784 0.0000266257090984 0.5351129745350049 0.8595422191572156 0.8956719108073119
6.4432255704678418 -0.0336949656144529 0.0000263730546237 0.5423980372659224 0.8583506109002591 0.8947400276644124
6.4740752639099055 -0.0339940217762382 0.0000261191549757 0.5497604320792804 0.8571532475987854 0.8938027495939216
6.5049981241204060 -0.0342948573734014 0.0000258640153449 0.5572006149114717 0.8559501563439803 0.8928600818988666
6.5093326809900862 -0.0343371119419992 0.0000258282009603 0.5582483622430872 0.8557812860273768 0.8927276927459277
6.5136672378597664 -0.0343793753113729 0.0000257923747047 0.5592972988514502 0.8556123596003662 0.8925952416743085
6.5184457239112970 -0.0344259879839141 0.0000257528650629 0.5604550422300490 0.8554260674779463 0.8924491537484016
6.5495064737786430 -0.0347295960087488 0.0000254956825960 0.5680157866611523 0.8542134959950299 0.8914977353396214
6.5806066183593073 -0.0350346638283154 0.0000252375451733 0.5756474513240954 0.8529965463969734 0.8905419465956065
6.6117787808193809 -0.0353415147404515 0.0000249781855681 0.5833584830384917 0.8517739614099119 0.8895807852688351
6.6430224802996438 -0.0356501489955373 0.0000247176104419 0.5911492998908675 0.8505457751925040 0.8886142618477471
6.6743372959357394 -0.0359605674019927 0.0000244558260774 0.5990203318742597 0.8493120201494146 0.8876423853729291
6.6925713333122197 -0.0361418161863965 0.0000243031125312 0.6036323468408727 0.8485923623565219 0.8870750325594572
6.6986893463292061 -0.0362027120565091 0.0000242518269238 0.6051845663836947 0.8483506906581171 0.8868844324984502
6.7040610893492678 -0.0362562009627519 0.0000242067786293 0.6065494220099147 0.8481384123920054 0.8867169833151245
6.7094235573933840 -0.0363096225001846 0.0000241617907009 0.6079137630698579 0.8479264211281352 0.8865497316052098
6.7409504402559204 -0.0366243344990237 0.0000238969430774 0.6159722065527179 0.8466784908106804 0.8855645827258252
6.7724848002328599 -0.0369402094523107 0.0000236314295324 0.6240963217032842 0.8454275601809513 0.8845760552770427
6.8040883880379388 -0.0372578675585227 0.0000233647351532 0.6323023543007608 0.8441712058202977 0.8835822203346150
6.8357606440552381 -0.0375773080462507 0.0000230968680033 0.6405906818462510 0.8429094686757048 0.8825830933760305
6.8675009057931806 -0.0378985290609615 0.0000228278371439 0.6489616503216216 0.8416423944228857 0.8815786935858674
6.8752646397527117 -0.0379772669360803 0.0000227619427867 0.6510190989794574 0.8413320691468807 0.8813325408626946
6.8818703960624390 -0.0380442976759793 0.0000227058500237 0.6527727386298217 0.8410679076719138 0.8811229559311410
6.8884761523721663 -0.0381113659136096 0.0000226497326254 0.6545291962049060 0.8408036344809416 0.8809132365392556
6.9203603483221841 -0.0384357496473819 0.0000223785188641 0.6630467948645129 0.8395264995624004 0.8798990924374638
6.9522793469267983 -0.0387615869619507 0.0000221064332453 0.6716395669996302 0.8382454094512488 0.8788807265674108
6.9842641582285863 -0.0390891974944233 0.0000218332161667 0.6803162690884155 0.8369591447208165 0.8778571539531455
7.0163139625636610 -0.0394185775313525 0.0000215588786253 0.6890771805554604 0.8356677602849073 0.8768284010152090
7.0296384703013786 -0.0395558399307131 0.0000214446597416 0.6927391109110581 0.8351301458519701 0.8763997945706461
7.0429629780390961 -0.0396932928133804 0.0000213303448909 0.6964125833206344 0.8345921070290510 0.8759706564300963
7.0564464010530479 -0.0398325303487641 0.0000212145716366 0.7001416236021434 0.8340472217339662 0.8755358602817876
7.0687991554833030 -0.0399602605187426 0.0000211084214812 0.7035683462917757 0.8335476517116995 0.8751370489850733
7.1010483596997043 -0.0402944924257563 0.0000208309151534 0.7125612993420040 0.8322417475893689 0.8740937417481940
7.1333283566076595 -0.0406301542927729 0.0000205525978207 0.7216307490198012 0.8309321911871886 0.8730463624826400
7.1656695631172154 -0.0409675652776853 0.0000202732125713 0.7307856201386955 0.8296177767066019 0.8719939310299598
7.1980708967994529 -0.0413067185229964 0.0000199927734244 0.7400260772568458 0.8282985734094169 0.8709364854028588
7.2155927873732360 -0.0414905243549799 0.0000198409011193 0.7450517239440934 0.8275842141750149 0.8703633753335202
7.2316069919918036 -0.0416587971210074 0.0000197019630350 0.7496625213411613 0.8269307371219119 0.8698388039178705
7.2641524065297869 -0.0420016106267255 0.0000194192114942 0.7590847664944929 0.8256009830111931 0.8687704551935033
7.2967303919512956 -0.0423458873317764 0.0000191356600989 0.7685860404042796 0.8242676444761774 0.8676980062376162
7.3293640713648518 -0.0426918745208201 0.0000188511133345 0.7781734500176223 0.8229298053563967 0.8666207041194557
7.3386665215552682 -0.0427907059434517 0.0000187699088535 0.7809192289527439 0.8225480436306220 0.8663130612121500
7.3431392840635423 -0.0428382580525156 0.0000187308499750 0.7822414684472564 0.8223644237657547 0.8661650550347904
7.3476120465718164 -0.0428858162464367 0.0000186917823693 0.7835650241026564 0.8221807631123859 0.8660169926289331
7.3527704257594166 -0.0429406883520907 0.0000186467146693 0.7850930982373632 0.8219688992139081 0.8658461644126224
7.3855802282045628 -0.0432903553169652 0.0000183597724209 0.7948533970316612 0.8206200871787872 0.8647578699167947
7.4183591329711209 -0.0436408200501443 0.0000180726060622 0.8046753238889094 0.8192704089630128 0.8636676057194402
7.4511886055444068 -0.0439929531523722 0.0000177845094072 0.8145834267734274 0.8179165482638345 0.8625726805499957
7.4622619576918146 -0.0441119816307326 0.0000176872260718 0.8179414644907138 0.8174594252026890 0.8622026945698179
7.4733353098392223 -0.0442311383030860 0.0000175898884643 0.8213075997384498 0.8170020690820792 0.8618323726133854
7.4886339986635706 -0.0443959397130805 0.0000174553218330 0.8259715015640935 0.8163698155987443 0.8613201930516031
7.5039326874879189 -0.0445609610579515 0.0000173206540660 0.8306508716485850 0.8157371239692587 0.8608073757488482
7.5369099004790305 -0.0449175034225826 0.0000170300260231 0.8407901655127382 0.8143718496589308 0.8596998093281478
7.5699083859409937 -0.0452754088331852 0.0000167387468941 0.8510080406909473 0.8130037166333400 0.8585885937261968
7.6029492667754592 -0.0456349085366007 0.0000164466369318 0.8613113117789424 0.8116318839266079 0.8574730306824763
7.6062281625050652 -0.0456706462783463 0.0000164176240443 0.8623377297370238 0.8114956421832765 0.8573621664183928
7.6095070582346711 -0.0457063876219935 0.0000163886070834 0.8633648605429881 0.8113593816998588 0.8572512736139789
7.6138439202039612 -0.0457536721797049 0.0000163502210426 0.8647244997362472 0.8111791268060250 0.8571045564028005
7.6470369459643583 -0.0461162193495637 0.0000160561726722 0.8751720825379001 0.8097984389356027 0.8559799800282220
7.6801694718287985 -0.0464792437395838 0.0000157622192492 0.8856735511501524 0.8084184062695527 0.8548545628807100
7.7133372127332809 -0.0468437918575249 0.0000154675201917 0.8962592183710701 0.8070350850811076 0.8537250789721192
7.7252922909173636 -0.0469754696270833 0.0000153611932863 0.9000926753116787 0.8065360376962604 0.8533172644953912
7.7314560346417345 -0.0470434024683708 0.0000153063529498 0.9020728242614654 0.8062786512531337 0.8531068610559009
7.7371123865992546 -0.0471057702712262 0.0000152560145420 0.9038921930421204 0.8060423990063328 0.8529136914967493
7.7703269244655910 -0.0474726647728006 0.0000149601786035 0.9146186143447282 0.8046540852152699 0.8517777247033431
7.8035783240730323 -0.0478411058786016 0.0000146636009897 0.9254304950036802 0.8032625103818334 0.8506376713035128
7.8368550828736012 -0.0482109686912515 0.0000143663912493 0.9363243532686102 0.8018681920504076 0.8494939398464022
7.8441223908268833 -0.0482918807567636 0.0000143014310474 0.9387132799825088 0.8015634670687539 0.8492437888199925
7.8507660133443702 -0.0483658850461191 0.0000142420297526 0.9409002678650910 0.8012848255548701 0.8490149897777102
7.8840970234918277 -0.0487378488587025 0.0000139437777349 0.9519167967733820 0.7998859116110029 0.8478654382144716
7.9174232727780280 -0.0491109009180440 0.0000136451806050 0.9630058542758317 0.7984856081483239 0.8467132857204595
7.9282787477660044 -0.0492326628212777 0.0000135478351726 0.9666339379392993 0.7980291461569966 0.8463373978137511
7.9391342227539807 -0.0493545457659283 0.0000134504497450 0.9702698897498531 0.7975725213097457 0.8459612196735146
7.9442561802788614 -0.0494120960323637 0.0000134044864029 0.9719881796469753 0.7973570150752327 0.8457836263343268
7.9493781378037420 -0.0494696625229516 0.0000133585147354 0.9737082216770082 0.7971414729826096 0.8456059686313998
7.9570301184623178 -0.0495557031398417 0.0000132898192337 0.9762811537198752 0.7968193960676825 0.8453404360376957
7.9904041015364964 -0.0499316696335659 0.0000129899781823 0.9875486920375373 0.7954137448069510 0.8441806490284364
8.0237644309083080 -0.0503086232915509 0.0000126898970471 0.9988860210563445 0.7940072059232597 0.8430186359015143
8.0355618732807450 -0.0504422010097487 0.0000125836920033 1.0029131298273044 0.7935094595745881 0.8426070631657890
8.0409913875522410 -0.0505037251566046 0.0000125347986562 1.0047696462854081 0.7932803234893394 0.8424175335848303
8.0451708170935596 -0.0505511046380998 0.0000124971561287 1.0062000638112190 0.7931039181392022 0.8422715929532424
8.0493502466348783 -0.0505984911199212 0.0000124595086136 1.0076316498257922 0.7929274908204437 0.8421256105165041
8.0533882177611336 -0.0506442871246119 0.0000124231302985 1.0090158917870888 0.7927570141649299 0.8419845293796939
8.0863201099733946 -0.0510184017669611 0.0000121262561747 1.0203458841278406 0.7913659309161084 0.8408324839161637
8.1196766183724769 -0.0513984713678654 0.0000118252169249 1.0318959626218791 0.7899555746449127 0.8396629653109331
8.1320079735165312 -0.0515392651242521 0.0000117138432915 1.0361846990815913 0.7894338565062368 0.8392299505760946
8.1384786023488971 -0.0516132060448118 0.0000116553842462 1.0384392005803953 0.7891600248333072 0.8390025923641481
8.1436198499806505 -0.0516719749619967 0.0000116089272772 1.0402325173436806 0.7889424169953604 0.8388218747778301
8.1484530259383998 -0.0517272412758231 0.0000115652472865 1.0419199902968506 0.7887378208751080 0.8386519297913363
8.1817354110224016 -0.0521084662510160 0.0000112642728400 1.0535828193394097 0.7873282062197008 0.8374801731092086
8.2150499508406547 -0.0524911933005705 0.0000109626918813 1.0653312551055913 0.7859160032626904 0.8363047195956231
8.2254933738932721 -0.0526114039361552 0.0000108680886761 1.0690294643426788 0.7854730604469591 0.8359357143512981
8.2282518745760385 -0.0526431747016177 0.0000108430953906 1.0700075212200195 0.7853560432794959 0.8358382045448857
8.2310103752588049 -0.0526749459510085 0.0000108181003503 1.0709860882781785 0.7852390180369466 0.8357406773573720
8.2342576870474371 -0.0527123548530085 0.0000107886735751 1.0721387129340691 0.7851012454422458 0.8356258459227861
8.2667308049337596 -0.0530870360940644 0.0000104942484539 1.0837038512060462 0.7837229171936314 0.8344762120886173
8.2999718882223856 -0.0534716938624170 0.0000101925693809 1.0956157530198778 0.7823108854318809 0.8332969205280554
8.3069607753844217 -0.0535527112130872 0.0000101291050817 1.0981296434135204 0.7820138690939654 0.8330486604363707
8.3112379872236630 -0.0536023186048538 0.0000100902585937 1.0996697655562546 0.7818320711430625 0.8328966708872612
8.3155151990629044 -0.0536519341814161 0.0000100514078877 1.1012111152346435 0.7816502554537618 0.8327446404545870
8.3195883851347858 -0.0536991972417672 0.0000100144061756 1.1026800826783298 0.7814770961140511 0.8325998240038528
8.3522904144004020 -0.0540792678858221 0.0000097171814939 1.1145142048052277 0.7800862975640959 0.8314358114298653
8.3854190010174872 -0.0544654097980228 0.0000094158090608 1.1265758785984121 0.7786763524554753 0.8302542055358726
8.3889635937074623 -0.0545067914606327 0.0000093835478957 1.1278707804713117 0.7785254370902239 0.8301276368713326
8.3925081863974373 -0.0545481809920947 0.0000093512839370 1.1291665258668251 0.7783745106015727 0.8300010407113914
8.3959277329678184 -0.0545881165940419 0.0000093201556042 1.1304173593931233 0.7782288979873379 0.8298788845732400
8.4287952616411062 -0.0549725730328797 0.0000090208191400 1.1424799899844618 0.7768288026760551 0.8287034616941084
8.4617868154496350 -0.0553595901061658 0.0000087201007477 1.1546610941833819 0.7754225109974195 0.8275212514639235
8.4646191072926591 -0.0553928669928590 0.0000086942728324 1.1557102370263059 0.7753017408662082 0.8274196507705582
8.4674513991356832 -0.0554261448703066 0.0000086684434483 1.1567599186702047 0.7751809642500113 0.8273180328820459
8.4708565555352937 -0.0554661627410387 0.0000086373874631 1.1580226241545450 0.7750357506310520 0.8271958388247859
8.5048289659892831 -0.0558660598813839 0.0000083274089330 1.1706629746036541 0.7735864913831072 0.8259753838097025
8.5149532808097845 -0.0559854637074103 0.0000082349817455 1.1744449940418935 0.7731544177067947 0.8256111947092393
8.5250775956302860 -0.0561049723586410 0.0000081425325855 1.1782338996634594 0.7727222672338215 0.8252467889606637
8.5312907448207422 -0.0561783650501000 0.0000080857870534 1.1805625073891488 0.7724570250340631 0.8250230512890980
8.5357648881175603 -0.0562312380248025 0.0000080449191535 1.1822409645372127 0.7722660042689828 0.8248618855205948
8.5402390314143783 -0.0562841205062265 0.0000080040475592 1.1839207666145082 0.7720749688681638 0.8247006776860006
8.5732287804277743 -0.0566746772482500 0.0000077025560038 1.1963481774246048 0.7706659436551835 0.8235107306977812
8.5851662892796377 -0.0568162765377304 0.0000075934051077 1.2008631176369957 0.7701558942272365 0.8230795836575793
8.5971037981315011 -0.0569580217112768 0.0000074842257332 1.2053876334825746 0.7696457485598663 0.8226481413600305
8.6058073063335776 -0.0570614448185665 0.0000074046071271 1.2086924448550307 0.7692737471556838 0.8223333959314538
8.6140477068099415 -0.0571594258789304 0.0000073292118012 1.2118261007428925 0.7689214939543537 0.8220352540762913
8.6464862409913739 -0.0575458061981511 0.0000070322894459 1.2242061498229555 0.7675344205926601 0.8208602588158197
8.6600598580642014 -0.0577078035656238 0.0000069079860417 1.2294074570916846 0.7669538191057875 0.8203679556193794
8.6681162455100988 -0.0578040301648465 0.0000068341924147 1.2325004591336624 0.7666091607772294 0.8200755807526496
8.6753995558948009 -0.0578910724831817 0.0000067674700445 1.2353004161362171 0.7662975423006824 0.8198111486550059
8.7076099204752619 -0.0582766683090174 0.0000064722767850 1.2477259420642068 0.7649190485981305 0.8186404196064097
8.7151688513718266 -0.0583673117696329 0.0000064029761183 1.2506519895010064 0.7645954685423489 0.8183653788245109
8.7190626470809551 -0.0584140273881775 0.0000063672737309 1.2521607687000440 0.7644287722416276 0.8182236538926013
8.7216812613008372 -0.0584454528355607 0.0000063432620686 1.2531760099226095 0.7643166628409120 0.8181283255512807
8.7242998755207193 -0.0584768790102227 0.0000063192495235 1.2541917119683661 0.7642045497403286 0.8180329835561965
8.7279324215198635 -0.0585204842660080 0.0000062859373749 1.2556014585483599 0.7640490202343291 0.8179007023920422
8.7586056205834399 -0.0588892268694142 0.0000060045609403 1.2675407087155808 0.7627354576657142 0.8167826780007242
8.7705934604769862 -0.0590336032004651 0.0000058945497442 1.2722240449522679 0.7622219569288874 0.8163452220735101
8.7755374731033111 -0.0590931897649201 0.0000058491722385 1.2741583543840884 0.7620101591867007 0.8161647247627730
8.7804814857296360 -0.0591527934075632 0.0000058037911757 1.2760943063890013 0.7617983497183828 0.8159841795607463
8.7851979112544551 -0.0592096724402828 0.0000057604956892 1.2779426718447648 0.7615962796505151 0.8158119007972399
8.8170123883566962 -0.0595939453826875 0.0000054683561733 1.2904498025140829 0.7602329570083450 0.8146486684070846
8.8244944559663150 -0.0596844692219905 0.0000053996286791 1.2934010837868584 0.7599122682630380 0.8143748164977647
8.8290536451257022 -0.0597396580829545 0.0000053577455061 1.2952012879647805 0.7597168452019938 0.8142078921539599
8.8336128342850895 -0.0597948585446825 0.0000053158596717 1.2970028888007714 0.7595214132896642 0.8140409277387657
8.8383463533937885 -0.0598521909773176 0.0000052723690266 1.2988748553064349 0.7593184994361925 0.8138675367531976
8.8697522306565482 -0.0602331638059641 0.0000049837347816 1.3113330777291963 0.7579719806090297 0.8127160370170436
8.8757667380052503 -0.0603062395177399 0.0000049284425508 1.3137264996286890 0.7577140663447504 0.8124952996827207
8.8782624895711564 -0.0603365736245795 0.0000049054972489 1.3147203761319486 0.7576070394693543 0.8124036833743586
8.8807582411370625 -0.0603669099064179 0.0000048825512731 1.3157146710906480 0.7575000102456940 0.8123120552390687
8.8835420831787513 -0.0604007537771489 0.0000048569556451 1.3168242335494924 0.7573806236574687 0.8122098363083535
8.9113805035956393 -0.0607396321737587 0.0000046009406694 1.3279484917122166 0.7561866050390362 0.8111868410244465
8.9174845477252838 -0.0608140439262496 0.0000045447910469 1.3303946320877826 0.7559247604588207 0.8109623368909928
8.9235885918549283 -0.0608884941705795 0.0000044886364834 1.3328432751852055 0.7556629035050544 0.8107377628716527
8.9288088395904062 -0.0609521880322472 0.0000044406089273 1.3349393678746377 0.7554389507738882 0.8105456492845063
