0.0001133179916710 -0.0000000000262345 0.0000149999999970 0.0000000000000020 0.9999999999859628 0.9999999999840050
0.0001595495611006 -0.0000000000520139 0.0000149999999940 0.0000000000000056 0.9999999999720641 0.9999999999682875
0.0002170842665560 -0.0000000000962972 0.0000149999999888 0.0000000000000141 0.9999999999481901 0.9999999999412883
0.0002870502701524 -0.0000000001683791 0.0000149999999804 0.0000000000000325 0.9999999999093290 0.9999999998973405
0.0003705591847306 -0.0000000002806061 0.0000149999999674 0.0000000000000699 0.9999999998488255 0.9999999998289165
0.0004686817016088 -0.0000000004488936 0.0000149999999479 0.0000000000001415 0.9999999997580986 0.9999999997263128
0.0005824212923664 -0.0000000006932110 0.0000149999999195 0.0000000000002715 0.9999999996263831 0.9999999995773543
0.0007127719512764 -0.0000000010382318 0.0000149999998794 0.0000000000004976 0.9999999994403768 0.9999999993669976
0.0008606801464120 -0.0000000015138338 0.0000149999998242 0.0000000000008760 0.9999999991839721 0.9999999990770265
0.0010270607775759 -0.0000000021556980 0.0000149999997496 0.0000000000014886 0.9999999988379330 0.9999999986856866
0.0012127973234046 -0.0000000030058878 0.0000149999996509 0.0000000000024511 0.9999999983795823 0.9999999981673320
0.0014187677045681 -0.0000000041135749 0.0000149999995223 0.0000000000039240 0.9999999977824109 0.9999999974919832
0.0016458027055340 -0.0000000055354471 0.0000149999993571 0.0000000000061254 0.9999999970158574 0.9999999966250780
0.0018947084582894 -0.0000000073363867 0.0000149999991480 0.0000000000093460 0.9999999960449428 0.9999999955270582
0.0021662887555480 -0.0000000095902584 0.0000149999988862 0.0000000000139684 0.9999999948298457 0.9999999941528890
0.0024612928590140 -0.0000000123801054 0.0000149999985622 0.0000000000204875 0.9999999933257958 0.9999999924519395
0.0027804848401524 -0.0000000157993394 0.0000149999981651 0.0000000000295366 0.9999999914824338 0.9999999903672573
0.0031245911482231 -0.0000000199519040 0.0000149999976828 0.0000000000419159 0.9999999892437219 0.9999999878354687
0.0034943469559434 -0.0000000249534193 0.0000149999971019 0.0000000000586269 0.9999999865473277 0.9999999847860811
0.0038904388892082 -0.0000000309310927 0.0000149999964077 0.0000000000809086 0.9999999833246715 0.9999999811415370
0.0043135590729366 -0.0000000380250334 0.0000149999955838 0.0000000001102824 0.9999999795002184 0.9999999768164127
0.0047643758998812 -0.0000000463884834 0.0000149999946125 0.0000000001485994 0.9999999749913532 0.9999999717172779
0.0052435301641383 -0.0000000561882753 0.0000149999934744 0.0000000001980935 0.9999999697081340 0.9999999657424159
0.0057516845874376 -0.0000000676064770 0.0000149999921483 0.0000000002614473 0.9999999635524052 0.9999999587808212
0.0062894815230793 -0.0000000808402948 0.0000149999906113 0.0000000003418562 0.9999999564178496 0.9999999507122584
0.0068575396214121 -0.0000000961025390 0.0000149999888388 0.0000000004431022 0.9999999481897384 0.9999999414069789
0.0074564551491321 -0.0000001136221600 0.0000149999868041 0.0000000005696343 0.9999999387446405 0.9999999307253932
0.0080868445972384 -0.0000001336461416 0.0000149999844785 0.0000000007266683 0.9999999279494034 0.9999999185169169
0.0087493011194006 -0.0000001564389759 0.0000149999818314 0.0000000009202779 0.9999999156614352 0.9999999046202914
0.0094443951763002 -0.0000001822831582 0.0000149999788299 0.0000000011575009 0.9999999017284390 0.9999998888632813
0.0101727366494767 -0.0000002114822151 0.0000149999754388 0.0000000014464796 0.9999998859867782 0.9999998710608284
0.0109348344708348 -0.0000002443558143 0.0000149999716209 0.0000000017965344 0.9999998682641157 0.9999998510180341
0.0117312814723729 -0.0000002812478193 0.0000149999673363 0.0000000022183765 0.9999998483750695 0.9999998285252470
0.0125626216359380 -0.0000003225216072 0.0000149999625428 0.0000000027242046 0.9999998261237377 0.9999998033609191
0.0134293898985139 -0.0000003685622267 0.0000149999571957 0.0000000033278805 0.9999998013025346 0.9999997752902887
0.0143321176651313 -0.0000004197773369 0.0000149999512477 0.0000000040451065 0.9999997736916855 0.9999997440648094
0.0152713309319384 -0.0000004765978022 0.0000149999446486 0.0000000048936119 0.9999997430589049 0.9999997094217863
0.0162475484185469 -0.0000005394782476 0.0000149999373458 0.0000000058933519 0.9999997091590983 0.9999996710840380
0.0172612925401888 -0.0000006088984713 0.0000149999292835 0.0000000070667346 0.9999996717335995 0.9999996287590350
0.0183130826977594 -0.0000006853638131 0.0000149999204029 0.0000000084388487 0.9999996305099728 0.9999995821386757
0.0194034132889462 -0.0000007694041491 0.0000149999106426 0.0000000100376772 0.9999995852025546 0.9999995308998986
0.0205327522644397 -0.0000008615740074 0.0000149998999381 0.0000000118943389 0.9999995355123914 0.9999994747046121
0.0217016142134970 -0.0000009624592027 0.0000149998882215 0.0000000140434855 0.9999994811236625 0.9999994131956498
0.0229104696543305 -0.0000010726702444 0.0000149998754217 0.0000000165234509 0.9999994217072345 0.9999993460007887
0.0241598302250123 -0.0000011928504607 0.0000149998614642 0.0000000193767259 0.9999993569162806 0.9999992727277967
0.0254501534155534 -0.0000013236679471 0.0000149998462712 0.0000000226500913 0.9999992863906224 0.9999991929693414
0.0267818984712014 -0.0000014658210634 0.0000149998297618 0.0000000263950690 0.9999992097537653 0.9999991062996383
0.0281555276871118 -0.0000016200394034 0.0000149998118511 0.0000000306683009 0.9999991266123769 0.9999990122738601
0.0295715247723853 -0.0000017870868835 0.0000149997924505 0.0000000355320147 0.9999990365546207 0.9999989104262533
0.0310303076830616 -0.0000019677521224 0.0000149997714684 0.0000000410541343 0.9999989391553442 0.9999988002760037
0.0325323402046919 -0.0000021628621011 0.0000149997488086 0.0000000473090842 0.9999988339687128 0.9999986813189079
0.0340780657993273 -0.0000023732751317 0.0000149997243716 0.0000000543780222 0.9999987205320017 0.9999985530316604
0.0356679385241164 -0.0000025998855283 0.0000149996980534 0.0000000623494451 0.9999985983630777 0.9999984148690058
0.0373023983536613 -0.0000028436209942 0.0000149996697464 0.0000000713195833 0.9999984669618074 0.9999982662653314
0.0389818699445569 -0.0000031054427659 0.0000149996393389 0.0000000813928954 0.9999983258099800 0.9999981066345802
0.0407067899717850 -0.0000033863504260 0.0000149996067148 0.0000000926827738 0.9999981743687131 0.9999979353673157
0.0424775672858080 -0.0000036873762067 0.0000149995717542 0.0000001053118691 0.9999980120815227 0.9999977518341957
0.0442946498587563 -0.0000040095968911 0.0000149995343320 0.0000001194131584 0.9999978383679081 0.9999975553787158
0.0461584328075826 -0.0000043541187205 0.0000149994943199 0.0000001351299086 0.9999976526314889 0.9999973453264115
0.0480693703562497 -0.0000047220981798 0.0000149994515834 0.0000001526172299 0.9999974542487982 0.9999971209721854
0.0500278407286902 -0.0000051147174942 0.0000149994059854 0.0000001720416054 0.9999972425824941 0.9999968815952469
0.0520342317396019 -0.0000055332005958 0.0000149993573835 0.0000001935822764 0.9999970169727515 0.9999966264493774
0.0540889912748628 -0.0000059788254237 0.0000149993056295 0.0000002174326386 0.9999967767306309 0.9999963547554311
0.0561924897737784 -0.0000064528956849 0.0000149992505720 0.0000002437995213 0.9999965211533036 0.9999960657185523
0.0583451653885473 -0.0000069567729529 0.0000149991920527 0.0000002729056820 0.9999962495067457 0.9999957585086048
0.0605473775664554 -0.0000074918442218 0.0000149991299106 0.0000003049887992 0.9999959610432311 0.9999954322799546
0.0627995452061289 -0.0000080595546293 0.0000149990639779 0.0000003403041873 0.9999956549836911 0.9999950861515184
0.0651020075094326 -0.0000086613739594 0.0000149989940839 0.0000003791236311 0.9999953305357716 0.9999947192271872
0.0674552228489393 -0.0000092988484970 0.0000149989200490 0.0000004217395859 0.9999949868658800 0.9999943305642105
0.0698595441681579 -0.0000099735434524 0.0000149988416915 0.0000004684624345 0.9999946231302231 0.9999939192083003
0.0723153550117617 -0.0000106870788309 0.0000149987588231 0.0000005196237537 0.9999942384554719 0.9999934841717610
0.0748230379343622 -0.0000114411220805 0.0000149986712503 0.0000005755768711 0.9999938319427233 0.9999930244379732
0.0773829616742878 -0.0000122373847924 0.0000149985787743 0.0000006366976584 0.9999934026692813 0.9999925389634043
0.0799955151308339 -0.0000130776338872 0.0000149984811898 0.0000007033864704 0.9999929496826254 0.9999920266707895
0.0826610377535965 -0.0000139636699841 0.0000149983782879 0.0000007760675555 0.9999924720120732 0.9999914864623188
0.0853799083639200 -0.0000148973564900 0.0000149982698520 0.0000008551925123 0.9999919686530983 0.9999909172019035
0.0881525216313889 -0.0000158806140898 0.0000149981556591 0.0000009412411773 0.9999914385703010 0.9999903177185336
0.0909791984860223 -0.0000169153891787 0.0000149980354832 0.0000010347200688 0.9999908807144272 0.9999896868255259
0.0938603261731844 -0.0000180037041194 0.0000149979090894 0.0000011361680635 0.9999902939952758 0.9999890232898820
0.0967962563520652 -0.0000191476216161 0.0000149977762382 0.0000012461545937 0.9999896773009037 0.9999883258540099
0.0997873940292189 -0.0000203492796761 0.0000149976366813 0.0000013652843562 0.9999890294787804 0.9999875932144074
0.1028340168823002 -0.0000216108197825 0.0000149974901700 0.0000014941916150 0.9999883493745096 0.9999868240654561
0.1059365361701268 -0.0000229344927077 0.0000149973364429 0.0000016335521870 0.9999876357747864 0.9999860170349069
0.1090952705928788 -0.0000243225669326 0.0000149971752366 0.0000017840757251 0.9999868874567686 0.9999851707397164
0.1123105841583995 -0.0000257773867937 0.0000149970062788 0.0000019465132603 0.9999861031567312 0.9999842837505960
0.1155828186638759 -0.0000273013443491 0.0000149968292918 0.0000021216558430 0.9999852815852338 0.9999833546091643
0.1189123045841865 -0.0000288968840052 0.0000149966439918 0.0000023103365998 0.9999844214246273 0.9999823818251271
0.1222993887417659 -0.0000305665163598 0.0000149964500871 0.0000025134340525 0.9999835213215917 0.9999813638678370
0.1257444301214763 -0.0000323128179786 0.0000149962472785 0.0000027318739761 0.9999825798872586 0.9999802991664307
0.1292477630748447 -0.0000341384136457 0.0000149960352613 0.0000029666290136 0.9999815957067797 0.9999791861206504
0.1328097328874086 -0.0000360459947303 0.0000149958137229 0.0000032187227926 0.9999805673294272 0.9999780230896461
0.1364306490703125 -0.0000380382947488 0.0000149955823460 0.0000034892285849 0.9999794932817696 0.9999768084068758
0.1401108654890119 -0.0000401181333903 0.0000149953408030 0.0000037792771441 0.9999783720439381 0.9999755403532634
0.1438507057806353 -0.0000422883768032 0.0000149950887612 0.0000040900534153 0.9999772020710382 0.9999742171814127
0.1476504774934064 -0.0000445519446403 0.0000149948258815 0.0000044227993606 0.9999759817893522 0.9999728371113114
0.1515105499509316 -0.0000469118577976 0.0000149945518131 0.0000047788231958 0.9999747095706059 0.9999713983012263
0.1554312118495145 -0.0000493711536542 0.0000149942662035 0.0000051594890254 0.9999733837776629 0.9999698988993811
0.1594128025965644 -0.0000519329659966 0.0000149939686886 0.0000055662309923 0.9999720027214400 0.9999683369952274
0.1634556600513246 -0.0000546004950128 0.0000149936588969 0.0000060005512618 0.9999705646770851 0.9999667106377395
0.1675600821060082 -0.0000573769816972 0.0000149933364521 0.0000064640180817 0.9999690678977768 0.9999650178510201
0.1717263895656412 -0.0000602657494303 0.0000149930009682 0.0000069582748793 0.9999675105923113 0.9999632566089502
0.1759549283013792 -0.0000632702082570 0.0000149926520494 0.0000074850438267 0.9999658909227972 0.9999614248325810
0.1802459747104121 -0.0000663937882511 0.0000149922892974 0.0000080461166898 0.9999642070405819 0.9999595204307610
0.1845998836015413 -0.0000696400457928 0.0000149919122992 0.0000086433761807 0.9999624570289580 0.9999575412353409
0.1890169398992116 -0.0000730125567893 0.0000149915206396 0.0000092787795404 0.9999606389607326 0.9999554850662763
0.1934974679180995 -0.0000765149976087 0.0000149911138919 0.0000099543759637 0.9999587508545965 0.9999533496822837
0.1980417810554796 -0.0000801511087549 0.0000149906916217 0.0000106723028334 0.9999567906947102 0.9999511328029882
0.2026501761035122 -0.0000839246899700 0.0000149902533879 0.0000114347874454 0.9999547564333472 0.9999488321119100
0.2073229359261363 -0.0000878396017365 0.0000149897987423 0.0000122441499805 0.9999526459900856 0.9999464452555497
0.2120604266068262 -0.0000918998489058 0.0000149893272198 0.0000131028241245 0.9999504572067301 0.9999439697924013
0.2168629189383285 -0.0000961094313885 0.0000149888383562 0.0000140133292168 0.9999481879278047 0.9999414032839857
0.2217306805317378 -0.0001004724191182 0.0000149883316790 0.0000149782882776 0.9999458359601429 0.9999387432491463
0.2266640818807868 -0.0001049930507102 0.0000149878066960 0.0000160004536679 0.9999433990197087 0.9999359871039002
0.2316633613658639 -0.0001096755221817 0.0000149872629201 0.0000170826633748 0.9999408748454949 0.9999331322902520
0.2367288406614598 -0.0001145241826883 0.0000149866998465 0.0000182278881437 0.9999382610940091 0.9999301761568582
0.2418608193308459 -0.0001195434397057 0.0000149861169636 0.0000194392137568 0.9999355553903942 0.9999271160168369
0.2470596165287515 -0.0001247377996617 0.0000149855137481 0.0000207198542151 0.9999327553065271 0.9999239491229965
0.2523255070243278 -0.0001301118048805 0.0000149848896729 0.0000220731398697 0.9999298583950147 0.9999206727062805
0.2576587747562151 -0.0001356700860150 0.0000149842442003 0.0000235025336112 0.9999268621609332 0.9999172839438012
0.2630597201319515 -0.0001414173716617 0.0000149835767815 0.0000250116374303 0.9999237640566508 0.9999137799529798
0.2685286154424951 -0.0001473584420488 0.0000149828868618 0.0000266041842238 0.9999205615067968 0.9999101578197823
0.2740657574486988 -0.0001534981855914 0.0000149821738735 0.0000282840565622 0.9999172518777795 0.9999064145642406
0.2796714918029887 -0.0001598416303653 0.0000149814372332 0.0000300553003354 0.9999138324608274 0.9999025471212648
0.2853460763581654 -0.0001663937911886 0.0000149806763589 0.0000319220865108 0.9999103005544240 0.9998985524338757
0.2910897516550270 -0.0001731597441475 0.0000149798906613 0.0000338887344702 0.9999066534241396 0.9998944274077692
0.2969028626874939 -0.0001801447730230 0.0000149790795272 0.0000359597594636 0.9999028882237081 0.9998901688220453
0.3027856106407691 -0.0001873540752982 0.0000149782423534 0.0000381397908357 0.9998990021535072 0.9998857735084495
0.3087383415291232 -0.0001947931098602 0.0000149773785065 0.0000404336796567 0.9998949922731393 0.9998812381393897
0.3147613314779320 -0.0002024673391706 0.0000149764873525 0.0000428464266993 0.9998908556404186 0.9998765593851295
0.3208548847132520 -0.0002103823500524 0.0000149755682431 0.0000453832236772 0.9998865892462701 0.9998717338401502
0.3270191798906601 -0.0002185436526313 0.0000149746205388 0.0000480493928307 0.9998821901231110 0.9998667581457307
0.3332545930750822 -0.0002269571051261 0.0000149736435600 0.0000508505293692 0.9998776551158874 0.9998616287309693
0.3395613573516067 -0.0002356284674044 0.0000149726366381 0.0000537923616811 0.9998729811227252 0.9998563420849678
0.3459397940630873 -0.0002445637103850 0.0000149715990806 0.0000568808583539 0.9998681649281650 0.9998508945682013
0.3523901570196397 -0.0002537688039711 0.0000149705301946 0.0000601221618304 0.9998632033174767 0.9998452825418105
0.3589127108636789 -0.0002632498239445 0.0000149694292753 0.0000635226293461 0.9998580930190513 0.9998395023024338
0.3655076861968462 -0.0002730128871359 0.0000149682956130 0.0000670888148146 0.9998528307393527 0.9998335501217339
0.3721754105271946 -0.0002830643467505 0.0000149671284706 0.0000708275458278 0.9998474130576473 0.9998274221273177
0.3789161579029007 -0.0002934105735319 0.0000149659271091 0.0000747458503899 0.9998418365439672 0.9998211144361552
0.3857301501907705 -0.0003040579513056 0.0000149646907880 0.0000788509582573 0.9998360977615194 0.9998146231572982
0.3926176468537617 -0.0003150130145139 0.0000149634187493 0.0000831503583044 0.9998301931925681 0.9998079443080339
0.3995789263097743 -0.0003262824237816 0.0000149621102203 0.0000876517964095 0.9998241192516140 0.9998010738287841
0.4066143095587800 -0.0003378730086833 0.0000149607644089 0.0000923632999974 0.9998178722623583 0.9997940075570353
0.4137240213948937 -0.0003497915400903 0.0000149593805298 0.0000972930917200 0.9998114485804114 0.9997867413661312
0.4209083675057391 -0.0003620450216750 0.0000149579577708 0.0001024497137604 0.9998048444361931 0.9997792709875591
0.4281675629595849 -0.0003746404024553 0.0000149564953259 0.0001078419148737 0.9997980560898736 0.9997715921862014
0.4355018766133291 -0.0003875848211753 0.0000149549923673 0.0001134787584714 0.9997910796996740 0.9997637006113509
0.4429115997170663 -0.0004008855582725 0.0000149534480508 0.0001193696109717 0.9997839113477687 0.9997555918259984
0.4503969489766462 -0.0004145498616868 0.0000149518615360 0.0001255240708678 0.9997765471341798 0.9997472614130316
0.4579581871465246 -0.0004285851619466 0.0000149502319612 0.0001319520697311 0.9997689830608696 0.9997387048441112
0.4655955502228299 -0.0004429989414803 0.0000149485584591 0.0001386638207463 0.9997612151021896 0.9997299175593494
0.4733093518865227 -0.0004577989332431 0.0000149468401329 0.0001456699185052 0.9997532390978516 0.9997208948462212
0.4810998245149118 -0.0004729928212059 0.0000149450760921 0.0001529812065348 0.9997450509143573 0.9997116320221647
0.4889672295004320 -0.0004885884487221 0.0000149432654274 0.0001606088812453 0.9997366463327209 0.9997021243075557
0.4969118134293771 -0.0005045937349656 0.0000149414072207 0.0001685644595333 0.9997280210935182 0.9996923668766539
0.5049338766041138 -0.0005210168147279 0.0000149395005294 0.0001768598562077 0.9997191708215700 0.9996823547723831
0.5130335775794911 -0.0005378656382463 0.0000149375444319 0.0001855071889984 0.9997100912416075 0.9996720831502947
0.5212112397578708 -0.0005551486015592 0.0000149355379553 0.0001945191055853 0.9997007778385993 0.9996615468942850
0.5294670646491991 -0.0005728739543387 0.0000149334801435 0.0002039084891906 0.9996912261768824 0.9996507409776065
0.5378013680550241 -0.0005910502992787 0.0000149313699998 0.0002136887267342 0.9996814316310737 0.9996396601584300
0.5462143449015036 -0.0006096860874117 0.0000149292065449 0.0002238734492077 0.9996713896580480 0.9996282992875196
0.5547062279070933 -0.0006287899578473 0.0000149269887779 0.0002344767188066 0.9996610956138841 0.9996166531011238
0.5632773438827091 -0.0006483708746152 0.0000149247156605 0.0002455131182290 0.9996505446801544 0.9996047161375587
0.5719278717058049 -0.0006684375783332 0.0000149223861800 0.0002569974522138 0.9996397321594119 0.9995924830714908
0.5806580671245823 -0.0006889990943462 0.0000149199992911 0.0002689450390088 0.9996286532014051 0.9995799484041685
0.5894681340797092 -0.0007100644371442 0.0000149175539498 0.0002813715509292 0.9996173029623725 0.9995671066436218
0.5983583979015378 -0.0007316430253114 0.0000149150490653 0.0002942932679966 0.9996056763814873 0.9995539520517093
0.6073290526899303 -0.0007537440774212 0.0000149124835700 0.0003077267300402 0.9995937685063825 0.9995404790123965
0.6163803383660170 -0.0007763770348249 0.0000149098563708 0.0003216889943619 0.9995815742653718 0.9995266817740240
0.6255125165986472 -0.0007995515092912 0.0000149071663548 0.0003361976168130 0.9995690884956929 0.9995125544812350
0.6347258192047336 -0.0008232771540355 0.0000149044124045 0.0003512705811682 0.9995563060130235 0.9994980912536041
0.6440204990382398 -0.0008475637928454 0.0000149015933827 0.0003669263890096 0.9995432215419393 0.9994832861069294
0.6533967933730626 -0.0008724213270947 0.0000148987081434 0.0003831840106314 0.9995298297660414 0.9994681330099244
0.6628549047108219 -0.0008978596815759 0.0000148957555380 0.0004000628567462 0.9995161253571681 0.9994526259172463
0.6723950656513829 -0.0009238889767632 0.0000148927343952 0.0004175829006218 0.9995021028826190 0.9994367586644923
0.6820175689831205 -0.0009505196192645 0.0000148896435110 0.0004357647539806 0.9994877567564668 0.9994205249130717
0.6917225962581759 -0.0009777618299342 0.0000148864817028 0.0004546293562620 0.9994730814938005 0.9994039184378711
0.7015104039636884 -0.0010056261563303 0.0000148832477504 0.0004741983324319 0.9994580714346933 0.9993869328148758
0.7113812063038277 -0.0010341231476561 0.0000148799404336 0.0004944937804662 0.9994427209193480 0.9993695616193299
0.7213352530529571 -0.0010632635765173 0.0000148765585064 0.0005155384372872 0.9994270241686763 0.9993517982905666
0.7313727356285550 -0.0010930581661999 0.0000148731007289 0.0005373554935409 0.9994109754312417 0.9993336362982638
0.7414939843266091 -0.0011235181771044 0.0000148695657988 0.0005599690341449 0.9993945686674180 0.9993150687849788
0.7516991496667733 -0.0011546544574700 0.0000148659524620 0.0005834033511947 0.9993777980607496 0.9992960891448120
0.7619884556315428 -0.0011864781952739 0.0000148622594251 0.0006076835052092 0.9993606576129832 0.9992766905650794
0.7723621413348112 -0.0012190007501921 0.0000148584853752 0.0006328352167063 0.9993431412346286 0.9992568661287564
0.7828204597397938 -0.0012522336534890 0.0000148546289794 0.0006588848800658 0.9993252427450638 0.9992366088145581
0.7933635776073217 -0.0012861882874364 0.0000148506889227 0.0006858593212779 0.9993069560452348 0.9992159116923619
0.8039917960520517 -0.0013208765921014 0.0000148466638253 0.0007137863678903 0.9992882747370464 0.9991947674923942
0.8147052884385128 -0.0013563102226970 0.0000148425523409 0.0007426941920565 0.9992691925772292 0.9991731691188820
0.8255043032978849 -0.0013925012069551 0.0000148383530801 0.0007726118474312 0.9992497031233555 0.9991511092493631
0.8363890119529175 -0.0014294614416334 0.0000148340646690 0.0008035688702232 0.9992298000050347 0.9991285806416009
0.8473597109464359 -0.0014672033770119 0.0000148296856700 0.0008355958619691 0.9992094765553589 0.9991055757163710
0.8584166116351527 -0.0015057393076888 0.0000148252146635 0.0008687239119549 0.9991887261928668 0.9990820869897624
0.8695598943682735 -0.0015450815467359 0.0000148206502283 0.0009029847467886 0.9991675423278017 0.9990581069670339
0.8807897788253298 -0.0015852426724793 0.0000148159909125 0.0009384109560120 0.9991459182292838 0.9990336279922101
0.8921065117363198 -0.0016262354934434 0.0000148112352381 0.0009750359811548 0.9991238470442526 0.9990086422694653
0.9035102682056113 -0.0016680726911018 0.0000148063817419 0.0010128938092812 0.9991013219898722 0.9989831420808885
0.9150012866839206 -0.0017107673085809 0.0000148014289193 0.0010520194221229 0.9990783360904648 0.9989571194886263
0.9265798360028319 -0.0017543326414298 0.0000147963752366 0.0010924487208027 0.9990548822363962 0.9989305664014805
0.9382460736031253 -0.0017987817021567 0.0000147912191934 0.0011342180402589 0.9990309534724069 0.9989034749012889
0.9500002207207502 -0.0018441278744887 0.0000147859592465 0.0011773647649960 0.9990065426454410 0.9988758368441694
0.9618425039849238 -0.0018903846998120 0.0000147805938350 0.0012219271500041 0.9989816425196927 0.9988476439907038
0.9737730727421489 -0.0019375655502972 0.0000147751214178 0.0012679440155430 0.9989562459526220 0.9988188882051803
0.9857922238047611 -0.0019856845160317 0.0000147695403711 0.0013154556243812 0.9989303454174944 0.9987895609149209
0.9979001236157559 -0.0020347553091231 0.0000147638491151 0.0013645026294812 0.9989039335933565 0.9987596537782291
1.0100970105940694 -0.0020847920674304 0.0000147580460214 0.0014151268754736 0.9988770029324784 0.9987291581945523
1.0223830515143140 -0.0021358087732320 0.0000147521294799 0.0014673708322565 0.9988495459733253 0.9986980656588067
1.0347585184598382 -0.0021878199841332 0.0000147460978142 0.0015212783539308 0.9988215549472546 0.9986663673159378
1.0472235609209191 -0.0022408398852776 0.0000147399493917 0.0015768937210870 0.9987930222886843 0.9986340545385781
1.0597784254533533 -0.0022948832100642 0.0000147336825165 0.0016342626072621 0.9987639401396642 0.9986011183659350
1.0724232894739305 -0.0023499645374499 0.0000147272955114 0.0016934313609171 0.9987343007281195 0.9985675499320705
1.0851583876103033 -0.0024060988350732 0.0000147207866543 0.0017544475962335 0.9987040960756649 0.9985333401349230
1.0979838977396770 -0.0024633009636105 0.0000147141542362 0.0018173596765374 0.9986733182643965 0.9984984799383924
1.1109000402022997 -0.0025215861129793 0.0000147073965107 0.0018822172025395 0.9986419592022659 0.9984629601065292
1.1239070128872373 -0.0025809695161597 0.0000147005117265 0.0019490707166348 0.9986100107771558 0.9984267713779649
1.1370049622730902 -0.0026414663094518 0.0000146934981444 0.0020179715527305 0.9985774649321350 0.9983899045510917
1.1501941948881225 -0.0027030925130783 0.0000146863539233 0.0020889729731567 0.9985443131380198 0.9983523498865111
1.1634748373633459 -0.0027658634591212 0.0000146790773024 0.0021621283919661 0.9985105472391987 0.9983140980650763
1.1768471634386355 -0.0028297953158460 0.0000146716664245 0.0022374931434893 0.9984761586337133 0.9982751392590029
1.1903112637022124 -0.0028949035224665 0.0000146641195178 0.0023151226690659 0.9984411391153196 0.9982354640857279
1.2038674039424480 -0.0029612045020249 0.0000146564346969 0.0023950745522634 0.9984054799522440 0.9981950625641438
1.2175157369510512 -0.0030287142769558 0.0000146486101236 0.0024774068954261 0.9983691726319496 0.9981539249582702
1.2312564636429397 -0.0030974492488536 0.0000146406439164 0.0025621792669042 0.9983322084418337 0.9981120413021157
1.2450898148373610 -0.0031674261199344 0.0000146325341599 0.0026494526362901 0.9982945785116090 0.9980694014475748
1.2590159839525996 -0.0032386615560716 0.0000146242789433 0.0027392889758178 0.9982562739946241 0.9980259952697875
1.2730351175561252 -0.0033111721277952 0.0000146158763679 0.0028317511900445 0.9982172860996790 0.9979818127031166
1.2871474824570746 -0.0033849751761525 0.0000146073244463 0.0029269042393625 0.9981776056255818 0.9979368432135892
1.3013532190086956 -0.0034600875365427 0.0000145986212505 0.0030248135300409 0.9981372236474469 0.9978910765765325
1.3156524903129387 -0.0035365263047482 0.0000145897648233 0.0031255459012077 0.9980961311049147 0.9978445024098405
1.3300456008720720 -0.0036143094888254 0.0000145807531025 0.0032291705246087 0.9980543184518811 0.9977971097768261
1.3445326006953091 -0.0036934538769808 0.0000145715841682 0.0033357560920528 0.9980117768027810 0.9977488884853494
1.3591137788758092 -0.0037739777034223 0.0000145622559338 0.0034453743834118 0.9979684964996760 0.9976998274635724
1.3737892729431087 -0.0038558985277691 0.0000145527663917 0.0035580974471490 0.9979244682522896 0.9976499160520486
1.3885592421911572 -0.0039392341736325 0.0000145431135047 0.0036739988714495 0.9978796826336105 0.9975991434318923
1.4034239412290856 -0.0040240031573874 0.0000145332951565 0.0037931544179403 0.9978341298496513 0.9975474983636012
1.4183834871839025 -0.0041102233690020 0.0000145233093040 0.0039156401980896 0.9977878004485092 0.9974949699908027
1.4334381174416382 -0.0041979135399685 0.0000145131538079 0.0040415347533313 0.9977406845316781 0.9974415469459650
1.4485879760449443 -0.0042870920169398 0.0000145028265744 0.0041709173387221 0.9976927724131837 0.9973872180975887
1.4638332532498881 -0.0043777775680716 0.0000144923254620 0.0043038690907936 0.9976440541864664 0.9973319720590010
1.4791741548154027 -0.0044699892124557 0.0000144816483012 0.0044404728145334 0.9975945198162138 0.9972757972923232
1.4946108534437683 -0.0045637459292502 0.0000144707929282 0.0045808125740390 0.9975441592947745 0.9972186822857143
1.5101435093424367 -0.0046590667748082 0.0000144597571716 0.0047249738764991 0.9974929625793745 0.9971606154820581
1.5257723379767063 -0.0047559713015896 0.0000144485388035 0.0048730443305417 0.9974409193673007 0.9971015850238264
1.5414974539295965 -0.0048544785933579 0.0000144371356516 0.0050251121972915 0.9973880196142371 0.9970415793408522
1.5573190588000154 -0.0049546084286446 0.0000144255454643 0.0051812681862016 0.9973342529095829 0.9969805864416428
1.5732372980694636 -0.0050563803896606 0.0000144137660141 0.0053416041083330 0.9972796089551798 0.9969185944562434
1.5892524018770866 -0.0051598146009319 0.0000144017949954 0.0055062143034750 0.9972240770841057 0.9968555910902243
1.6053698279596753 -0.0052649659086515 0.0000143896261143 0.0056752502330418 0.9971676281434368 0.9967915430675637
1.6215791654412322 -0.0053717855360840 0.0000143772650618 0.0058486981046512 0.9971102885723840 0.9967264801822702
1.6378858925671747 -0.0054803283206468 0.0000143647055356 0.0060267119443025 0.9970520291753765 0.9966603690981902
1.6542901756497153 -0.0055906147773237 0.0000143519452069 0.0062093923882337 0.9969928391910735 0.9965931973875143
1.6707921030360289 -0.0057026650481692 0.0000143389817916 0.0063968409631525 0.9969327080663596 0.9965249528518365
1.6873918819520086 -0.0058165002330905 0.0000143258128964 0.0065891623242370 0.9968716247423623 0.9964556227116924
1.7040896506301615 -0.0059321411231280 0.0000143124361651 0.0067864621726323 0.9968095783344787 0.9963851943781319
1.7208856268909258 -0.0060496092218580 0.0000142988491607 0.0069888490078755 0.9967465575845232 0.9963136548307132
1.7377799842227168 -0.0061689258938682 0.0000142850494638 0.0071964327091539 0.9966825513178608 0.9962409911361795
1.7547729061626189 -0.0062901127399381 0.0000142710346296 0.0074093251960227 0.9966175482423204 0.9961671902200300
1.7718645169026670 -0.0064131910990721 0.0000142568022450 0.0076276395711039 0.9965515372155086 0.9960922391698399
1.7890549669308893 -0.0065381826540968 0.0000142423498590 0.0078514911975462 0.9964845069201730 0.9960161248665235
1.8063444022926656 -0.0066651092146495 0.0000142276750077 0.0080809973443305 0.9964164459808497 0.9959388341165661
1.8237330480299441 -0.0067939933375786 0.0000142127751425 0.0083162783453291 0.9963473426314734 0.9958603532743237
1.8412209853765680 -0.0069248566804536 0.0000141976478209 0.0085574546259668 0.9962771855984450 0.9957806692446963
1.8588084226694841 -0.0070577220072095 0.0000141822904741 0.0088046503840156 0.9962059630255046 0.9956997682619148
1.8764955278892599 -0.0071926119511010 0.0000141667005505 0.0090579913629432 0.9961336631372748 0.9956176366428950
1.8942823938359723 -0.0073295487315157 0.0000141508755483 0.0093176043116718 0.9960602743911965 0.9955342609597186
1.9121692234864425 -0.0074685555744666 0.0000141348128515 0.0095836196891944 0.9959857847164625 0.9954496271748187
1.9301562012227118 -0.0076096557384433 0.0000141185098422 0.0098561698746679 0.9959101820364744 0.9953637212342186
1.9482433818191840 -0.0077528716252456 0.0000141019640039 0.0101353874397211 0.9958334547454195 0.9952765296089378
1.9664309722227840 -0.0078982269950971 0.0000140851726651 0.0104214094603785 0.9957555905217028 0.9951880379464625
1.9847191025712454 -0.0080457451679663 0.0000140681332074 0.0107143740625415 0.9956765772919601 0.9950982321659213
2.0031079696350473 -0.0081954501687421 0.0000140508429336 0.0110144226984675 0.9955964026178941 0.9950070977609998
2.0215976945852394 -0.0083473655788665 0.0000140332991995 0.0113216978890983 0.9955150543116448 0.9949146204991345
2.0401883990069805 -0.0085015151416371 0.0000140154993451 0.0116363444352732 0.9954325201118217 0.9948207860531002
2.0588802825948105 -0.0086579234159186 0.0000139974406184 0.0119585107960895 0.9953487873338710 0.9947255796031990
2.0776734300802482 -0.0088166141688049 0.0000139791203612 0.0122883458202217 0.9952638437309320 0.9946289868157732
2.0965680194460843 -0.0089776121143343 0.0000139605358089 0.0126260023456550 0.9951776765633106 0.9945309927849388
2.1155641380608881 -0.0091409413618951 0.0000139416842689 0.0129716340018057 0.9950902734293409 0.9944315829771269
2.1346619943038267 -0.0093066272258895 0.0000139225629124 0.0133253990444253 0.9950016212972226 0.9943307421297254
2.1538616958309578 -0.0094746943237394 0.0000139031689938 0.0136874563660234 0.9949117075232145 0.9942284554088436
2.1731634013074110 -0.0096451678831929 0.0000138834996997 0.0140579682944392 0.9948205191524142 0.9941247076137454
2.1925671851914381 -0.0098180725526631 0.0000138635522865 0.0144370980426892 0.9947280435555067 0.9940194839009863
2.2120732472059270 -0.0099934342599010 0.0000138433238658 0.0148250137936667 0.9946342674349625 0.9939127686533915
2.2316817300834133 -0.0101712786020092 0.0000138228115904 0.0152218852272697 0.9945391776866017 0.9938045464599935
2.2513927319007463 -0.0103516309367255 0.0000138020126437 0.0156278837061895 0.9944427613509733 0.9936948020605598
2.2712064155929084 -0.0105345173802404 0.0000137809241248 0.0160431845393881 0.9943450050802579 0.9935835197385381
2.2911228498024148 -0.0107199633455459 0.0000137595432169 0.0164679637058026 0.9942458959199912 0.9934706842105872
2.3111422694872634 -0.0109079959630442 0.0000137378669087 0.0169024034127419 0.9941454200157356 0.9933562791538640
2.3312646983833205 -0.0110986405566012 0.0000137158924000 0.0173466840311221 0.9940435644967154 0.9932402893503005
2.3514903335035018 -0.0112919242477865 0.0000136936166873 0.0178009924340714 0.9939403155502128 0.9931226984937892
2.3718192625029082 -0.0114878732916689 0.0000136710368700 0.0182655158463359 0.9938356598455079 0.9930034908112878
2.3922515814348420 -0.0116865141818505 0.0000136481500236 0.0187404444216448 0.9937295839437984 0.9928826503906222
2.4127874878831492 -0.0118878745714113 0.0000136249530938 0.0192259735081902 0.9936220738069854 0.9927601606204352
2.4334270268712048 -0.0120919807925475 0.0000136014431819 0.0197222977218386 0.9935131161225315 0.9926360056992036
2.4541703538895416 -0.0122988604273424 0.0000135776172490 0.0202296171529230 0.9934026969312270 0.9925101690715412
2.4750175681793460 -0.0125085406709147 0.0000135534723047 0.0207481334417060 0.9932908025015561 0.9923826344240663
2.4959688342243957 -0.0127210494877964 0.0000135290052678 0.0212780527902450 0.9931774186821291 0.9922533849470478
2.5161140793138737 -0.0129270666363759 0.0000135052890425 0.0217959867109102 0.9930675173475819 0.9921280886671480
2.5372719973148974 -0.0131452180799379 0.0000134801796863 0.0223488960381299 0.9929511636096597 0.9919954183296490
2.5585315064059877 -0.0133662517325543 0.0000134547425135 0.0229137593466342 0.9928332943623768 0.9918610012791532
2.5798954817856434 -0.0135902241234819 0.0000134289711770 0.0234908649901568 0.9927138803373565 0.9917248033964139
2.6013640946217507 -0.0138171642079533 0.0000134028625080 0.0240804344214903 0.9925929069986058 0.9915868073395756
2.6229374005120145 -0.0140470998949116 0.0000133764134625 0.0246826890503890 0.9924703603922309 0.9914469964107986
2.6446154507635873 -0.0142800591975345 0.0000133496209889 0.0252978531938832 0.9923462265333219 0.9913053538567541
2.6663984594819383 -0.0145160720493453 0.0000133224818195 0.0259261589528472 0.9922204904389926 0.9911618617646681
2.6882864393095307 -0.0147551663816777 0.0000132949929212 0.0265678358612613 0.9920931382189513 0.9910165034474464
2.7102795347384951 -0.0149973717200978 0.0000132671510828 0.0272231204501640 0.9919641551598454 0.9908692612572538
2.7323778576297011 -0.0152427174101998 0.0000132389531182 0.0278922515742216 0.9918335266711190 0.9907201176644397
2.7545815197359520 -0.0154912329689929 0.0000132103958268 0.0285754713737411 0.9917012380983521 0.9905690550441075
2.7768905877814491 -0.0157429475764773 0.0000131814760518 0.0292730238905471 0.9915672749943876 0.9904160559853599
2.7993051444603276 -0.0159978907522041 0.0000131521906024 0.0299851569395002 0.9914316227596693 0.9902611028802386
2.8218252637668346 -0.0162560920789294 0.0000131225362858 0.0307121213761445 0.9912942667899128 0.9901041780919269
2.8444510845449007 -0.0165175820524082 0.0000130925098097 0.0314541735359335 0.9911551920247200 0.9899452634385326
2.8671826885096241 -0.0167823906851129 0.0000130621079428 0.0322115713384224 0.9910143836909959 0.9897843410419406
2.8900201616219219 -0.0170505482038587 0.0000130313274348 0.0329845762634028 0.9908718269323497 0.9896213929040356
2.9129635759385719 -0.0173220848365313 0.0000130001650408 0.0337734527641933 0.9907275069230845 0.9894564010365434
2.9360130232069599 -0.0175970312083051 0.0000129686174762 0.0345784694434129 0.9905814086582162 0.9892893472205220
2.9591685989225063 -0.0178754181588589 0.0000129366814376 0.0353998985677555 0.9904335170513484 0.9891202131177081
2.9824304005649904 -0.0181572767231506 0.0000129043536052 0.0362380160462246 0.9902838169455688 0.9889489802824688
3.0057984993368603 -0.0184426377863768 0.0000128716306827 0.0370931004257624 0.9901322932973254 0.9887756303716733
3.0292729635110582 -0.0187315323603779 0.0000128385093652 0.0379654337227829 0.9899789310301825 0.9886001449770138
3.0528538713939346 -0.0190239917440122 0.0000128049863215 0.0388553019383531 0.9898237149503728 0.9884225055278696
3.0765412926925060 -0.0193200472945868 0.0000127710582201 0.0397629943987466 0.9896666298688366 0.9882426934304358
3.1003353676833156 -0.0196197314250777 0.0000127367216150 0.0406888068652548 0.9895076600729383 0.9880606894623823
3.1242360820534083 -0.0199230747701861 0.0000127019732709 0.0416330328140535 0.9893467908305017 0.9878764754942702
3.1482434573320939 -0.0202301067994071 0.0000126668099089 0.0425959706987900 0.9891840071310322 0.9876900330489486
3.1723127898406442 -0.0205402817785148 0.0000126312944452 0.0435760876175613 0.9890196005424179 0.9875016948582634
3.1965338565197761 -0.0208547881339062 0.0000125952911201 0.0445773442206373 0.9888529428852669 0.9873107399603718
3.2208617523862033 -0.0211730808035161 0.0000125588626513 0.0455982345254227 0.9886843247660233 0.9871174998536271
3.2452965991198588 -0.0214951929520675 0.0000125220055488 0.0466390762199567 0.9885137303053050 0.9869219549395701
3.2698384729368621 -0.0218211573249315 0.0000124847163781 0.0477001890272085 0.9883411438875119 0.9867240858891271
3.2944874882490915 -0.0221510073497443 0.0000124469916345 0.0487818982908515 0.9881665495781812 0.9865238729741908
3.3192436981273277 -0.0224847758091093 0.0000124088278947 0.0498845306668500 0.9879899318274493 0.9863212968736476
3.3441071386812533 -0.0228224954153294 0.0000123702217515 0.0510084159748093 0.9878112751662702 0.9861163383247672
3.3690778496303428 -0.0231641990847420 0.0000123311697822 0.0521538881216959 0.9876305640620041 0.9859089779570427
3.3941558357672017 -0.0235099194066668 0.0000122916686100 0.0533212833361266 0.9874477832000140 0.9856991966147994
3.4193412284858247 -0.0238596908774433 0.0000122517146483 0.0545109477630366 0.9872629163035392 0.9854869740020170
3.4446340079350901 -0.0242135460642192 0.0000122113045393 0.0557232245176423 0.9870759481626158 0.9852722910104712
3.4700342906520900 -0.0245715195962538 0.0000121704346988 0.0569584672781397 0.9868868625253423 0.9850551272984008
3.4955420659795471 -0.0249336444800370 0.0000121291017364 0.0582170276974079 0.9866956440458181 0.9848354635265357
3.5211573755794667 -0.0252999546103279 0.0000120873021691 0.0594992640306973 0.9865022769582611 0.9846132798350626
3.5468802268904338 -0.0256704835465239 0.0000120450325617 0.0608055369253291 0.9863067457241520 0.9843885565863261
3.5727106639525457 -0.0260452655264719 0.0000120022894106 0.0621362129988582 0.9861090344980079 0.9841612737503390
3.5986487757255436 -0.0264243356080280 0.0000119590691283 0.0634916654400761 0.9859091270541360 0.9839314108195248
3.6246945542691029 -0.0268077275981858 0.0000119153682793 0.0648722666371451 0.9857070078797372 0.9836989480649275
3.6508479734348844 -0.0271954723051417 0.0000118711834819 0.0662783921027803 0.9855026615814491 0.9834638658550700
3.6769859682226529 -0.0275857622034249 0.0000118267213074 0.0677036648343481 0.9852970439381501 0.9832272621811046
3.7033546578941157 -0.0279823069282185 0.0000117815596282 0.0691618896892966 0.9850882032119461 0.9829868891857317
3.7298307855434238 -0.0283833070102490 0.0000117359039268 0.0706467819790805 0.9848770901030054 0.9827438386520425
3.7564146792933406 -0.0287888020367885 0.0000116897501594 0.0721587536673354 0.9846636863300361 0.9824980874516805
3.7831063727071808 -0.0291988273408362 0.0000116430947779 0.0736982049182238 0.9844479759116086 0.9822496150580877
3.8099057887998660 -0.0296134166993645 0.0000115959344219 0.0752655337899388 0.9842299437443282 0.9819984019108471
3.8368130372360234 -0.0300326069197647 0.0000115482653970 0.0768611535556727 0.9840095731915777 0.9817444266370303
3.8638280204223969 -0.0304564317407954 0.0000115000843695 0.0784854696494082 0.9837868492919160 0.9814876697472914
3.8909508415330736 -0.0308849281879674 0.0000114513876431 0.0801389038768083 0.9835617554190836 0.9812281097858581
3.9181814001463668 -0.0313181302292394 0.0000114021718805 0.0818218701202415 0.9833342766170640 0.9809657271745101
3.9455197951419669 -0.0317560751394651 0.0000113524333807 0.0835347989182960 0.9831043962578804 0.9807005003579048
3.9729659163142599 -0.0321987970011333 0.0000113021688172 0.0852781122281327 0.9828720994554658 0.9804324097406056
4.0005197680856632 -0.0326463318642569 0.0000112513746521 0.0870522435302598 0.9826373703575786 0.9801614345625065
4.0281813845604981 -0.0330987164167067 0.0000112000472875 0.0888576327685620 0.9824001928458426 0.9798875537049953
4.0447652650039547 -0.0333714220555692 0.0000111691145941 0.0899517603071148 0.9822572642132223 0.9797224683175884
4.0613491454474113 -0.0336452414063832 0.0000111380616623 0.0910547359488717 0.9821137856295671 0.9795567186038385
4.0867871342320763 -0.0340674212960142 0.0000110901960909 0.0927638608321129 0.9818926363196752 0.9793011847157562
4.1147893936636208 -0.0345351954564941 0.0000110371788325 0.0946695822047806 0.9816477010979132 0.9790180856133417
4.1428931275092467 -0.0350078643000622 0.0000109836256940 0.0966079809320581 0.9814003072559168 0.9787320582559417
4.1711044326250892 -0.0354855661644662 0.0000109295216205 0.0985799297752897 0.9811503858010087 0.9784430201499599
4.1994233461657471 -0.0359683386736839 0.0000108748629878 0.1005858966361287 0.9808979205632554 0.9781509497895050
4.2278497823847996 -0.0364562175045577 0.0000108196464059 0.1026263453420452 0.9806428964675588 0.9778558268787684
4.2563837009917744 -0.0369492392351044 0.0000107638683972 0.1047017474108379 0.9803852980446771 0.9775576306092886
4.2850249712255453 -0.0374474389989260 0.0000107075256613 0.1068125722032904 0.9801251106581315 0.9772563410793714
4.3137735953133722 -0.0379508543589242 0.0000106506146377 0.1089593032963280 0.9798623184819594 0.9769519369519936
4.3426294824826224 -0.0384595213883673 0.0000105931319491 0.1111424219422263 0.9795969065491213 0.9766443978256666
4.3715925918632257 -0.0389734771611678 0.0000105350741199 0.1133624176531334 0.9793288594524332 0.9763337027292237
4.4006628631332356 -0.0394927585386833 0.0000104764377139 0.1156197830466767 0.9790581619792679 0.9760198308561853
4.4298402136575197 -0.0400173975978119 0.0000104172193871 0.1179150135397533 0.9787847991405205 0.9757027616004204
4.4569367456429960 -0.0405077151825806 0.0000103618963515 0.1200732265530293 0.9785294370234819 0.9754064739280357
4.4863253093747737 -0.0410428769898634 0.0000103015371062 0.1224432029843449 0.9782508499823728 0.9750831320090001
4.5158153675688464 -0.0415834114989679 0.0000102405969340 0.1248520914556573 0.9779696043831064 0.9747565908440228
4.5454121962959082 -0.0421294530215185 0.0000101790614829 0.1273008345114796 0.9776856346982663 0.9744267709292944
4.5751156367409065 -0.0426810373073116 0.0000101169275362 0.1297899434549787 0.9773989268107365 0.9740936523559780
4.6049255497966923 -0.0432382005584546 0.0000100541918426 0.1323199355070556 0.9771094664595746 0.9737572149831212
4.6348418361617743 -0.0438009798208566 0.0000099908510731 0.1348913356576932 0.9768172390386761 0.9734174382023262
4.6648643985485503 -0.0443694122909994 0.0000099269018988 0.1375046735815411 0.9765222299589166 0.9730743013574088
4.6949930770698236 -0.0449435340825052 0.0000098623411302 0.1401604779289204 0.9762244252893384 0.9727277844897116
4.7174290340198164 -0.0453734610586548 0.0000098140140124 0.1421599182502118 0.9760015198935205 0.9724683337472650
4.7398649909698092 -0.0458054291286148 0.0000097654732802 0.1441780059118031 0.9757776437238916 0.9722076801782406
4.7617735396117906 -0.0462292146019161 0.0000097178676659 0.1461667254568490 0.9755580946819615 0.9719519935586456
4.7922610226492051 -0.0468221903791247 0.0000096512824408 0.1489640416547134 0.9752510386991918 0.9715942783396116
4.8228342151511372 -0.0474206254222229 0.0000095841152748 0.1518042945069849 0.9749413273077441 0.9712333299271145
4.8535127363422577 -0.0480249397715385 0.0000095163199518 0.1546898385484059 0.9746287482337722 0.9708688969762422
4.8842964198318546 -0.0486351699479400 0.0000094478933500 0.1576212284589155 0.9743132879573841 0.9705009595702456
4.9151849644314831 -0.0492513498578239 0.0000093788326598 0.1605990100969221 0.9739949344149835 0.9701294994185806
4.9461782144305371 -0.0498735163526784 0.0000093091347607 0.1636237472162693 0.9736736741269054 0.9697544965058191
4.9772759738511496 -0.0505017055571025 0.0000092387966338 0.1666960038672834 0.9733494940976666 0.9693759313068404
4.9980266262532336 -0.0509230655262018 0.0000091916365312 0.1687669319335896 0.9731321564487607 0.9691220458080840
5.0187772786553175 -0.0513461732414571 0.0000091442962101 0.1708546604241865 0.9729140023747039 0.9688671364480812
5.0478523276650602 -0.0519419587087412 0.0000090776618717 0.1738082890025119 0.9726069615515867 0.9685082452240326
5.0792939109764017 -0.0525901067274689 0.0000090052066694 0.1770397796943236 0.9722731313264392 0.9681178822867352
5.1108338189111411 -0.0532443216641005 0.0000089321108365 0.1803206891081457 0.9719363835855582 0.9677239403784911
5.1424769097822409 -0.0539047437601410 0.0000088583598188 0.1836521180419912 0.9715966522768555 0.9673263375459056
5.1742228741279277 -0.0545714070700219 0.0000087839509565 0.1870346428608554 0.9712539261718444 0.9669250558528184
5.2060713749121019 -0.0552443450768298 0.0000087088816747 0.1904688404162561 0.9709081944519352 0.9665200777653891
5.2380221253981816 -0.0559235923351716 0.0000086331493007 0.1939552963975269 0.9705594458657649 0.9661113851644486
5.2595766455020527 -0.0563841717621597 0.0000085818205117 0.1963307596611665 0.9703230972945418 0.9658343089510458
5.2811311656059239 -0.0568466373103621 0.0000085302999268 0.1987251885626021 0.9700858825488807 0.9655561332875200
5.3099223369008168 -0.0574673207608144 0.0000084611830737 0.2019532203207410 0.9697676769761455 0.9651828494052590
5.3422092433204922 -0.0581673818141175 0.0000083832682199 0.2056137867863329 0.9694090039102731 0.9647619114397523
5.3745892262960204 -0.0588737263069585 0.0000083046983368 0.2093282340775553 0.9690473557605140 0.9643372862585413
5.4070694641697674 -0.0595865500994555 0.0000082254529092 0.2130980057071653 0.9686826392355087 0.9639088590650882
5.4396494278174288 -0.0603058823394623 0.0000081455300036 0.2169236785985360 0.9683148466074274 0.9634766153795844
5.4723286905190553 -0.0610317543540110 0.0000080649274669 0.2208058439881002 0.9679439691574377 0.9630405394784098
5.4896651426586258 -0.0614185997160964 0.0000080219905503 0.2228836536377302 0.9677464205514021 0.9628081778929359
5.5070015947981963 -0.0618066661502521 0.0000079789311220 0.2249742009441138 0.9675483203303316 0.9625751081610650
5.5302701878719391 -0.0623294466286995 0.0000079209453039 0.2278001685515387 0.9672815688449163 0.9622611745915599
5.5632420085876042 -0.0630740144187198 0.0000078384016803 0.2318441588477067 0.9669018829812444 0.9618141449832689
5.5962903897776837 -0.0638247631877804 0.0000077552233628 0.2359443115883014 0.9665193236367869 0.9613635106394294
5.6294354433268978 -0.0645821862087911 0.0000076713570802 0.2401037321032172 0.9661336470394889 0.9609089787797356
5.6626764935274334 -0.0653463085444547 0.0000075868015061 0.2443229917189649 0.9657448483876420 0.9604505378341621
5.6960128418984812 -0.0661171545451510 0.0000075015554159 0.2486026597135081 0.9653529233672121 0.9599881767306494
5.7254685809938017 -0.0668020391475250 0.0000074258599720 0.2524245983953431 0.9650049488727013 0.9595774678053550
5.7522731915411098 -0.0674283619420058 0.0000073566740392 0.2559356830005326 0.9646869326702228 0.9592019558135164
5.7858754991239456 -0.0682176706617673 0.0000072695347959 0.2603819846624025 0.9642864394973404 0.9587288344288740
5.8195561945551839 -0.0690134547058541 0.0000071817380176 0.2648889078532773 0.9638829765390606 0.9582519551573764
5.8533285396787997 -0.0698160642960982 0.0000070932465987 0.2694588596267032 0.9634763746537482 0.9577711119058806
5.8871914901755833 -0.0706255141963426 0.0000070040605016 0.2740923628888785 0.9630666350930148 0.9572862997556160
5.9094317396844245 -0.0711596874669713 0.0000069452369250 0.2771635844091646 0.9627964169150575 0.9569664299976082
5.9297176943626626 -0.0716486866673066 0.0000068914106446 0.2799844067627870 0.9625491756169814 0.9566736599197802
5.9638089014048727 -0.0724742628619976 0.0000068005855126 0.2847668933926729 0.9621320320721760 0.9561794855510904
5.9979596160080471 -0.0733060555090365 0.0000067091396365 0.2896107551448374 0.9617120951852914 0.9556817288064001
6.0321964478317476 -0.0741447454131390 0.0000066169997706 0.2945203640369716 0.9612890300315821 0.9551799863388704
6.0665180848620004 -0.0749903386038916 0.0000065241669494 0.2994961926236575 0.9608628428808826 0.9546742588355627
6.1009232275593810 -0.0758428302136678 0.0000064306423644 0.3045387111092792 0.9604335402194899 0.9541645471948136
6.1330251270435880 -0.0766426335519570 0.0000063429588767 0.3092931737088117 0.9600311053236106 0.9536864734321753
6.1675920487745675 -0.0775085844954134 0.0000062480901191 0.3144664129536944 0.9595957535106057 0.9531690095645404
6.2022335651296601 -0.0783813302299189 0.0000061525471115 0.3197069328545863 0.9591573716712715 0.9526476428404720
6.2224735593145324 -0.0788935326374885 0.0000060965070800 0.3227949158773227 0.9589002721218544 0.9523417338873381
6.2427135534994047 -0.0794074162956573 0.0000060403071870 0.3259022187109077 0.9586424613288687 0.9520348738804905
6.2632559896189726 -0.0799306986365911 0.0000059831042573 0.3290757621444785 0.9583800720670240 0.9517224564647092
6.2981331037116721 -0.0808231089835711 0.0000058856085323 0.3345096857205941 0.9579329138071840 0.9511897901285121
6.3330562275292923 -0.0817217150750261 0.0000057875107533 0.3400088396233470 0.9574830627141809 0.9506535960075559
6.3680497316411984 -0.0826271720048486 0.0000056887411659 0.3455776198382035 0.9570302004870643 0.9501134878920111
6.4031113165201567 -0.0835394460831835 0.0000055893045985 0.3512162768777353 0.9565743505775637 0.9495694865557496
6.4385342392887646 -0.0844662657981834 0.0000054883616871 0.3569733350719543 0.9561116677355884 0.9490169916802248
6.4737250491815477 -0.0853921403071727 0.0000053876019777 0.3627529463091079 0.9556498981219698 0.9484652457512734
6.5089770671943663 -0.0863247528742844 0.0000052861902163 0.3686031169586573 0.9551852146453818 0.9479096729601650
6.5392769210568886 -0.0871304509167386 0.0000051986442148 0.3736800639490296 0.9547841260470018 0.9474298547623476
6.5695767749194109 -0.0879399403297184 0.0000051107472425 0.3788021215507800 0.9543814855933878 0.9469479194896425
6.6049871201547017 -0.0888907746657704 0.0000050075813594 0.3848454787765536 0.9539089732024264 0.9463820181963386
6.6404392641990402 -0.0898479316765373 0.0000049038155531 0.3909581953480822 0.9534337920526732 0.9458125564626760
6.6659213331601910 -0.0905391221111135 0.0000048289365894 0.3953904670738767 0.9530909433035317 0.9454014558610767
6.6914034021213418 -0.0912330001399480 0.0000047538115145 0.3998551466146071 0.9527470091873578 0.9449888620160657
6.7269754434235667 -0.0922061323631056 0.0000046485288041 0.4061420635561900 0.9522650792756865 0.9444104003829827
6.7625706993769752 -0.0931851564701160 0.0000045426992408 0.4124967668768326 0.9517807293432405 0.9438286523797595
6.7855629425494719 -0.0938203354094692 0.0000044740865026 0.4166354875704336 0.9514667540449704 0.9434513348887597
