0.0000953532863621 -0.0000000000047664 0.0001977835991629 0.0000000000000026 0.9999999999511665 0.9999999999681501
0.0001312406926089 -0.0000000000090298 0.0001977835991434 0.0000000000000068 0.9999999999070056 0.9999999999396608
0.0001751930758266 -0.0000000000160913 0.0001977835991110 0.0000000000000161 0.9999999998338636 0.9999999998924745
0.0002279589769409 -0.0000000000272446 0.0001977835990598 0.0000000000000356 0.9999999997183400 0.9999999998179463
0.0002902439354221 -0.0000000000441670 0.0001977835989822 0.0000000000000734 0.9999999995430604 0.9999999997048672
0.0003627356628291 -0.0000000000689850 0.0001977835988684 0.0000000000001432 0.9999999992859993 0.9999999995390277
0.0004460747179914 -0.0000000001043258 0.0001977835987064 0.0000000000002664 0.9999999989199466 0.9999999993028736
0.0005409108502388 -0.0000000001534013 0.0001977835984813 0.0000000000004750 0.9999999984116317 0.9999999989749407
0.0006478456295099 -0.0000000002200502 0.0001977835981757 0.0000000000008160 0.9999999977212960 0.9999999985295795
0.0007674767058935 -0.0000000003088230 0.0001977835977686 0.0000000000013567 0.9999999968018046 0.9999999979363812
0.0009003727383344 -0.0000000004250346 0.0001977835972357 0.0000000000021905 0.9999999955981077 0.9999999971598311
0.0010470882930611 -0.0000000005748394 0.0001977835965487 0.0000000000034453 0.9999999940464597 0.9999999961588046
0.0012081597496696 -0.0000000007652950 0.0001977835956753 0.0000000000052924 0.9999999920737589 0.9999999948861412
0.0013841113606187 -0.0000000010044363 0.0001977835945787 0.0000000000079579 0.9999999895967819 0.9999999932881503
0.0015754494294414 -0.0000000013013358 0.0001977835932171 0.0000000000117354 0.9999999865215564 0.9999999913042067
0.0017826784834142 -0.0000000016661978 0.0001977835915440 0.0000000000170021 0.9999999827423887 0.9999999888661233
0.0020062771433389 -0.0000000021103886 0.0001977835895070 0.0000000000242357 0.9999999781415497 0.9999999858979490
0.0022467328542537 -0.0000000026465707 0.0001977835870482 0.0000000000340359 0.9999999725878834 0.9999999823150697
0.0025044931856324 -0.0000000032886707 0.0001977835841037 0.0000000000471457 0.9999999659371419 0.9999999780244259
0.0027800224387066 -0.0000000040520734 0.0001977835806029 0.0000000000644804 0.9999999580299699 0.9999999729232114
0.0030737525417651 -0.0000000049535725 0.0001977835764688 0.0000000000871544 0.9999999486924237 0.9999999668992087
0.0033861263114552 -0.0000000060115581 0.0001977835716171 0.0000000001165178 0.9999999377340223 0.9999999598295310
0.0037175674432261 -0.0000000072460023 0.0001977835659562 0.0000000001541911 0.9999999249478987 0.9999999515807209
0.0040684942232290 -0.0000000086785701 0.0001977835593868 0.0000000002021082 0.9999999101096515 0.9999999420080082
0.0044393276734193 -0.0000000103327323 0.0001977835518012 0.0000000002625635 0.9999998929761733 0.9999999309545555
0.0048304612857583 -0.0000000122337045 0.0001977835430837 0.0000000003382584 0.9999998732862866 0.9999999182518672
0.0052422860239734 -0.0000000144086138 0.0001977835331101 0.0000000004323594 0.9999998507590155 0.9999999037186749
0.0056751986370354 -0.0000000168866270 0.0001977835217465 0.0000000005485624 0.9999998250922565 0.9999998871600803
0.0061295955193405 -0.0000000196990103 0.0001977835088495 0.0000000006911595 0.9999997959621588 0.9999998683671547
0.0066058323513699 -0.0000000228789382 0.0001977834942671 0.0000000008650982 0.9999997630251098 0.9999998471182210
0.0071043010200911 -0.0000000264620492 0.0001977834778357 0.0000000010760857 0.9999997259119715 0.9999998231751335
0.0076253538571035 -0.0000000304860220 0.0001977834593827 0.0000000013306467 0.9999996842324768 0.9999997962861163
0.0081693449009564 -0.0000000349909077 0.0001977834387243 0.0000000016362304 0.9999996375717844 0.9999997661835396
0.0087366462462620 -0.0000000400193689 0.0001977834156649 0.0000000020013221 0.9999995854880045 0.9999997325823227
0.0093276155569548 -0.0000000456165037 0.0001977833899977 0.0000000024355365 0.9999995275140189 0.9999996951811101
0.0099425851931376 -0.0000000518297776 0.0001977833615050 0.0000000029497192 0.9999994631581915 0.9999996536627278
0.0105819028962870 -0.0000000587094795 0.0001977833299562 0.0000000035561004 0.9999993918996407 0.9999996076911352
0.0112459031375339 -0.0000000663085213 0.0001977832951087 0.0000000042684057 0.9999993131903150 0.9999995569127623
0.0119349246891489 -0.0000000746826998 0.0001977832567066 0.0000000051020146 0.9999992264522836 0.9999995009547638
0.0126493033076076 -0.0000000838907025 0.0001977832144808 0.0000000060741071 0.9999991310776739 0.9999994394249766
0.0133893600588663 -0.0000000939940218 0.0001977831681492 0.0000000072038069 0.9999990264295625 0.9999993719124963
0.0141554121464545 -0.0000001050571460 0.0001977831174162 0.0000000085123628 0.9999989118399916 0.9999992979863964
0.0149477824508777 -0.0000001171477805 0.0001977830619713 0.0000000100233488 0.9999987866076846 0.9999992171942553
0.0157667783252093 -0.0000001303366082 0.0001977830014903 0.0000000117628182 0.9999986500005252 0.9999991290637549
0.0166127248172419 -0.0000001446978887 0.0001977829356326 0.0000000137595768 0.9999985012493472 0.9999990330986743
0.0174859386045837 -0.0000001603091484 0.0001977828640429 0.0000000160453527 0.9999983395511511 0.9999989287809659
0.0183866978268097 -0.0000001772506511 0.0001977827863530 0.0000000186549286 0.9999981640745831 0.9999988155742878
0.0193153330766495 -0.0000001956071448 0.0001977827021743 0.0000000216266339 0.9999979739418440 0.9999986929123353
0.0202721234119483 -0.0000002154659946 0.0001977826111061 0.0000000250023019 0.9999977682480268 0.9999985602113139
0.0212573727533539 -0.0000002369187169 0.0001977825127287 0.0000000288277653 0.9999975460452257 0.9999984168596890
0.0222713677044411 -0.0000002600602094 0.0001977824066071 0.0000000331529986 0.9999973063505159 0.9999982622233323
0.0233144037738574 -0.0000002849893882 0.0001977822922875 0.0000000380325131 0.9999970481393478 0.9999980956412616
0.0243867723223765 -0.0000003118089913 0.0001977821692989 0.0000000435256215 0.9999967703475882 0.9999979164269568
0.0254887510550786 -0.0000003406253908 0.0001977820371534 0.0000000496967055 0.9999964718734643 0.9999977238696136
0.0266206435540929 -0.0000003715497051 0.0001977818953416 0.0000000566157807 0.9999961515660397 0.9999975172267095
0.0277827083806862 -0.0000004046959783 0.0001977817433403 0.0000000643584389 0.9999958082440787 0.9999972957361735
0.0289752175009032 -0.0000004401827689 0.0001977815806060 0.0000000730065420 0.9999954406795846 0.9999970586057656
0.0301984630618095 -0.0000004781335330 0.0001977814065725 0.0000000826487106 0.9999950475938356 0.9999968050105197
0.0314527130072303 -0.0000005186753800 0.0001977812206570 0.0000000933804127 0.9999946276702700 0.9999965341010560
0.0327382386145584 -0.0000005619399494 0.0001977810222556 0.0000001053045811 0.9999941795454065 0.9999962449977227
0.0340552848595582 -0.0000006080624630 0.0001977808107484 0.0000001185317682 0.9999937018186594 0.9999959367969287
0.0354041813676796 -0.0000006571857473 0.0001977805854804 0.0000001331817597 0.9999931930106789 0.9999956085442664
0.0367851297325300 -0.0000007094527237 0.0001977803457962 0.0000001493818431 0.9999926516411320 0.9999952592846919
0.0381984254284889 -0.0000007650144591 0.0001977800910031 0.0000001672696589 0.9999920761453200 0.9999948880087298
0.0396443241293381 -0.0000008240253882 0.0001977798203928 0.0000001869922825 0.9999914649236626 0.9999944936843990
0.0411230789121215 -0.0000008866447098 0.0001977795332353 0.0000002087071504 0.9999908163272373 0.9999940752478815
0.0426349338795796 -0.0000009530361689 0.0001977792287797 0.0000002325825144 0.9999901286600378 0.9999936316049804
0.0441801578825621 -0.0000010233696330 0.0001977789062471 0.0000002587985750 0.9999894001626392 0.9999931616205809
0.0457589918396461 -0.0000010978188553 0.0001977785648407 0.0000002875472587 0.9999886290353803 0.9999926641336050
0.0473717210797148 -0.0000011765649254 0.0001977782037300 0.0000003190341455 0.9999878134026107 0.9999921379339464
0.0490185754687269 -0.0000012597916045 0.0001977778220724 0.0000003534772846 0.9999869513610105 0.9999915817936428
0.0506997970720966 -0.0000013476885359 0.0001977774189983 0.0000003911090613 0.9999860409463431 0.9999909944454259
0.0524156197464576 -0.0000014404503149 0.0001977769936153 0.0000004321764917 0.9999850801430825 0.9999903745889327
0.0541663081823703 -0.0000015382787184 0.0001977765449981 0.0000004769429233 0.9999840668613211 0.9999897208758060
0.0559520889186668 -0.0000016413790316 0.0001977760722054 0.0000005256871213 0.9999829989748218 0.9999890319342437
0.0577732045672589 -0.0000017499630651 0.0001977755742658 0.0000005787053562 0.9999818742897624 0.9999883063488340
0.0596299293793700 -0.0000018642503685 0.0001977750501727 0.0000006363128673 0.9999806905321701 0.9999875426524472
0.0615224602551294 -0.0000019844616029 0.0001977744989140 0.0000006988413261 0.9999794454165648 0.9999867393705206
0.0634510418642520 -0.0000021108261864 0.0001977739194379 0.0000007666434468 0.9999781365667726 0.9999858949699709
0.0654159194787901 -0.0000022435796246 0.0001977733106643 0.0000008400925766 0.9999767615435755 0.9999850078770313
0.0674173188744970 -0.0000023829621883 0.0001977726714915 0.0000009195828253 0.9999753178584045 0.9999840764860841
0.0694554834575628 -0.0000025292215031 0.0001977720007840 0.0000010055314107 0.9999738029465235 0.9999830991423608
0.0715306408429782 -0.0000026826103206 0.0001977712973827 0.0000010983783384 0.9999722141901130 0.9999820741568325
0.0736430060700487 -0.0000028433866854 0.0001977705601045 0.0000011985873818 0.9999705489165380 0.9999809998050915
0.0757928069758885 -0.0000030118158987 0.0001977697877326 0.0000013066482686 0.9999688043780167 0.9999798743142333
0.0779802931973673 -0.0000031881714846 0.0001977689790130 0.0000014230784379 0.9999669777416083 0.9999786958563968
0.0802056573918306 -0.0000033727289084 0.0001977681326824 0.0000015484199471 0.9999650661542776 0.9999774625907392
0.0824691532304716 -0.0000035657752024 0.0001977672474246 0.0000016832469417 0.9999630666431967 0.9999761725991132
0.0847709926344003 -0.0000037676006445 0.0001977663219086 0.0000018281612066 0.9999609762019388 0.9999748239416750
0.0871114097773390 -0.0000039785041926 0.0001977653547636 0.0000019837970527 0.9999587917341842 0.9999734146205643
0.0894906050156349 -0.0000041987885865 0.0001977643446013 0.0000021508189391 0.9999565101044624 0.9999719426126383
0.0919088045891442 -0.0000044287657669 0.0001977632899913 0.0000023299266619 0.9999541280820207 0.9999704058332580
0.0943662188216136 -0.0000046687531539 0.0001977621894781 0.0000025218538354 0.9999516423793711 0.9999688021611539
0.0968630941085232 -0.0000049190788116 0.0001977610415575 0.0000027273733227 0.9999490495988033 0.9999671294039173
0.0993996100381478 -0.0000051800712909 0.0001977598447229 0.0000029472902851 0.9999463463375847 0.9999653853658689
0.1019759856189963 -0.0000054520701876 0.0001977585974172 0.0000031824520681 0.9999435290786087 0.9999635677775072
0.1045924324757256 -0.0000057354216244 0.0001977572980532 0.0000034337459642 0.9999405942371918 0.9999616743256985
0.1072491978394942 -0.0000060304830733 0.0001977559449918 0.0000037021050095 0.9999375381111241 0.9999597026214485
0.1099464608455375 -0.0000063376119931 0.0001977545365941 0.0000039884991946 0.9999343569983641 0.9999576502758323
0.1126844350566768 -0.0000066571770691 0.0001977530711694 0.0000042939469938 0.9999310470806198 0.9999555148248830
0.1154633506538301 -0.0000069895566341 0.0001977515469830 0.0000046195157852 0.9999276044397076 0.9999532937401426
0.1182833822205872 -0.0000073351300486 0.0001977499622956 0.0000049663149410 0.9999240251468348 0.9999509844862620
0.1211447545237010 -0.0000076942904013 0.0001977483153047 0.0000053355098670 0.9999203051310541 0.9999485844361283
0.1240476701416739 -0.0000080674359344 0.0001977466041843 0.0000057283152767 0.9999164402680797 0.9999460909281638
0.1269923306371469 -0.0000084549726171 0.0001977448270730 0.0000061459993853 0.9999124263536343 0.9999435012491263
0.1299789636593094 -0.0000088573179110 0.0001977429820567 0.0000065898898476 0.9999082590644544 0.9999408126089482
0.1330077233683313 -0.0000092748873845 0.0001977410672301 0.0000070613607301 0.9999039340969259 0.9999380222301765
0.1360788672830896 -0.0000097081188621 0.0001977390805856 0.0000075618612717 0.9998994469169726 0.9999351271866027
0.1391925650576975 -0.0000101574462706 0.0001977370201338 0.0000080928883809 0.9998947930309373 0.9999321245780264
0.1423490210571350 -0.0000106233165935 0.0001977348838252 0.0000086560076802 0.9998899678099842 0.9999290114169581
0.1455484425742374 -0.0000111061856774 0.0001977326695699 0.0000092528508843 0.9998849665335345 0.9999257846566397
0.1487910134099273 -0.0000116065142513 0.0001977303752554 0.0000098851128122 0.9998797844305045 0.9999224412176452
0.1520769418758463 -0.0000121247752676 0.0001977279987135 0.0000105545625476 0.9998744166032696 0.9999189779388192
0.1554064299846670 -0.0000126614493922 0.0001977255377403 0.0000112630400627 0.9998688580743833 0.9999153916074145
0.1587796651655529 -0.0000132170236073 0.0001977229901031 0.0000120124563589 0.9998631038010499 0.9999116789684238
0.1621968335360631 -0.0000137919932982 0.0001977203535308 0.0000128047982474 0.9998571486535148 0.9999078367106332
0.1656581415862876 -0.0000143868660802 0.0001977176256962 0.0000136421360010 0.9998509873754329 0.9999038614410454
0.1691637855883662 -0.0000150021568319 0.0001977148042387 0.0000145266189621 0.9998446146353153 0.9998997497180671
0.1727139378904681 -0.0000156383851174 0.0001977118867764 0.0000154604738426 0.9998380250532316 0.9998954980687320
0.1763088160545173 -0.0000162960876048 0.0001977088708489 0.0000164460252803 0.9998312130721952 0.9998911029057107
0.1799485953991718 -0.0000169758025078 0.0001977057539889 0.0000174856755115 0.9998241731193052 0.9998865606312748
0.1836334736651714 -0.0000176780813200 0.0001977025336681 0.0000185819242111 0.9998168994842236 0.9998818675588811
0.1873636143132349 -0.0000184034781959 0.0001976992073461 0.0000197373546238 0.9998093864291593 0.9998770199841289
0.1911392167193757 -0.0000191525634303 0.0001976957724086 0.0000209546572454 0.9998016280492675 0.9998720140946792
0.1949604925659065 -0.0000199259194272 0.0001976922261856 0.0000222366268497 0.9997936183144029 0.9998668459971856
0.1988276110995047 -0.0000207241296325 0.0001976885660026 0.0000235861467810 0.9997853511837564 0.9998615117912536
0.2027407479878775 -0.0000215477881467 0.0001976847891363 0.0000250062070760 0.9997768205062978 0.9998560075051952
0.2067001289992705 -0.0000223975094019 0.0001976808927700 0.0000264999246550 0.9997680199205586 0.9998503290313557
0.2107058818107392 -0.0000232738965630 0.0001976768741390 0.0000280704908828 0.9997589431819103 0.9998444723372768
0.2147582376295439 -0.0000241775849422 0.0001976727303310 0.0000297212509692 0.9997495837129218 0.9998384331755596
0.2188573502851192 -0.0000251092027780 0.0001976684584664 0.0000314556371653 0.9997399350095842 0.9998322073459682
0.2230034035233015 -0.0000260693947466 0.0001976640555902 0.0000332772138857 0.9997299903978111 0.9998257905383026
0.2271966076886107 -0.0000270588219008 0.0001976595186723 0.0000351896818686 0.9997197430340737 0.9998191783327965
0.2314371247907418 -0.0000280781441704 0.0001976548446881 0.0000371968477525 0.9997091860866603 0.9998123663170648
0.2357251386225440 -0.0000291280367025 0.0001976500305430 0.0000393026583702 0.9996983125664425 0.9998053499768935
0.2400608208639806 -0.0000302091819042 0.0001976450731093 0.0000415111885860 0.9996871154093000 0.9997981247494121
0.2444443288334451 -0.0000313222686767 0.0001976399692296 0.0000438266425114 0.9996755874840608 0.9997906860282066
0.2488758725470356 -0.0000324680096578 0.0001976347156378 0.0000462533930599 0.9996637214139376 0.9997830290480823
0.2533556154646229 -0.0000336471161757 0.0001976293090738 0.0000487959335110 0.9996515098359294 0.9997751490524361
0.2578837805156763 -0.0000348603259062 0.0001976237461569 0.0000514589400672 0.9996389451144030 0.9997670411084211
0.2624604925823771 -0.0000361083610449 0.0001976180235774 0.0000542471843155 0.9996260197742914 0.9997587003864711
0.2670859387396063 -0.0000373919708987 0.0001976121379014 0.0000571656294775 0.9996127260600064 0.9997501218756562
0.2717602733837684 -0.0000387119064451 0.0001976060856874 0.0000602193780504 0.9995990561989251 0.9997413005536936
0.2764837066801304 -0.0000400689452452 0.0001975998633723 0.0000634137329576 0.9995850021433930 0.9997322312204439
0.2812564108649442 -0.0000414638652926 0.0001975934673910 0.0000667541414957 0.9995705558415707 0.9997229086726734
0.2860785351488169 -0.0000428974486276 0.0001975868941598 0.0000702462060586 0.9995557092000120 0.9997133276798912
0.2909502662079400 -0.0000443704992793 0.0001975801399948 0.0000738957315518 0.9995404538978657 0.9997034828644294
0.2958717603197680 -0.0000458838232607 0.0001975732012025 0.0000777086809577 0.9995247815940682 0.9996933688351336
0.3008431905844937 -0.0000474382427566 0.0001975660740160 0.0000816912142362 0.9995086837804165 0.9996829800925252
0.3058647299531453 -0.0000490345912030 0.0001975587546166 0.0000858496807017 0.9994921518325528 0.9996723110616845
0.3109365785248961 -0.0000506737222618 0.0001975512390929 0.0000901906473094 0.9994751769170279 0.9996613560322513
0.3160588963846315 -0.0000523564883904 0.0001975435235397 0.0000947208468419 0.9994577502132606 0.9996501093016467
0.3212318227240524 -0.0000540837462941 0.0001975356040319 0.0000994471946588 0.9994398628570792 0.9996385651386203
0.3264555382278863 -0.0000558563777750 0.0001975274765298 0.0001043768500494 0.9994215057248338 0.9996267176438967
0.3317302064566540 -0.0000576752705693 0.0001975191369668 0.0001095171692868 0.9994026696318595 0.9996145608782354
0.3370559980840038 -0.0000595413265199 0.0001975105812114 0.0001148757326897 0.9993833452478612 0.9996020888077976
0.3424331029890745 -0.0000614554661957 0.0001975018050469 0.0001204603635240 0.9993635230490967 0.9995892952732575
0.3478616392935659 -0.0000634185963684 0.0001974928043197 0.0001262790373190 0.9993431936551973 0.9995761742071674
0.3533417951815191 -0.0000654316605523 0.0001974835747081 0.0001323400341469 0.9993223473058087 0.9995627192961472
0.3588737376366190 -0.0000674956067746 0.0001974741118699 0.0001386518501182 0.9993009741943792 0.9995489241962877
0.3644576509197524 -0.0000696114017418 0.0001974644113775 0.0001452232450449 0.9992790643214765 0.9995347824384480
0.3700936614690486 -0.0000717800023141 0.0001974544688486 0.0001520631585438 0.9992566077902055 0.9995202876189048
0.3757819668193040 -0.0000740024046292 0.0001974442797213 0.0001591808684703 0.9992335942975317 0.9995054330709952
0.3815226924279584 -0.0000762795890747 0.0001974338395058 0.0001665858225583 0.9992100137041382 0.9994902122329062
0.3873160169846840 -0.0000786125690462 0.0001974231435616 0.0001742877990891 0.9991858555295435 0.9994746183217575
0.3931621420624435 -0.0000810023801354 0.0001974121871463 0.0001822968809952 0.9991611090640935 0.9994586444058486
0.3990611705036810 -0.0000834500300893 0.0001974009656459 0.0001906232924439 0.9991357638871557 0.9994422837391236
0.4050132731600889 -0.0000859565665767 0.0001973894742632 0.0001992776299610 0.9991098091654216 0.9994255293081915
0.4110186260402004 -0.0000885230523121 0.0001973777081327 0.0002082707873120 0.9990832339105341 0.9994083739985840
0.4170773772412379 -0.0000911505508582 0.0001973656623852 0.0002176139111219 0.9990560271261225 0.9993908106896348
0.4231896789183935 -0.0000938401399918 0.0001973533320866 0.0002273184522827 0.9990281776694286 0.9993728321651196
0.4293557119089932 -0.0000965929229799 0.0001973407121862 0.0002373962138894 0.9989996741345849 0.9993544310378620
0.4355756139062377 -0.0000994099968211 0.0001973277976626 0.0002478592418918 0.9989705051814847 0.9993355999620006
0.4418495534216055 -0.0001022924851464 0.0001973145833726 0.0002587199509921 0.9989406591951496 0.9993163314130450
0.4481776736193772 -0.0001052415129432 0.0001973010641671 0.0002699910372933 0.9989101245474701 0.9992966178568087
0.4545601560015706 -0.0001082582361083 0.0001972872347556 0.0002816855968394 0.9988788892912523 0.9992764515518389
0.4609971591251001 -0.0001113438132228 0.0001972730898359 0.0002938170252035 0.9988469414524950 0.9992558247380656
0.4674888097014929 -0.0001144994005089 0.0001972586241170 0.0003063990008997 0.9988142690826397 0.9992347296704982
0.4740352658186347 -0.0001177261821974 0.0001972438321797 0.0003194456112626 0.9987808599441821 0.9992131584161954
0.4806366965518387 -0.0001210253614083 0.0001972287085189 0.0003329713256245 0.9987467016051388 0.9991911029152005
0.4872932291801382 -0.0001243981336813 0.0001972132476647 0.0003469908929276 0.9987117817131379 0.9991685551574686
0.4940050166092683 -0.0001278457204639 0.0001971974440287 0.0003615194846868 0.9986760876487355 0.9991455069589688
0.5007722801189228 -0.0001313693924845 0.0001971812917973 0.0003765728060597 0.9986396062834797 0.9991219498053926
0.5075950754198443 -0.0001349703479557 0.0001971647854897 0.0003921665824071 0.9986023252409407 0.9990978756663860
0.5144736173690281 -0.0001386498816115 0.0001971479191833 0.0004083172881339 0.9985642311466737 0.9990732758654389
0.5214080508917099 -0.0001424092654613 0.0001971306870601 0.0004250416443748 0.9985253108628480 0.9990481418770671
0.5283984881094265 -0.0001462497668821 0.0001971130833238 0.0004423566976888 0.9984855513009623 0.9990224652058324
0.5354451166632992 -0.0001501727081850 0.0001970951019272 0.0004602800958817 0.9984449388052204 0.9989962369880673
0.5425480678253408 -0.0001541793945753 0.0001970767369017 0.0004788297722943 0.9984034598983932 0.9989694484734835
0.5497074705550778 -0.0001582711432378 0.0001970579822248 0.0004980240813526 0.9983611009807477 0.9989420908306855
0.5569235256850751 -0.0001624493265427 0.0001970388316214 0.0005178820123471 0.9983178478828280 0.9989141548582550
0.5641963502936602 -0.0001667152829527 0.0001970192789726 0.0005384227783342 0.9982736867878217 0.9988856315803993
0.5715260993081985 -0.0001710703866415 0.0001969993179965 0.0005596661508972 0.9982286035109040 0.9988565117814419
0.5789129416305682 -0.0001755160345405 0.0001969789423076 0.0005816324105523 0.9981825836334006 0.9988267860923888
0.5863570048493050 -0.0001800536130372 0.0001969581455694 0.0006043421899369 0.9981356128475684 0.9987964452135620
0.5938584161259430 -0.0001846845218424 0.0001969369213851 0.0006278165958924 0.9980876767095808 0.9987654797549811
0.6014173265301778 -0.0001894101893388 0.0001969152632273 0.0006520772967452 0.9980387604807128 0.9987338801336919
0.6090338850387200 -0.0001942320570202 0.0001968931645093 0.0006771464539893 0.9979888492884853 0.9987016366777745
0.6167082248435687 -0.0001991515706452 0.0001968706186256 0.0007030466835727 0.9979379282182931 0.9986687396854586
0.6244405375287958 -0.0002041702281123 0.0001968476187327 0.0007298013179995 0.9978859818179276 0.9986351791049370
0.6322309307392429 -0.0002092894877776 0.0001968241581692 0.0007574339297214 0.9978329950466263 0.9986009451474118
0.6400795255725565 -0.0002145108303090 0.0001968002301721 0.0007859686620248 0.9977789526348914 0.9985660278734367
0.6479865220195449 -0.0002198358036207 0.0001967758276716 0.0008154304906497 0.9977238386194917 0.9985304168923627
0.6559520290270798 -0.0002252659096393 0.0001967509438092 0.0008458446127139 0.9976676375155393 0.9984941021195377
0.6639761951042340 -0.0002308026912673 0.0001967255715398 0.0008772369312101 0.9976103334164672 0.9984570731947000
0.6720591440895741 -0.0002364476889573 0.0001966997038305 0.0009096338225734 0.9975519104435632 0.9984193197723455
0.6802010503598352 -0.0002422024932092 0.0001966733334202 0.0009430624468486 0.9974923522027269 0.9983808311705811
0.6884020419426226 -0.0002480686770560 0.0001966464531287 0.0009775503702494 0.9974316424832931 0.9983415968226059
0.6966622540475466 -0.0002540478331326 0.0001966190556873 0.0010131257852697 0.9973697648744611 0.9983016060287507
0.7049818291670422 -0.0002601415741113 0.0001965911337367 0.0010498175246690 0.9973067027608822 0.9982608479535106
0.7133608930757178 -0.0002663515151815 0.0001965626799069 0.0010876549657265 0.9972424395040598 0.9982193117426786
0.7217996200974800 -0.0002726793226020 0.0001965336865954 0.0011266683367595 0.9971769579399935 0.9981769861985363
0.7302981218478117 -0.0002791266309951 0.0001965041463458 0.0011668882213220 0.9971102412351526 0.9981338603329993
0.7388565002130464 -0.0002856950815352 0.0001964740516731 0.0012083457937311 0.9970422724913461 0.9980899231121422
0.7474749442118113 -0.0002923863971885 0.0001964433947188 0.0012510733092736 0.9969730339672794 0.9980451629528448
0.7561535947080473 -0.0002992022798067 0.0001964121677223 0.0012951034707085 0.9969025081435183 0.9979995684110742
0.7648925746757397 -0.0003061444322092 0.0001963803629202 0.0013404695704307 0.9968306774940658 0.9979531280341307
0.7736920209285245 -0.0003132145830605 0.0001963479724323 0.0013872056610665 0.9967575242290507 0.9979058301941729
0.7825520571187177 -0.0003204144654825 0.0001963149883590 0.0014353464263352 0.9966830305161308 0.9978576632312294
0.7914728390152548 -0.0003277458539178 0.0001962814026133 0.0014849274384110 0.9966071780992005 0.9978086152065248
0.8004544924332877 -0.0003352105137892 0.0001962472071511 0.0015359848325777 0.9965299488193491 0.9977586742391865
0.8094971249023436 -0.0003428102100200 0.0001962123939319 0.0015885553681295 0.9964513245267952 0.9977078284491968
0.8186009118008073 -0.0003505467798196 0.0001961769545860 0.0016426769452715 0.9963712863279979 0.9976560654703490
0.8277659567014805 -0.0003584220152671 0.0001961408809521 0.0016983878034415 0.9962898158005259 0.9976033732357538
0.8369924114102318 -0.0003664377648165 0.0001961041646123 0.0017557272389298 0.9962068939430544 0.9975497392986388
0.8462803919406943 -0.0003745958614320 0.0001960667972217 0.0018147351099078 0.9961225019189486 0.9974951513131114
0.8556300275274317 -0.0003828981646739 0.0001960287703151 0.0018754521451072 0.9960366206210077 0.9974395967524975
0.8650414775116235 -0.0003913465766137 0.0001959900752349 0.0019379200782566 0.9959492305069882 0.9973830628027543
0.8745148498516729 -0.0003999429690029 0.0001959507034640 0.0020021811234746 0.9958603123531126 0.9973255368497539
0.8840502734023947 -0.0004086892474547 0.0001959106463325 0.0020682784561563 0.9957698465902931 0.9972670060497372
0.8936479008106096 -0.0004175873552036 0.0001958698949999 0.0021362562613293 0.9956778132654180 0.9972074573040579
0.9033078525932090 -0.0004266392216480 0.0001958284406917 0.0022061593554404 0.9955841925737321 0.9971468776034624
0.9130302543135281 -0.0004358467961850 0.0001957862745435 0.0022780334519253 0.9954889645090105 0.9970852538015905
0.9228152361587036 -0.0004452120480895 0.0001957433876026 0.0023519251744173 0.9953921088649718 0.9970225726156998
0.9326629122355814 -0.0004547369466512 0.0001956997709181 0.0024278819117752 0.9952936054408500 0.9969588207595238
0.9425734252542629 -0.0004644235042912 0.0001956554153444 0.0025059521733502 0.9951934335956564 0.9968939846546058
0.9525468982519320 -0.0004742737301277 0.0001956103117530 0.0025861852332101 0.9950915727285540 0.9968280507409987
0.9625834612655103 -0.0004842896557564 0.0001955644509154 0.0026686313481577 0.9949880020124112 0.9967610053046253
0.9726832274705294 -0.0004944733114598 0.0001955178236115 0.0027533415746624 0.9948827006399862 0.9966928346364454
0.9828463560319903 -0.0005048267897135 0.0001954704203389 0.0028403683110636 0.9947756471674317 0.9966235246072396
0.9930729517082265 -0.0005153521437678 0.0001954222317780 0.0029297644652920 0.9946668205631549 0.9965530613464306
1.0033631350460437 -0.0005260514581760 0.0001953732484681 0.0030215840523496 0.9945561994787161 0.9964814307698748
1.0137170483001261 -0.0005369268558961 0.0001953234607759 0.0031158822764335 0.9944437621756197 0.9964086185321959
1.0241348075236369 -0.0005479804483848 0.0001952728591236 0.0032127151151626 0.9943294870414850 0.9963346103608083
1.0346165036712776 -0.0005592143354104 0.0001952214339900 0.0033121393193309 0.9942133525921212 0.9962593920571066
1.0451623047256138 -0.0005706307148223 0.0001951691754077 0.0034142134005555 0.9940953363369560 0.9961829487613814
1.0557723370265171 -0.0005822317563425 0.0001951160735415 0.0035189965368818 0.9939754160840072 0.9961052657977406
1.0664467128493635 -0.0005940196299405 0.0001950621185584 0.0036265488270157 0.9938535696467061 0.9960263284840515
1.0771855071236893 -0.0006059964789865 0.0001950073007502 0.0037369310485802 0.9937297751215612 0.9959461223116469
1.0879888825491391 -0.0006181645598102 0.0001949516098953 0.0038502059581801 0.9936040094458820 0.9958646320106338
1.0988569652550357 -0.0006305261044512 0.0001948950358867 0.0039664370540466 0.9934762498166878 0.9957818424688686
1.1097898638789343 -0.0006430833406738 0.0001948375686406 0.0040856887628444 0.9933464734840116 0.9956977385978560
1.1207876840933151 -0.0006558385079290 0.0001947791980234 0.0042080265985956 0.9932146575861288 0.9956123052257521
1.1318505769967007 -0.0006687939141348 0.0001947199135919 0.0043335177280116 0.9930807785630448 0.9955255267169248
1.1429786618757800 -0.0006819518464940 0.0001946597050019 0.0044622301338110 0.9929448130783901 0.9954373875691628
1.1541720411561303 -0.0006953145876391 0.0001945985619336 0.0045942327724561 0.9928067378527720 0.9953478723054672
1.1654308237095989 -0.0007088844428957 0.0001945364739678 0.0047295958525790 0.9926665293822787 0.9952569652913149
1.1767551301091903 -0.0007226637470768 0.0001944734305545 0.0048683909221405 0.9925241638685715 0.9951646506890188
1.1881450851959228 -0.0007366548559868 0.0001944094210518 0.0050106908035311 0.9923796173069521 0.9950709125145051
1.1996008164903820 -0.0007508601446971 0.0001943444347343 0.0051565695937365 0.9922328655044659 0.9949757346487416
1.2111224453504708 -0.0007652819965899 0.0001942784608430 0.0053061025674674 0.9920838841933685 0.9948791009110235
1.2227100439941962 -0.0007799227484469 0.0001942114888365 0.0054593656115419 0.9919326495985897 0.9947809954268234
1.2343637574090183 -0.0007947848437333 0.0001941435076904 0.0056164368369585 0.9917791368546032 0.9946814016005640
1.2460837099300475 -0.0008098707160956 0.0001940745064299 0.0057773953915162 0.9916233212092447 0.9945803028960992
1.2578700040169160 -0.0008251827865425 0.0001940044741432 0.0059423214324579 0.9914651780530631 0.9944776828555273
1.2697227359785250 -0.0008407234828400 0.0001939333998923 0.0061112963399628 0.9913046827192478 0.9943735249691160
1.2816420155929162 -0.0008564952652053 0.0001938612725964 0.0062844030119450 0.9911418102185925 0.9942678125029721
1.2936279931115040 -0.0008725006633295 0.0001937880808621 0.0064617263009715 0.9909765348575692 0.9941605282507063
1.3056807654554352 -0.0008887421518616 0.0001937138135532 0.0066433516597187 0.9908088315244934 0.9940516553679044
1.3178004434364576 -0.0009052222389630 0.0001936384593861 0.0068293661249188 0.9906386747753481 0.9939411767784617
1.3299871142166724 -0.0009219434154010 0.0001935620071621 0.0070198577606589 0.9904660393597411 0.9938290755157075
1.3422409160796378 -0.0009389082570476 0.0001934844452997 0.0072149168415569 0.9902908991630165 0.9937153340351083
1.3545619639203623 -0.0009561193234864 0.0001934057622976 0.0074146347244563 0.9901132282534940 0.9935999348938481
1.3669503868087964 -0.0009735792097222 0.0001933259464989 0.0076191044568689 0.9899330003489810 0.9934828604040113
1.3794062367855078 -0.0009912904167963 0.0001932449866824 0.0078284192687210 0.9897501901526478 0.9933640935000514
1.3919296361572129 -0.0010092555591385 0.0001931628711153 0.0080426750145442 0.9895647712130179 0.9932436163482973
1.4045207214702249 -0.0010274772875328 0.0001930795879052 0.0082619693122885 0.9893767167196860 0.9931214108632623
1.4171795826920746 -0.0010459582008304 0.0001929951254036 0.0084864004952730 0.9891860004148521 0.9929974592996171
1.4299063260007003 -0.0010647009358267 0.0001929094717959 0.0087160686991129 0.9889925956660871 0.9928717436493255
1.4427010732216599 -0.0010837081674258 0.0001928226151002 0.0089510758936787 0.9887964754651366 0.9927442456403507
1.4555639138994558 -0.0011029825374918 0.0001927345434931 0.0091915250219083 0.9885976131624705 0.9926149472137608
1.4684949322285643 -0.0011225266936072 0.0001926452451324 0.0094375204806905 0.9883959820676952 0.9924838302636624
1.4814942771169737 -0.0011423433959442 0.0001925547076689 0.0096891694963856 0.9881915543475189 0.9923508759200300
1.4945620214538542 -0.0011624353041571 0.0001924629192209 0.0099465794553859 0.9879843032247373 0.9922160659782676
1.5076982890625492 -0.0011828051700611 0.0001923698674932 0.0102098603581532 0.9877742009909570 0.9920793816063810
1.5209031774551078 -0.0012034557196308 0.0001922755403173 0.0104791233357817 0.9875612202243391 0.9919408041365377
1.5341767948256508 -0.0012243897098111 0.0001921799253913 0.0107544813954785 0.9873453332040646 0.9918003146837404
1.5475192231770782 -0.0012456098702925 0.0001920830105463 0.0110360486721626 0.9871265125112718 0.9916578945364296
1.5609305809805596 -0.0012671190026269 0.0001919847832942 0.0113239417548452 0.9869047300074291 0.9915135244911431
1.5744109674033546 -0.0012889198920514 0.0001918852312303 0.0116182785426103 0.9866799577441662 0.9913671854441348
1.5879604576822783 -0.0013110152985683 0.0001917843420741 0.0119191781231349 0.9864521680556171 0.9912188584511822
1.6015791861479534 -0.0013334080923462 0.0001916821030519 0.0122267626356148 0.9862213321630536 0.9910685238184840
1.6152672392863752 -0.0013561010796618 0.0001915785016908 0.0125411549241823 0.9859874219698931 0.9909161622709440
1.6290247111281115 -0.0013790970925539 0.0001914735254105 0.0128624797684012 0.9857504091379047 0.9907617543502114
1.6428517106012586 -0.0014023990017201 0.0001913671614642 0.0131908640913264 0.9855102649549194 0.9906052803278953
1.6567483305364854 -0.0014260096646090 0.0001912593971757 0.0135264362521720 0.9852669608703956 0.9904467205539578
1.6707146490529343 -0.0014499319266332 0.0001911502199343 0.0138693260662566 0.9850204684833719 0.9902860554484852
1.6847507850404220 -0.0014741687162711 0.0001910396167612 0.0142196661885454 0.9847707585631665 0.9901232648628230
1.6988567975790974 -0.0014987228720582 0.0001909275750986 0.0145775896423030 0.9845178028325545 0.9899583292414179
1.7130328267847084 -0.0015235973864658 0.0001908140816978 0.0149432333745292 0.9842615714558155 0.9897912279835679
1.7272789686961938 -0.0015487951893467 0.0001906991236074 0.0153167351380519 0.9840020352704598 0.9896219408978300
1.7415952633449552 -0.0015743191234187 0.0001905826882851 0.0156982330959337 0.9837391660399732 0.9894504483668148
1.7559818649545127 -0.0016001722472790 0.0001904647622158 0.0160878703636268 0.9834729333336956 0.9892767293111456
1.7704388102230948 -0.0016263574220890 0.0001903453327974 0.0164857888479202 0.9832033087841777 0.9891007639663508
1.7849662479706780 -0.0016528777239947 0.0001902243864597 0.0168921354792624 0.9829302618407787 0.9889225311114834
1.7995642273539556 -0.0016797360608936 0.0001901019104128 0.0173070564137589 0.9826537637165094 0.9887420106442942
1.8142328751175665 -0.0017069354951486 0.0001899778911754 0.0177307019847845 0.9823737840660495 0.9885591814123088
1.8289722742743870 -0.0017344790215093 0.0001898523155881 0.0181632233110086 0.9820902932728673 0.9883740227052330
1.8437824950032444 -0.0017623678402235 0.0001897251707981 0.0186047731415878 0.9818032618736031 0.9881865138792261
1.8582331099541642 -0.0017897851474481 0.0001896001813141 0.0190423668950983 0.9815210980447888 0.9880021479712465
1.8731843214929718 -0.0018183673496250 0.0001894698943084 0.0195022050145787 0.9812269775776732 0.9878099306065901
1.8882055175958214 -0.0018473034117443 0.0001893380078233 0.0199715056350575 0.9809292489399606 0.9876153146276422
1.9032978732855665 -0.0018765984612676 0.0001892044990276 0.0204504633861200 0.9806278606918895 0.9874182648885578
1.9184614678415635 -0.0019062555499788 0.0001890693545669 0.0209392415570886 0.9803227827903329 0.9872187601882870
1.9336964444796845 -0.0019362778670695 0.0001889325604758 0.0214380076596729 0.9800139838156866 0.9870167783875821
1.9490028527656171 -0.0019666684297387 0.0001887941035883 0.0219469283294016 0.9797014341552794 0.9868122984903106
1.9643807416946799 -0.0019974302630181 0.0001886539707182 0.0224661722705772 0.9793851041540241 0.9866052994338252
1.9798302627395128 -0.0020285666080591 0.0001885121477111 0.0229959138307724 0.9790649619737728 0.9863957586870526
1.9953514593828057 -0.0020600805008077 0.0001883686213638 0.0235363259049312 0.9787409779267210 0.9861836550855183
2.0109443904397795 -0.0020919750169634 0.0001882233783089 0.0240875840595016 0.9784131219570534 0.9859689671830325
2.0266091868764260 -0.0021242533905202 0.0001880764044755 0.0246498686442476 0.9780813624237256 0.9857516724534230
2.0423459101670005 -0.0021569187240384 0.0001879276864086 0.0252233598061689 0.9777456690796333 0.9855317492406220
2.0581546453383646 -0.0021899741785217 0.0001877772104052 0.0258082407846934 0.9774060111206744 0.9853091754804882
2.0740354679109956 -0.0022234229052131 0.0001876249628253 0.0264046967432703 0.9770623578877150 0.9850839291598422
2.0899884286937866 -0.0022572680123770 0.0001874709302429 0.0270129141758201 0.9767146792086351 0.9848559885401615
2.1060135874165127 -0.0022915126354072 0.0001873150991280 0.0276330821636781 0.9763629446788997 0.9846253316854388
2.1221110933196150 -0.0023261601114633 0.0001871574550517 0.0282653956060958 0.9760071218693283 0.9843919352855524
2.1382809541559999 -0.0023612134837243 0.0001869979849430 0.0289100462228107 0.9756471814186553 0.9841557779955175
2.1545233192369948 -0.0023966761104905 0.0001868366743178 0.0295672336903740 0.9752830907792386 0.9839168363322900
2.1708382163097486 -0.0024325510954288 0.0001866735098711 0.0302371551980685 0.9749148200687197 0.9836750885130894
2.1872257083612081 -0.0024688416264484 0.0001865084779358 0.0309200116803148 0.9745423385912148 0.9834305121723946
2.2036858829435673 -0.0025055509544257 0.0001863415645804 0.0316160074843503 0.9741656150573048 0.9831830845049948
2.2202188266666156 -0.0025426823375140 0.0001861727558626 0.0323253493604125 0.9737846181569594 0.9829327826411373
2.2368246288630815 -0.0025802390492646 0.0001860020377927 0.0330482466369712 0.9733993164773793 0.9826795835917235
2.2535033135441687 -0.0026182242232094 0.0001858293970407 0.0337849082196728 0.9730096800983140 0.9824234652962078
2.2702549718706773 -0.0026566411523996 0.0001856548195753 0.0345355483768361 0.9726156775202285 0.9821644046031209
2.2870797106750085 -0.0026954931753117 0.0001854782911827 0.0353003846144689 0.9722172768366222 0.9819023780389445
2.3039775151445934 -0.0027347833565916 0.0001852997989181 0.0360796313677500 0.9718144490085333 0.9816373639614491
2.3209485113437269 -0.0027745150938995 0.0001851193283490 0.0368735119820063 0.9714071616431993 0.9813693384668871
2.3379927637691837 -0.0028146916502191 0.0001849368656801 0.0376822495232237 0.9709953837911790 0.9810982785441992
2.3551102862167528 -0.0028553161746619 0.0001847523976598 0.0385060671147842 0.9705790857332586 0.9808241619352112
2.3723012023402390 -0.0028963920831661 0.0001845659098511 0.0393451956707677 0.9701582350805261 0.9805469645658829
2.3895655581186634 -0.0029379226145826 0.0001843773886490 0.0401998649407186 0.9697328013250404 0.9802666635414923
2.4069034199393307 -0.0029799110625821 0.0001841868202269 0.0410703082146424 0.9693027534645626 0.9799832355819411
2.4243148572621953 -0.0030223607347562 0.0001839941907241 0.0419567615204461 0.9688680604231742 0.9796966572977054
2.4417998783079544 -0.0030652747943541 0.0001837994869633 0.0428594603066741 0.9684286926729719 0.9794069062584864
2.4593586338348539 -0.0031086567602592 0.0001836026941836 0.0437786499769945 0.9679846171165918 0.9791139576174742
2.4769910918568261 -0.0031525097068466 0.0001834037996707 0.0447145690383632 0.9675358052803190 0.9788177895141106
2.4946973958618219 -0.0031968371485804 0.0001832027887451 0.0456674678558740 0.9670822242604201 0.9785183771007027
2.5124775407577249 -0.0032416422350186 0.0001829996484136 0.0466375915144691 0.9666238449636761 0.9782156979790333
2.5303315952713845 -0.0032869283043591 0.0001827943648595 0.0476251916633937 0.9661606364438502 0.9779097284619133
2.5482596332883936 -0.0033326987135169 0.0001825869242142 0.0486305229307721 0.9656925676426493 0.9776004447207503
2.5662616737211374 -0.0033789566833881 0.0001823773132591 0.0496538395165180 0.9652196089734005 0.9772878238314086
2.5843378343542689 -0.0034257056932847 0.0001821655176383 0.0506954039173226 0.9647417282896144 0.9769718411087723
2.6024881123342092 -0.0034729489158198 0.0001819515244207 0.0517554744193866 0.9642588966642853 0.9766524739261806
2.6207126111518213 -0.0035206898031875 0.0001817353194440 0.0528343181632814 0.9637710823983010 0.9763296977529229
2.6390113703485709 -0.0035689316455171 0.0001815168893161 0.0539322012939357 0.9632782555364279 0.9760034891397076
2.6573843642195940 -0.0036176775619092 0.0001812962214560 0.0550493886380085 0.9627803879587805 0.9756738257802514
2.6758317199421331 -0.0036669310790067 0.0001810733014753 0.0561861569785844 0.9622774474733272 0.9753406825986759
2.6943535116274160 -0.0037166955886269 0.0001808481156344 0.0573427827480273 0.9617694033586920 0.9750040354170588
2.7129496690417696 -0.0037669740955798 0.0001806206519840 0.0585195360096599 0.9612562289380776 0.9746638626626458
2.7316203519809945 -0.0038177702269916 0.0001803908957990 0.0597167040247287 0.9607378912783106 0.9743201385396667
2.7503655285431376 -0.0038690870935353 0.0001801588347312 0.0609345646557349 0.9602143628153260 0.9739728407340074
2.7691853239325059 -0.0039209282367805 0.0001799244545251 0.0621734086719090 0.9596856116885650 0.9736219440032314
2.7880797335117777 -0.0039732968446392 0.0001796877425669 0.0634335211745088 0.9591516097473058 0.9732674254863376
2.8070488556768778 -0.0040261963915490 0.0001794486849905 0.0647151968805815 0.9586123260227312 0.9729092603710403
2.8260926376495012 -0.0040796299316790 0.0001792072698731 0.0660187230727061 0.9580677339362533 0.9725474266792064
2.8452111810882776 -0.0041336009511694 0.0001789634833843 0.0673444002647621 0.9575178026134855 0.9721818994969540
2.8578839706645778 -0.0041695501562834 0.0001788011055013 0.0682325823341461 0.9571515157972541 0.9719383552483866
2.8705567602408779 -0.0042056393371972 0.0001786381044603 0.0691283329021133 0.9567838266785158 0.9716938129893138
2.8898639714358634 -0.0042608974162230 0.0001783885735210 0.0705076356326454 0.9562209568105491 0.9713193326441567
2.9092310450579602 -0.0043166605396320 0.0001781368218865 0.0719090265568740 0.9556530885294275 0.9709413703487090
2.9286730683270816 -0.0043729749485472 0.0001778826427776 0.0733338823168478 0.9550797557455366 0.9705596113279709
2.9481900753402677 -0.0044298439305208 0.0001776260234534 0.0747825138535979 0.9545009300755769 0.9701740318673411
2.9677820373266770 -0.0044872705876799 0.0001773669520589 0.0762552301701153 0.9539165851418698 0.9697846094998700
2.9874490123205355 -0.0045452582737144 0.0001771054156545 0.0777523495028487 0.9533266921273215 0.9693913200437271
3.0071910394117931 -0.0046038102866889 0.0001768414016026 0.0792741915400889 0.9527312229048805 0.9689941396852751
3.0270081047681225 -0.0046629297655794 0.0001765748980356 0.0808210746696106 0.9521301510909157 0.9685930456818903
3.0469003340951897 -0.0047226202646923 0.0001763058912668 0.0823933310317513 0.9515234462076596 0.9681880124653045
3.0668676623398534 -0.0047828847659145 0.0001760343702440 0.0839912806175938 0.9509110837270532 0.9677790183439522
3.0869101400145209 -0.0048437265944609 0.0001757603224226 0.0856152553008416 0.9502930357637519 0.9673660392903290
3.1070278330119820 -0.0049051491220625 0.0001754837351056 0.0872655911501115 0.9496692740965027 0.9669490509548885
3.1272207268144934 -0.0049671554731833 0.0001752045967669 0.0889426205100332 0.9490397731535695 0.9665280306613584
3.1474888528838560 -0.0050297489092460 0.0001749228953219 0.0906466822867865 0.9484045061126006 0.9661029547992517
3.1678322464145054 -0.0050929327009328 0.0001746386187044 0.0923781185699330 0.9477634462008361 0.9656737996912174
3.1882509399425287 -0.0051567101083488 0.0001743517549564 0.0941372741024716 0.9471165668991512 0.9652405417284706
3.2087448727138423 -0.0052210840951559 0.0001740622935148 0.0959244883196058 0.9464638448427320 0.9648031593140304
3.2293141456551910 -0.0052860581278359 0.0001737702216183 0.0977401174973244 0.9458052517187872 0.9643616274332912
3.2499587792170819 -0.0053516354184876 0.0001734755277139 0.0995845138524502 0.9451407619491083 0.9639159227988600
3.2706787733520541 -0.0054178191096846 0.0001731782006264 0.1014580305715488 0.9444703508165461 0.9634660225960744
3.2914741267417766 -0.0054846123344429 0.0001728782292897 0.1033610234707250 0.9437939938596158 0.9630119040764953
3.3123448556349753 -0.0055520182769742 0.0001725756024753 0.1052938527433118 0.9431116662604115 0.9625535441456839
3.3332909773038835 -0.0056200401202375 0.0001722703090292 0.1072568814972769 0.9424233433791582 0.9620909197205618
3.3543125199171628 -0.0056886810782223 0.0001719623377286 0.1092504767034153 0.9417290004307575 0.9616240075107353
3.3754094800314318 -0.0057579442568530 0.0001716516779070 0.1112750051540666 0.9410286138947679 0.9611527849656920
3.3965818850832181 -0.0058278328578810 0.0001713383185407 0.1133308393874179 0.9403221594559782 0.9606772288889097
3.4178296849511391 -0.0058983498206655 0.0001710222498564 0.1154183471469324 0.9396096156283864 0.9601973178764566
3.4391529632376217 -0.0059694985219830 0.0001707034601952 0.1175379120560911 0.9388909566862064 0.9597130275557187
3.4605516799603069 -0.0060412819224095 0.0001703819398406 0.1196899083659464 0.9381661612928313 0.9592243363958364
3.4820258606067362 -0.0061137031944182 0.0001700576782042 0.1218747195775586 0.9374352061579760 0.9587312214341112
3.5035754366028566 -0.0061867651858247 0.0001697306662306 0.1240927223093038 0.9366980714575519 0.9582336619302876
3.5252004751243158 -0.0062604711965775 0.0001694008929209 0.1263443097975645 0.9359547329981341 0.9577316340782434
3.5469009875585380 -0.0063348243328485 0.0001690683482264 0.1286298724170906 0.9352051687397458 0.9572251154052203
3.5686769313963183 -0.0064098275084551 0.0001687330230421 0.1309497975460101 0.9344493587812210 0.9567140847644928
3.5757118895468940 -0.0064341417736586 0.0001686243459546 0.1317049502142052 0.9342044095094467 0.9565484027625698
3.5827468476974698 -0.0064584874489009 0.0001685155013308 0.1324628812443432 0.9339590819120801 0.9563824340050495
3.5919519017443284 -0.0064904034162280 0.0001683728266152 0.1334588164286300 0.9336375069167299 0.9561648355994593
3.6139097518775758 -0.0065668168792285 0.0001680313262448 0.1358538198096363 0.9328678140525345 0.9556437956427856
3.6359171220694475 -0.0066437987520085 0.0001676874182288 0.1382815940342086 0.9320927174566109 0.9551187891836875
3.6579999799348624 -0.0067214421786381 0.0001673406903946 0.1407453584022271 0.9313112887991793 0.9545891798037333
3.6801582421971268 -0.0067997498664208 0.0001669911349066 0.1432455091639599 0.9305235110940271 0.9540549477136484
3.7023919322842116 -0.0068787248887567 0.0001666387423858 0.1457824570773754 0.9297293638883408 0.9535160706493964
3.7247009842371881 -0.0069583699928548 0.0001662835050012 0.1483566053271045 0.9289288302314295 0.9529725285965324
3.7470854405897933 -0.0070386883034003 0.0001659254133324 0.1509683721562652 0.9281218896034024 0.9524242989902352
3.7695452278965287 -0.0071196825207690 0.0001655644599470 0.1536181649311468 0.9273085259775917 0.9518713621888875
3.7920803779334067 -0.0072013557141779 0.0001652006358659 0.1563064059067276 0.9264887198553935 0.9513136960620803
3.8146908228214125 -0.0072837105830583 0.0001648339338568 0.1590335080620261 0.9256624556878162 0.9507512810348280
3.8373766105320866 -0.0073667502387864 0.0001644643449538 0.1617999008520780 0.9248297140334455 0.9501840947515293
3.8601376710440936 -0.0074504773528063 0.0001640918622522 0.1646060019847088 0.9239904801091865 0.9496121178954480
3.8829739533088166 -0.0075348946534639 0.0001637164786970 0.1674522337792515 0.9231447388075918 0.9490353307981142
3.9058854861845287 -0.0076200051545962 0.0001633381860700 0.1703390309982151 0.9222924724140550 0.9484537118786484
3.9288721980192043 -0.0077058114876367 0.0001629569779603 0.1732668182777064 0.9214336673013540 0.9478672422094012
3.9519341060076427 -0.0077923166044799 0.0001625728466427 0.1762360339337566 0.9205683068951120 0.9472759007149517
3.9750711537111618 -0.0078795231716399 0.0001621857857707 0.1792471093051529 0.9196963777423757 0.9466796683148484
3.9982833083480469 -0.0079674339329126 0.0001617957887670 0.1823004810919187 0.9188178658855872 0.9460785254471343
4.0215705636405845 -0.0080560517223795 0.0001614028487690 0.1853965918855174 0.9179327567393301 0.9454724519811069
4.0449328086291496 -0.0081453789640302 0.0001610069608483 0.1885358726203679 0.9170410400911350 0.9448614306419946
4.0683701162890653 -0.0082354187736783 0.0001606081171288 0.1917187812115818 0.9161426991040922 0.9442454394762253
4.0918823622629192 -0.0083261735005688 0.0001602063132511 0.1949457512569551 0.9152377248791047 0.9436244618296793
4.1154695320123587 -0.0084176459034246 0.0001598015431637 0.1982172334186684 0.9143261047212403 0.9429984783052588
4.1391315537400422 -0.0085098385079636 0.0001593938019699 0.2015336726616613 0.9134078285535812 0.9423674711609075
4.1628684364810367 -0.0086027541435361 0.0001589830835561 0.2048955274747573 0.9124828835749951 0.9417314206394342
4.1743954812759290 -0.0086480172559832 0.0001587830269404 0.2065407585687981 0.9120323612998527 0.9414214453369713
4.1859225260708213 -0.0086933703871215 0.0001585825769531 0.2081942831755402 0.9115809581301978 0.9411107535541384
4.2098313384276445 -0.0087877612981645 0.0001581655595887 0.2116504436920199 0.9106418839825265 0.9404640528370338
4.2337903719411596 -0.0088827849083413 0.0001577459772142 0.2151498478409664 0.9096970717064785 0.9398129160061580
4.2578240984348970 -0.0089785403336235 0.0001573233986009 0.2186964808681532 0.9087455512300896 0.9391566637407202
4.2819324265756151 -0.0090750299235072 0.0001568978202821 0.2222907974276912 0.9077873157862182 0.9384952797189727
4.3061152882941771 -0.0091722561063907 0.0001564692385776 0.2259332574642667 0.9068223581456945 0.9378287471555852
4.3303725621117701 -0.0092702210814299 0.0001560376509547 0.2296243146401171 0.9058506736803483 0.9371570509169761
4.3547042551977881 -0.0093689275540065 0.0001556030527900 0.2333644440213092 0.9048722530731025 0.9364801724814733
4.3791103065475285 -0.0094683779436985 0.0001551654408624 0.2371541123388728 0.9038870901826681 0.9357980953722258
4.4035906270501810 -0.0095685745425830 0.0001547248126556 0.2409937837495820 0.9028951804732955 0.9351108040756423
4.4281451516685122 -0.0096695197278072 0.0001542811654250 0.2448839278959430 0.9018965189137590 0.9344182825866093
4.4527738269021944 -0.0097712159120296 0.0001538344964185 0.2488250180537867 0.9008911004754037 0.9337205147512386
4.4774765728100361 -0.0098736653867646 0.0001533848035668 0.2528175250299526 0.8998789216860835 0.9330174853449279
4.5022533005725283 -0.0099768703934608 0.0001529320851726 0.2568619198039046 0.8988599799301555 0.9323091795882708
4.5271039637920225 -0.0100808333379446 0.0001524763389722 0.2609586819256737 0.8978342713373701 0.9315955816785109
4.5520284404566693 -0.0101855562974286 0.0001520175642996 0.2651082800849404 0.8968017956529903 0.9308766781766699
4.5770267376632887 -0.0102910418795786 0.0001515557583239 0.2693112060507760 0.8957625477714183 0.9301524521139102
4.6020986485746409 -0.0103972917775433 0.0001510909223799 0.2735679171808978 0.8947165319812480 0.9294228929152218
4.6272441411975951 -0.0105043084089232 0.0001506230547933 0.2778789015943807 0.8936637458204435 0.9286879851507394
4.6524631421016371 -0.0106120940054662 0.0001501521548697 0.2822446419715123 0.8926041890536498 0.9279477147887834
4.6635358234089166 -0.0106595623984532 0.0001499448776503 0.2841748377981395 0.8921378180915593 0.9276216770855813
4.6746085047161960 -0.0107071184463949 0.0001497372825802 0.2861132068627071 0.8916707423269343 0.9272950222114803
4.6837505865277249 -0.0107464269987534 0.0001495656475357 0.2877197751504694 0.8912845748924333 0.9270248574638897
4.6920089226104968 -0.0107819826204917 0.0001494104195479 0.2891758408058029 0.8909353269335550 0.9267804483111711
4.7174462128269674 -0.0108918048090968 0.0001489311875216 0.2936894916305546 0.8898571377106094 0.9260254737099961
4.7429267876331744 -0.0110022727574490 0.0001484494859268 0.2982543398370350 0.8887734481978482 0.9252659748668306
4.7684804968672250 -0.0111135175325909 0.0001479647523055 0.3028761585388660 0.8876829943409972 0.9245010524852044
4.7941071528834254 -0.0112255407706370 0.0001474769893724 0.3075554170118076 0.8865857836809308 0.9237306971354953
4.8198066751948225 -0.0113383445608014 0.0001469861980455 0.3122926048680582 0.8854818197393142 0.9229548964181281
4.8455789238760163 -0.0114519307195895 0.0001464923806109 0.3170882018050379 0.8843711091369949 0.9221736399584408
4.8714238431182499 -0.0115663014223279 0.0001459955379775 0.3219427041391782 0.8832536554213208 0.9213869150673263
4.8973413097059657 -0.0116814585364274 0.0001454956725797 0.3268565966482102 0.8821294655930402 0.9205947113311783
4.9233311602887548 -0.0117974037375739 0.0001449927878701 0.3318303571827336 0.8809985489669581 0.9197970198176110
4.9493933364247447 -0.0119141391574416 0.0001444868855133 0.3368644844145561 0.8798609108604133 0.9189938286234978
4.9755276944352618 -0.0120316665366617 0.0001439779690631 0.3419594614972575 0.8787165608626492 0.9181851287066883
5.0017340784226079 -0.0121499875478769 0.0001434660425603 0.3471157696950123 0.8775655096829224 0.9173709116682357
5.0280123802919041 -0.0122691040676386 0.0001429511093598 0.3523339002032566 0.8764077665121085 0.9165511678857323
5.0543624481913199 -0.0123890177635931 0.0001424331739189 0.3576143361109286 0.8752433430446802 0.9157258893585446
5.0807841630245782 -0.0125097304412162 0.0001419122403007 0.3629575675031588 0.8740722501132860 0.9148950673262642
5.1072773878154036 -0.0126312438144648 0.0001413883131674 0.3683640813408138 0.8728944999230761 0.9140586938517086
5.1188107088151655 -0.0126842902516889 0.0001411597398323 0.3707330078795955 0.8723807065091558 0.9136935650340507
5.1240821918864023 -0.0127085657711354 0.0001410551680588 0.3718188576881962 0.8721456518557616 0.9135264697999778
5.1293536749576392 -0.0127328462687744 0.0001409505365087 0.3729066506693252 0.8719104610624620 0.9133592445702869
5.1345644750552495 -0.0127568605821489 0.0001408470495320 0.3739838321127631 0.8716778441959340 0.9131938166956267
5.1612632481690968 -0.0128801883138781 0.0001403158678878 0.3795328616353214 0.8704839048776537 0.9123442205478419
5.1879727280721895 -0.0130040410694690 0.0001397829079797 0.3851341579459104 0.8692860443538779 0.9114909675466811
5.2147532538200139 -0.0131286993057272 0.0001392469740512 0.3908007225481815 0.8680815766458448 0.9106321301223935
5.2416045742067610 -0.0132541641216686 0.0001387080743065 0.3965330198373389 0.8668705220335018 0.9097677053488488
5.2685265117310367 -0.0133804369464028 0.0001381662157433 0.4023315294426480 0.8656528981103838 0.9088976882463369
5.2955188957918828 -0.0135075192310753 0.0001376214054815 0.4081967322991132 0.8644287227716236 0.9080220739087430
5.3225815978070292 -0.0136354126162721 0.0001370736500498 0.4141291183989331 0.8631980126110504 0.9071408563550848
5.3497143816853878 -0.0137641182256598 0.0001365229584132 0.4201291539405689 0.8619607897234630 0.9062540334016170
5.3769171177496817 -0.0138936376774387 0.0001359693376433 0.4261973281706933 0.8607170719770139 0.9053615996978100
5.4041896371061222 -0.0140239723970732 0.0001354127958649 0.4323341214576766 0.8594668796335722 0.9044635514670101
5.4315317273931401 -0.0141551235939561 0.0001348533423534 0.4385400038954175 0.8582102355683429 0.9035598866724776
5.4589432344435060 -0.0142870927484830 0.0001342909854589 0.4448154582031136 0.8569471606052232 0.9026506016665771
5.4864239354786619 -0.0144198810039404 0.0001337257352013 0.4511609508441087 0.8556776793476855 0.9017356953861061
5.5139736363392045 -0.0145534896334474 0.0001331576012812 0.4575769540396951 0.8544018157100277 0.9008151661402821
5.5265197216142870 -0.0146144959543831 0.0001328983927711 0.4605169289011498 0.8538197402340394 0.9003948598431842
5.5348782749330976 -0.0146551759324281 0.0001327255377822 0.4624819299106919 0.8534315831854030 0.9001144594542866
5.5432368282519082 -0.0146958853084885 0.0001325525528311 0.4644519782721158 0.8530431378080868 0.8998337552227903
5.5709593216898110 -0.0148312220382411 0.0001319778796176 0.4710221300020707 0.8517527468440378 0.8989005852131082
5.5987197046138935 -0.0149672315242994 0.0001314009857618 0.4776570337965247 0.8504574678989842 0.8979628132645191
5.6265483400697498 -0.0151040638857397 0.0001308212493902 0.4843643701145931 0.8491559067755390 0.8970194122046582
5.6544449531043721 -0.0152417199312728 0.0001302386832228 0.4911445873725743 0.8478480942960217 0.8960703846917936
5.6824093206224608 -0.0153802007177181 0.0001296532991718 0.4979981450847374 0.8465340594986265 0.8951157319717448
5.7104412408878753 -0.0155195074034169 0.0001290651089687 0.5049255067699655 0.8452138310456514 0.8941554548944197
5.7385404050734383 -0.0156596406090940 0.0001284741268628 0.5119271079813171 0.8438874432808015 0.8931895583249581
5.7667066376985341 -0.0158006016146018 0.0001278803645721 0.5190034158059643 0.8425549248964228 0.8922180429000751
5.7949396544418983 -0.0159423911529175 0.0001272838363731 0.5261548685908918 0.8412163103570984 0.8912409133464754
5.8232393070911224 -0.0160850106379563 0.0001266845539327 0.5333819375732413 0.8398716283025063 0.8902581700246703
5.8516052229185682 -0.0162284603503648 0.0001260825339375 0.5406850350223764 0.8385209186661414 0.8892698214362784
5.8800371913071681 -0.0163727413840061 0.0001254777899123 0.5480646125973365 0.8371642143179355 0.8882758708165414
5.8914566517994338 -0.0164308304907849 0.0001252345311289 0.5510453382937304 0.8366185121647136 0.8878757331115669
5.8980585096243185 -0.0164644496743183 0.0001250938019388 0.5527729562883611 0.8363028232924071 0.8876441628507761
5.9046603674492033 -0.0164980687898195 0.0001249530071177 0.5545037925174884 0.8359869840879393 0.8874124160919771
5.9109005073789493 -0.0165298657441424 0.0001248198632810 0.5561427552400089 0.8356883122743320 0.8871932047355487
5.9395043249827095 -0.0166759213443752 0.0001242087635253 0.5636923367721984 0.8343175506627900 0.8861863643862030
5.9681392233937558 -0.0168226335991014 0.0001235957154708 0.5713107610375513 0.8329425411708967 0.8851751389511502
5.9968391031668480 -0.0169701774402122 0.0001229800057291 0.5790074388431129 0.8315616861612648 0.8841583343695286
6.0256036288425570 -0.0171185532784985 0.0001223616518413 0.5867827782006405 0.8301750276507864 0.8831359600928528
6.0544324852178715 -0.0172677616263230 0.0001217406711851 0.5946371897783784 0.8287826073210426 0.8821080252421992
6.0833254031280060 -0.0174178032343390 0.0001211170804115 0.6025710941687200 0.8273844652559980 0.8810745376727985
6.1122820526099675 -0.0175686785387605 0.0001204908977461 0.6105848926470018 0.8259806451014468 0.8800355077874003
6.1413021103747667 -0.0177203880102666 0.0001198621415364 0.6186789853533475 0.8245711908079101 0.8789909461377852
6.1703852898143063 -0.0178729323131096 0.0001192308295961 0.6268537797763769 0.8231561451617688 0.8779408623354705
6.1995312464105057 -0.0180263118105852 0.0001185969812550 0.6351096642012410 0.8217355543793794 0.8768852684619405
6.2287396532556958 -0.0181805269602925 0.0001179606157214 0.6434470286638767 0.8203094644364556 0.8758241763525821
6.2358015301873833 -0.0182178884763359 0.0001178065861609 0.6454723932730919 0.8199643070451837 0.8755671462795618
6.2428634071190707 -0.0182552567225144 0.0001176524937711 0.6475014959344740 0.8196190090315838 0.8753099283261118
6.2502162697523627 -0.0182941806208262 0.0001174919841200 0.6496181814000639 0.8192593342666801 0.8750419122747070
6.2795732564298987 -0.0184499052775693 0.0001168504261953 0.6581096665852926 0.8178218038377899 0.8739698124669544
6.3089517156920856 -0.0186062512363883 0.0001162072799860 0.6666721360940646 0.8163808624890201 0.8728937088443096
6.3383913314031428 -0.0187634308194351 0.0001155616920438 0.6753174963534657 0.8149346008447063 0.8718121557249595
6.3678916774944243 -0.0189214439310756 0.0001149136849611 0.6840460918588919 0.8134830725919392 0.8707251704404267
6.3974523698863939 -0.0190802907024379 0.0001142632806652 0.6928582753365297 0.8120263299594065 0.8696327691929229
6.4270730435175984 -0.0192399713719571 0.0001136105009146 0.7017544012300571 0.8105644248292739 0.8685349678839248
6.4567532235792884 -0.0194004855904849 0.0001129553701369 0.7107347867545661 0.8090974150927550 0.8674317868956176
6.4864925950769834 -0.0195618338775806 0.0001122979094808 0.7197997930809670 0.8076253513299332 0.8663232410855353
6.5162907305088797 -0.0197240161517745 0.0001116381428198 0.7289497431506097 0.8061482902541374 0.8652093498942836
6.5461471327726573 -0.0198870319564584 0.0001109760958155 0.7381849336774629 0.8046662926128200 0.8640901357927855
6.5515039138065525 -0.0199163345863154 0.0001108572092626 0.7398490314494911 0.8044001820976092 0.8638889971190473
6.5560960077145394 -0.0199414499419442 0.0001107552719042 0.7412773063240674 0.8041720078569748 0.8637164912416574
6.5606502268927969 -0.0199663610567287 0.0001106541542249 0.7426953777686746 0.8039456689977322 0.8635453352807744
6.5905916405732921 -0.0201304343975745 0.0001099888094756 0.7520575032114116 0.8024564798611178 0.8624182802630416
6.6205923131953517 -0.0202953488170278 0.0001093211995643 0.7615062846552497 0.8009623949229515 0.8612858745128733
6.6506497422131972 -0.0204610928684969 0.0001086513955152 0.7710413768124680 0.7994635765528120 0.8601482173494555
6.6807634077639042 -0.0206276659565938 0.0001079794245646 0.7806630463953704 0.7979600891368573 0.8590053340097207
6.7109328858137642 -0.0207950680230077 0.0001073053120409 0.7903715853086569 0.7964519928217626 0.8578572465226805
6.7411575919584399 -0.0209632981275502 0.0001066290870817 0.8001672283688256 0.7949393563062387 0.8567039834466630
6.7714370678649862 -0.0211323560370531 0.0001059507762318 0.8100502452330660 0.7934222425179628 0.8555455689749030
6.8017708132220767 -0.0213022412946271 0.0001052704071929 0.8200208863669447 0.7919007170016349 0.8543820293234948
6.8321582497129549 -0.0214729530143199 0.0001045880096341 0.8300793705446905 0.7903748497308956 0.8532133941369638
6.8429075333507612 -0.0215334666779621 0.0001043464240546 0.8336542976784602 0.7898347021434086 0.8527992767852984
6.8497965349944137 -0.0215722592422840 0.0001041915480776 0.8359500226421601 0.7894884276996695 0.8525336793336125
6.8566855366380661 -0.0216110597898994 0.0001040366344484 0.8382493611388354 0.7891420721447094 0.8522679275618322
6.8872000964201998 -0.0217832479453909 0.0001033499677213 0.8484776508891357 0.7876069467335171 0.8510889419968740
6.9177368907458527 -0.0219560883655196 0.0001026620276467 0.8587844053091684 0.7860691766489291 0.8499060956865929
6.9483253002082304 -0.0221297489543215 0.0001019721709127 0.8691798260947236 0.7845273273204855 0.8487182638974292
6.9789647057802471 -0.0223042285983718 0.0001012804291038 0.8796640869627927 0.7829814731136516 0.8475254799602927
7.0096544999131964 -0.0224795262573256 0.0001005868337434 0.8902373584316162 0.7814316882827304 0.8463277772083636
7.0403940882637350 -0.0226556409757779 0.0000998914162478 0.9008998085094546 0.7798780468685350 0.8451251888997958
7.0711827977309536 -0.0228325713560902 0.0000991942100028 0.9116515705822724 0.7783206273369477 0.8439177518181249
7.1020199690023933 -0.0230103160867306 0.0000984952482681 0.9224927750885822 0.7767595078952749 0.8427055026626875
7.1140543761228638 -0.0230798276033572 0.0000982222998844 0.9267433173672418 0.7761499429133929 0.8422316294252544
7.1190923329837101 -0.0231089514214259 0.0000981080071557 0.9285260024484487 0.7758947076011914 0.8420331218462617
7.1241302898445564 -0.0231380606469460 0.0000979937024439 0.9303106252203114 0.7756394405777822 0.8418345375050158
7.1291352427866936 -0.0231669889823238 0.0000978801308096 0.9320854755779577 0.7753858149884459 0.8416371781685806
7.1601067934757694 -0.0233463149259547 0.0000971769702866 0.9431111066312011 0.7738156652757304 0.8404142062234100
7.1910815817146725 -0.0235261972713805 0.0000964731340203 0.9542111481377794 0.7722442365957864 0.8391882370124029
7.2221022890786282 -0.0237068852807603 0.0000957676723762 0.9654010782715926 0.7706694122733503 0.8379575995557682
7.2531681038629703 -0.0238883767676532 0.0000950606229017 0.9766809339633004 0.7690912801775139 0.8367223387527105
7.2842782986859218 -0.0240706700428247 0.0000943520213839 0.9880507736922850 0.7675099242657224 0.8354824966175386
7.3154320948409612 -0.0242537631240461 0.0000936419049278 0.9995106283908832 0.7659254314563013 0.8342381176599701
7.3466287336157974 -0.0244376541534557 0.0000929303103274 1.0110605272869915 0.7643378879900842 0.8329892460439909
7.3575533987309170 -0.0245021797235065 0.0000926810043151 1.0151227278686787 0.7637817538207275 0.8325512538592618
7.3684780638460365 -0.0245667723814132 0.0000924316403280 1.0191940438787563 0.7632255211904494 0.8321129245831002
7.3750632621102179 -0.0246057401288036 0.0000922813004325 1.0216525656724087 0.7628901871870897 0.8318485449358369
7.3793136075254804 -0.0246308854036245 0.0000921842573813 1.0232411508260981 0.7626737307863877 0.8316778392123390
7.3835098111058723 -0.0246557101006545 0.0000920884438263 1.0248108536953282 0.7624600174762313 0.8315092582128102
7.4149546951743801 -0.0248420509856741 0.0000913701920835 1.0366164540149931 0.7608580940903386 0.8302444037571609
7.4462843055517229 -0.0250282588770340 0.0000906541353641 1.0484538695481396 0.7592613245997931 0.8289814541543652
7.4776535467931167 -0.0252152530174664 0.0000899367565107 1.0603813473687100 0.7576618682507680 0.8277142007168090
7.5090613486438693 -0.0254030297048389 0.0000892181000832 1.0723987499693717 0.7560598286604245 0.8264427024658210
7.5405068479662729 -0.0255915864715824 0.0000884982060143 1.0845060077192299 0.7544552991376197 0.8251670105265921
7.5719891041260921 -0.0257809203894193 0.0000877771161094 1.0967030107134808 0.7528483771753040 0.8238871796148475
7.6035071809179318 -0.0259710285580059 0.0000870548721660 1.1089896398542058 0.7512391602549470 0.8226032647209988
7.6101718662950404 -0.0260112997628165 0.0000869021086568 1.1115974267642348 0.7508988267896368 0.8223314389500198
7.6168365516721490 -0.0260515960159782 0.0000867493313885 1.1142086014934904 0.7505584752302297 0.8220594970278856
7.6207112354451949 -0.0260750158064528 0.0000866605073718 1.1157282313603678 0.7503605947528027 0.8219013433961965
7.6242967982549965 -0.0260966875072278 0.0000865783085153 1.1171354895592247 0.7501774743180225 0.8217549559803466
7.6559296418016576 -0.0262881938717600 0.0000858529633382 1.1295931931187482 0.7485617274910942 0.8204620381625940
7.6875406527860699 -0.0264801295771826 0.0000851278401035 1.1421185055265188 0.7469467608686199 0.8191674347875841
7.7191840641110625 -0.0266728252157842 0.0000844017161014 1.1547329280709790 0.7453298549276980 0.8178689497903061
7.7508587567461804 -0.0268662767590613 0.0000836746376546 1.1674362171517896 0.7437111172303643 0.8165666476914962
7.7825637269961900 -0.0270604808778155 0.0000829466484892 1.1802281630964202 0.7420906495557766 0.8152605887218435
7.8142978427954013 -0.0272554334535144 0.0000822177953208 1.1931084923313378 0.7404685603340705 0.8139508388351150
7.8276499317744896 -0.0273376302343362 0.0000819110781561 1.1985507789808691 0.7397860411967394 0.8133990249292137
7.8410020207535780 -0.0274199282818420 0.0000816043318319 1.2040066279272972 0.7391035114957325 0.8128467765969121
7.8441577537374734 -0.0274393940268817 0.0000815318290130 1.2052980854515469 0.7389421961681316 0.8127161908208984
7.8473134867213687 -0.0274588529958227 0.0000814593267727 1.2065903003808489 0.7387808802734492 0.8125855809099826
7.8511076119178034 -0.0274822430018372 0.0000813721578082 1.2081449279239735 0.7385869301794593 0.8124285171978958
7.8829198578204691 -0.0276786795133407 0.0000806411998346 1.2212229313557577 0.7369607295128292 0.8111102338134349
7.9147414776798746 -0.0278757479058775 0.0000799098974556 1.2343817445653866 0.7353340756957224 0.8097891387190606
7.9465876658477121 -0.0280735446817116 0.0000791779223714 1.2476277332967862 0.7337062427161570 0.8084646237171305
7.9784572799376914 -0.0282720656051426 0.0000784453216157 1.2609605540134443 0.7320773396550473 0.8071367573827308
8.0103490333304386 -0.0284713055304767 0.0000777121455266 1.2743797893191440 0.7304474829245425 0.8058056147188861
8.0422617187232568 -0.0286712597916312 0.0000769784425979 1.2878850410962197 0.7288167848186823 0.8044712678433683
8.0538869334639607 -0.0287442449194598 0.0000767111606067 1.2928239429579493 0.7282228175305641 0.8039846152617995
8.0602887199734354 -0.0287844696596405 0.0000765639724097 1.2955480754670325 0.7278957476011628 0.8037164947385534
8.0666905064829102 -0.0288246709481383 0.0000764167916923 1.2982753129324753 0.7275686890344658 0.8034482820236067
8.0745976735399836 -0.0288743568071206 0.0000762350011198 1.3016481458675258 0.7271647400959763 0.8031168720651848
8.1065721102332091 -0.0290756387702232 0.0000754998900001 1.3153352498370030 0.7255314924751587 0.8017753167389015
8.1385431416188769 -0.0292774872479585 0.0000747648735765 1.3290982651029668 0.7238987962729186 0.8004316420661344
8.1705300540148151 -0.0294800263197627 0.0000740295290037 1.3429454852772666 0.7222657163679403 0.7990850626268965
8.2025314451825988 -0.0296832499918458 0.0000732939090101 1.3568763575528975 0.7206323743313496 0.7977356607056628
8.2345459410273527 -0.0298871524229684 0.0000725580655977 1.3708903260796941 0.7189988900878804 0.7963835177941242
8.2433842920324096 -0.0299435496757796 0.0000723549352146 1.3747728371523293 0.7185480278561641 0.7960098450599545
8.2522226430374666 -0.0299999925413422 0.0000721518127300 1.3786612421465463 0.7180972105297422 0.7956360080624921
8.2596562142582286 -0.0300474996485217 0.0000719809812407 1.3819361808957953 0.7177180822532182 0.7953214624667185
8.2630695469793114 -0.0300693246976288 0.0000719025412121 1.3834413571041859 0.7175440059230740 0.7951769913285527
8.2664828797003942 -0.0300911334450642 0.0000718241064809 1.3849474119448695 0.7173699361403181 0.7950324958645385
8.2702930562428634 -0.0301154826117158 0.0000717365548277 1.3866296027334639 0.7171756367937071 0.7948711722334658
8.3022835097468395 -0.0303202534575722 0.0000710015367320 1.4007965365424950 0.7155446472842032 0.7935155013280829
8.3343330664854118 -0.0305260026484536 0.0000702653010006 1.4150669583115216 0.7139113212513376 0.7921552139600482
8.3663899250570548 -0.0307324019048973 0.0000695290579301 1.4294179783812166 0.7122783489713717 0.7907925284273593
8.3984526528928232 -0.0309394448565818 0.0000687928603032 1.4438489365348168 0.7106458518924803 0.7894275305444399
8.4305197223904091 -0.0311471244850176 0.0000680567629420 1.4583591139769487 0.7090139559389115 0.7880603105078305
8.4400491848701868 -0.0312089589374961 0.0000678380562188 1.4626860278021931 0.7085291662642743 0.7876536209783127
8.4495786473499646 -0.0312708474458743 0.0000676193693914 1.4670197575027626 0.7080444546426374 0.7872467545046784
8.4542341490738870 -0.0313011019919546 0.0000675125400186 1.4691394255744512 0.7078076834941356 0.7870479207601093
8.4579807131153508 -0.0313254404314089 0.0000674265747665 1.4708464316434193 0.7076171528508038 0.7868878767079374
8.4616059936527748 -0.0313489891657747 0.0000673433971361 1.4724991810493715 0.7074328016379996 0.7867329877141667
8.4938063075701429 -0.0315584956805208 0.0000666047370163 1.4872224151190347 0.7057958850734687 0.7853561281859904
8.5258804565252309 -0.0317677961419653 0.0000658692290055 1.5019652057957831 0.7041663446117866 0.7839826962132955
8.5579529241337866 -0.0319777020388620 0.0000651340361400 1.5167842356882728 0.7025378968176226 0.7826073990087618
8.5900220090813040 -0.0321882050039275 0.0000643992163610 1.5316786247326246 0.7009106742387112 0.7812303357815233
8.6220860280079492 -0.0323992967309380 0.0000636648269888 1.5466474835751021 0.6992848079777914 0.7798516052794749
8.6355532593948343 -0.0324881437281690 0.0000633564738237 1.5529574532580501 0.6986022655490332 0.7792719678429499
8.6401993545578613 -0.0325188001613926 0.0000632501117805 1.5551374857748703 0.6983668404628963 0.7790719214658051
8.6448454497208882 -0.0325494547380183 0.0000631437595679 1.5573191285551991 0.6981314395746331 0.7788718363154100
8.6769597128782543 -0.0327617009288418 0.0000624088443391 1.5724428684766658 0.6965050076353179 0.7774877741769426
8.7090052763857830 -0.0329741201965920 0.0000616758656508 1.5876108496565109 0.6948832750995206 0.7761048553161091
8.7410396926407063 -0.0331870949452939 0.0000609435240677 1.6028499449091533 0.6932633697980864 0.7747206282256794
8.7730612215224379 -0.0334006162209135 0.0000602118770944 1.6181591572767815 0.6916454228866480 0.7733351953461501
8.8050681498327084 -0.0336146751821747 0.0000594809813526 1.6335374851737725 0.6900295634841419 0.7719486581877011
8.8096853719341279 -0.0336456072809319 0.0000593755800716 1.6357621899707597 0.6897965784952647 0.7717484987886256
8.8143025940355475 -0.0336765192558962 0.0000592701938069 1.6379884759299859 0.6895636218334931 0.7715483038462115
8.8193238341918399 -0.0337101489186977 0.0000591555967811 1.6404113617167217 0.6893103140100979 0.7713305510773538
8.8512340458183782 -0.0339242338107910 0.0000584275850562 1.6558525860025697 0.6877013494486230 0.7699457474326107
8.8832014731028917 -0.0341393407636301 0.0000576987269937 1.6713971091296502 0.6860909488975772 0.7685567895214636
8.9151482092196979 -0.0343549502698638 0.0000569708170637 1.6870070896142701 0.6844830824623215 0.7671670841332943
8.9470724678549942 -0.0345710526765519 0.0000562439122481 1.7026814125746481 0.6828778796478873 0.7657767368579433
8.9603330683353093 -0.0346610069409138 0.0000559421216683 1.7092142781282473 0.6822115757395264 0.7651987485175289
8.9686764878555287 -0.0347176625845569 0.0000557522840937 1.7133313310153497 0.6817924854294297 0.7648349445713336
8.9735386498399059 -0.0347506990500473 0.0000556416719320 1.7157329277675821 0.6815483092558378 0.7646228865868375
8.9779308186492184 -0.0347805218395782 0.0000555417682842 1.7179038762451690 0.6813277672408030 0.7644312954296690
9.0098730177084541 -0.0349977791918661 0.0000548155177896 1.7337349319830246 0.6797247927057865 0.7630370502235911
9.0417235965237559 -0.0352150640810598 0.0000540918914239 1.7495953694056425 0.6781280647106903 0.7616452598970467
9.0735444203243780 -0.0354327988060515 0.0000533694971010 1.7655154754939171 0.6765345135198220 0.7602532538889065
9.1053337375519767 -0.0356509735331366 0.0000526483893280 1.7814940657897580 0.6749442626498540 0.7588611369913406
9.1146977623689960 -0.0357153657373218 0.0000524360873498 1.7862149373107881 0.6744761643246535 0.7584507875408256
9.1240617871860152 -0.0357798152601781 0.0000522238367341 1.7909422373915684 0.6740082199119491 0.7580403116008371
9.1283260926678143 -0.0358091841049931 0.0000521271965548 1.7930971434787604 0.6737951728777671 0.7578533422349304
9.1325903981496133 -0.0358385351383964 0.0000520305724833 1.7952533820017198 0.6735821573136139 0.7576663468017995
9.1370007170988341 -0.0358689010333621 0.0000519306517646 1.7974848533825960 0.6733618818082205 0.7574729211000826
9.1685881497557737 -0.0360867589427747 0.0000512153447967 1.8135086489738272 0.6717852510363437 0.7560867659357784
9.2002756054276897 -0.0363059662958662 0.0000504983865165 1.8296565219799941 0.6702054521396092 0.7546948125975446
9.2319240840292363 -0.0365255677061294 0.0000497829392690 1.8458577546606596 0.6686294592649505 0.7533031860268947
9.2635316259847027 -0.0367455514154139 0.0000490690603621 1.8621109706282819 0.6670574015000280 0.7519120005563128
9.2711354169780709 -0.0367985725106129 0.0000488974208887 1.8660318548668440 0.6666795004176579 0.7515771245157121
9.2753938112280157 -0.0368282831858016 0.0000488013133671 1.8682295297877132 0.6664679114099284 0.7513895483457946
9.2796522054779604 -0.0368579782922966 0.0000487052229029 1.8704285253826860 0.6662563570320180 0.7512019480783053
9.2836210464780606 -0.0368856614032346 0.0000486156777496 1.8724791871598394 0.6660592192585768 0.7510270821869515
9.3153010809927412 -0.0371070128867338 0.0000479012910100 1.8888890491171064 0.6644867400053517 0.7496305257128986
9.3467953956565708 -0.0373277388594358 0.0000471917713932 1.9052750388121424 0.6629254639084639 0.7482408614250742
9.3782417902440329 -0.0375488021849213 0.0000464840216197 1.9217079499576957 0.6613685747365363 0.7468520456522088
9.4096385364566562 -0.0377701922052601 0.0000457780918405 1.9381864474833108 0.6598161852026965 0.7454641826314428
9.4129897733780066 -0.0377938630850587 0.0000457027841200 1.9399495527638793 0.6596506076982958 0.7453159721492384
9.4163410102993570 -0.0378175374537774 0.0000456274853541 1.9417134711207904 0.6594850537791079 0.7451677478272131
9.4195438821128032 -0.0378401514496229 0.0000455555314020 1.9434000575003596 0.6593268508792828 0.7450260727295663
9.4511406644206488 -0.0380636210666133 0.0000448460997240 1.9600782442267481 0.6577673259633129 0.7436277554007387
9.4824184769382338 -0.0382855166068393 0.0000441445625591 1.9766591318964690 0.6562256602420297 0.7422423665061131
9.5136401397160633 -0.0385076951808404 0.0000434450257266 1.9932806715901517 0.6546888965688419 0.7408583076542229
9.5448038100112562 -0.0387301447951967 0.0000427475400295 2.0099413980780794 0.6531571484681402 0.7394756879805671
9.5472124004686467 -0.0387473661507418 0.0000426936641266 2.0112319902254976 0.6530388529692887 0.7393687810452831
9.5496209909260372 -0.0387645837696072 0.0000426397942337 2.0125229998539362 0.6529205703746810 0.7392618674899522
9.5519467184308589 -0.0387812037084766 0.0000425877836664 2.0137699909034428 0.6528063692703238 0.7391586258093231
9.5752039934790751 -0.0389476137843854 0.0000420679139291 2.0262612986817721 0.6516650341374332 0.7381258713535244
9.6062451436154479 -0.0391703183860816 0.0000413747265832 2.0429938290999878 0.6501436430364058 0.7367465232975017
9.6372290093423558 -0.0393933000888834 0.0000406836003028 2.0597644426190125 0.6486272932575394 0.7353686613401859
9.6681473979942218 -0.0396165008906196 0.0000399947259378 2.0765681971407308 0.6471164051407872 0.7339926763157431
9.6739941784469075 -0.0396587869288728 0.0000398645471918 2.0797535431696792 0.6468309468387269 0.7337323579322585
9.6777012776671913 -0.0396855891580126 0.0000397820274322 2.0817744505123517 0.6466499963947322 0.7335672866463180
9.6810699381999328 -0.0397099490311215 0.0000397070521059 2.0836117121380529 0.6464855942734559 0.7334172729151074
9.7117770688223768 -0.0399323831612788 0.0000390240564112 2.1003967302978501 0.6449882446945925 0.7320492699330269
9.7425332077640405 -0.0401558641208855 0.0000383407817729 2.1172760396481634 0.6434908093014553 0.7306781071406548
9.7732177612218685 -0.0403795200695550 0.0000376599184122 2.1341832852754834 0.6419991879528092 0.7293091812873558
9.7823172167807950 -0.0404459791392076 0.0000374581688539 2.1392099959728665 0.6415573017037050 0.7289030480612828
9.7914166723397216 -0.0405124998690683 0.0000372564927585 2.1442426003186830 0.6411156235043390 0.7284968331905284
9.7982887425670313 -0.0405627515176865 0.0000371042372548 2.1480472170506655 0.6407821978935607 0.7281899986900883
9.8051608127943410 -0.0406130177406468 0.0000369520277652 2.1518551926832252 0.6404488910654719 0.7278831180340614
9.8356777657128251 -0.0408366628173010 0.0000362766208188 2.1688059016961927 0.6389702187940268 0.7265197942388738
9.8661358055687831 -0.0410605747098006 0.0000356033612827 2.1857898151101853 0.6374967842002441 0.7251582174586406
9.8965144523976853 -0.0412846034466840 0.0000349327073026 2.2027949683823009 0.6360295909224262 0.7237993276661407
9.9016352298298660 -0.0413224361424208 0.0000348197429509 2.2056678793772142 0.6357825116275666 0.7235701828722805
9.9067560072620466 -0.0413602888957120 0.0000347068031033 2.2085426461869204 0.6355355014105297 0.7233410142197624
9.9102094143900281 -0.0413858139368273 0.0000346306539068 2.2104824111198584 0.6353689585656067 0.7231864514710140
9.9136628215180096 -0.0414113386467158 0.0000345545176505 2.2124230197310446 0.6352024469468033 0.7230318779152269
9.9434191377005146 -0.0416316513999619 0.0000338989544088 2.2291792258953862 0.6337690089904866 0.7216995494451159
9.9735901816315096 -0.0418557316740277 0.0000332351134421 2.2462328213333920 0.6323180105724646 0.7203478517751908
10.0036762358985989 -0.0420798849308284 0.0000325740143241 2.2633023048973251 0.6308735512939639 0.7189991771430473
10.0119051577526896 -0.0421413169194722 0.0000323933482255 2.2679821330995784 0.6304789031364979 0.7186301631715534
10.0147509395127106 -0.0421625741064843 0.0000323308844199 2.2696016524805915 0.6303424664202761 0.7185025349759613
10.0175967212727315 -0.0421838285270684 0.0000322684302365 2.2712217418496983 0.6302060516703809 0.7183748999810389
10.0202864550783275 -0.0422039142605068 0.0000322094096910 2.2727535177855835 0.6300771373828752 0.7182542575812906
10.0471837931342876 -0.0424050843008443 0.0000316195950319 2.2880992638694551 0.6287890915861672 0.7170475022463788
10.0770502903435197 -0.0426291308546794 0.0000309655103095 2.3051985676011006 0.6273612138167579 0.7157068396440431
10.1068298607034812 -0.0428532322596925 0.0000303142174880 2.3223104192193187 0.6259399827283754 0.7143693667296021
10.1124260468826606 -0.0428954247120389 0.0000301919261125 2.3255330216071419 0.6256731842316934 0.7141179503547916
10.1180222330618399 -0.0429376423277257 0.0000300696664590 2.3287578175504411 0.6254064746373595 0.7138665095537146
10.1206517878759481 -0.0429574767916380 0.0000300122318320 2.3302738528737805 0.6252811826342082 0.7137483532957304
10.1230861382363759 -0.0429758389987597 0.0000299590680145 2.3316777771754773 0.6251652090469634 0.7136389635551688
10.1474296418406542 -0.0431597235484177 0.0000294277619812 2.3457398290780525 0.6240064033807198 0.7125448149324233
10.1769778000266289 -0.0433835671394472 0.0000287836791121 2.3628640215964984 0.6226021309601413 0.7112161322837218
10.2064379934881533 -0.0436074531277308 0.0000281424137668 2.3799979210749318 0.6212045580318200 0.7098907601088291
10.2105931616797641 -0.0436390880599256 0.0000280520403067 2.3824194167343586 0.6210076432582593 0.7097037740803233
10.2147483298713748 -0.0436707371994418 0.0000279616849285 2.3848421158011841 0.6208107790644589 0.7095167755946787
10.2183334522830389 -0.0436980432909029 0.0000278837422840 2.3869334126971551 0.6206409628998324 0.7093554213713343
10.2219185746947030 -0.0437253503229222 0.0000278058149503 2.3890256051104006 0.6204711841664762 0.7091940579129397
10.2510398727566443 -0.0439475534502604 0.0000271733272262 2.4060532641216286 0.6190935053409671 0.7078829930860751
10.2802483995561129 -0.0441711292373771 0.0000265398486811 2.4231911817267391 0.6177142256949346 0.7065674057927043
10.2909104624473109 -0.0442529192154920 0.0000263088355398 2.4294618471436098 0.6172113784383929 0.7060870280062566
10.3015725253385089 -0.0443348045875130 0.0000260779445268 2.4357404041389921 0.6167088723858920 0.7056065734909212
10.3061833751720560 -0.0443702458466879 0.0000259781327554 2.4384580333340011 0.6164916676823499 0.7053987755162270
10.3085248567576286 -0.0443882504830399 0.0000259274551292 2.4398386643057810 0.6163813913351035 0.7052932461334566
10.3108663383432013 -0.0444062477936047 0.0000258767856892 2.4412196755343110 0.6162711311582585 0.7051877131041162
10.3134159555093756 -0.0444258478827100 0.0000258216193822 2.4427238780149652 0.6161510886404341 0.7050727950406015
10.3389121271711186 -0.0446221506362835 0.0000252703438897 2.4577906846041682 0.6149517456528619 0.7039233788490515
10.3677966504784020 -0.0448452079312834 0.0000246466621080 2.4749142024245749 0.6135954047715813 0.7026207006617687
10.3965798697767280 -0.0450681927780386 0.0000240260800653 2.4920350546706360 0.6122463675050868 0.7013220673091130
10.4074707078187316 -0.0451526884941535 0.0000237915184685 2.4985280717839715 0.6117365913577201 0.7008305638834911
10.4172745317207962 -0.0452288372490304 0.0000235804814153 2.5043800219814281 0.6112780105312140 0.7003880555071594
10.4458197983723711 -0.0454510300301959 0.0000229666274843 2.5214565727152602 0.6099444907491174 0.6990992989540218
10.4743000681806908 -0.0456734253726094 0.0000223550839122 2.5385501725766342 0.6086165531114817 0.6978129996094906
10.4796137407728391 -0.0457149973157301 0.0000222410873818 2.5417455683550627 0.6083690777995052 0.6975729581368763
10.4828647982613745 -0.0457404297457672 0.0000221713596340 2.5437015605714772 0.6082177088645025 0.6974260859466407
10.4857970180984470 -0.0457633728469309 0.0000221084811060 2.5454663479815078 0.6080812135746295 0.6972936126519559
10.5142142121022815 -0.0459861159177629 0.0000214996098945 2.5626001403007415 0.6067598029270742 0.6960095162461073
10.5424162940537780 -0.0462078817338688 0.0000208962615506 2.5796590339367458 0.6054509432200170 0.6947347007003792
10.5513804893826997 -0.0462785201141086 0.0000207046755508 2.5850927235492445 0.6050354493008367 0.6943294035441457
10.5550029580384130 -0.0463070858248555 0.0000206272811878 2.5872900621099708 0.6048676199170131 0.6941656091822815
10.5586254266941264 -0.0463356633233397 0.0000205499020057 2.5894882994972996 0.6046998328640042 0.6940018078990264
10.5612631836974327 -0.0463564701769988 0.0000204935685707 2.5910895457502336 0.6045776824481480 0.6938825290997247
10.5636796477903765 -0.0463755328238095 0.0000204419690558 2.5925568746403447 0.6044657993506792 0.6937732539080963
10.5878442887198148 -0.0465664486017652 0.0000199263468731 2.6072521440260035 0.6033480081185413 0.6926803349110017
10.6157196559728302 -0.0467873382523000 0.0000193323918405 2.6242536168043888 0.6020609277120209 0.6914192170638067
10.6240094521336328 -0.0468531646895240 0.0000191559325743 2.6293198879921813 0.6016786556222302 0.6910441011046359
10.6322992482944354 -0.0469190539885592 0.0000189795541766 2.6343908497912802 0.6012966090055823 0.6906689514119743
10.6343906897887575 -0.0469356872181985 0.0000189350682772 2.6356709488852337 0.6012002577312389 0.6905742992049836
10.6364821312830795 -0.0469523150449198 0.0000188905893480 2.6369513463824625 0.6011039205358454 0.6904796448730385
10.6388802347801974 -0.0469713842497886 0.0000188395952717 2.6384198520531004 0.6009934753519487 0.6903711090368176
10.6628612697513763 -0.0471623670109446 0.0000183300286256 2.6531264738864864 0.5998900664453793 0.6892855987177630
10.6903988001510246 -0.0473823287655541 0.0000177457335693 2.6700624726660411 0.5986253662055055 0.6880387684825574
10.6995610863820971 -0.0474556706918752 0.0000175515276053 2.6757088582182962 0.5982051346948274 0.6876238458802906
10.7037219376393296 -0.0474890031823866 0.0000174633664156 2.6782749251407418 0.5980143883173659 0.6874354053463808
10.7057621685254638 -0.0475053533400018 0.0000174201450605 2.6795335998733321 0.5979208789267298 0.6873430026125440
10.7078023994115981 -0.0475216986289203 0.0000173769303877 2.6807925575460545 0.5978273831685040 0.6872505980109461
10.7101323553587058 -0.0475403681836034 0.0000173275853927 2.6822306408065706 0.5977206274274003 0.6871450691164661
10.7334319148297830 -0.0477273434836806 0.0000168344944429 2.6966317569073870 0.5966540709714063 0.6860896477211292
10.7606346300272495 -0.0479462879322109 0.0000162596298157 2.7134919782057429 0.5954111566108575 0.6848571232564796
10.7713541848461869 -0.0480327581922499 0.0000160333440288 2.7201497310053115 0.5949220587970853 0.6843713462134917
10.7770658560536461 -0.0480788608099128 0.0000159128329213 2.7237003425877315 0.5946616128431366 0.6841124914384078
10.7827775272611053 -0.0481249828622563 0.0000157923638105 2.7272531636469632 0.5944012773477564 0.6838536231833949
10.8096962689395610 -0.0483427729723425 0.0000152251371245 2.7440271079221032 0.5931758292875869 0.6826334150339227
10.8365333835476889 -0.0485605962669345 0.0000146605154458 2.7607989604841765 0.5919565660308208 0.6814166211102090
10.8399527310026222 -0.0485883906450818 0.0000145886417718 2.7629393756794554 0.5918013958036161 0.6812615680128732
10.8433720784575556 -0.0486161893811980 0.0000145167838841 2.7650805802182017 0.5916462656122830 0.6811065104499774
10.8697111955608587 -0.0488307031037141 0.0000139637499260 2.7816006493983707 0.5904526560706572 0.6799119598036810
10.8962349507248142 -0.0490474059758215 0.0000134077099440 2.7982837834296608 0.5892531095101616 0.6787087781617062
10.8990069993693393 -0.0490700939286341 0.0000133496477596 2.8000301044504092 0.5891278839085841 0.6785830168240965
10.9017790480138643 -0.0490927772687838 0.0000132915975453 2.8017769427041808 0.5890026846916683 0.6784572527766122
10.9076198848934691 -0.0491405968517127 0.0000131693144740 2.8054593058263486 0.5887389718253334 0.6781922531733674
10.9338184094389739 -0.0493555024309163 0.0000126213511144 2.8220044271767661 0.5875575807092237 0.6770034773299304
10.9406890579117189 -0.0494119749849287 0.0000124777886389 2.8263510749962548 0.5872481555167913 0.6766916784676950
10.9475597063844639 -0.0494684946269275 0.0000123342856140 2.8307008936136961 0.5869388963629145 0.6763798639124993
10.9513849715212821 -0.0494999826400106 0.0000122544154378 2.8331240488438962 0.5867667869488523 0.6762062529836450
10.9552102366581003 -0.0495314852965191 0.0000121745637276 2.8355481864165046 0.5865947291161252 0.6760326372682081
10.9590161612391626 -0.0495628340428012 0.0000120951358767 2.8379610422575325 0.5864235921213805 0.6758598946284372
10.9628220858202248 -0.0495941903983717 0.0000120157276754 2.8403748701581746 0.5862525060138420 0.6756871472876763
10.9886917913081756 -0.0498077123126775 0.0000114764587339 2.8568079335583403 0.5850909539603033 0.6745128231539027
10.9952549556283703 -0.0498619903741448 0.0000113397808592 2.8609841485035958 0.5847966447079289 0.6742148628762874
11.0018181199485650 -0.0499163120693885 0.0000112031577840 2.8651632488768621 0.5845024885988770 0.6739168893817464
11.0065461346903728 -0.0499554717710156 0.0000111047703649 2.8681756037057498 0.5842906775308563 0.6737022251969068
11.0112741494321806 -0.0499946541946590 0.0000110064114436 2.8711894551013155 0.5840789461167604 0.6734875542762622
11.0154490767953170 -0.0500292567062527 0.0000109195853222 2.8738519873927326 0.5838920489784069 0.6732979901832160
11.0192332029925701 -0.0500606340152035 0.0000108409062269 2.8762662965571146 0.5837227003464819 0.6731261660665022
11.0447121780551534 -0.0502722820234473 0.0000103116273414 2.8925470625972296 0.5825837888750658 0.6719691444953130
11.0521297083369898 -0.0503340228484890 0.0000101576981951 2.8972949323107358 0.5822526622460471 0.6716322732200926
11.0595472386188263 -0.0503958203214280 0.0000100038397545 2.9020464771163907 0.5819217333609445 0.6712953865075322
11.0620750427447678 -0.0504168931136384 0.0000099514228389 2.9036665851867194 0.5818090020484461 0.6711805761202853
11.0636898342566425 -0.0504303581031270 0.0000099179425949 2.9047017529067953 0.5817369999805185 0.6711072329485884
11.0653046257685173 -0.0504438195536652 0.0000098844669290 2.9057370947001679 0.5816650070863649 0.6710338890580764
11.0814525408872644 -0.0505785823854407 0.0000095498951233 2.9161000835799458 0.5809455952107992 0.6703004109717149
11.1067139060602393 -0.0507899450728945 0.0000090271757937 2.9323465451854207 0.5798220574512231 0.6691528382006307
11.1109039778931198 -0.0508250679413143 0.0000089405529114 2.9350454376481507 0.5796359213241933 0.6689624757108081
11.1125763728015432 -0.0508390917611996 0.0000089059852439 2.9361229805323790 0.5795616461077100 0.6688864945592861
11.1142487677099666 -0.0508531138375128 0.0000088714221248 2.9372007096778869 0.5794873808914206 0.6688105126988009
11.1160618762244958 -0.0508683173883640 0.0000088339553245 2.9383693282673295 0.5794068785022310 0.6687281370008628
11.1341929613697879 -0.0510205426927913 0.0000084595223815 2.9500675496232374 0.5786025126317110 0.6679043347917161
11.1591280209599901 -0.0512304591762339 0.0000079452773781 2.9661914270357901 0.5774982553567161 0.6667712572884860
11.1618379478586665 -0.0512533049640132 0.0000078894399631 2.9679462497975897 0.5773783821764809 0.6666481062770285
11.1643131188538280 -0.0512741765807415 0.0000078384484088 2.9695494818481190 0.5772689168397155 0.6665356221149962
11.1885282740342902 -0.0514787125252012 0.0000073400100696 2.9852557200641394 0.5761991794012038 0.6654350905102546
11.1963908386546631 -0.0515452593411111 0.0000071783346983 2.9903638421304595 0.5758523039235017 0.6650777241693886
11.2004776598502911 -0.0515798753922991 0.0000070943308380 2.9930205725832746 0.5756720942618365 0.6648919661962133
11.2028992815946946 -0.0516003953973274 0.0000070445652216 2.9945953250608470 0.5755653411762112 0.6647818947112775
11.2053209033390981 -0.0516209172777653 0.0000069948082017 2.9961704663362525 0.5754586095862693 0.6646718219713021
11.2081030610539738 -0.0516444979954626 0.0000069376536372 2.9979805977222060 0.5753360141631978 0.6645453598312371
11.2320282578995059 -0.0518476253205969 0.0000064465738484 3.0135680124182906 0.5742829354177965 0.6634577803216826
11.2403086285452396 -0.0519180708726052 0.0000062767902492 3.0189715552939811 0.5739189653338193 0.6630813481946563
11.2441930029558108 -0.0519511430060969 0.0000061971749716 3.0215079552010131 0.5737483124297669 0.6629047567989905
11.2480773773663820 -0.0519842248085447 0.0000061175810230 3.0240453534430936 0.5735777153870323 0.6627281624376783
11.2517227300239107 -0.0520152805143172 0.0000060429040811 3.0264275228998279 0.5734176667537804 0.6625624319790806
11.2760489485023623 -0.0522228936616438 0.0000055450206677 3.0423467447360046 0.5723508958989167 0.6614564121668414
11.2808439715485136 -0.0522638935458520 0.0000054469740545 3.0454892501982740 0.5721408817809236 0.6612383878672368
11.2856389945946649 -0.0523049187306120 0.0000053489580748 3.0486332742528748 0.5719309536766030 0.6610203594006133
11.3094598133158328 -0.0525090279424936 0.0000048625013359 3.0642747233753571 0.5708893428703158 0.6599371725014096
11.3167470048354790 -0.0525715938495140 0.0000047138375074 3.0690671851659004 0.5705711220700151 0.6596057877882820
11.3199300814036263 -0.0525989414302785 0.0000046489228181 3.0711616518433700 0.5704321845442303 0.6594610347355446
11.3231131579717736 -0.0526263002900599 0.0000045840217023 3.0732567864533813 0.5702932851625122 0.6593162800086848
11.3280738438841944 -0.0526689467744635 0.0000044829059131 3.0765232936661024 0.5700768921274542 0.6590906827693825
