0.0000889599923675 -0.0000000000034119 0.0002294989277483 0.0000000000000028 0.9999999999463820 0.9999999999632260
0.0001213269389097 -0.0000000000063467 0.0002294989277208 0.0000000000000072 0.9999999998996776 0.9999999999315947
0.0001607346038323 -0.0000000000111395 0.0002294989276758 0.0000000000000168 0.9999999998234049 0.9999999998799376
0.0002078036876502 -0.0000000000186191 0.0002294989276057 0.0000000000000363 0.9999999997043734 0.9999999997993209
0.0002631381501079 -0.0000000000298556 0.0002294989275002 0.0000000000000738 0.9999999995255572 0.9999999996782134
0.0003273075864023 -0.0000000000461926 0.0002294989273469 0.0000000000001419 0.9999999992655698 0.9999999995021308
0.0004008587093630 -0.0000000000692859 0.0002294989271303 0.0000000000002607 0.9999999988980643 0.9999999992532287
0.0004843309225010 -0.0000000001011458 0.0002294989268313 0.0000000000004599 0.9999999983910476 0.9999999989098393
0.0005782382530293 -0.0000000001441710 0.0002294989264276 0.0000000000007826 0.9999999977063472 0.9999999984461089
0.0006830810361004 -0.0000000002011913 0.0002294989258926 0.0000000000012902 0.9999999967989288 0.9999999978315373
0.0007993380352835 -0.0000000002755029 0.0002294989251953 0.0000000000020674 0.9999999956163393 0.9999999970305989
0.0009274877701614 -0.0000000003709214 0.0002294989243000 0.0000000000032296 0.9999999940978553 0.9999999960021677
0.0010679727317928 -0.0000000004917971 0.0002294989231659 0.0000000000049307 0.9999999921742458 0.9999999946993550
0.0012212383507148 -0.0000000006430825 0.0002294989217464 0.0000000000073727 0.9999999897667001 0.9999999930687844
0.0013877141601513 -0.0000000008303591 0.0002294989199892 0.0000000000108175 0.9999999867863913 0.9999999910502956
0.0015678274669820 -0.0000000010598943 0.0002294989178355 0.0000000000155999 0.9999999831335835 0.9999999885763398
0.0017619848463638 -0.0000000013386604 0.0002294989152199 0.0000000000221428 0.9999999786973172 0.9999999855717671
0.0019705804959329 -0.0000000016743818 0.0002294989120698 0.0000000000309748 0.9999999733546686 0.9999999819533242
0.0021940183444619 -0.0000000020756144 0.0002294989083051 0.0000000000427511 0.9999999669694782 0.9999999776287937
0.0024326722618360 -0.0000000025517222 0.0002294989038378 0.0000000000582743 0.9999999593927282 0.9999999724972494
0.0026869227454027 -0.0000000031129818 0.0002294988985716 0.0000000000785221 0.9999999504608803 0.9999999664479309
0.0029571393240749 -0.0000000037705943 0.0002294988924013 0.0000000001046747 0.9999999399956764 0.9999999593601085
0.0032436746997576 -0.0000000045367081 0.0002294988852129 0.0000000001381460 0.9999999278037911 0.9999999511028478
0.0035468939747225 -0.0000000054245369 0.0002294988768825 0.0000000001806222 0.9999999136749397 0.9999999415337280
0.0038671371437742 -0.0000000064483026 0.0002294988672767 0.0000000002340966 0.9999998973827982 0.9999999304994653
0.0042047497696497 -0.0000000076233626 0.0002294988562512 0.0000000003009171 0.9999998786829694 0.9999999178345358
0.0045600620099887 -0.0000000089661864 0.0002294988436517 0.0000000003838298 0.9999998573133577 0.9999999033614282
0.0049334188069932 -0.0000000104945118 0.0002294988293116 0.0000000004860382 0.9999998329916877 0.9999998868889646
0.0053251283619511 -0.0000000122271834 0.0002294988130541 0.0000000006112469 0.9999998054180630 0.9999998682140324
0.0057355256535564 -0.0000000141844570 0.0002294987946892 0.0000000007637410 0.9999997742701389 0.9999998471183155
0.0061649142059189 -0.0000000163877878 0.0002294987740156 0.0000000009484349 0.9999997392064771 0.9999998233705659
0.0066136139200062 -0.0000000188600972 0.0002294987508182 0.0000000011709623 0.9999996998623066 0.9999997967237332
0.0070819244997242 -0.0000000216256329 0.0002294987248695 0.0000000014377397 0.9999996558517544 0.9999997669164746
0.0075701472801665 -0.0000000247101219 0.0002294986959281 0.0000000017560600 0.9999996067653995 0.9999997336714994
0.0080785956064138 -0.0000000281408983 0.0002294986637376 0.0000000021341943 0.9999995521682528 0.9999996966941996
0.0086075482728499 -0.0000000319466363 0.0002294986280288 0.0000000025814561 0.9999994916039913 0.9999996556755187
0.0091572948933002 -0.0000000361576826 0.0002294985885170 0.0000000031083357 0.9999994245896838 0.9999996102883787
0.0097281312613513 -0.0000000408060929 0.0002294985449015 0.0000000037266153 0.9999993506151968 0.9999995601872779
0.0103203408598385 -0.0000000459255359 0.0002294984968664 0.0000000044494712 0.9999992691447293 0.9999995050093308
0.0109341950256645 -0.0000000515513164 0.0002294984440803 0.0000000052915963 0.9999991796164452 0.9999994443740188
0.0115699710574902 -0.0000000577205749 0.0002294983861949 0.0000000062693577 0.9999990814392913 0.9999993778810348
0.0122279493848836 -0.0000000644723263 0.0002294983228440 0.0000000074009437 0.9999989739923917 0.9999993051098733
0.0129084083306305 -0.0000000718474627 0.0002294982536440 0.0000000087065131 0.9999988566249897 0.9999992256197918
0.0136116049262964 -0.0000000798885767 0.0002294981781952 0.0000000102083169 0.9999987286592751 0.9999991389517237
0.0143378102139607 -0.0000000886403847 0.0002294980960780 0.0000000119309379 0.9999985893836328 0.9999990446237076
0.0150872776609413 -0.0000000981494126 0.0002294980068559 0.0000000139014055 0.9999984380576575 0.9999989421342825
0.0158602747594347 -0.0000001084644229 0.0002294979100714 0.0000000161494650 0.9999982739053463 0.9999988309578778
0.0166570468577388 -0.0000001196359949 0.0002294978052499 0.0000000187076827 0.9999980961217870 0.9999987105493424
0.0174778505311027 -0.0000001317170037 0.0002294976918953 0.0000000216117525 0.9999979038655316 0.9999985803387805
0.0183229503001334 -0.0000001447626599 0.0002294975694895 0.0000000249007300 0.9999976962579671 0.9999984397311245
0.0191925865571257 -0.0000001588300618 0.0002294974374968 0.0000000286171470 0.9999974723904387 0.9999982881109590
0.0200869997708935 -0.0000001739785776 0.0002294972953602 0.0000000328073364 0.9999972313181709 0.9999981248384049
0.0210064371672748 -0.0000001902700175 0.0002294971424996 0.0000000375217321 0.9999969720575245 0.9999979492472604
0.0219511412130198 -0.0000002077684952 0.0002294969783136 0.0000000428150956 0.9999966935882064 0.9999977606464978
0.0229213520320270 -0.0000002265405091 0.0002294968021782 0.0000000487468126 0.9999963948519730 0.9999975583193856
0.0239173172849011 -0.0000002466551890 0.0002294966134447 0.0000000553812611 0.9999960747487038 0.9999973415208288
0.0249392573711800 -0.0000002681836343 0.0002294964114461 0.0000000627878929 0.9999957321469378 0.9999971094845048
0.0259874205498918 -0.0000002912000811 0.0002294961954857 0.0000000710419356 0.9999953658652980 0.9999968614102827
0.0270620343390631 -0.0000003157809467 0.0002294959648467 0.0000000802244008 0.9999949746876976 0.9999965964745215
0.0281633403743742 -0.0000003420056340 0.0002294957187839 0.0000000904227150 0.9999945573505373 0.9999963138213999
0.0292915482769661 -0.0000003699554869 0.0002294954565342 0.0000001017306734 0.9999941125593286 0.9999960125741733
0.0304468866212567 -0.0000003997150254 0.0002294951773045 0.0000001142492826 0.9999936389690461 0.9999956918218680
0.0316295941446252 -0.0000004313718505 0.0002294948802729 0.0000001280871429 0.9999931351856302 0.9999953506202977
0.0328398869614039 -0.0000004650158230 0.0002294945645962 0.0000001433604982 0.9999925997790636 0.9999949880009206
0.0340779810220997 -0.0000005007396591 0.0002294942294045 0.0000001601938957 0.9999920312738919 0.9999946029644176
0.0353440934822501 -0.0000005386390227 0.0002294938738002 0.0000001787206673 0.9999914281477514 0.9999941944796967
0.0366384416965028 -0.0000005788125525 0.0002294934968578 0.0000001990834009 0.9999907888309437 0.9999937614836030
0.0379612486284317 -0.0000006213620924 0.0002294930976217 0.0000002214345374 0.9999901117027606 0.9999933028784302
0.0393127303640488 -0.0000006663923547 0.0002294926751095 0.0000002459366930 0.9999893950968576 0.9999928175355592
0.0406931006426127 -0.0000007140110921 0.0002294922283102 0.0000002727632497 0.9999886372985010 0.9999923042935935
0.0421025737447985 -0.0000007643292428 0.0002294917561828 0.0000003020989637 0.9999878365422747 0.9999917619568054
0.0435413445501475 -0.0000008174602377 0.0002294912576630 0.0000003341400914 0.9999869910230940 0.9999911893025950
0.0450096327074878 -0.0000008735216462 0.0002294907316479 0.0000003690959280 0.9999860988700187 0.9999905850637543
0.0465076443256393 -0.0000009326338493 0.0002294901770078 0.0000004071886175 0.9999851581673747 0.9999899479427710
0.0480355702707847 -0.0000009949199355 0.0002294895925878 0.0000004486536408 0.9999841669564031 0.9999892766129459
0.0495936514802491 -0.0000010605084448 0.0002294889771821 0.0000004937422919 0.9999831231915974 0.9999885696888196
0.0511820655813628 -0.0000011295287565 0.0002294883295765 0.0000005427192327 0.9999820248140993 0.9999878257758816
0.0528010312246665 -0.0000012021154610 0.0002294876485084 0.0000005958661272 0.9999808696821321 0.9999870434234542
0.0544507292385960 -0.0000012784049955 0.0002294869326977 0.0000006534799535 0.9999796556245357 0.9999862211609487
0.0561313745865349 -0.0000013585389106 0.0002294861808161 0.0000007158761087 0.9999783803887806 0.9999853574626566
0.0578431689100052 -0.0000014426618036 0.0002294853915071 0.0000007833876479 0.9999770416738685 0.9999844507700308
0.0595862894795393 -0.0000015309207073 0.0002294845633911 0.0000008563654696 0.9999756371400461 0.9999834994982654
0.0613609493776815 -0.0000016234681427 0.0002294836950371 0.0000009351815891 0.9999741643602343 0.9999825020033963
0.0631673472516014 -0.0000017204597087 0.0002294827849853 0.0000010202280302 0.9999726208583846 0.9999814566082804
0.0650056474648324 -0.0000018220529129 0.0002294818317577 0.0000011119165090 0.9999710041280852 0.9999803616151949
0.0668760716619012 -0.0000019284122299 0.0002294808338114 0.0000012106838132 0.9999693115520620 0.9999792152513163
0.0687787898895661 -0.0000020397031591 0.0002294797895934 0.0000013169873468 0.9999675404967507 0.9999780157327707
0.0707140076118377 -0.0000021560971613 0.0002294786974952 0.0000014313105788 0.9999656882337298 0.9999767612114210
0.0726819143266473 -0.0000022777687862 0.0002294775558791 0.0000015541613200 0.9999637519854384 0.9999754498058291
0.0746827047618356 -0.0000024048969571 0.0002294763630663 0.0000016860739223 0.9999617289047300 0.9999740795874071
0.0767165412716259 -0.0000025376625827 0.0002294751173596 0.0000018276077455 0.9999596161128834 0.9999726486061598
0.0787836319327027 -0.0000026762536291 0.0002294738169955 0.0000019793535080 0.9999574106188851 0.9999711548360134
0.0808841452871322 -0.0000028208596334 0.0002294724601956 0.0000021419285195 0.9999551094067382 0.9999695962339492
0.0830182922945120 -0.0000029716772668 0.0002294710451150 0.0000023159838840 0.9999527093469429 0.9999679706800459
0.0851862307460841 -0.0000031289037573 0.0002294695699031 0.0000025021981648 0.9999502073011558 0.9999662760483649
0.0873881422616347 -0.0000032927422489 0.0002294680326541 0.0000027012845571 0.9999476000369169 0.9999645101491923
0.0896242242230289 -0.0000034634014530 0.0002294664314099 0.0000029139918683 0.9999448842331891 0.9999626707327891
0.0918946632149838 -0.0000036410937518 0.0002294647641779 0.0000031411034624 0.9999420565105527 0.9999607555098395
0.0941996109569771 -0.0000038260331932 0.0002294630289501 0.0000033834357258 0.9999391134631030 0.9999587621730536
0.0965392699282183 -0.0000040184423230 0.0002294612236386 0.0000036418481690 0.9999360515497412 0.9999566883235351
0.0989138047888465 -0.0000042185451933 0.0002294593461414 0.0000039172356507 0.9999328672054244 0.9999545315461297
0.1013233925982699 -0.0000044265714183 0.0002294573943043 0.0000042105349941 0.9999295567766345 0.9999522893657152
0.1037682130356281 -0.0000046427554788 0.0002294553659277 0.0000045227255039 0.9999261165324450 0.9999499592546939
0.1062484348230506 -0.0000048673355597 0.0002294532587770 0.0000048548286712 0.9999225426830238 0.9999475386455220
0.1087642471160527 -0.0000051005564292 0.0002294510705559 0.0000052079138514 0.9999188313338140 0.9999450248996734
0.1113158163333769 -0.0000053426655713 0.0002294487989427 0.0000055830940060 0.9999149785470887 0.9999424153493272
0.1139032848297361 -0.0000055939128590 0.0002294464415933 0.0000059815263210 0.9999109803471445 0.9999397073008830
0.1165268757852980 -0.0000058545608729 0.0002294439960445 0.0000064044302325 0.9999068325561125 0.9999368979237491
0.1191867228367487 -0.0000061248683616 0.0002294414598689 0.0000068530627048 0.9999025310571485 0.9999339844286027
0.1218830195324220 -0.0000064051049778 0.0002294388305369 0.0000073287435075 0.9998980715599463 0.9999309639085627
0.1246159129436773 -0.0000066955405934 0.0002294361055168 0.0000078328392496 0.9998934497707671 0.9999278334543520
0.1273855994472418 -0.0000069964553258 0.0002294332821811 0.0000083667821402 0.9998886612328958 0.9999245900462285
0.1301922426750009 -0.0000073081309690 0.0002294303578862 0.0000089320570295 0.9998837014629982 0.9999212306463399
0.1330359803462348 -0.0000076308514381 0.0002294273299689 0.0000095302033469 0.9998785659440564 0.9999177521939351
0.1359169906545193 -0.0000079649102787 0.0002294241956755 0.0000101628306742 0.9998732500058675 0.9999141515244164
0.1388354729076648 -0.0000083106089025 0.0002294209521788 0.0000108316180465 0.9998677488531360 0.9999104253883625
0.1417915407374849 -0.0000086682438562 0.0002294175966971 0.0000115382909840 0.9998620577680575 0.9999065705887406
0.1447853977654543 -0.0000090381277099 0.0002294141262985 0.0000122846639004 0.9998561717779302 0.9999025837557616
0.1478171658671446 -0.0000094205683808 0.0002294105380946 0.0000130726012960 0.9998500859841798 0.9998984615697367
0.1508870501189803 -0.0000098158895769 0.0002294068290491 0.0000139040610763 0.9998437952370514 0.9998942005407258
0.1539951996365794 -0.0000102244134720 0.0002294029961401 0.0000147810612923 0.9998372944112909 0.9998897971952624
0.1571417537586020 -0.0000106464662720 0.0002293990363080 0.0000157056930434 0.9998305783175926 0.9998852480163679
0.1603269167343683 -0.0000110823884522 0.0002293949463593 0.0000166801454068 0.9998236415396837 0.9998805493331921
0.1635508177657594 -0.0000115325159691 0.0002293907231428 0.0000177066663254 0.9998164787333127 0.9998756975235288
0.1668136196910454 -0.0000119971949035 0.0002293863634127 0.0000187875969572 0.9998090843932423 0.9998706888559785
0.1701154937229614 -0.0000124767782757 0.0002293818638580 0.0000199253673547 0.9998014529039304 0.9998655195242703
0.1734565777356418 -0.0000129716199814 0.0002293772211594 0.0000211224842858 0.9997935786360312 0.9998601857126209
0.1768370377979170 -0.0000134820837446 0.0002293724319059 0.0000223815547635 0.9997854558039470 0.9998546834992361
0.1802570389717961 -0.0000140085390395 0.0002293674926321 0.0000237052790850 0.9997770785307148 0.9998490089002550
0.1837167227689331 -0.0000145513575608 0.0002293623998523 0.0000250964441653 0.9997684409041958 0.9998431579078014
0.1872162637749102 -0.0000151109220619 0.0002293571499768 0.0000265579484756 0.9997595368364253 0.9998371263947029
0.1907558041587476 -0.0000156876161373 0.0002293517394083 0.0000280927784393 0.9997503602262293 0.9998309102246332
0.1943354986928443 -0.0000162818313226 0.0002293461644751 0.0000297040292177 0.9997409048462336 0.9998245051755653
0.1979555089246815 -0.0000168939663450 0.0002293404214380 0.0000313949057770 0.9997311643548172 0.9998179069478568
0.2016159698543527 -0.0000175244214893 0.0002293345065433 0.0000331687099166 0.9997211323857538 0.9998111112249631
0.2053170418386545 -0.0000181736074170 0.0002293284159403 0.0000350288673696 0.9997108024079018 0.9998041135783804
0.2090588996390340 -0.0000188419436461 0.0002293221456951 0.0000369789272585 0.9997001677493982 0.9997969094840210
0.2128416881713982 -0.0000195298507211 0.0002293156918642 0.0000390225422279 0.9996892217222603 0.9997894944066089
0.2166655538053571 -0.0000202377556270 0.0002293090504440 0.0000411634865238 0.9996779575362471 0.9997818637413166
0.2205306234788863 -0.0000209660878926 0.0002293022174071 0.0000434056469199 0.9996663683608785 0.9997740128557658
0.2244370702753152 -0.0000217152919999 0.0002292951885860 0.0000457530639443 0.9996544471279781 0.9997659369562506
0.2283850328254159 -0.0000224858123452 0.0002292879598141 0.0000482098889700 0.9996421867709953 0.9997576312498472
0.2323746596606423 -0.0000232781015903 0.0002292805268474 0.0000507804129027 0.9996295800921229 0.9997490908543810
0.2364060882915383 -0.0000240926166186 0.0002292728854024 0.0000534690564311 0.9996166198266567 0.9997403108420125
0.2404794836384065 -0.0000249298263593 0.0002292650310829 0.0000562803991382 0.9996032985185195 0.9997312861548939
0.2445950004116380 -0.0000257902043884 0.0002292569594491 0.0000592191589244 0.9995896086379956 0.9997220116849125
0.2487527803622842 -0.0000266742282138 0.0002292486660246 0.0000622901923381 0.9995755425931215 0.9997124822813924
0.2529529524929809 -0.0000275823791406 0.0002292401462976 0.0000654984967491 0.9995610927318441 0.9997026927525405
0.2571956741961521 -0.0000285151512066 0.0002292313956370 0.0000688492453494 0.9995462511998570 0.9996926377691158
0.2614811029839020 -0.0000294730453792 0.0002292224093467 0.0000723477711368 0.9995310100329519 0.9996823119269753
0.2658093680676915 -0.0000304565631016 0.0002292131827267 0.0000759995464429 0.9995153612597215 0.9996717098166377
0.2701806080848166 -0.0000314662146003 0.0002292037109946 0.0000798102162914 0.9994992967693934 0.9996608259337221
0.2745949850460735 -0.0000325025224093 0.0002291939892528 0.0000837856163508 0.9994828082557696 0.9996496546409452
0.2790525963491076 -0.0000335660007068 0.0002291840126823 0.0000879316972249 0.9994658875460189 0.9996381903908639
0.2835536320228537 -0.0000346571925460 0.0002291737761935 0.0000922546721721 0.9994485260083225 0.9996264273245190
0.2880982180374037 -0.0000357766327963 0.0002291632747739 0.0000967608776183 0.9994307151415197 0.9996143596709136
0.2926865012651377 -0.0000369248683764 0.0002291525032980 0.0001014568557023 0.9994124462532156 0.9996019815288981
0.2973186306618829 -0.0000381024538920 0.0002291414565687 0.0001063493416730 0.9993937105291921 0.9995892869141749
0.3019947476559353 -0.0000393099492290 0.0002291301293396 0.0001114452579698 0.9993744990717363 0.9995762697852426
0.3067149597368447 -0.0000405479124720 0.0002291185163814 0.0001167516872146 0.9993548030123156 0.9995629241197199
0.3114794229106530 -0.0000418169213892 0.0002291066122805 0.0001222759676954 0.9993346131697743 0.9995492436827212
0.3162882752443057 -0.0000431175563618 0.0002290944115993 0.0001280256258072 0.9993139203219585 0.9995352222108753
0.3211416710826762 -0.0000444504095322 0.0002290819087898 0.0001340084202481 0.9992927150601815 0.9995208533136841
0.3260397260772533 -0.0000458160697529 0.0002290690983356 0.0001402322788896 0.9992709880287092 0.9995061306357720
0.3309826056518113 -0.0000472151470471 0.0002290559745220 0.0001467054136384 0.9992487295356298 0.9994910475931762
0.3359704437778084 -0.0000486482502041 0.0002290425316459 0.0001534362238136 0.9992259299093206 0.9994755976148633
0.3410033411912032 -0.0000501159856338 0.0002290287640274 0.0001604332922777 0.9992025795166924 0.9994597741550685
0.3460814736100870 -0.0000516189889544 0.0002290146657126 0.0001677055405943 0.9991786682606880 0.9994435703527423
0.3512049322161220 -0.0000531578784132 0.0002290002309112 0.0001752620111906 0.9991541863213380 0.9994269795336975
0.3563739100630850 -0.0000547333103002 0.0002289854534765 0.0001831121413512 0.9991291232742179 0.9994099946131811
0.3615885030479124 -0.0000563459192661 0.0002289703274651 0.0001912654753151 0.9991034690399474 0.9993926087392924
0.3668488617166689 -0.0000579963641683 0.0002289548467070 0.0001997318954226 0.9990772131548686 0.9993748147986989
0.3721550860272345 -0.0000596852956129 0.0002289390051102 0.0002085214631709 0.9990503452874353 0.9993566057665568
0.3775073384121607 -0.0000614133916095 0.0002289227963260 0.0002176446079543 0.9990228546710358 0.9993379743220865
0.3829057590670106 -0.0000631813311146 0.0002289062139975 0.0002271119970158 0.9989947305249025 0.9993189131337878
0.3883504597087185 -0.0000649897914824 0.0002288892517831 0.0002369345242334 0.9989659620947031 0.9992994148869178
0.3938415899165675 -0.0000668394703451 0.0002288719031520 0.0002471234332364 0.9989365383044994 0.9992794720475608
0.3993792815917043 -0.0000687310674474 0.0002288541615536 0.0002576902254692 0.9989064480457535 0.9992590770584618
0.4049636560936324 -0.0000706652867649 0.0002288360203986 0.0002686466755541 0.9988756801436732 0.9992382223161744
0.4105948462965742 -0.0000726428440934 0.0002288174729874 0.0002800048793142 0.9988442232365112 0.9992169000892062
0.4162729679987096 -0.0000746644571231 0.0002287985126031 0.0002917772027621 0.9988120659335076 0.9991951026250279
0.4219981803516072 -0.0000767308670234 0.0002287791323093 0.0003039764136901 0.9987791964715707 0.9991728219173093
0.4277706174074428 -0.0000788428143430 0.0002287593251762 0.0003166155485288 0.9987456030986854 0.9991500499657544
0.4335903783505116 -0.0000810010347919 0.0002287390843200 0.0003297078889956 0.9987112741410303 0.9991267788215593
0.4394576174284793 -0.0000832062924383 0.0002287184025916 0.0003432671682155 0.9986761974749906 0.9991030002294488
0.4453724364028951 -0.0000854593398976 0.0002286972729501 0.0003573073353911 0.9986403611604321 0.9990787060569102
0.4513349824188097 -0.0000877609550739 0.0002286756881183 0.0003718427873263 0.9986037528563492 0.9990538878980049
0.4573453723714577 -0.0000901119125838 0.0002286536408506 0.0003868881977247 0.9985663602754281 0.9990285373814666
0.4634037690424473 -0.0000925130133950 0.0002286311236548 0.0004024587120670 0.9985281707126965 0.9990026458510907
0.4695102312740390 -0.0000949650255122 0.0002286081293491 0.0004185695694735 0.9984891719889498 0.9989762050052935
0.4756649355393225 -0.0000974687720123 0.0002285846502358 0.0004352366811979 0.9984493510506199 0.9989492059477937
0.4818680138108057 -0.0001000250669416 0.0002285606787030 0.0004524762223102 0.9984086949893730 0.9989216398788072
0.4881195465660754 -0.0001026347112480 0.0002285362072625 0.0004703046028115 0.9983671911068429 0.9988934981389023
0.4944197008281873 -0.0001052985501744 0.0002285112280115 0.0004887388645196 0.9983248260018961 0.9988647715900589
0.5007685789418653 -0.0001080174104646 0.0002284857332221 0.0005077962608226 0.9982815865693663 0.9988354512927874
0.5071663182790646 -0.0001107921421654 0.0002284597149483 0.0005274945501429 0.9982374593352993 0.9988055280553160
0.5136130372340914 -0.0001136235957576 0.0002284331652417 0.0005478518440896 0.9981924308207145 0.9987749926801782
0.5201088614829470 -0.0001165126334261 0.0002284060760448 0.0005688866933950 0.9981464873624294 0.9987438358426423
0.5266539198616943 -0.0001194601274350 0.0002283784392070 0.0005906180844088 0.9980996151389719 0.9987120481082031
0.5332483322113893 -0.0001224669546810 0.0002283502465352 0.0006130654060874 0.9980518002572514 0.9986796199912851
0.5398922127200111 -0.0001255339980324 0.0002283214897816 0.0006362484656134 0.9980030287313323 0.9986465419407722
0.5465856803025874 -0.0001286621510864 0.0002282921605991 0.0006601875311269 0.9979532864068499 0.9986128042886676
0.5533288556381250 -0.0001318523169313 0.0002282622505527 0.0006849033304822 0.9979025589807685 0.9985783972634086
0.5601218796651758 -0.0001351054171458 0.0002282317510357 0.0007104171301744 0.9978508318583493 0.9985433108927589
0.5669648540947398 -0.0001384223634223 0.0002282006535350 0.0007367505210166 0.9977980906044525 0.9985075353098372
0.5738579044352974 -0.0001418040875620 0.0002281689493506 0.0007639256593590 0.9977443204666504 0.9984710604295631
0.5808011463845589 -0.0001452515254251 0.0002281366297458 0.0007919651490436 0.9976895066305187 0.9984338761217301
0.5877947071561581 -0.0001487656274562 0.0002281036858488 0.0008208921341360 0.9976336340523485 0.9983959720974305
0.5948387061995051 -0.0001523473492056 0.0002280701087413 0.0008507302303034 0.9975766876099534 0.9983573380112614
0.6019332513114551 -0.0001559976491208 0.0002280358894794 0.0008815035123058 0.9975186521378498 0.9983179634851037
0.6090784670093710 -0.0001597175030852 0.0002280010189574 0.0009132366438913 0.9974595121961953 0.9982778379512603
0.6162744589240400 -0.0001635078860982 0.0002279654880795 0.0009459547312653 0.9973992523621364 0.9982369508500217
0.6235213775507706 -0.0001673698058995 0.0002279292874448 0.0009796836218070 0.9973378566953419 0.9981952912669169
0.6308193203236518 -0.0001713042512983 0.0002278924078316 0.0010144494654550 0.9972753095595550 0.9981528484900449
0.6381684048576941 -0.0001753122307310 0.0002278548398359 0.0010502790555638 0.9972115950096937 0.9981096115941070
0.6455687519318986 -0.0001793947634828 0.0002278165739539 0.0010871997631342 0.9971466969315103 0.9980655695350475
0.6530204764761065 -0.0001835528747647 0.0002277776006283 0.0011252395011697 0.9970805991199551 0.9980207112031189
0.6605237104499138 -0.0001877876085467 0.0002277379101279 0.0011644268512664 0.9970132850752744 0.9979750252843804
0.6680785334610901 -0.0001920999883119 0.0002276974929154 0.0012047907082169 0.9969447386269582 0.9979285006840549
0.6756850655131799 -0.0001964910692396 0.0002276563391586 0.0012463607699876 0.9968749431043512 0.9978811259635110
0.6833434585269175 -0.0002009619345632 0.0002276144387647 0.0012891675237674 0.9968038813946941 0.9978328893794768
0.6910537676188890 -0.0002055136202408 0.0002275717820858 0.0013332415319260 0.9967315371405464 0.9977837796967296
0.6988161655072221 -0.0002101472404949 0.0002275283587431 0.0013786146466879 0.9966578927445389 0.9977337848335758
0.7066307315519077 -0.0002148638637017 0.0002274841587896 0.0014253188215275 0.9965829313421150 0.9976828932008597
0.7144975927715279 -0.0002196645958458 0.0002274391719283 0.0014733869305441 0.9965066354752318 0.9976310928014812
0.7224168602617124 -0.0002245505426997 0.0002273933878668 0.0015228524087007 0.9964289876935882 0.9975783716384043
0.7303886446961572 -0.0002295228190398 0.0002273467962307 0.0015737493510492 0.9963499704082766 0.9975247176151668
0.7384130510578691 -0.0002345825453193 0.0002272993865950 0.0016261124876852 0.9962695659447784 0.9974701185717223
0.7464901691741642 -0.0002397308414342 0.0002272511485425 0.0016799771259303 0.9961877566421442 0.9974145623516567
0.7546201569062738 -0.0002449688801098 0.0002272020711641 0.0017353797222793 0.9961045240048126 0.9973580362260220
0.7628030806749810 -0.0002502977848761 0.0002271521440141 0.0017923568207042 0.9960198503239439 0.9973005279942426
0.7710390755312565 -0.0002557187328330 0.0002271013561478 0.0018509461456042 0.9959337170446111 0.9972420248750818
0.7793282469663984 -0.0002612328914097 0.0002270496967145 0.0019111859430944 0.9958461057708357 0.9971825141890344
0.7876707152992967 -0.0002668414473512 0.0002269971546850 0.0019731153019889 0.9957569978051570 0.9971219830454425
0.7960666033068889 -0.0002725455988215 0.0002269437189267 0.0020367740814657 0.9956663742742687 0.9970604184276459
0.8045159791405567 -0.0002783465161251 0.0002268893785710 0.0021022024774565 0.9955742167531787 0.9969978076168624
0.8130189719411595 -0.0002842454203893 0.0002268341222767 0.0021694419125283 0.9954805060153205 0.9969341373428993
0.8215757002039479 -0.0002902435353083 0.0002267779386817 0.0022385345125899 0.9953852227993959 0.9968693943048966
0.8301862427724112 -0.0002963420661357 0.0002267208166003 0.0023095228677981 0.9952883481432176 0.9968035653980313
0.8388507412801174 -0.0003025422719360 0.0002266627443464 0.0023824508806879 0.9951898622361458 0.9967366369335516
0.8475692834738331 -0.0003088453831302 0.0002266037105056 0.0024573628192554 0.9950897457290601 0.9966685955287372
0.8563419854966468 -0.0003152526599304 0.0002265437033885 0.0025343040099358 0.9949879788063117 0.9965994274760588
0.8651689398615880 -0.0003217653548319 0.0002264827113818 0.0026133204039239 0.9948845417816712 0.9965291191479942
0.8740502609281235 -0.0003283847458138 0.0002264207226374 0.0026944589867400 0.9947794145711946 0.9964576566385511
0.8829860512614419 -0.0003351121117226 0.0002263577253032 0.0027777674932265 0.9946725770843783 0.9963850260289210
0.8919763890294122 -0.0003419487222142 0.0002262937076175 0.0028632942870976 0.9945640093840596 0.9963112134960213
0.9010214269241313 -0.0003488959131924 0.0002262286572022 0.0029510893187058 0.9944536904886268 0.9962362044979167
0.9101212041498352 -0.0003559549431090 0.0002261625624091 0.0030412023293518 0.9943416006541764 0.9961599853252484
0.9192758566400938 -0.0003631271541188 0.0002260954108106 0.0031336848955049 0.9942277188156184 0.9960825413611710
0.9284855153982362 -0.0003704138949986 0.0002260271899220 0.0032285894795852 0.9941120238109701 0.9960038579134711
0.9377502838435612 -0.0003778165027939 0.0002259578873729 0.0033259691975511 0.9939944946729582 0.9959239204126870
0.9470702357395326 -0.0003853363000790 0.0002258874909333 0.0034258777805332 0.9938751106726471 0.9958427144416452
0.9564454749374312 -0.0003929746427094 0.0002258159880668 0.0035283702149696 0.9937538505615233 0.9957602252197255
0.9658761064578820 -0.0004007328971117 0.0002257433661429 0.0036335024612258 0.9936306929323089 0.9956764378479885
0.9753622410768101 -0.0004086124441700 0.0002256696124012 0.0037413315200605 0.9935056161575155 0.9955913372671125
0.9849039861793460 -0.0004166146717618 0.0002255947140212 0.0038519153447321 0.9933785985081793 0.9955049083379111
0.9945014042800912 -0.0004247409393455 0.0002255186584536 0.0039653123552935 0.9932496187161460 0.9954171362237456
1.0041546284738720 -0.0004329926753075 0.0002254414325102 0.0040815828036434 0.9931186544291976 0.9953280053390031
1.0138637514325868 -0.0004413712835916 0.0002253630232367 0.0042007874919213 0.9929856836933404 0.9952375003574785
1.0236288519888339 -0.0004498781653277 0.0002252834177115 0.0043229880742740 0.9928506846096858 0.9951456059787005
1.0334500311014643 -0.0004585147500411 0.0002252026027532 0.0044482475159198 0.9927136348394483 0.9950523065907219
1.0433274094081448 -0.0004672824943834 0.0002251205649327 0.0045766301005135 0.9925745116244199 0.9949575862836785
1.0532610856420732 -0.0004761828455289 0.0002250372909162 0.0047082009119216 0.9924332923681111 0.9948614292451275
1.0632511606705042 -0.0004852172621087 0.0002249527672690 0.0048430261480400 0.9922899543038072 0.9947638195338006
1.0732977104083761 -0.0004943871894679 0.0002248669806875 0.0049811727609303 0.9921444748874118 0.9946647413468526
1.0834008393277148 -0.0005036941081312 0.0002247799175458 0.0051227091944382 0.9919968310287984 0.9945641784961217
1.0935606379149245 -0.0005131394952783 0.0002246915642564 0.0052677048217940 0.9918469997033291 0.9944621148242577
1.1037772166776147 -0.0005227248562013 0.0002246019069758 0.0054162304396384 0.9916949574531500 0.9943585338647161
1.1140506385045756 -0.0005324516608304 0.0002245109321989 0.0055683572978214 0.9915406813943239 0.9942534195275649
1.1243810477434049 -0.0005423214655619 0.0002244186256191 0.0057241590125099 0.9913841472848119 0.9941467547828494
1.1347685116103507 -0.0005523357631976 0.0002243249735326 0.0058837092345330 0.9912253319049088 0.9940385232821355
1.1452131206548655 -0.0005624960777660 0.0002242299619514 0.0060470831413863 0.9910642115535971 0.9939287083337222
1.1557149585903563 -0.0005728039357856 0.0002241335768720 0.0062143569987484 0.9909007625046594 0.9938172932130940
1.1662741538397758 -0.0005832609172312 0.0002240358037997 0.0063856090078307 0.9907349601989131 0.9937042606119094
1.1768907558243029 -0.0005938685333492 0.0002239366288907 0.0065609173240973 0.9905667811819266 0.9935895939586025
1.1875648805588865 -0.0006046283705641 0.0002238360376071 0.0067403624236301 0.9903962008226257 0.9934732758627667
1.1982966229137038 -0.0006155420038111 0.0002237340155272 0.0069240257020316 0.9902231946878537 0.9933552890518395
1.2090860632602498 -0.0006266110024370 0.0002236305482906 0.0071119895737797 0.9900477384491149 0.9932356163072587
1.2199332910029670 -0.0006378369539965 0.0002235256213761 0.0073043378848856 0.9898698075057060 0.9931142402070919
1.2308384037170323 -0.0006492214637435 0.0002234192201066 0.0075011559254242 0.9896893769932377 0.9929911431314085
1.2418014974634406 -0.0006607661447482 0.0002233113297416 0.0077025302775845 0.9895064219406969 0.9928663073690080
1.2528226597471510 -0.0006724726103069 0.0002232019355485 0.0079085486951918 0.9893209173911273 0.9927397151993964
1.2639019360162562 -0.0006843424374929 0.0002230910231434 0.0081192994615179 0.9891328389795109 0.9926113492868894
1.2750394611779379 -0.0006963773079185 0.0002229785771759 0.0083348739008392 0.9889421607027880 0.9924811911582424
1.2862353134590050 -0.0007085788519074 0.0002228645827855 0.0085553636404010 0.9887488573895086 0.9923492228876789
1.2974895788755527 -0.0007209487170176 0.0002227490249618 0.0087808618323247 0.9885529036144534 0.9922154263557789
1.3088023633413701 -0.0007334885818627 0.0002226318884153 0.0090114634304491 0.9883542734802128 0.9920797830998246
1.3201737369419526 -0.0007462000944743 0.0002225131581536 0.0092472640748673 0.9881529415940229 0.9919422749804169
1.3316037658907238 -0.0007590849067725 0.0002223928191596 0.0094883607230948 0.9879488825220699 0.9918028838085613
1.3430925541414516 -0.0007721447218553 0.0002222708559503 0.0097348525574869 0.9877420700411016 0.9916615908339370
1.3546401862607165 -0.0007853812300134 0.0002221472531744 0.0099868398116544 0.9875324781523459 0.9915183774369652
1.3662467610548326 -0.0007987961468142 0.0002220219952571 0.0102444245026467 0.9873200804788949 0.9913732247166677
1.3779123218380225 -0.0008123911321636 0.0002218950671561 0.0105077088858668 0.9871048515476633 0.9912261143663613
1.3896370072474584 -0.0008261679655481 0.0002217664527257 0.0107767988546120 0.9868867640154676 0.9910770267772943
1.4014208687758434 -0.0008401283335605 0.0002216361367009 0.0110517998446604 0.9866657920333889 0.9909259433376956
1.4132639771514521 -0.0008542739532339 0.0002215041035459 0.0113328192257244 0.9864419092946355 0.9907728450981248
1.4251664388153813 -0.0008686065928638 0.0002213703372606 0.0116199667541715 0.9862150887057517 0.9906177125459042
1.4371283208973582 -0.0008831279822830 0.0002212348222181 0.0119133528044825 0.9859853038072495 0.9904605265761145
1.4491497252641163 -0.0008978399018909 0.0002210975423342 0.0122130901666978 0.9857525273652401 0.9903012675278667
1.4612306829565853 -0.0009127440535819 0.0002209584822721 0.0125192914354307 0.9855167334142441 0.9901399165813960
1.4733713291794510 -0.0009278422756918 0.0002208176254373 0.0128320734225451 0.9852778938570222 0.9899764534310572
1.4855717072078645 -0.0009431363013475 0.0002206749562322 0.0131515522146970 0.9850359822883024 0.9898108589012641
1.4978319208010498 -0.0009586275373185 0.0002205304583593 0.0134778470827768 0.9847909710083292 0.9896431129022939
1.5097312883135543 -0.0009737796651670 0.0002203891324618 0.0137996089300967 0.9845513390655686 0.9894790209756285
1.5221104780901222 -0.0009896654073057 0.0002202409790563 0.0141396867512463 0.9843001315511656 0.9893069718165755
1.5345485941939643 -0.0010057526045814 0.0002200909625314 0.0144869110295121 0.9840457661386509 0.9891327278447019
1.5470468456701005 -0.0010220445178104 0.0002199390531103 0.0148414377658831 0.9837881923855039 0.9889562532780689
1.5596052728399994 -0.0010385429203681 0.0002197852349062 0.0152033927410978 0.9835273834024142 0.9887775284340375
1.5722239894533012 -0.0010552496896045 0.0002196294910805 0.0155729055453118 0.9832633106877529 0.9885965324937221
1.5849030725316935 -0.0010721666630265 0.0002194718051847 0.0159501064608369 0.9829959464019749 0.9884132450597419
1.5976425848744475 -0.0010892956667497 0.0002193121608947 0.0163351270778675 0.9827252629183189 0.9882276458480268
1.6104426122071729 -0.0011066385652438 0.0002191505415481 0.0167281014251590 0.9824512320373774 0.9880397141487225
1.6233031972662193 -0.0011241971721395 0.0002189869309754 0.0171291639688506 0.9821738263971908 0.9878494297925963
1.6362244454562815 -0.0011419733938505 0.0002188213121625 0.0175384528953302 0.9818930172047927 0.9876567715945659
1.6492064199763974 -0.0011599690868750 0.0002186536685805 0.0179561068809352 0.9816087764915779 0.9874617188999817
1.6622492027846703 -0.0011781861410106 0.0002184839834111 0.0183822670099688 0.9813210757993979 0.9872642506827272
1.6753528514926710 -0.0011966264194047 0.0002183122401051 0.0188170753960146 0.9810298871282107 0.9870643461949329
1.6885174509033327 -0.0012152918305649 0.0002181384217126 0.0192606768848391 0.9807351817996666 0.9868619841863161
1.7017430452657794 -0.0012341842326171 0.0002179625117747 0.0197132168041868 0.9804369319696701 0.9866571439420400
1.7150296915662826 -0.0012533055080719 0.0002177844936277 0.0201748427381125 0.9801351094485435 0.9864498044721534
1.7283774904069296 -0.0012726576093791 0.0002176043499800 0.0206457056722663 0.9798296849831366 0.9862399440174043
1.7417865222323898 -0.0012922424677273 0.0002174220637611 0.0211259578251261 0.9795206296974579 0.9860275410380109
1.7552568296218967 -0.0013120619657638 0.0002172376183765 0.0216157519610754 0.9792079155236666 0.9858125745096274
1.7687884819434185 -0.0013321180316706 0.0002170509968321 0.0221152437057136 0.9788915137183245 0.9855950229030366
1.7823815414266149 -0.0013524125897171 0.0002168621821953 0.0226245903536671 0.9785713956436592 0.9853748647203432
1.7960360488310494 -0.0013729475381831 0.0002166711578003 0.0231439503142575 0.9782475331165393 0.9851520787344994
1.8097521319020855 -0.0013937249130086 0.0002164779057270 0.0236734872828368 0.9779198958286490 0.9849266422137167
1.8235298506458308 -0.0014147466555752 0.0002162824089617 0.0242133643988717 0.9775884550100316 0.9846985334407128
1.8373692025461923 -0.0014360146169841 0.0002160846513567 0.0247637442748608 0.9772531833614466 0.9844677316667368
1.8512703100015198 -0.0014575308456909 0.0002158846149572 0.0253247964457560 0.9769140505209343 0.9842342139901586
1.8652332162628593 -0.0014792972751057 0.0002156822829060 0.0258966893352888 0.9765710279899764 0.9839979587464459
1.8792579705843377 -0.0015013158533084 0.0002154776382383 0.0264795935989989 0.9762240870893212 0.9837589441006158
1.8933446629984718 -0.0015235885984906 0.0002152706633672 0.0270736836332460 0.9758731980867701 0.9835171474452541
1.9074933134884591 -0.0015461174240789 0.0002150613417090 0.0276791329385399 0.9755183329534580 0.9832725472989381
1.9217040005186539 -0.0015689043415671 0.0002148496557995 0.0282961195366490 0.9751594621693673 0.9830251211042891
1.9359767939085162 -0.0015919513549601 0.0002146355882754 0.0289248231897296 0.9747965563876508 0.9827748463738170
1.9503117586206680 -0.0016152604664057 0.0002144191218224 0.0295654255585808 0.9744295863469441 0.9825217006288248
1.9647089281011874 -0.0016388336320527 0.0002142002395859 0.0302181089844967 0.9740585235671982 0.9822656618789243
1.9791683594716591 -0.0016626728515025 0.0002139789243408 0.0308830589565681 0.9736833389424824 0.9820067076506211
1.9936901274158429 -0.0016867801588971 0.0002137551585752 0.0315604639152742 0.9733040028829238 0.9817448150839539
2.0082743075371128 -0.0017111575959401 0.0002135289247417 0.0322505145322172 0.9729204857407616 0.9814799612255031
2.0229208996329127 -0.0017358070823197 0.0002133002064604 0.0329534000202146 0.9725327598496424 0.9812121244364500
2.0376299966381226 -0.0017607306985188 0.0002130689858951 0.0336693161692456 0.9721407950767850 0.9809412813198947
2.0524016377558203 -0.0017859304396977 0.0002128352460377 0.0343984583780792 0.9717445626960721 0.9806674093950064
2.0672359040320654 -0.0018114083772282 0.0002125989692108 0.0351410263001043 0.9713440328488321 0.9803904853417542
2.0821327992710597 -0.0018371664544440 0.0002123601389625 0.0358972179164836 0.9709391777562709 0.9801104872209572
2.0970923949992861 -0.0018632067352657 0.0002121187377612 0.0366672367888288 0.9705299678121492 0.9798273917720690
2.1121147352048029 -0.0018895312405739 0.0002118747485142 0.0374512873070026 0.9701163741564995 0.9795411761917511
2.1271998673695416 -0.0019161420014535 0.0002116281540742 0.0382495762564799 0.9696983678400050 0.9792518175552566
2.1423478572688226 -0.0019430410856875 0.0002113789369956 0.0390623136429761 0.9692759194094738 0.9789592925283793
2.1575587832488310 -0.0019702305884930 0.0002111270796204 0.0398897124596440 0.9688489990552752 0.9786635774681518
2.1728326256555861 -0.0019977102066511 0.0002108725662697 0.0407319826090567 0.9684175797253495 0.9783646505813897
2.1882196502029787 -0.0020255739125799 0.0002106145349089 0.0415921663314008 0.9679802005355888 0.9780614960341592
2.2036196472796759 -0.0020536436032143 0.0002103546494182 0.0424648775236558 0.9675396823711344 0.9777560658467153
2.2190828472349087 -0.0020820119114281 0.0002100920537760 0.0433531231464727 0.9670945743478082 0.9774473513099753
2.2346092057561533 -0.0021106807261780 0.0002098267324231 0.0442571207892081 0.9666448502265422 0.9771353309353004
2.2501987217809405 -0.0021396520161855 0.0002095586691077 0.0451770926423431 0.9661904825970800 0.9768199823566329
2.2658514550223114 -0.0021689278653014 0.0002092878465598 0.0461132667302550 0.9657314423264424 0.9765012819452250
2.2815674627001048 -0.0021985103565853 0.0002090142475653 0.0470658733041124 0.9652677003795327 0.9761792060712831
2.2973467700650301 -0.0022284015160663 0.0002087378554868 0.0480351430214691 0.9647992287020754 0.9758537317166303
2.3131894131709685 -0.0022586033925363 0.0002084586535268 0.0490213095066434 0.9643259989710817 0.9755248356063281
2.3290954179524728 -0.0022891180178521 0.0002081766250950 0.0500246080766716 0.9638479832187391 0.9751924946411897
2.3450648184162262 -0.0023199474414687 0.0002078917534908 0.0510452768792197 0.9633651532930072 0.9748566855219949
2.3610977056486560 -0.0023510938263466 0.0002076040210181 0.0520835601305896 0.9628774793582064 0.9745173837048289
2.3771941134060888 -0.0023825592279956 0.0002073134110282 0.0531397008143168 0.9623849333573222 0.9741745658081343
2.3933540460995149 -0.0024143456461284 0.0002070199074427 0.0542139423195628 0.9618874882034569 0.9738282090508646
2.4095775147625478 -0.0024464550941925 0.0002067234941123 0.0553065307601973 0.9613851166928047 0.9734782904954189
2.4258645834368586 -0.0024788896923421 0.0002064241539597 0.0564177181959476 0.9608777900527161 0.9731247860345471
2.4422153089371870 -0.0025116515495418 0.0002061218700699 0.0575477586859799 0.9603654797891341 0.9727676716762172
2.4586297039262828 -0.0025447426883807 0.0002058166263846 0.0586969056661320 0.9598481588635479 0.9724069243637761
2.4751077862942625 -0.0025781651427360 0.0002055084068016 0.0598654152830980 0.9593258001669631 0.9720425209120470
2.4916496097119873 -0.0026119210205465 0.0002051971945974 0.0610535486337168 0.9587983755414352 0.9716744373231453
2.5082552011904387 -0.0026460123773653 0.0002048829735950 0.0622615673663114 0.9582658577585691 0.9713026501655005
2.5249245754050711 -0.0026804412443057 0.0002045657279062 0.0634897346281277 0.9577282200841050 0.9709271362698491
2.5416577755334107 -0.0027152097123001 0.0002042454411572 0.0647383180810654 0.9571854349642477 0.9705478718107063
2.5584548153802054 -0.0027503198124579 0.0002039220975916 0.0660075856426730 0.9566374758961149 0.9701648336118033
2.5753157377995723 -0.0027857736373668 0.0002035956809548 0.0672978098521590 0.9560843155362382 0.9697779978234142
2.5922405633747196 -0.0028215732339524 0.0002032661754817 0.0686092640154151 0.9555259273750757 0.9693873410917102
2.6092292874505727 -0.0028577205956767 0.0002029335659690 0.0699422218698442 0.9549622858598183 0.9689928406447832
2.6262819678643674 -0.0028942178491922 0.0002025978360595 0.0712969644787214 0.9543933634862387 0.9685944722561330
2.6433986312002684 -0.0029310670557798 0.0002022589700708 0.0726737729587317 0.9538191338979748 0.9681922124120886
2.6605792645273092 -0.0029682701913691 0.0002019169531792 0.0740729276546614 0.9532395721985104 0.9677860385310276
2.6778239321760320 -0.0030058230008764 0.0002015717701096 0.0754947176320374 0.9526546509772895 0.9673759261860829
2.6945241784875438 -0.0030423963419036 0.0002012356834279 0.0768883422378925 0.9520851507225444 0.9669764498440890
2.7118960483591485 -0.0030806562431739 0.0002008842058635 0.0783555619730888 0.9514895781400329 0.9665584987441197
2.7293306153934482 -0.0031192749545772 0.0002005295440790 0.0798461605935841 0.9508886178401627 0.9661365733986237
2.7468293098078682 -0.0031582576150210 0.0002001716545231 0.0813605517853524 0.9502821962691782 0.9657106166210340
2.7643921189937277 -0.0031976061928005 0.0001998105228571 0.0828990304510201 0.9496702893786940 0.9652806058621242
2.7820190134301810 -0.0032373226158679 0.0001994461351945 0.0844618923183275 0.9490528738919387 0.9648465190182446
2.7997100628153029 -0.0032774090345611 0.0001990784756931 0.0860494443335603 0.9484299232231231 0.9644083315603256
2.8174652319754108 -0.0033178673615035 0.0001987075307774 0.0876619865532965 0.9478014146324643 0.9639660215635171
2.8352845433259763 -0.0033586996381507 0.0001983332857777 0.0892998265983790 0.9471673235312287 0.9635195657016884
2.8531680128125441 -0.0033999078903857 0.0001979557262565 0.0909632739763816 0.9465276257293570 0.9630689408266351
2.8711156762384413 -0.0034414941892133 0.0001975748374537 0.0926526425412608 0.9458822964961845 0.9626141233052703
2.8891275295238783 -0.0034834605123986 0.0001971906055563 0.0943682448832791 0.9452313127105078 0.9621550905337796
2.9072035445005571 -0.0035258087789486 0.0001968030173822 0.0961103936375220 0.9445746523262136 0.9616918205620202
2.9253437797875246 -0.0035685411093989 0.0001964120580008 0.0978794122216563 0.9439122903397361 0.9612242892469930
2.9435482226533192 -0.0036116594557695 0.0001960177141209 0.0996756196392935 0.9432442045315256 0.9607524743018789
2.9618168384008814 -0.0036551657148351 0.0001956199730549 0.1014993350285687 0.9425703737100201 0.9602763540586143
2.9801496586575484 -0.0036990619386199 0.0001952188207962 0.1033508865000440 0.9418907744547813 0.9597959051653551
2.9985466974071873 -0.0037433501359504 0.0001948142438358 0.1052306028955205 0.9412053841949278 0.9593111047589756
3.0170079648584229 -0.0037880323049205 0.0001944062288676 0.1071388151262164 0.9405141807088874 0.9588219301111001
3.0355334396529843 -0.0038331103647939 0.0001939947634109 0.1090758532271181 0.9398171431800753 0.9583283593750533
3.0541231104908442 -0.0038785862560044 0.0001935798348993 0.1110420505925443 0.9391142506522924 0.9578303704925127
3.0727769739526969 -0.0039244619353932 0.0001931614307255 0.1130377437989920 0.9384054821072710 0.9573279412467999
3.0914950589268542 -0.0039707292954409 0.0001927395393139 0.1150632753083337 0.9376908154520797 0.9568210485630656
3.1085343953579416 -0.0040130573674062 0.0001923537090234 0.1169272376174691 0.9370372449962108 0.9563572409717949
3.1273785559482516 -0.0040601032617320 0.0001919250473782 0.1190110292399052 0.9363111329792256 0.9558416750142770
3.1462833032229045 -0.0041075472311929 0.0001914929436409 0.1211252597585496 0.9355792030731535 0.9553216803082774
3.1652522373688528 -0.0041554001847530 0.0001910573041113 0.1232706736244614 0.9348412969241030 0.9547971365734884
3.1842853183999269 -0.0042036639623106 0.0001906181178583 0.1254476171986915 0.9340973963897816 0.9542680229380839
3.2033825536721459 -0.0042523405198605 0.0001901753730159 0.1276564445068157 0.9333474817509010 0.9537343172876424
3.2225439293173079 -0.0043014317564537 0.0001897290583602 0.1298975094741543 0.9325915343830208 0.9531959981635426
3.2417694111371760 -0.0043509395150931 0.0001892791633024 0.1321711658888572 0.9318295367444552 0.9526530447551378
3.2610589827032181 -0.0044008656802396 0.0001888256770040 0.1344777718421185 0.9310614708782858 0.9521054358322243
3.2804126403319023 -0.0044512121658583 0.0001883685884890 0.1368176892265249 0.9302873186014960 0.9515531498775950
3.2998303907171214 -0.0045019809100381 0.0001879078866950 0.1391912835229298 0.9295070615926585 0.9509961651476048
3.3193122288238270 -0.0045531738174323 0.0001874435609981 0.1415989211170156 0.9287206822808046 0.9504344603053934
3.3388580768751455 -0.0046047925969504 0.0001869756026859 0.1440409615492317 0.9279281663394878 0.9498680162041425
3.3584679188326731 -0.0046568391147664 0.0001865040017570 0.1465177740866571 0.9271294972674148 0.9492968120157290
3.3781417648951750 -0.0047093153034645 0.0001860287477498 0.1490297335768191 0.9263246577918594 0.9487208262289231
3.3978795909306094 -0.0047622230010237 0.0001855498312037 0.1515772127616049 0.9255136323430975 0.9481400384185552
3.4176813405945379 -0.0048155639542786 0.0001850672436277 0.1541605823078437 0.9246964070017550 0.9475544292101150
3.4296534537469561 -0.0048479408057273 0.0001847744463320 0.1557359602095902 0.9242005853356160 0.9471989451654085
3.4416255668993743 -0.0048804055019687 0.0001844808804539 0.1573215231648881 0.9237034662794057 0.9468423889533544
3.4530118309112239 -0.0049113677955098 0.0001842009683577 0.1588389693316518 0.9232294735398155 0.9465022873857792
3.4730080504121172 -0.0049659509181363 0.0001837077213272 0.1615262760085464 0.9223942412986854 0.9459026720094840
3.4930510952384499 -0.0050209273621997 0.0001832111885501 0.1642486344681749 0.9215534632376214 0.9452986679744770
3.5131579917470286 -0.0050763453618332 0.0001827109419726 0.1670087090177241 0.9207064150066206 0.9446897454143462
3.5333286183018391 -0.0051322064469817 0.0001822069758550 0.1698068731997379 0.9198530873908111 0.9440758875584521
3.5535629840152487 -0.0051885125029892 0.0001816992814092 0.1726435204813041 0.9189934660225876 0.9434570737948091
3.5738610452941604 -0.0052452652651630 0.0001811878513640 0.1755190390740700 0.9181275391116951 0.9428332852260827
3.5942227344176372 -0.0053024663957895 0.0001806726792704 0.1784338156438228 0.9172552962690256 0.9422045038262313
3.6146480215281644 -0.0053601176579630 0.0001801537579379 0.1813882441271782 0.9163767258596341 0.9415707105322899
3.6351368513979168 -0.0054182207384120 0.0001796310810337 0.1843827167097371 0.9154918177096470 0.9409318871943851
3.6556892023886149 -0.0054767774142468 0.0001791046415844 0.1874176323695966 0.9146005605702474 0.9402880147451322
3.6763050601819751 -0.0055357894798858 0.0001785744326377 0.1904933931773796 0.9137029432379932 0.9396390740054001
3.6969843300142475 -0.0055952584946326 0.0001780404495314 0.1936103910413429 0.9127989583964397 0.9389850484631351
3.7177270020514381 -0.0056551862562768 0.0001775026856413 0.1967690323801604 0.9118885954173271 0.9383259190680303
3.7385329776269578 -0.0057155743013379 0.0001769611368710 0.1999697118969970 0.9109718479616837 0.9376616697305556
3.7478182164681058 -0.0057426135960163 0.0001767187664097 0.2014086049696056 0.9105615645662852 0.9373642279676870
3.7571034553092537 -0.0057697004640716 0.0001764759733780 0.2028539934850040 0.9101505683091101 0.9370661688503611
3.7666259630186665 -0.0057975345411500 0.0001762265375261 0.2043430736297786 0.9097283314181183 0.9367598529540709
3.7876023186979371 -0.0058590515108144 0.0001756755137173 0.2076474373958970 0.9087955936006545 0.9360828115564803
3.8086199145684096 -0.0059209696457520 0.0001751212628393 0.2109917658101898 0.9078574174136128 0.9354012971805057
3.8297006182146553 -0.0059833547221672 0.0001745632059184 0.2143799037026999 0.9069128234307311 0.9347145870474948
3.8508443967303414 -0.0060462084313502 0.0001740013383923 0.2178122650994490 0.9059618045760740 0.9340226637533188
3.8720511157255997 -0.0061095321572898 0.0001734356586442 0.2212892490615372 0.9050043587696187 0.9333255133818761
3.8933207470450242 -0.0061733275944255 0.0001728661624832 0.2248112734012008 0.9040404795855703 0.9326231187077656
3.9146532190793986 -0.0062375963028910 0.0001722928471233 0.2283787503713468 0.9030701629870916 0.9319154640956340
3.9360484412255139 -0.0063023397799228 0.0001717157105460 0.2319920904373014 0.9020934062473421 0.9312025347176720
3.9575063863011000 -0.0063675597097688 0.0001711347492760 0.2356517162189708 0.9011102041852755 0.9304843138050408
3.9790269516616839 -0.0064332575431569 0.0001705499621324 0.2393580389615533 0.9001205555141554 0.9297607872821220
4.0006100744466071 -0.0064994348465304 0.0001699613471187 0.2431114780176189 0.8991244575788827 0.9290319399243235
4.0222557082439554 -0.0065660932328433 0.0001693689020451 0.2469124570395634 0.8981219074087374 0.9282977561235438
4.0345688433378015 -0.0066041409474865 0.0001690309452968 0.2490910767637054 0.8975500218844891 0.9278786779171340
4.0468819784316477 -0.0066422697573444 0.0001686923096004 0.2512816374656612 0.8969769935354736 0.9274585599818901
4.0580710480083102 -0.0066769959860685 0.0001683840001155 0.2532825951135593 0.8964552898849035 0.9270758945674966
4.0799015259750648 -0.0067449695601112 0.0001677808673784 0.2572150660162262 0.8954347264647849 0.9263268325071874
4.1017745940049579 -0.0068133679562003 0.0001671744435411 0.2611930933658868 0.8944086253427348 0.9255730546309682
4.1237097902384479 -0.0068822536040103 0.0001665641875179 0.2652206176476116 0.8933760717183139 0.9248138756581923
4.1457070285327813 -0.0069516279554957 0.0001659500997272 0.2692980623102560 0.8923370670984080 0.9240492824091874
4.1677662047526534 -0.0070214924010586 0.0001653321813690 0.2734258484808915 0.8912916143250508 0.9232792625354167
4.1898871971936122 -0.0070918482698979 0.0001647104344228 0.2776043948566510 0.8902397175720017 0.9225038045197376
4.2120699671939690 -0.0071626971510574 0.0001640848588156 0.2818341367913034 0.8891813775527649 0.9217228941418381
4.2343144010023268 -0.0072340403909679 0.0001634554568652 0.2861154964308579 0.8881165990393142 0.9209365200204317
4.2566203718556412 -0.0073058792889951 0.0001628222315518 0.2904488941264878 0.8870453879373177 0.9201446714622578
4.2789878162639852 -0.0073782153440129 0.0001621851843494 0.2948347633112564 0.8859677476170302 0.9193473357484242
4.2899022373593620 -0.0074136209845408 0.0001618735808556 0.2969896599347011 0.8854406469183649 0.9189570700179175
4.2965558825331875 -0.0074352398286455 0.0001616833811392 0.2983080869263456 0.8851189141277827 0.9187187718324665
4.3032095277070130 -0.0074568800367060 0.0001614930009447 0.2996301228170565 0.8847968778373502 0.9184801827634882
4.3116331704353588 -0.0074843091962519 0.0001612517174862 0.3013090268515782 0.8843887395522505 0.9181777076590427
4.3341756486179213 -0.0075579193414503 0.0001606046006192 0.3058304553409329 0.8832941477514438 0.9173659694716518
4.3567547385941019 -0.0076319506545558 0.0001599543754105 0.3104009399644967 0.8821943365704293 0.9165495871079108
4.3793948132327536 -0.0077064842371170 0.0001593003442627 0.3150257962457999 0.8810881269430491 0.9157276707022620
4.4020957892497252 -0.0077815214929918 0.0001586425107999 0.3197054577141291 0.8799755259473465 0.9149002094528621
4.4248575106016457 -0.0078570635824065 0.0001579808810535 0.3244403434237480 0.8788565447471844 0.9140671954454673
4.4476798401225635 -0.0079331117233426 0.0001573154608199 0.3292308765564594 0.8777311941226522 0.9132286203345367
4.4705626594368457 -0.0080096671927990 0.0001566462556546 0.3340774845438301 0.8765994844615680 0.9123844753341026
4.4935058756169184 -0.0080867313507544 0.0001559732706698 0.3389806006388625 0.8754614254162046 0.9115347509584570
4.5165093056995467 -0.0081643052519635 0.0001552965139260 0.3439406391132672 0.8743170316396709 0.9106794413073890
4.5395728769086032 -0.0082423903194748 0.0001546159905554 0.3489580381067527 0.8731663128480445 0.9098185366448395
4.5476492721721842 -0.0082697985678902 0.0001543772172171 0.3507255576082825 0.8727625714228096 0.9095162727825791
4.5557256674357651 -0.0082972400572441 0.0001541382025163 0.3524985455354678 0.8723584260614269 0.9092135987874920
4.5789192891764534 -0.0083762549098545 0.0001534504663646 0.3576206170109585 0.8711955770685421 0.9083421113098064
4.6021445801342145 -0.0084556876868003 0.0001527598161514 0.3627950169153438 0.8700278471988182 0.9074660638406399
4.6254295079655980 -0.0085356351311728 0.0001520654278887 0.3680283492418541 0.8688538442853927 0.9065843960062878
4.6487739227141107 -0.0086160983817725 0.0001513673104472 0.3733210357147245 0.8676735844327165 0.9056971021670552
4.6721775946814823 -0.0086970782990604 0.0001506654754108 0.3786734795701617 0.8664870883470481 0.9048041800047755
4.6956404167414183 -0.0087785761642886 0.0001499599310169 0.3840861115954595 0.8652943710930604 0.9039056228188002
4.7191622399179547 -0.0088605931136497 0.0001492506870708 0.3895593528856987 0.8640954504018826 0.9030014257712479
4.7427428858982559 -0.0089431301797488 0.0001485377545837 0.3950936173363129 0.8628903460596116 0.9020915854345494
4.7663821896643936 -0.0090261884401107 0.0001478211444910 0.4006893214414405 0.8616790777397239 0.9011760981594698
4.7781976632018317 -0.0090678033114813 0.0001474622609653 0.4035041067799160 0.8610724802319327 0.9007172512501094
4.7888917080851492 -0.0091055335598470 0.0001471370360631 0.4060620480282356 0.8605227843822846 0.9003012295185856
4.8126675668727001 -0.0091896486568807 0.0001464126037796 0.4117842249816078 0.8592983866917128 0.8993738361933270
4.8364791286124591 -0.0092742077577196 0.0001456852116999 0.4175636835930214 0.8580690415090177 0.8984416612659639
4.8603486695707332 -0.0093592911671680 0.0001449541891574 0.4234062161008569 0.8568336165334214 0.8975038284995760
4.8842760260778482 -0.0094448999517287 0.0001442195486473 0.4293122363075526 0.8555921341511685 0.8965603356332802
4.9082609734480194 -0.0095310349596788 0.0001434813048657 0.4352821420735690 0.8543446204850804 0.8956111831163311
4.9323032857932203 -0.0096176970334462 0.0001427394728847 0.4413163297147604 0.8530911023097187 0.8946563717722537
4.9564028001813796 -0.0097048872425315 0.0001419940661648 0.4474152102468021 0.8518316036935781 0.8936959002387782
4.9673946550936465 -0.0097447618006941 0.0001416534882858 0.4502136865314845 0.8512561563098201 0.8932567044702727
4.9783865100059135 -0.0097847032236510 0.0001413125399995 0.4530226746779139 0.8506800958015168 0.8928168079567813
5.0026168529943638 -0.0098729400363205 0.0001405596666048 0.4592519511051147 0.8494080848144125 0.8918446368260619
5.0254232153257279 -0.0099562854678767 0.0001398494228834 0.4651619281277933 0.8482081554028192 0.8909265095718426
5.0497437715184228 -0.0100454792523100 0.0001390903182557 0.4715143625684935 0.8469257393225099 0.8899441402142542
5.0741180050040846 -0.0101351952606172 0.0001383277939896 0.4779327581762703 0.8456376111282261 0.8889562182615661
5.0985482079090225 -0.0102254435457469 0.0001375617889155 0.4844181574473700 0.8443436689040528 0.8879626451923625
5.1230340724248453 -0.0103162246406887 0.0001367923232742 0.4909709242387906 0.8430439482871717 0.8869634276984215
5.1475754178327886 -0.0104075395504241 0.0001360194136511 0.4975914544668474 0.8417384787577780 0.8859585676350267
5.1721720090827841 -0.0104993890822639 0.0001352430786627 0.5042801279011517 0.8404272932454752 0.8849480693994356
5.1826018447249789 -0.0105384242111363 0.0001349133830191 0.5071324775420686 0.8398704737013235 0.8845185658074732
5.1930316803671737 -0.0105775086185889 0.0001345833915333 0.5099944319683702 0.8393131641908956 0.8840884589701695
5.2177538380512676 -0.0106703866838856 0.0001338000241412 0.5168166111460153 0.8379902171917328 0.8830665618597353
5.2425064507257657 -0.0107637100584495 0.0001330140496919 0.5237013745815179 0.8366629401216820 0.8820400359802208
5.2673133422133400 -0.0108575697725141 0.0001322247265201 0.5306557072226604 0.8353300819784918 0.8810078942058247
5.2921741667910247 -0.0109519662151121 0.0001314320783590 0.5376799477371192 0.8339916844138724 0.8799701472128743
5.3170886565751445 -0.0110469000722630 0.0001306361267998 0.5447744540099182 0.8326477854800419 0.8789268028080651
5.3420565087104768 -0.0111423719006307 0.0001298368948785 0.5519395714559651 0.8312984256873820 0.8778778706224738
5.3544656893246314 -0.0111899464952477 0.0001294390921212 0.5555213407751286 0.8306268363138793 0.8773553017296266
5.3619412368624406 -0.0112186462858057 0.0001291992634846 0.5576856996008612 0.8302219557437447 0.8770400983797555
5.3694167844002498 -0.0112473628043514 0.0001289592996461 0.5598550433964471 0.8298168498878274 0.8767245971149172
5.3766357711824275 -0.0112751191825936 0.0001287274419046 0.5619546684173181 0.8294254345490205 0.8764196415464031
5.4017586684763090 -0.0113719314586408 0.0001279195630475 0.5692978809595459 0.8280616496793199 0.8753562055332804
5.4269050582151417 -0.0114691714373402 0.0001271094108346 0.5767044546458171 0.8266941091115546 0.8742884356641939
5.4521035171403538 -0.0115669507758342 0.0001262960819202 0.5841831315890623 0.8253212895541562 0.8732151226426706
5.4773536236469695 -0.0116652695784629 0.0001254796049249 0.5917342063849466 0.8239432410359337 0.8721362831546556
5.5026551044086283 -0.0117641285299685 0.0001246600040040 0.5993580143828345 0.8225600060680942 0.8710519279509443
5.5280075216328779 -0.0118635276777884 0.0001238373089601 0.6070548380155865 0.8211716367103110 0.8699620752136041
5.5377048912491862 -0.0119016383653019 0.0001235222487659 0.6100141708278932 0.8206399686536053 0.8695443303922185
5.5451872959343698 -0.0119310651398648 0.0001232790122680 0.6123033469634603 0.8202295086926947 0.8692216730487398
5.5520090429878275 -0.0119579159066940 0.0001230571463183 0.6143947906131271 0.8198551170065969 0.8689272552825957
5.5774932597920355 -0.0120584407887785 0.0001222274232116 0.6222449221344690 0.8184550432415898 0.8678252918749448
5.6029941100598633 -0.0121593747688124 0.0001213957695547 0.6301587485628984 0.8170518034105279 0.8667193117250211
5.6285445187503642 -0.0122608492768617 0.0001205611310893 0.6381467760851758 0.8156436203358118 0.8656078941075858
5.6541440864310353 -0.0123628645208284 0.0001197235379409 0.6462092796636540 0.8142305467049333 0.8644910575272875
5.6797923267642139 -0.0124654203660040 0.0001188830233958 0.6543465023430262 0.8128126405551553 0.8633688247041145
5.7054888850391965 -0.0125685172080588 0.0001180396167404 0.6625587242838091 0.8113899531936207 0.8622412130231700
5.7255736367706165 -0.0126492944983605 0.0001173795122811 0.6690191196465306 0.8102765200373061 0.8613575954592519
5.7438954138823686 -0.0127231648104468 0.0001167766755241 0.6749443161792767 0.8092597358943625 0.8605498167603018
5.7697221503140339 -0.0128275931605463 0.0001159258303388 0.6833482730402316 0.8078247311736785 0.8594083801740277
5.7955842504448674 -0.0129325153474473 0.0001150725832485 0.6918243758793772 0.8063857783537122 0.8582621450724396
5.8214926376881282 -0.0130379773063023 0.0001142165936027 0.7003765404332695 0.8049423048693939 0.8571106329562832
5.8474468560215325 -0.0131439790439911 0.0001133578956540 0.7090049878197685 0.8034943704924468 0.8559538679578805
5.8592093560349650 -0.0131921356480970 0.0001129683455036 0.7129355840796924 0.8028375473242333 0.8554285656771239
5.8709718560483974 -0.0132403481287551 0.0001125785606325 0.7168787653157307 0.8021803451669214 0.8549026085827696
5.8866553533373880 -0.0133047281541717 0.0001120584792745 0.7221559790426881 0.8013034840810752 0.8542003097921230
5.9127378173201333 -0.0134120804241774 0.0001111926455522 0.7309818419762931 0.7998437703197759 0.8530297928785318
5.9388489744709387 -0.0135199073737815 0.0001103247413450 0.7398794818934121 0.7983806777275959 0.8518548069448634
5.9650036256092287 -0.0136282717127110 0.0001094542960452 0.7488542388889101 0.7969134149638891 0.8506746943288109
5.9912011263981286 -0.0137371726852052 0.0001085813517170 0.7579062378554409 0.7954420550512419 0.8494894900601455
6.0008293315352432 -0.0137772867327990 0.0001082602592060 0.7612487987297495 0.7949008784000687 0.8490531092676905
6.0104575366723578 -0.0138174493573921 0.0001079390264544 0.7645998203179930 0.7943594812332129 0.8486163055377816
6.0202380412090886 -0.0138582822150863 0.0001076125729286 0.7680125127506062 0.7938092965572410 0.8481721604966070
6.0300185457458193 -0.0138991548707455 0.0001072859792670 0.7714339390918526 0.7932588888085002 0.8477275812065895
6.0563441952683643 -0.0140094179665430 0.0001064062097262 0.7806866108826958 0.7917762969706159 0.8465287826913371
6.0826866866349372 -0.0141201143787381 0.0001055248833304 0.7900085827292719 0.7902912028145186 0.8453260982877253
6.1090693846633330 -0.0142313437498117 0.0001046412414311 0.7994083582844794 0.7888023299992694 0.8441184732186785
6.1354915682009175 -0.0143431050040076 0.0001037553301017 0.8088859964849193 0.7873097583716246 0.8429059485939587
6.1500483415815479 -0.0144048339868065 0.0001032668596734 0.8141347961753406 0.7864868438890917 0.8422366184314819
6.1560518307501546 -0.0144303245617054 0.0001030653247911 0.8163051476841081 0.7861473341316160 0.8419603032622801
6.1620553199187613 -0.0144558217828174 0.0001028637457017 0.8184787974269440 0.7858077524424825 0.8416838303667581
6.1677687726788184 -0.0144801014059684 0.0001026718628652 0.8205504986271160 0.7854845101656340 0.8414205679779558
6.1942994849474458 -0.0145930689500998 0.0001017803043149 0.8302097017468368 0.7839826858397204 0.8401962330469729
6.2208446301484273 -0.0147064669584345 0.0001008873897513 0.8399386567979087 0.7824787081539768 0.8389681812690880
6.2474262992918916 -0.0148203913223533 0.0000999924000348 0.8497456660789068 0.7809713679445311 0.8377354043938021
6.2740437570436214 -0.0149348408977600 0.0000990953829380 0.8596307405266339 0.7794607479709346 0.8364979467267696
6.2848537171619441 -0.0149814278552429 0.0000987308547968 0.8636638320751957 0.7788469039037594 0.8359945287917609
6.2909924051241308 -0.0150079107186642 0.0000985237911785 0.8659588844499311 0.7784982309435730 0.8357084314446118
6.2971310930863176 -0.0150344037853830 0.0000983166879121 0.8682573904011738 0.7781494953198060 0.8354221752688391
6.3062417605084526 -0.0150737495928328 0.0000980092439784 0.8716750598792713 0.7776318088695613 0.8349970390246625
6.3329577275002134 -0.0151893779849780 0.0000971071879309 0.8817408427946898 0.7761129841261175 0.8337483714034016
6.3596850472132571 -0.0153054311904563 0.0000962040041979 0.8918763771617260 0.7745924015054314 0.8324961983931154
6.3864446817189169 -0.0154220018012990 0.0000952990091113 0.9020897832192266 0.7730689121840039 0.8312395535110418
6.4132357818833876 -0.0155390881587698 0.0000943922553239 0.9123809802389414 0.7715426071717808 0.8299784889853400
6.4217268056545889 -0.0155762760535164 0.0000941047330044 0.9156563527525172 0.7710586620637936 0.8295782035057853
6.4271733220158112 -0.0156001397295544 0.0000939202705499 0.9177608018734242 0.7707481871559649 0.8293212886623106
6.4321359822906610 -0.0156218929991995 0.0000937521725209 0.9196806654098253 0.7704652596955670 0.8290870928472472
6.4590184229836778 -0.0157399552899376 0.0000928412119863 0.9301197126648002 0.7689321012657342 0.8278167390217324
6.4858905527807273 -0.0158583543945158 0.0000919299733411 0.9406210016380826 0.7673986250734508 0.8265439722123349
6.5127907192970653 -0.0159772604891544 0.0000910171820651 0.9511995854830854 0.7658626883784256 0.8252669963875999
6.5397178711463351 -0.0160966709836294 0.0000901028984253 0.9618552543691806 0.7643243950129255 0.8239858757717757
6.5450446346085744 -0.0161203386494751 0.0000899219676035 0.9639710517110150 0.7640199951738440 0.8237321054084356
6.5503713980708138 -0.0161440129249726 0.0000897410170740 0.9660894515718952 0.7637155654291483 0.8234782240015220
6.5604920370980011 -0.0161890230105714 0.0000893971624192 0.9701214967732986 0.7631370800230595 0.8229955540894528
6.5874823344895095 -0.0163093250474667 0.0000884797886298 0.9809203180825599 0.7615938411487196 0.8217063946437515
6.6144794043744168 -0.0164300459598796 0.0000875616779128 0.9917886832023453 0.7600495227207124 0.8204140958627538
6.6414994148742643 -0.0165512597254101 0.0000866423059002 1.0027332045187436 0.7585032450120713 0.8191179024405545
6.6507717051583306 -0.0165929460798229 0.0000863267044709 1.0065043961679878 0.7579724775684475 0.8186724551635602
6.6600439954423969 -0.0166346785844028 0.0000860110505035 1.0102834704551247 0.7574416411959544 0.8182266821041440
6.6738600888904260 -0.0166969245922677 0.0000855406223464 1.0159290688066662 0.7566505489409975 0.8175618595609208
6.6865213039027793 -0.0167540432228597 0.0000851094223155 1.0211181210613496 0.7559254576969208 0.8169519783188951
6.7136111129821687 -0.0168765430593609 0.0000841865307809 1.0322699179198174 0.7543736783288104 0.8156450675350715
6.7407060225831810 -0.0169994614862720 0.0000832630775990 1.0434910884023769 0.7528211246570810 0.8143351827537193
6.7678182189905129 -0.0171228555209830 0.0000823386729986 1.0547867475421864 0.7512671437086210 0.8130217548000536
6.7775297983551175 -0.0171671521136782 0.0000820074684085 1.0588492288772908 0.7507104107523163 0.8125506310141414
6.7837816969112588 -0.0171956814490838 0.0000817942335282 1.0614690508938822 0.7503519841252677 0.8122471599282451
6.7894800848804442 -0.0172217002480601 0.0000815998630775 1.0638600459296976 0.7500252737594754 0.8119704328244913
6.8166576286102813 -0.0173460350942232 0.0000806726566825 1.0753044222045884 0.7484668726035371 0.8106490103132427
6.8438123197785954 -0.0174706666290944 0.0000797459388171 1.0868067139242037 0.7469094708597199 0.8093260458078633
6.8709794007875118 -0.0175957577870662 0.0000788185326709 1.0983817883158840 0.7453510929181445 0.8079998471777372
6.8827905463305301 -0.0176502683635275 0.0000784152577557 1.1034352235327696 0.7446735019702126 0.8074224550626994
6.8865702272895923 -0.0176677284365067 0.0000782861966442 1.1050550671812154 0.7444566581128441 0.8072375801982914
6.8903499082486546 -0.0176851868631115 0.0000781571330312 1.1066762176235927 0.7442398103274506 0.8070526551095762
6.8951150532360002 -0.0177072069555902 0.0000779944132371 1.1087219075717798 0.7439664193004276 0.8068194436121864
6.9223331872337521 -0.0178332227665727 0.0000770648465305 1.1204465340386900 0.7424047317866218 0.8054858354921123
6.9495286389091211 -0.0179595405779340 0.0000761358621249 1.1322290363471406 0.7408442093292811 0.8041507677637876
6.9767307866585515 -0.0180862980821657 0.0000752064819977 1.1440820547367445 0.7392832111253759 0.8028128236959305
6.9901528946905245 -0.0181489939446516 0.0000747478526235 1.1499554878362397 0.7385129619568270 0.8021517224728718
7.0035750027224974 -0.0182117531718177 0.0000742891989563 1.1558453737627532 0.7377427060184799 0.8014900092721642
7.0171416451815682 -0.0182752889298294 0.0000738255775505 1.1618153998645606 0.7369641547637742 0.8008205513435145
7.0443617488246906 -0.0184030760583337 0.0000728952924666 1.1738443249894002 0.7354020893346339 0.7994754854858181
7.0715755636057613 -0.0185312474534393 0.0000719651425151 1.1859380485621942 0.7338404474181929 0.7981282600151512
7.0824099547951915 -0.0185823907263951 0.0000715948136011 1.1907716114375291 0.7332187521901956 0.7975912189334776
7.0886452769431711 -0.0186118541990534 0.0000713816815232 1.1935582368774422 0.7328609678622855 0.7972819700690711
7.0948805990911508 -0.0186413247300609 0.0000711685503039 1.1963484064946981 0.7325031902991191 0.7969725934845148
7.1007683163849062 -0.0186691699604822 0.0000709672995010 1.1989862834885121 0.7321653648712912 0.7966803469240401
7.1279952862839684 -0.0187981903041265 0.0000700366282639 1.2112258753305059 0.7306032358449651 0.7953274200665711
7.1552027992050071 -0.0189275366920778 0.0000691066179941 1.2235241691121366 0.7290424195056149 0.7939730601412921
7.1824044044918445 -0.0190572749018157 0.0000681768299111 1.2358871549547623 0.7274821815559981 0.7926166188497024
7.1883399619330204 -0.0190856298088752 0.0000679739516537 1.2385937825533135 0.7271417639053291 0.7923203215687007
7.1937641911405423 -0.0191115543680467 0.0000677885537719 1.2410700457476644 0.7268306841072207 0.7920494515238947
7.2209479973543198 -0.0192417294904507 0.0000668594591142 1.2535202695410199 0.7252718779260443 0.7906905720955598
7.2481286502397628 -0.0193723125309751 0.0000659305505399 1.2660362015426365 0.7237135944647300 0.7893295328060187
7.2752970029792356 -0.0195032612910134 0.0000650021643751 1.2786135277269517 0.7221564001766727 0.7879668161686983
7.3024512705291942 -0.0196344935783248 0.0000640743999853 1.2912512778034906 0.7206004371815120 0.7866025371803437
7.3310143842849111 -0.0197729958581345 0.0000630986615148 1.3046168863945031 0.7189642505513769 0.7851650516096749
7.3581342167660218 -0.0199049398653509 0.0000621724038469 1.3173755700555561 0.7174112616787592 0.7837979249885488
7.3623795627173454 -0.0199256333822191 0.0000620274243838 1.3193788487284408 0.7171682051548873 0.7835837153537576
7.3666249086686690 -0.0199463260621981 0.0000618824521075 1.3213837594390505 0.7169251620525473 0.7833694520077137
7.3738049235280982 -0.0199813466366724 0.0000616372766743 1.3247783130825559 0.7165141426493442 0.7830069533954751
7.4008882142804353 -0.0201137180929326 0.0000607126011090 1.3376246926762325 0.7149641298087451 0.7816382210892355
7.4279524797121592 -0.0202464287033987 0.0000597888063135 1.3505283256737064 0.7134158177147744 0.7802682974607360
7.4384469154907258 -0.0202980052960319 0.0000594306628003 1.3555496515720911 0.7128156176651724 0.7797365217066379
7.4441846463022543 -0.0203262319652877 0.0000592348679147 1.3582992204183997 0.7124875064160672 0.7794456435011339
7.4489348585089550 -0.0203496072155910 0.0000590727819359 1.3605778123361112 0.7122158890824514 0.7792047562150718
7.4536850707156557 -0.0203729912149061 0.0000589107052493 1.3628584423452541 0.7119442926869288 0.7789638038066928
7.4806843298806767 -0.0205061565564191 0.0000579896581425 1.3758597870654972 0.7104010028428807 0.7775930470596419
7.5076676287332509 -0.0206396788973485 0.0000570694509901 1.3889191647456247 0.7088593505295981 0.7762210238973610
7.5179761076680371 -0.0206908042024156 0.0000567179851611 1.3939255948018237 0.7082705899299864 0.7756963237988960
7.5234145332563624 -0.0207178021015990 0.0000565325820473 1.3965706874059574 0.7079600242585825 0.7754193882844820
7.5288529588446877 -0.0207448100428233 0.0000563471939289 1.3992184451690592 0.7076494904067616 0.7751423698068971
7.5345991884676096 -0.0207733589115945 0.0000561513294094 1.4020189559051863 0.7073214158926263 0.7748495826710473
7.5615158780189935 -0.0209073544089917 0.0000552340621010 1.4151767941272182 0.7057851286034270 0.7734768742641572
7.5883973534253766 -0.0210416139038259 0.0000543183529593 1.4283824943680890 0.7042516868829000 0.7721039627399688
7.6005058871677003 -0.0211022340801239 0.0000539060021054 1.4343521192779085 0.7035612440246282 0.7714848993406205
7.6064818684848365 -0.0211321752100487 0.0000537025236720 1.4373031932331932 0.7032205526959914 0.7711792228450265
7.6118982648703053 -0.0211593265283331 0.0000535181165742 1.4399807040106907 0.7029118016082975 0.7709020857629835
7.6386892695664130 -0.0212938894802439 0.0000526062284249 1.4532631695256466 0.7013851796563801 0.7695301222220019
7.6654539168252533 -0.0214287622238788 0.0000516956524768 1.4665968973128158 0.6998609954849003 0.7681575859369745
7.6736192869952227 -0.0214699976658259 0.0000514179393172 1.4706775476783167 0.6993961886112312 0.7677384725639392
7.6795229648970613 -0.0214998286473334 0.0000512171761276 1.4736316385720067 0.6990601834695719 0.7674353377862640
7.6854266427989000 -0.0215296746813692 0.0000510164360005 1.4765888532749873 0.6987242264253656 0.7671321110077716
7.7120877419974976 -0.0216647304913647 0.0000501101668160 1.4899825692969877 0.6972076506863245 0.7657615942442594
7.7387229049700528 -0.0218000995635117 0.0000492052458282 1.5034267948618216 0.6956935766603554 0.7643905615854024
7.7448639633806051 -0.0218313738866524 0.0000489966736269 1.5065355260293141 0.6953446379360966 0.7640741933630529
7.7497078242468973 -0.0218560512039897 0.0000488321788305 1.5089899676508367 0.6950694467202505 0.7638245843142281
7.7545516851131895 -0.0218807386294033 0.0000486677013494 1.5114465067083456 0.6947942909932705 0.7635749150520246
7.7810751574003465 -0.0220161825190139 0.0000477673690299 1.5249349180911742 0.6932882643700733 0.7622067416911820
7.8075713967818077 -0.0221519339670602 0.0000468684735014 1.5384721956609293 0.6917848908023523 0.7608381935333994
7.8125907586262988 -0.0221777008164522 0.0000466982489211 1.5410437103854933 0.6915002240657022 0.7605787414116256
7.8176101204707900 -0.0222034756958274 0.0000465280452125 1.5436174718100759 0.6912155983341012 0.7603192262854451
7.8223791226415438 -0.0222279757130990 0.0000463663498250 1.5460649381347904 0.6909452076472824 0.7600725971964154
7.8487758197986848 -0.0223638489416668 0.0000454716772643 1.5596484594513231 0.6894492648758861 0.7587064695760757
7.8751193058263933 -0.0224998967263168 0.0000445793631832 1.5732664583390352 0.6879575191178446 0.7573413842339983
7.8789034017408115 -0.0225194762137190 0.0000444512338362 1.5752276805854870 0.6877433370215493 0.7571451579451033
7.8826874976552297 -0.0225390565833492 0.0000443231181113 1.5771901763822838 0.6875291798863434 0.7569488968163290
7.8872481669713377 -0.0225626666130012 0.0000441687265015 1.5795571083343494 0.6872711068755257 0.7567123126871891
7.9134556254202240 -0.0226986023142492 0.0000432818702837 1.5931942960256635 0.6857888337006618 0.7553518294995237
7.9396369283052168 -0.0228348517343368 0.0000423964917134 1.6068787812392353 0.6843092868490696 0.7539910595147388
7.9449644046159653 -0.0228626232308488 0.0000422164072010 1.6096708031952802 0.6840083780821002 0.7537139649667767
7.9497758348559175 -0.0228877167457762 0.0000420537892382 1.6121945393092980 0.6837366624758994 0.7534636534585084
7.9757342836045373 -0.0230233645962955 0.0000411768010979 1.6258459104128351 0.6822714697200860 0.7521122418260918
7.9871021361097396 -0.0230829090866291 0.0000407929414651 1.6318429833146737 0.6816302328052846 0.7515199284317217
7.9984699886149420 -0.0231425397825056 0.0000404092028842 1.6378514975196052 0.6809892478809649 0.7509273147292980
8.0044431785756540 -0.0231738994601686 0.0000402076196643 1.6410132292961568 0.6806525467654442 0.7506158085109402
8.0104163685363652 -0.0232052766681370 0.0000400060717890 1.6441781175696646 0.6803159161585870 0.7503042199810152
8.0362893711164620 -0.0233414643380184 0.0000391334606422 1.6579233275668086 0.6788586182672550 0.7489536222250199
8.0458573436975751 -0.0233919415245340 0.0000388109304525 1.6630213611859945 0.6783200454586603 0.7484537773994946
8.0554253162786882 -0.0234424806642628 0.0000384884912197 1.6681274791347598 0.6777816606007209 0.7479537251746378
8.0621186246417178 -0.0234778639953615 0.0000382629840154 1.6717042856449360 0.6774051439659282 0.7476037890802029
8.0687518303379786 -0.0235129527465285 0.0000380395477881 1.6752528744912387 0.6770321000856891 0.7472568957982786
8.0944203220022075 -0.0236490179529295 0.0000371753408815 1.6890213980430238 0.6755894055673464 0.7459135967252059
8.1036301576297092 -0.0236979478766217 0.0000368654302496 1.6939756901814764 0.6750721095473029 0.7454312649290575
8.1128399932572108 -0.0237469360421071 0.0000365556085489 1.6989374534086621 0.6745549961385749 0.7449487457829922
8.1213609968704255 -0.0237922943671360 0.0000362690429477 1.7035347621518626 0.6740767226151906 0.7445021495252827
8.1291854593956838 -0.0238339878617406 0.0000360059706965 1.7077618964233059 0.6736376846220200 0.7440919196575413
8.1546556246721771 -0.0239700016960918 0.0000351500757680 1.7215593437968491 0.6722094650290367 0.7427556170225531
8.1610509858874494 -0.0240042244681325 0.0000349352782665 1.7250327326725050 0.6718510772640613 0.7424198611296972
8.1649219610264279 -0.0240249526230632 0.0000348052878228 1.7271368462081558 0.6716341975193446 0.7422165924837978
8.1687929361654064 -0.0240456853284059 0.0000346753151871 1.7292422758744894 0.6714173514596082 0.7420132916312387
8.1723613264075876 -0.0240648043220760 0.0000345555174152 1.7311842947526073 0.6712174857218779 0.7418258538350373
8.1975264977191262 -0.0241998891378496 0.0000337110784438 1.7449116263457150 0.6698088078506024 0.7405032239958605
8.2058382626192188 -0.0242446037722987 0.0000334323272860 1.7494578096243669 0.6693438581390178 0.7400660792214696
8.2141500275193113 -0.0242893671092890 0.0000331536551015 1.7540100492778008 0.6688790690926312 0.7396287886746847
8.2161537229739068 -0.0243001653886406 0.0000330864881981 1.7551083515110644 0.6687670477528984 0.7395233504407693
8.2181574184285022 -0.0243109617796185 0.0000330193269187 1.7562070055298167 0.6686550357087633 0.7394179037745467
8.2204601968001736 -0.0243233714332089 0.0000329421468635 1.7574700852869014 0.6685263157021072 0.7392967071349708
8.2434879805168872 -0.0244476744550724 0.0000321706853703 1.7701264245729316 0.6672398041300652 0.7380841311326093
8.2685725838774466 -0.0245835094483964 0.0000313310283646 1.7839660202601337 0.6658398239711836 0.7367619974719176
8.2935601903169172 -0.0247192675215997 0.0000304953686122 1.7978067798013841 0.6644467767958334 0.7354436933787040
8.3184422654888532 -0.0248549001899372 0.0000296639962343 1.8116432469958710 0.6630611454445242 0.7341296994701696
8.3432161090767316 -0.0249903903017030 0.0000288370052290 1.8254731585863100 0.6616830855749274 0.7328201890451517
8.3678792998046330 -0.0251257220301040 0.0000280144795366 1.8392943889391815 0.6603127359358146 0.7315153206418075
8.3924291899179835 -0.0252608781087380 0.0000271965099170 1.8531046684492805 0.6589502464914069 0.7302152647385013
8.4168629709690350 -0.0253958401728764 0.0000263831917240 1.8669016186639906 0.6575957747018290 0.7289202003065590
8.4411780648010524 -0.0255305909130453 0.0000255746118830 1.8806829729460772 0.6562494638328182 0.7276302940833618
8.4653719166208052 -0.0256651129416135 0.0000247708557992 1.8944464613187868 0.6549114544667579 0.7263457114973514
8.4894417306118051 -0.0257993873157246 0.0000239720161324 1.9081896598170140 0.6535818991062384 0.7250666307062325
8.5133848554844977 -0.0259333956747513 0.0000231781799817 1.9219102096727188 0.6522609408368499 0.7237932221245129
8.5371986213151825 -0.0260671193341114 0.0000223894343124 1.9356057251739027 0.6509487223627022 0.7225256570676626
8.5608800911642735 -0.0262005378802394 0.0000216058741692 1.9492736502269934 0.6496453996647763 0.7212641209814126
8.5844265637123858 -0.0263336319900469 0.0000208275860281 1.9629115476497203 0.6483511143024899 0.7200087866786745
8.6078350097759646 -0.0264663802505368 0.0000200546664357 1.9765167738811769 0.6470660244141503 0.7187598443544309
8.6311024591327197 -0.0265987613314423 0.0000192872092038 1.9900867020748974 0.6457902834136950 0.7175174809787801
8.6542265510220080 -0.0267307571368960 0.0000185252872945 2.0036190458160390 0.6445240098913210 0.7162818508460577
8.6772038925423249 -0.0268623434446893 0.0000177690069353 2.0171109000127863 0.6432673775563080 0.7150531632596313
8.7000312432151965 -0.0269934966259974 0.0000170184685165 2.0305594301894412 0.6420205502257811 0.7138316193101777
8.7227056226394470 -0.0271241942802509 0.0000162737630901 2.0439619381998266 0.6407836760185621 0.7126174060665177
8.7452237006752043 -0.0272544117266045 0.0000155349924175 2.0573155029921173 0.6395569206581587 0.7114107292050684
8.7675823008576064 -0.0273841248960284 0.0000148022524259 2.0706172776976701 0.6383404399892293 0.7102117860590036
8.7897778281323848 -0.0275133070093305 0.0000140756519663 2.0838641495067649 0.6371344111197316 0.7090207962964011
8.8118068184588818 -0.0276419317521488 0.0000133552947847 2.0970530658020805 0.6359390024813361 0.7078379724624247
8.8336655737854954 -0.0277699711457699 0.0000126412914706 2.1101808163746636 0.6347543936605675 0.7066635395626164
8.8553501753408934 -0.0278973956038960 0.0000119337589912 2.1232440398380481 0.6335807746130835 0.7054977343756624
8.8768567444660906 -0.0280241754527627 0.0000112328121652 2.1362393800564070 0.6324183315140502 0.7043407914412734
8.8981811634698769 -0.0281502792825534 0.0000105385727641 2.1491633177150233 0.6312672618501687 0.7031929580703854
8.9193192234918879 -0.0282756748050238 0.0000098511646746 2.1620122588379616 0.6301277663898747 0.7020544864039583
8.9402662083099287 -0.0284003263662238 0.0000091707274073 2.1747822805808865 0.6290000715649897 0.7009256558482947
8.9610174462414900 -0.0285241982012423 0.0000084973981208 2.1874694654235962 0.6278843996616659 0.6998067433707008
8.9815678554136493 -0.0286472517140187 0.0000078313263752 2.2000696231759451 0.6267809932632692 0.6986980480159980
9.0019120529813232 -0.0287694460997583 0.0000071726705402 2.2125783555439993 0.6256901092814819 0.6975998850531071
9.0220445281238479 -0.0288907393650803 0.0000065215921673 2.2249911613154230 0.6246120096242669 0.6965125766545021
9.0419591121875786 -0.0290110851141760 0.0000058782730933 2.2373031082680495 0.6235469895041460 0.6954364805336657
9.0616495516709588 -0.0291304359725760 0.0000052428968650 2.2495091844487360 0.6224953466631098 0.6943719590300995
