0.0001131324988889 -0.0000000000239163 0.0000171364988995 0.0000000000000020 0.9999999999855571 0.9999999999838001
0.0001592431994431 -0.0000000000473909 0.0000171364988964 0.0000000000000056 0.9999999999712728 0.9999999999678993
0.0002166093924671 -0.0000000000876910 0.0000171364988910 0.0000000000000141 0.9999999999467504 0.9999999999406017
0.0002863697033915 -0.0000000001532746 0.0000171364988824 0.0000000000000326 0.9999999999068435 0.9999999998961780
0.0003696237288767 -0.0000000002553553 0.0000171364988688 0.0000000000000701 0.9999999998447289 0.9999999998270328
0.0004674191094014 -0.0000000004083604 0.0000171364988485 0.0000000000001418 0.9999999997516276 0.9999999997233934
0.0005807880557385 -0.0000000006304774 0.0000171364988191 0.0000000000002721 0.9999999996164731 0.9999999995729404
0.0007106935216652 -0.0000000009440634 0.0000171364987776 0.0000000000004986 0.9999999994256615 0.9999999993605301
0.0008580962599962 -0.0000000013762900 0.0000171364987203 0.0000000000008776 0.9999999991626591 0.9999999990677575
0.0010238968565438 -0.0000000019595274 0.0000171364986430 0.0000000000014909 0.9999999988077695 0.9999999986726964
0.0012089765002983 -0.0000000027319661 0.0000171364985406 0.0000000000024544 0.9999999983377543 0.9999999981494780
0.0014141931184391 -0.0000000037381567 0.0000171364984073 0.0000000000039284 0.9999999977255052 0.9999999974679257
0.0016403852331946 -0.0000000050295846 0.0000171364982361 0.0000000000061309 0.9999999969396945 0.9999999965931653
0.0018883623276766 -0.0000000066651715 0.0000171364980194 0.0000000000093528 0.9999999959444692 0.9999999954852857
0.0021589125920441 -0.0000000087118619 0.0000171364977482 0.0000000000139763 0.9999999946990950 0.9999999940989415
0.0024527880360053 -0.0000000112450409 0.0000171364974125 0.0000000000204959 0.9999999931577011 0.9999999923830697
0.0027707621280888 -0.0000000143495934 0.0000171364970011 0.0000000000295450 0.9999999912686368 0.9999999902801729
0.0031135495188388 -0.0000000181197727 0.0000171364965014 0.0000000000419231 0.9999999889745506 0.9999999877264079
0.0034818518570584 -0.0000000226601005 0.0000171364958998 0.0000000000586297 0.9999999862118431 0.9999999846509757
0.0038763815745769 -0.0000000280862881 0.0000171364951807 0.0000000000809033 0.9999999829101058 0.9999999809754985
0.0042978190199892 -0.0000000345253101 0.0000171364943274 0.0000000001102633 0.9999999789920770 0.9999999766139686
0.0047468218794792 -0.0000000421160123 0.0000171364933215 0.0000000001485578 0.9999999743732719 0.9999999714723378
0.0052240713456561 -0.0000000510105020 0.0000171364921428 0.0000000001980222 0.9999999689611355 0.9999999654475746
0.0057301939229389 -0.0000000613733823 0.0000171364907695 0.0000000002613331 0.9999999626555101 0.9999999584281839
0.0062658271103597 -0.0000000733834710 0.0000171364891779 0.0000000003416817 0.9999999553475882 0.9999999502930417
0.0068315749314211 -0.0000000872334642 0.0000171364873425 0.0000000004428422 0.9999999469201180 0.9999999409116235
0.0074280595329673 -0.0000001031317076 0.0000171364852357 0.0000000005692626 0.9999999372463243 0.9999999301428045
0.0080558601107912 -0.0000001213012560 0.0000171364828279 0.0000000007261432 0.9999999261904829 0.9999999178354966
0.0087155914257689 -0.0000001419826242 0.0000171364800872 0.0000000009195537 0.9999999136062450 0.9999999038267849
0.0094078314079433 -0.0000001654323849 0.0000171364769797 0.0000000011565251 0.9999998993374908 0.9999998879428776
0.0101331306343115 -0.0000001919237699 0.0000171364734690 0.0000000014451649 0.9999998832179635 0.9999998699986986
0.0108920723149203 -0.0000002217494332 0.0000171364695166 0.0000000017948082 0.9999998650695889 0.9999998497960163
0.0116852027145477 -0.0000002552195807 0.0000171364650811 0.0000000022161300 0.9999998447036125 0.9999998271247098
0.0125130758918229 -0.0000002926642318 0.0000171364601190 0.0000000027213143 0.9999998219192235 0.9999998017612376
0.0133762063675785 -0.0000003344316818 0.0000171364545840 0.0000000033241863 0.9999997965044909 0.9999997734696787
0.0142751648394525 -0.0000003808936709 0.0000171364484269 0.0000000040404511 0.9999997682332178 0.9999997419982317
0.0152104300339720 -0.0000004324386254 0.0000171364415962 0.0000000048877719 0.9999997368690544 0.9999997070837927
0.0161825445848887 -0.0000004894801864 0.0000171364340370 0.0000000058860898 0.9999997021603081 0.9999996684461782
0.0171920190048014 -0.0000005524528986 0.0000171364256919 0.0000000070577632 0.9999996638425668 0.9999996257910455
0.0182393543371276 -0.0000006218138785 0.0000171364165003 0.0000000084278113 0.9999996216376842 0.9999995788087629
0.0193250568646529 -0.0000006980444030 0.0000171364063983 0.0000000100241776 0.9999995752528127 0.9999995271733332
0.0204496163517366 -0.0000007816490701 0.0000171363953190 0.0000000118779609 0.9999995243809148 0.9999994705429628
0.0216135112662986 -0.0000008731565917 0.0000171363831925 0.0000000140236920 0.9999994687002799 0.9999994085595241
0.0228172558437112 -0.0000009731242707 0.0000171363699449 0.0000000164997211 0.9999994078718013 0.9999993408455233
0.0240612785831579 -0.0000010821286108 0.0000171363554997 0.0000000193482841 0.9999993415446878 0.9999992670104608
0.0253460956354644 -0.0000012007804577 0.0000171363397760 0.0000000226161950 0.9999992693472533 0.9999991866405753
0.0266721298659010 -0.0000013297097787 0.0000171363226904 0.0000000263547805 0.9999991908961762 0.9999990993091532
0.0280398758318061 -0.0000014695813635 0.0000171363041547 0.0000000306206600 0.9999991057869467 0.9999990045658939
0.0294497857058458 -0.0000016210848088 0.0000171362840776 0.0000000354758396 0.9999990135999609 0.9999989019436933
0.0309023131874490 -0.0000017849392169 0.0000171362623637 0.0000000409882341 0.9999989138976609 0.9999987909554622
0.0323979068381131 -0.0000019618931470 0.0000171362389139 0.0000000472320796 0.9999988062245672 0.9999986710941580
0.0339370080465233 -0.0000021527249358 0.0000171362136251 0.0000000542883741 0.9999986901070796 0.9999985418325684
0.0355200416664694 -0.0000023582419686 0.0000171361863901 0.0000000622452977 0.9999985650539244 0.9999984026238050
0.0371474398822456 -0.0000025792842114 0.0000171361570978 0.0000000711988172 0.9999984305540035 0.9999982528989106
0.0388196565862287 -0.0000028167272281 0.0000171361256320 0.0000000812533252 0.9999982860745591 0.9999980920648158
0.0405371116508282 -0.0000030714751521 0.0000171360918731 0.0000000925218779 0.9999981310654500 0.9999979195090996
0.0423002320000115 -0.0000033444668243 0.0000171360556965 0.0000001051269925 0.9999979649554174 0.9999977345958315
0.0441094318780604 -0.0000036366734912 0.0000171360169735 0.0000001192011206 0.9999977871534853 0.9999975366671314
0.0459651437673719 -0.0000039491044105 0.0000171359755705 0.0000001348875184 0.9999975970455498 0.9999973250393722
0.0478677799892184 -0.0000042828013441 0.0000171359313493 0.0000001523406142 0.9999973939977304 0.9999970990069100
0.0498177178945192 -0.0000046388358215 0.0000171358841679 0.0000001717264824 0.9999971773580347 0.9999968578439381
0.0518154067734725 -0.0000050183292686 0.0000171358338779 0.0000001932246203 0.9999969464441113 0.9999966007908522
0.0538612122596912 -0.0000054224250999 0.0000171357803275 0.0000002170271335 0.9999967005602313 0.9999963270731544
0.0559555443921530 -0.0000058523130361 0.0000171357233593 0.0000002433408219 0.9999964389824908 0.9999960358849815
0.0580988308170074 -0.0000063092257233 0.0000171356628098 0.0000002723878302 0.9999961609608686 0.9999957263913948
0.0602914361232109 -0.0000067944220212 0.0000171355985122 0.0000003044053853 0.9999958657293966 0.9999953977397000
0.0625337761106312 -0.0000073092118580 0.0000171355302929 0.0000003396482073 0.9999955524910343 0.9999950490426123
0.0648262180284959 -0.0000078549349229 0.0000171354579744 0.0000003783879814 0.9999952204306354 0.9999946793926879
0.0671691603732394 -0.0000084329793543 0.0000171353813727 0.0000004209155246 0.9999948687035768 0.9999942878496673
0.0695629600235357 -0.0000090447648783 0.0000171353002998 0.0000004675405134 0.9999944964460176 0.9999938734518946
0.0720080049240581 -0.0000096917612288 0.0000171352145608 0.0000005185938007 0.9999941027636926 0.9999934352038424
0.0745046988953211 -0.0000103754860464 0.0000171351239547 0.0000005744283544 0.9999936867331904 0.9999929720775339
0.0770533834685698 -0.0000110974838657 0.0000171350282767 0.0000006354185714 0.9999932474147399 0.9999924830267767
0.0796544490262913 -0.0000118593569635 0.0000171349273146 0.0000007019638639 0.9999927838334394 0.9999919669662671
0.0823082765151848 -0.0000126627505138 0.0000171348208504 0.0000007744886158 0.9999922949882910 0.9999914227816463
0.0850151940184936 -0.0000135093390753 0.0000171347086620 0.0000008534420384 0.9999917798604218 0.9999908493386526
0.0877756126873999 -0.0000144008692215 0.0000171345905182 0.0000009393032994 0.9999912373871469 0.9999902454542461
0.0905898623490846 -0.0000153391088911 0.0000171344661846 0.0000010325780518 0.9999906664927870 0.9999896099309166
0.0934583430514367 -0.0000163258967993 0.0000171343354176 0.0000011338044703 0.9999900660586044 0.9999889415232146
0.0963813648162302 -0.0000173630892025 0.0000171341979712 0.0000012435492360 0.9999894349551958 0.9999882389738110
0.0993592900650380 -0.0000184526086026 0.0000171340535907 0.0000013624138061 0.9999887720128576 0.9999875009805064
0.1023924870072277 -0.0000195964295103 0.0000171339020144 0.0000014910344930 0.9999880760302491 0.9999867262058755
0.1054813055648220 -0.0000207965700309 0.0000171337429748 0.0000016300829862 0.9999873457795132 0.9999859132829658
0.1086260872634034 -0.0000220550955698 0.0000171335761984 0.0000017802682018 0.9999865800040223 0.9999850608127886
0.1118272115772434 -0.0000233741384338 0.0000171334014026 0.0000019423402232 0.9999857774064526 0.9999841673510416
0.1150849995278552 -0.0000247558593841 0.0000171332183010 0.0000021170872568 0.9999849366721784 0.9999832314341515
0.1183997646932704 -0.0000262024673940 0.0000171330266010 0.0000023053394687 0.9999840564572507 0.9999822515658915
0.1217718886343725 -0.0000277162541958 0.0000171328259989 0.0000025079752905 0.9999831353673793 0.9999812261939806
0.1252016806953373 -0.0000292995336914 0.0000171326161881 0.0000027259152755 0.9999821719947978 0.9999801537511249
0.1286895245384905 -0.0000309547085570 0.0000171323968502 0.0000029601328557 0.9999811648777401 0.9999790326099023
0.1322356827792398 -0.0000326841792639 0.0000171321676672 0.0000032116434597 0.9999801125557983 0.9999778611443881
0.1358405426948875 -0.0000344904615295 0.0000171319283057 0.0000034815230723 0.9999790134984596 0.9999766376505999
0.1395044397973352 -0.0000363761034197 0.0000171316784282 0.0000037708985034 0.9999778661555468 0.9999753604026478
0.1432276855296787 -0.0000383436974285 0.0000171314176910 0.0000040809508568 0.9999766689498714 0.9999740276445539
0.1470106005218838 -0.0000403958977941 0.0000171311457426 0.0000044129201826 0.9999754202666966 0.9999726375785224
0.1508535244249988 -0.0000425354273968 0.0000171308622222 0.0000047681088545 0.9999741184495434 0.9999711883602682
0.1547567851073796 -0.0000447650620430 0.0000171305667619 0.0000051478812746 0.9999727618097547 0.9999696781096626
0.1587207129744761 -0.0000470876388517 0.0000171302589859 0.0000055536674822 0.9999713486213927 0.9999681049050528
0.1627456064274527 -0.0000495060361725 0.0000171299385128 0.0000059869618645 0.9999698771334615 0.9999664667968651
0.1668317910522409 -0.0000520232088054 0.0000171296049512 0.0000064493316506 0.9999683455484778 0.9999647617837489
0.1709795994398368 -0.0000546421778914 0.0000171292579007 0.0000069424177722 0.9999667520286248 0.9999629878194254
0.1751893023117651 -0.0000573659871053 0.0000171288969582 0.0000074679289247 0.9999650947224089 0.9999611428423602
0.1794612786660276 -0.0000601978126278 0.0000171285217027 0.0000080276651910 0.9999633716977480 0.9999592247012742
0.1837958287640430 -0.0000631408440546 0.0000171281317118 0.0000086234979360 0.9999615810144366 0.9999572312358114
0.1881931951038990 -0.0000661982935626 0.0000171277265599 0.0000092573732267 0.9999597207185694 0.9999551602703294
0.1926537546640001 -0.0000693735302488 0.0000171273058007 0.0000099313424034 0.9999577887608062 0.9999530095229063
0.1971778007515683 -0.0000726699312726 0.0000171268689866 0.0000106475344841 0.9999557830869461 0.9999507767061702
0.2017656463899010 -0.0000760909535521 0.0000171264156599 0.0000114081737526 0.9999537015943080 0.9999484594787356
0.2064175886390157 -0.0000796401086444 0.0000171259453552 0.0000122155772961 0.9999515421470159 0.9999460554622199
0.2111339306516588 -0.0000833209794931 0.0000171254575979 0.0000130721616723 0.9999493025658135 0.9999435622298996
0.2159149966693719 -0.0000871372337897 0.0000171249519022 0.0000139804493396 0.9999469806199368 0.9999409772976607
0.2207610734686581 -0.0000910925782916 0.0000171244277770 0.0000149430610531 0.9999445740549124 0.9999382981549426
0.2256724367343189 -0.0000951907784183 0.0000171238847236 0.0000159627232556 0.9999420805806377 0.9999355222514651
0.2306493943461952 -0.0000994356952382 0.0000171233222304 0.0000170422806175 0.9999394978488806 0.9999326469721761
0.2356922660139868 -0.0001038312712339 0.0000171227397753 0.0000181846964146 0.9999368234619443 0.9999296696468951
0.2408013357641908 -0.0001083814894173 0.0000171221368307 0.0000193930453556 0.9999340549975468 0.9999265875780068
0.2459768973565293 -0.0001130904124272 0.0000171215128584 0.0000206705269949 0.9999311899850374 0.9999233980139798
0.2512192390191614 -0.0001179621698504 0.0000171208673115 0.0000220204660464 0.9999282259131136 0.9999200981579552
0.2565286433337371 -0.0001230009582930 0.0000171201996340 0.0000234463159625 0.9999251602297839 0.9999166851677000
0.2619054401795599 -0.0001282110933680 0.0000171195092545 0.0000249516777284 0.9999219903107422 0.9999131561203944
0.2673498894291063 -0.0001335968979812 0.0000171187956004 0.0000265402718252 0.9999187135273405 0.9999095080883018
0.2728622706668030 -0.0001391627874643 0.0000171180580868 0.0000282159660582 0.9999153271947980 0.9999057380811056
0.2784429047629632 -0.0001449132947434 0.0000171172961135 0.0000299827879407 0.9999118285568943 0.9999018430288633
0.2840920230867868 -0.0001508529365134 0.0000171165090822 0.0000318448877713 0.9999082148673950 0.9998978198726528
0.2898099769955881 -0.0001569864314442 0.0000171156963682 0.0000338066104199 0.9999044832572999 0.9998936654167745
0.2955970085449966 -0.0001633184603864 0.0000171148573514 0.0000358724246262 0.9999006308807404 0.9998893764911745
0.3014534092412147 -0.0001698538342073 0.0000171139913948 0.0000380469800785 0.9998966548128753 0.9998849498377645
0.3073794825998685 -0.0001765974568698 0.0000171130978491 0.0000403351009331 0.9998925520723582 0.9998803821354316
0.3133754457138397 -0.0001835542122266 0.0000171121760675 0.0000427417513378 0.9998883196902191 0.9998756700767180
0.3194416449153522 -0.0001907292125379 0.0000171112253730 0.0000452721252387 0.9998839545586761 0.9998708101994926
0.3255783291507510 -0.0001981275380435 0.0000171102450931 0.0000479315616570 0.9998794535895835 0.9998657990633510
0.3317857858409090 -0.0002057543950755 0.0000171092345383 0.0000507256041765 0.9998748136182450 0.9998606331425204
0.3380642744321092 -0.0002136150372549 0.0000171081930132 0.0000536599777420 0.9998700314513667 0.9998553088792390
0.3444140659673929 -0.0002217148138764 0.0000171071198093 0.0000567406110640 0.9998651038376261 0.9998498226509849
0.3508354545214851 -0.0002300591869847 0.0000171060142038 0.0000599736488914 0.9998600274572943 0.9998441707589117
0.3573286712436066 -0.0002386536200740 0.0000171048754731 0.0000633654139915 0.9998547989899550 0.9998383495032386
0.3638940500560459 -0.0002475037965487 0.0000171037028650 0.0000669224980985 0.9998494149816124 0.9998323550352817
0.3705318236321525 -0.0002566153505029 0.0000171024956337 0.0000706516611400 0.9998438720084817 0.9998261835398082
0.3772422658612690 -0.0002659940558217 0.0000171012530148 0.0000745599113263 0.9998381665619587 0.9998198311069546
0.3840256352649986 -0.0002756457508060 0.0000170999742356 0.0000786544805363 0.9998322950944848 0.9998132937832827
0.3908822168142684 -0.0002855763980467 0.0000170986585068 0.0000829428553147 0.9998262539831337 0.9998065675312282
0.3978122592353773 -0.0002957919953231 0.0000170973050346 0.0000874327446473 0.9998200395838269 0.9997996482894542
0.4048159995776580 -0.0003062986088136 0.0000170959130162 0.0000921320988765 0.9998136482111405 0.9997925319503592
0.4118937466776764 -0.0003171025007392 0.0000170944816229 0.0000970491735568 0.9998070760606692 0.9997852142736245
0.4190457389644434 -0.0003282099168728 0.0000170930100280 0.0001021924406214 0.9998003193383026 0.9997776910301417
0.4262722679688309 -0.0003396272746857 0.0000170914973823 0.0001075706798353 0.9997933741457841 0.9997699578745803
0.4335735926783557 -0.0003513610324451 0.0000170899428314 0.0001131929252175 0.9997862365603545 0.9997620104340541
0.4409499548717719 -0.0003634177108128 0.0000170883455123 0.0001190684801409 0.9997789026216257 0.9997538442934943
0.4484016072302396 -0.0003758039382885 0.0000170867045482 0.0001252069454487 0.9997713683039525 0.9997454549648745
0.4559288030780314 -0.0003885264359327 0.0000170850190497 0.0001316182190575 0.9997636295257395 0.9997368378975610
0.4635318312309704 -0.0004015920785473 0.0000170832881074 0.0001383125343889 0.9997556821122431 0.9997279884368787
0.4712109362439815 -0.0004150077600048 0.0000170815108093 0.0001453003991833 0.9997475218775040 0.9997189019153288
0.4789663591396188 -0.0004287804605683 0.0000170796862321 0.0001525926353195 0.9997391445834126 0.9997095736069957
0.4867983479320284 -0.0004429172662158 0.0000170778134385 0.0001602003961163 0.9997305459279734 0.9996999987144636
0.4947071525880803 -0.0004574253610379 0.0000170758914784 0.0001681351698945 0.9997217215499453 0.9996901723739685
0.5026930584773295 -0.0004723120910894 0.0000170739193801 0.0001764088232691 0.9997126669900236 0.9996800896121574
0.5107563077708966 -0.0004875848203719 0.0000170718961699 0.0001850335296629 0.9997033777784566 0.9996697454436347
0.5188971325718362 -0.0005032509893407 0.0000170698208638 0.0001940218072768 0.9996938493994764 0.9996591348313411
0.5271157830712939 -0.0005193181695295 0.0000170676924607 0.0002033865579880 0.9996840772580941 0.9996482526495600
0.5354124713558316 -0.0005357939545628 0.0000170655099566 0.0002131410117252 0.9996740567464085 0.9996370937577401
0.5437875064440798 -0.0005526862293939 0.0000170632723090 0.0002232988940858 0.9996637830798781 0.9996256528181477
0.5522411326786368 -0.0005700028526344 0.0000170609784790 0.0002338742479769 0.9996532514905494 0.9996139245110278
0.5607735900474465 -0.0005877517735824 0.0000170586274158 0.0002448815091401 0.9996424571559018 0.9996019034553471
0.5693851060381652 -0.0006059410148969 0.0000170562180590 0.0002563355030986 0.9996313952094076 0.9995895842205339
0.5780759289076958 -0.0006245787431556 0.0000170537493293 0.0002682514978005 0.9996200606976443 0.9995769612786963
0.5868462944839797 -0.0006436732001037 0.0000170512201374 0.0002806451693606 0.9996084486221325 0.9995640290511927
0.5956964176975695 -0.0006632326824702 0.0000170486293870 0.0002935325961371 0.9995965539516334 0.9995507819223067
0.6046265441847413 -0.0006832656557986 0.0000170459759596 0.0003069303419618 0.9995843715529515 0.9995372141621601
0.6136369912381864 -0.0007037808541757 0.0000170432587011 0.0003208555366226 0.9995718961303190 0.9995233198591762
0.6227279549245386 -0.0007247868441711 0.0000170404764798 0.0003353255908118 0.9995591224905983 0.9995090932154179
0.6318996632512760 -0.0007462923667736 0.0000170376281411 0.0003503584324798 0.9995460453353693 0.9994945283150107
0.6411523666349829 -0.0007683063206520 0.0000170347125095 0.0003659725078245 0.9995326592711447 0.9994796191354873
0.6504863078175328 -0.0007908376935988 0.0000170317283982 0.0003821867438802 0.9995189588510865 0.9994643595942266
0.6599017005085998 -0.0008138955092493 0.0000170286746153 0.0003990205182066 0.9995049386074359 0.9994487435845455
0.6693988102846797 -0.0008374890250711 0.0000170255499385 0.0004164938126979 0.9994905929311562 0.9994327648416176
0.6789778572359597 -0.0008616274952221 0.0000170223531460 0.0004346270508845 0.9994759162161615 0.9994164171030870
0.6886390192164312 -0.0008863201715084 0.0000170190830165 0.0004534411029044 0.9994609028587608 0.9993996941084270
0.6983825904141707 -0.0009115767102788 0.0000170157382752 0.0004729576063765 0.9994455470102985 0.9993825893233803
0.7082088019423978 -0.0009374067194153 0.0000170123176539 0.0004931986354041 0.9994298428526304 0.9993650962467693
0.7181178723659639 -0.0009638198831668 0.0000170088198748 0.0005141868024579 0.9994137845222540 0.9993472083259598
0.7281099923275072 -0.0009908259186732 0.0000170052436555 0.0005359452319464 0.9993973661367781 0.9993289189863144
0.7381854488089976 -0.0010184349142174 0.0000170015876650 0.0005584978448843 0.9993805815893213 0.9993102214021268
0.7483444739532350 -0.0010466569252435 0.0000169978505767 0.0005818690476725 0.9993634247941590 0.9992911087702230
0.7585872865051760 -0.0010755020822424 0.0000169940310542 0.0006060838263336 0.9993458896211717 0.9992715742369065
0.7689140965545298 -0.0011049806025103 0.0000169901277502 0.0006311677657554 0.9993279698887355 0.9992516108900057
0.7793251761849368 -0.0011351029949206 0.0000169861392787 0.0006571472374029 0.9993096592392923 0.9992312116202102
0.7898206335175081 -0.0011658794057119 0.0000169820643019 0.0006840488456200 0.9992909515370718 0.9992103695641235
0.8004007970780357 -0.0011973207367548 0.0000169779013826 0.0007119004086068 0.9992718401883778 0.9991890773469703
0.8110658323723747 -0.0012294375275024 0.0000169736491314 0.0007407299978104 0.9992523188212600 0.9991673278397647
0.8218160152460666 -0.0012622407629018 0.0000169693061006 0.0007705666613739 0.9992323807944740 0.9991451136121986
0.8326514947766867 -0.0012957411583659 0.0000169648708781 0.0008014397928140 0.9992120196321416 0.9991224274168718
0.8435725887863355 -0.0013299500664592 0.0000169603419679 0.0008333799721514 0.9991912284727190 0.9990992615753023
0.8545794821121288 -0.0013648785483605 0.0000169557179130 0.0008664181261266 0.9991700006334099 0.9990756086067387
0.8656722996200341 -0.0014005375835342 0.0000169509972673 0.0009005857181327 0.9991483294827596 0.9990514610861809
0.8768513703062110 -0.0014369389232678 0.0000169461784829 0.0009359155822476 0.9991262079219942 0.9990268110663981
0.8881168548172877 -0.0014740938976856 0.0000169412600681 0.0009724407966565 0.9991036291101004 0.9990016508858095
0.8994689678253730 -0.0015120141286275 0.0000169362404929 0.0010101953772921 0.9990805860306404 0.9989759726857520
0.9109079888678770 -0.0015507115785948 0.0000169311181824 0.0010492143515886 0.9990570714620891 0.9989497683773563
0.9224341229734201 -0.0015901980849205 0.0000169258915787 0.0010895333074567 0.9990330782609678 0.9989230299570053
0.9340475471056993 -0.0016304855066206 0.0000169205591216 0.0011311885440347 0.9990085992726546 0.9988957494069044
0.9457484881426138 -0.0016715859945238 0.0000169151192123 0.0011742173635425 0.9989836271673156 0.9988679185121800
0.9575370889692473 -0.0017135115236376 0.0000169095702760 0.0012186575975318 0.9989581547241027 0.9988395291775525
0.9694136453373646 -0.0017562747333415 0.0000169039106501 0.0012645485085564 0.9989321743207463 0.9988105728584261
0.9813783578037800 -0.0017998880522238 0.0000168981387005 0.0013119298836682 0.9989056784653564 0.9987810411535163
0.9934314439334863 -0.0018443640941630 0.0000168922527690 0.0013608424650137 0.9988786595558425 0.9987509255366647
1.0055731090003639 -0.0018897155527229 0.0000168862511872 0.0014113278503003 0.9988511099441475 0.9987202174283669
1.0178035434016275 -0.0019359551892078 0.0000168801322784 0.0014634284910398 0.9988230219435734 0.9986889082038786
1.0301229420359832 -0.0019830959044964 0.0000168738943475 0.0015171877859918 0.9987943877852192 0.9986569891445950
1.0425315260247836 -0.0020311508253177 0.0000168675356704 0.0015726501973726 0.9987651995656613 0.9986244513796556
1.0550295261250981 -0.0020801332456015 0.0000168610545012 0.0016298612041365 0.9987354492826687 0.9985912859256795
1.0676171197932296 -0.0021300563783675 0.0000168544491052 0.0016888670253655 0.9987051289859779 0.9985574838547787
1.0802945002166604 -0.0021809336225332 0.0000168477177238 0.0017497149423290 0.9986742306153179 0.9985230361139266
1.0930618971990880 -0.0022327786525399 0.0000168408585623 0.0018124534274262 0.9986427459460795 0.9984879334642989
1.1059195203683412 -0.0022856051930688 0.0000168338698200 0.0018771318932307 0.9986106667262274 0.9984521666338335
1.1188675544601006 -0.0023394269951944 0.0000168267496932 0.0019438006734086 0.9985779846908641 0.9984157263333976
1.1319061898729559 -0.0023942579602420 0.0000168194963590 0.0020125111877512 0.9985446914871017 0.9983786031729512
1.1450356723199144 -0.0024501123542155 0.0000168121079470 0.0020833162335067 0.9985107785439747 0.9983407875163987
1.1582561369983624 -0.0025070041043568 0.0000168045826319 0.0021562691120613 0.9984762374996471 0.9983022699578725
1.1715677719382915 -0.0025649474875779 0.0000167969185431 0.0022314245092976 0.9984410597835016 0.9982630408556602
1.1849708590910715 -0.0026239573260420 0.0000167891137384 0.0023088387866620 0.9984052364975489 0.9982230901998281
1.1984655013996202 -0.0026840477892275 0.0000167811663626 0.0023885684309126 0.9983687591437772 0.9981824084232759
1.2120519326359596 -0.0027452337526645 0.0000167730744679 0.0024706718461421 0.9983316187993913 0.9981409854818729
1.2257303779312994 -0.0028075301929051 0.0000167648360938 0.0025552085888689 0.9982938064842469 0.9980988112641096
1.2395010420869998 -0.0028709521319401 0.0000167564492746 0.0026422393067971 0.9982553131946946 0.9980558756287559
1.2533640870384246 -0.0029355145271453 0.0000167479120538 0.0027318255965391 0.9982161299704715 0.9980121684793914
1.2673197495033304 -0.0030012328178715 0.0000167392224120 0.0028240307774925 0.9981762475630863 0.9979676793944088
1.2813681208379537 -0.0030681218916283 0.0000167303784037 0.0029189184624696 0.9981356570633397 0.9979223983269063
1.2955094515680292 -0.0031361975205430 0.0000167213779669 0.0030165545939268 0.9980943490297109 0.9978763146322888
1.3097439007443705 -0.0032054751774079 0.0000167122190804 0.0031170057952617 0.9980523142069752 0.9978294178697946
1.3240717258361188 -0.0032759709514496 0.0000167028996423 0.0032203407049416 0.9980095429706541 0.9977816971826037
1.3384930311757377 -0.0033477003173700 0.0000166934176326 0.0033266281999129 0.9979660260740183 0.9977331421311518
1.3530080667499687 -0.0034206796050999 0.0000166837709194 0.0034359395678830 0.9979217537564903 0.9976837416982471
1.3676170284081528 -0.0034949250190099 0.0000166739573882 0.0035483470915956 0.9978767163388560 0.9976334849530351
1.3823200318446887 -0.0035704524895367 0.0000166639749619 0.0036639238189531 0.9978309043133494 0.9975823611514563
1.3971172883259118 -0.0036472785689175 0.0000166538214819 0.0037827449416676 0.9977843078004504 0.9975303591299657
1.4120090148858870 -0.0037254199843890 0.0000166434947676 0.0039048871526282 0.9977369168200991 0.9974774676080217
1.4269953490069072 -0.0038048931856698 0.0000166329926763 0.0040304279505254 0.9976887215662689 0.9974236754944183
1.4420765499519470 -0.0038857154079407 0.0000166223129623 0.0041594473311663 0.9976397117624730 0.9973689711678360
1.4572527009979439 -0.0039679030857618 0.0000166114534870 0.0042920252901356 0.9975898776237464 0.9973133435504308
1.4725240313991423 -0.0040514735748960 0.0000166004119910 0.0044282445852960 0.9975392088126912 0.9972567809424634
1.4878906676250563 -0.0041364438117448 0.0000165891862717 0.0045681886042478 0.9974876952525127 0.9971992719296939
1.5033528560310947 -0.0042228315349696 0.0000165777740216 0.0047119433808579 0.9974353263865304 0.9971408045566083
1.5189107531322479 -0.0043106541307249 0.0000165661729808 0.0048595957216850 0.9973820918784518 0.9970813671080331
1.5345645281219238 -0.0043999291949372 0.0000165543808633 0.0050112341447483 0.9973279812716423 0.9970209477286220
1.5503143464017990 -0.0044906744421694 0.0000165423953683 0.0051669487496363 0.9972729840445503 0.9969595344845872
1.5661604013049286 -0.0045829078906518 0.0000165302141565 0.0053268315594118 0.9972170894987606 0.9968971152385304
1.5821028509189305 -0.0046766474977889 0.0000165178348979 0.0054909759151418 0.9971602869800804 0.9968336778961718
1.5981418905884979 -0.0047719115830704 0.0000165052552161 0.0056594772317022 0.9971025656224436 0.9967692101201989
1.6142776678273596 -0.0048687183267623 0.0000164924727542 0.0058324321393074 0.9970439146518721 0.9967036996695757
1.6305103224665849 -0.0049670860006008 0.0000164794851451 0.0060099388989476 0.9969843232468504 0.9966371342434723
1.6468401301409079 -0.0050670338485334 0.0000164662898946 0.0061920990331688 0.9969237800050298 0.9965695008853404
1.6632671274853534 -0.0051685798003920 0.0000164528846834 0.0063790131946998 0.9968622743284136 0.9965007875301085
1.6797915464699675 -0.0052717431241882 0.0000164392670173 0.0065707860112284 0.9967997948169094 0.9964309812094633
1.6964135292670539 -0.0053765426801723 0.0000164254344574 0.0067675229237287 0.9967363303261358 0.9963600692333635
1.7131332739403344 -0.0054829978257928 0.0000164113845009 0.0069693318828408 0.9966718694195398 0.9962880385777499
1.7299509450638637 -0.0055911278562112 0.0000163971146547 0.0071763223286115 0.9966064007074551 0.9962148762631889
1.7468667252587027 -0.0057009523306426 0.0000163826223927 0.0073886058286424 0.9965399126497113 0.9961405691341245
1.7638807282310223 -0.0058124905057861 0.0000163679052306 0.0076062950018187 0.9964723938988570 0.9960651042422843
1.7809931406603998 -0.0059257622581917 0.0000163529606038 0.0078295053261673 0.9964038327419955 0.9959884682226784
1.7982040955740806 -0.0060407872577090 0.0000163377859770 0.0080583535552907 0.9963342176013934 0.9959106478529072
1.8155137511420592 -0.0061575854850369 0.0000163223787758 0.0082929587534469 0.9962635367214350 0.9958316297030699
1.8329222883365683 -0.0062761772243065 0.0000163067363875 0.0085334423203798 0.9961917781734143 0.9957514001408720
1.8504298407204460 -0.0063965825858962 0.0000162908562244 0.0087799270494914 0.9961189301445363 0.9956699456545276
1.8680366288359722 -0.0065188224289406 0.0000162747356021 0.0090325390367972 0.9960449803800266 0.9955872522287562
1.8857427420605628 -0.0066429168543988 0.0000162583719382 0.0092914046061694 0.9959699170950765 0.9955033063642938
1.9035484127009366 -0.0067688871105450 0.0000162417625011 0.0095566542767268 0.9958937278223944 0.9954180937889440
1.9214536950680323 -0.0068967533384204 0.0000162249047074 0.0098284180723015 0.9958164007761876 0.9953316009827798
1.9394587568818000 -0.0070265366232107 0.0000162077958514 0.0101068298435214 0.9957379236116533 0.9952438137905566
1.9575637918658089 -0.0071582583937942 0.0000161904331842 0.0103920260660133 0.9956582837885619 0.9951547178280093
1.9757688894456449 -0.0072919394709080 0.0000161728140397 0.0106841437962587 0.9955774691470064 0.9950642991257519
1.9940742666601181 -0.0074276017588781 0.0000161549356109 0.0109833243691270 0.9954954668849026 0.9949725429851004
2.0124800608611757 -0.0075652667320615 0.0000161367951503 0.0112897101343328 0.9954122644733565 0.9948794350019200
2.0309863390113696 -0.0077049551923449 0.0000161183899668 0.0116034445227413 0.9953278496300558 0.9947849610368454
2.0495946995344863 -0.0078467001410526 0.0000160997158068 0.0119246998688853 0.9952422029276798 0.9946890989416161
2.0683025193027582 -0.0079905026680117 0.0000160807726393 0.0122535778173881 0.9951553243140031 0.9945918482423333
2.0871113223114222 -0.0081363953576736 0.0000160615562630 0.0125902537598439 0.9950671946018722 0.9944931870362000
2.1060212769751327 -0.0082844006737830 0.0000160420638126 0.0129348823320420 0.9949778007346064 0.9943931002693700
2.1250324526496489 -0.0084345404530030 0.0000160222925082 0.0132876187794888 0.9948871300493117 0.9942915733163412
2.1441450129306605 -0.0085868374174236 0.0000160022394561 0.0136486225038720 0.9947951693636768 0.9941885909572495
2.1633591302152997 -0.0087413145185284 0.0000159819017352 0.0140180555914997 0.9947019053726792 0.9940841378216468
2.1826749469016491 -0.0088979946248086 0.0000159612764384 0.0143960820920879 0.9946073248375399 0.9939781985998429
2.2020925451504167 -0.0090569002629779 0.0000159403607065 0.0147828673887689 0.9945114147421735 0.9938707582179670
2.2216120473562841 -0.0092180544297348 0.0000159191516215 0.0151785801746860 0.9944141618034971 0.9937618012892063
2.2412336394901349 -0.0093814808019942 0.0000158976461790 0.0155833930376155 0.9943155523451067 0.9936513119718354
2.2609574253491331 -0.0095472025306895 0.0000158758414471 0.0159974795180393 0.9942155730255454 0.9935392747848503
2.2807835111413288 -0.0097152429311573 0.0000158537344754 0.0164210158112245 0.9941142104219752 0.9934256741413029
2.3007120748751393 -0.0098856260802218 0.0000158313222167 0.0168541823209053 0.9940114506705022 0.9933104939448100
2.3207432193367845 -0.0100583755699126 0.0000158086016911 0.0172971605448381 0.9939072802183380 0.9931937184322132
2.3408770824548251 -0.0102335154440986 0.0000157855698627 0.0177501354658758 0.9938016852592444 0.9930753315405264
2.3611137763783643 -0.0104110696752623 0.0000157622237084 0.0182132942428009 0.9936946520494846 0.9929553172607742
2.3814534797584987 -0.0105910629753609 0.0000157385601116 0.0186868283562554 0.9935861664194600 0.9928336590900543
2.4018962323271849 -0.0107735189802705 0.0000157145761009 0.0191709288657019 0.9934762148684404 0.9927103412588326
2.4224421764321122 -0.0109584623807455 0.0000156902685701 0.0196657920260153 0.9933647832805537 0.9925853472907505
2.4430914591820572 -0.0111459180698619 0.0000156656343900 0.0201716171076657 0.9932518574392455 0.9924586605790671
2.4638441524635595 -0.0113359104100312 0.0000156406705054 0.0206886044286649 0.9931374234692119 0.9923302648821632
2.4847003896785966 -0.0115284644720899 0.0000156153737717 0.0212169587198169 0.9930214670903914 0.9922001434862913
2.5056603027388320 -0.0117236054704740 0.0000155897410298 0.0217568876480127 0.9929039739587816 0.9920682795874849
2.5267240098398274 -0.0119213586478656 0.0000155637691211 0.0223086015214061 0.9927849297363567 0.9919346563696719
2.5478916507929816 -0.0121217496061521 0.0000155374548439 0.0228723142392919 0.9926643198923147 0.9917992567812131
2.5691632966198532 -0.0123248034488440 0.0000155107950665 0.0234482409032504 0.9925421302197066 0.9916620641145207
2.5905390453657242 -0.0125305456802770 0.0000154837866089 0.0240366003526102 0.9924183462946247 0.9915230613986394
2.6120190301152300 -0.0127390022947698 0.0000154564262314 0.0246376154808892 0.9922929534232349 0.9913822313392358
2.6336033463687136 -0.0129501990775294 0.0000154287107263 0.0252515112648126 0.9921659370629013 0.9912395567911058
2.6552921132478469 -0.0131641621962741 0.0000154006368406 0.0258785164920357 0.9920372824668077 0.9910950203586674
2.6770854308120864 -0.0133809177849022 0.0000153722013305 0.0265188625832978 0.9919069749348983 0.9909486046774152
2.6989834139855891 -0.0136004922777601 0.0000153434009175 0.0271727845995461 0.9917749996134297 0.9908002921883148
2.7209860922140945 -0.0138229113976602 0.0000153142324217 0.0278405182392884 0.9916413421036864 0.9906500658215310
2.7430936785582398 -0.0140482028745122 0.0000152846924050 0.0285223080243250 0.9915059868288256 0.9904979071604118
2.7653061840425504 -0.0142763925434955 0.0000152547776830 0.0292183956043278 0.9913689193791079 0.9903437990770605
2.7876237006483620 -0.0145075072044626 0.0000152244849501 0.0299290283654426 0.9912301247941658 0.9901877238012495
2.8100463715333448 -0.0147415743435963 0.0000151938108162 0.0306544586928205 0.9910895877312249 0.9900296631087417
2.8325742938517857 -0.0149786211285674 0.0000151627519386 0.0313949409150800 0.9909472930691906 0.9898695990001134
2.8552074820986011 -0.0152186735286196 0.0000151313050807 0.0321507299837918 0.9908032261542140 0.9897075139769772
2.8761419567988638 -0.0154424018440406 0.0000151020018874 0.0328604442161367 0.9906689847047307 0.9895564584880316
2.8989829011815980 -0.0156883615041518 0.0000150697928438 0.0336465537124424 0.9905214365393163 0.9893904019949403
2.9219242934095671 -0.0159373531059501 0.0000150371930978 0.0344485682687525 0.9903721042779823 0.9892223081707792
2.9449713234467048 -0.0161894591713536 0.0000150041920859 0.0352669330278085 0.9902209397455864 0.9890521216928825
2.9681240674936515 -0.0164447075193991 0.0000149707864146 0.0361019220221164 0.9900679276202239 0.9888798241826459
2.9913826934155532 -0.0167031271390184 0.0000149369725438 0.0369538162097349 0.9899130519133679 0.9887053964831365
3.0147471698603239 -0.0169647449594418 0.0000149027472093 0.0378228928643870 0.9897562979061597 0.9885288208392844
3.0382176081622965 -0.0172295896371066 0.0000148681069276 0.0387094380490042 0.9895976498803090 0.9883500783420133
3.0617941792791039 -0.0174976906698375 0.0000148330481118 0.0396137438474561 0.9894370916504049 0.9881691495266333
3.0854769210958803 -0.0177690762069301 0.0000147975673580 0.0405361010129481 0.9892746078761550 0.9879860158510133
3.1092658076748223 -0.0180437737938338 0.0000147616613485 0.0414768013652647 0.9891101836162911 0.9878006591930839
3.1331609565162597 -0.0183218127649054 0.0000147253265385 0.0424361460094908 0.9889438028970591 0.9876130602365795
3.1571624822761142 -0.0186032225856308 0.0000146885593734 0.0434144397936899 0.9887754497058955 0.9874231995901388
3.1812703753599481 -0.0188880314121769 0.0000146513564770 0.0444119862729564 0.9886051088535903 0.9872310587593578
3.2054847589885900 -0.0191762691076538 0.0000146137142577 0.0454290982313907 0.9884327641706316 0.9870366181121218
3.2298056792584755 -0.0194679647746824 0.0000145756292307 0.0464660891120399 0.9882583999840009 0.9868398585436150
3.2542332274255679 -0.0197631482042494 0.0000145370978290 0.0475232781351396 0.9880820002515232 0.9866407604992400
3.2787673900751355 -0.0200618480655604 0.0000144981166403 0.0486009838442654 0.9879035496444116 0.9864393051958847
3.3034082528823383 -0.0203640943673214 0.0000144586820849 0.0496995329454458 0.9877230320772135 0.9862354729621544
3.3281559022816198 -0.0206699172836316 0.0000144187905704 0.0508192561807536 0.9875404314106058 0.9860292440307430
3.3530103791021251 -0.0209793465754312 0.0000143784385660 0.0519604862188204 0.9873557317975612 0.9858205989289034
3.3779717043912805 -0.0212924118949356 0.0000143376225641 0.0531235587439529 0.9871689175020849 0.9856095182734242
3.4030399552282828 -0.0216091437381490 0.0000142963389553 0.0543088160277955 0.9869799723317279 0.9853959821287965
3.4282151663389540 -0.0219295722144128 0.0000142545841896 0.0555166023980848 0.9867888803727924 0.9851799708372410
3.4534973917889311 -0.0222537278208993 0.0000142123546755 0.0567472671460747 0.9865956255290879 0.9849614644969148
3.4788866596732309 -0.0225816382828373 0.0000141696468847 0.0580011623703680 0.9864001918645269 0.9847404433497693
3.5041718344148327 -0.0229105790550281 0.0000141268161691 0.0592679883168783 0.9862042058300217 0.9845187456710449
3.5297750351848283 -0.0232460720814942 0.0000140831439792 0.0605692508522573 0.9860043798480024 0.9842926507816353
3.5554848204687088 -0.0235854068599970 0.0000140389837072 0.0618947943861595 0.9858023313936688 0.9840639862898359
3.5813017735226769 -0.0239286214954603 0.0000139943308176 0.0632450154155053 0.9855980400933416 0.9838327272570458
3.6072259693887849 -0.0242757476137208 0.0000139491816286 0.0646202890999481 0.9853914894877105 0.9835988531311864
3.6332574243946474 -0.0246268162026611 0.0000139035325514 0.0660209917565606 0.9851826635524260 0.9833623438103233
3.6593961575176315 -0.0249818584207725 0.0000138573799854 0.0674475040382275 0.9849715462176172 0.9831231790982563
3.6856421587439354 -0.0253409051643572 0.0000138107203743 0.0689002092074766 0.9847581216261635 0.9828813389965066
3.7119955040220498 -0.0257039886430783 0.0000137635500019 0.0703794995476500 0.9845423731982658 0.9826368026435919
3.7384562016438663 -0.0260711402832722 0.0000137158652647 0.0718857679239712 0.9843242848789447 0.9823895497278097
3.7650242166389281 -0.0264423910372928 0.0000136676626318 0.0734194089614541 0.9841038409544878 0.9821395602791566
3.7916996467597417 -0.0268177738476492 0.0000136189383248 0.0749808292680600 0.9838810245904891 0.9818868130106045
3.8184824189281303 -0.0271973193962111 0.0000135696888703 0.0765704298613432 0.9836558203567184 0.9816312881808973
3.8453725599464676 -0.0275810598965272 0.0000135199106079 0.0781886218962961 0.9834282119766754 0.9813729650415320
3.8723700900711231 -0.0279690276090782 0.0000134695998826 0.0798358205654360 0.9831981832104076 0.9811118228371121
3.8994749908484554 -0.0283612543713767 0.0000134187531063 0.0815124430954734 0.9829657181340057 0.9808478411221175
3.9266873142817911 -0.0287577731750893 0.0000133673665535 0.0832189155010678 0.9827308002059355 0.9805809986999900
3.9540069835087834 -0.0291586145681525 0.0000133154367455 0.0849556601558459 0.9824934139854133 0.9803112755744130
3.9792780485512216 -0.0295318560226336 0.0000132670975369 0.0865833050906807 0.9822724550744193 0.9800601478948826
4.0068095223136000 -0.0299411746311511 0.0000132141029754 0.0883797977706424 0.9820302318487550 0.9797847753786375
4.0344428755868931 -0.0303548306723973 0.0000131605650038 0.0902074819588131 0.9817855411693904 0.9795065156765611
4.0621835183290989 -0.0307729371560644 0.0000131064695973 0.0920671528223010 0.9815383194725920 0.9792252938881688
4.0900315367569871 -0.0311955283823431 0.0000130518129369 0.0939592653451382 0.9812885498566419 0.9789410880979728
4.1179868226066496 -0.0316226358396052 0.0000129965915813 0.0958842659163351 0.9810362171563830 0.9786538783114188
4.1460493441273902 -0.0320542922866544 0.0000129408019383 0.0978426104956709 0.9807813055305982 0.9783636437097565
4.1742190971200381 -0.0324905310319090 0.0000128844403590 0.0998347615015521 0.9805237988901245 0.9780703631357324
4.2024960905689612 -0.0329313857234415 0.0000128275031648 0.1018611869263471 0.9802636810235641 0.9777740152355785
4.2308802029580121 -0.0333768880936649 0.0000127699869392 0.1039223499203669 0.9800009369287237 0.9774745799755742
4.2593713638853208 -0.0338270707703018 0.0000127118881646 0.1060187216362884 0.9797355511545569 0.9771720367529241
4.2879696093132491 -0.0342819681852785 0.0000126532031055 0.1081507856370235 0.9794675072680825 0.9768663637860975
4.3166749105330045 -0.0347416138837393 0.0000125939281562 0.1103190254338242 0.9791967894425661 0.9765575399241789
4.3454871225087448 -0.0352060396548857 0.0000125340599530 0.1125239202120373 0.9789233829691197 0.9762455452310440
4.3664967210909609 -0.0355466325676866 0.0000124901696188 0.1141498609329772 0.9787229576504830 0.9760167658631538
4.3875063196731769 -0.0358888556125734 0.0000124460813572 0.1157911868583603 0.9785216396314376 0.9757869109957127
4.4164027699225263 -0.0363622163665331 0.0000123851196280 0.1180739115034887 0.9782432919277542 0.9754690140971147
4.4455835417592713 -0.0368433722032915 0.0000123231788923 0.1204089406489487 0.9779604965184193 0.9751459264243761
4.4748705053858169 -0.0373294491854072 0.0000122606301446 0.1227828025158770 0.9776749481203860 0.9748195797444242
4.5042640071051467 -0.0378204877239472 0.0000121974689980 0.1251960395921328 0.9773866274306594 0.9744899485312973
4.5337640086249245 -0.0383165220331337 0.0000121336918810 0.1276491684910561 0.9770955188825986 0.9741570114606718
4.5633704603904022 -0.0388175862604587 0.0000120692952479 0.1301427095920868 0.9768016070433809 0.9738207472940956
4.5930831975148827 -0.0393237127026700 0.0000120042758085 0.1326771780644474 0.9765048776609303 0.9734811360767698
4.6229021494469764 -0.0398349353488542 0.0000119386300727 0.1352531014810075 0.9762053155868774 0.9731381567605775
4.6528272087110185 -0.0403512876607461 0.0000118723546363 0.1378710087871894 0.9759029060801622 0.9727917886946348
4.6828582384031678 -0.0408728026833608 0.0000118054461669 0.1405314307777544 0.9755976347428837 0.9724420115516917
4.7129951410395812 -0.0413995142361431 0.0000117379012512 0.1432349061562109 0.9752894868243694 0.9720888045300805
4.7296851020550150 -0.0416926569923695 0.0000117003221252 0.1447466892188904 0.9751180582565355 0.9718922504096198
4.7463750630704489 -0.0419868273380131 0.0000116626202646 0.1462689114182167 0.9749460781052595 0.9716950219337591
4.7767661400625627 -0.0425251378015659 0.0000115936531926 0.1490676751880773 0.9746315012634594 0.9713341534399657
4.8072308636027783 -0.0430681864640516 0.0000115241113550 0.1519082715074306 0.9743143318267184 0.9709701682690709
4.8378009742625530 -0.0436165696793365 0.0000114539193295 0.1547941712688998 0.9739942266466974 0.9706026686718850
4.8684762005087991 -0.0441703186025328 0.0000113830741421 0.1577259193839012 0.9736711730610806 0.9702316358723572
4.8992564842369299 -0.0447294683027148 0.0000113115723379 0.1607040852935323 0.9733451562326454 0.9698570485222342
4.9301415566179774 -0.0452940501072252 0.0000112394109611 0.1637292224375901 0.9730161636171820 0.9694788878316967
4.9611313311885308 -0.0458640987349088 0.0000111665866428 0.1668019062068074 0.9726841808056446 0.9690971327915497
4.9922255539466383 -0.0464396459044558 0.0000110930964188 0.1699226997123705 0.9723491952505495 0.9687117644555280
5.0234241087434217 -0.0470207259440048 0.0000110189370125 0.1730921839769673 0.9720111930003056 0.9683227621845375
5.0454995247402907 -0.0474340652299968 0.0000109662080882 0.1753580853734371 0.9717708867429762 0.9680460968872139
5.0675749407371597 -0.0478492061320060 0.0000109132678854 0.1776433353353280 0.9715296345686872 0.9677682588231299
5.0896590612751842 -0.0482663171173019 0.0000108600956103 0.1799489214371488 0.9712873421597140 0.9674891382416094
5.1212018525914953 -0.0488652134049978 0.0000107837836915 0.1832758533271750 0.9709396388834343 0.9670884362602141
5.1528269449490320 -0.0494693762072602 0.0000107068412501 0.1866516498072346 0.9705890992695038 0.9666842885396759
5.1845551874157199 -0.0500792369841387 0.0000106292145053 0.1900791106743042 0.9702354793373374 0.9662764089979843
5.2163862762333277 -0.0506948268203801 0.0000105509007288 0.1935588215409156 0.9698787677484461 0.9658647795169445
5.2483200049962271 -0.0513161787137309 0.0000104718969715 0.1970913823513973 0.9695189521804536 0.9654493807608595
5.2803560494169322 -0.0519433234067734 0.0000103922005948 0.2006773837712055 0.9691560217436990 0.9650301949647235
5.3124940406722025 -0.0525762907662394 0.0000103118090943 0.2043174147501019 0.9687899661811413 0.9646072050122032
5.3330341766108988 -0.0529828429487037 0.0000102601977566 0.2066663064318804 0.9685549799764547 0.9643355671057882
5.3535743125495951 -0.0533909559426775 0.0000102084063816 0.2090327862572608 0.9683191906578809 0.9640629196419226
5.3747694838837701 -0.0538137245765478 0.0000101547747824 0.2114932353933587 0.9680750411823350 0.9637805193881056
5.4072289839602679 -0.0544644099666135 0.0000100722695049 0.2152978803596793 0.9676994843442934 0.9633459536275575
5.4397647265282423 -0.0551205503087123 0.0000099891209775 0.2191560744729531 0.9673210431874862 0.9629078408484978
5.4724008516099154 -0.0557826653023712 0.0000099052646868 0.2230712787715306 0.9669394252805100 0.9624658370851494
5.5051369633054259 -0.0564507842469559 0.0000098206983438 0.2270440979425954 0.9665546214685952 0.9620199259950472
5.5379725748815876 -0.0571249345427011 0.0000097354199244 0.2310751282491142 0.9661666238249201 0.9615700925738431
5.5709072375556614 -0.0578051443030262 0.0000096494273393 0.2351649729342028 0.9657754241464318 0.9611163214126218
5.5914620184810842 -0.0582317124008085 0.0000095955271672 0.2377412637225534 0.9655302443546615 0.9608318101284035
5.6120167994065069 -0.0586598458708511 0.0000095414493824 0.2403359057147883 0.9652842751507399 0.9605462932095430
5.6325438681124425 -0.0590889687977463 0.0000094872674173 0.2429454215891514 0.9650378509503540 0.9602601580545941
5.6657867479721427 -0.0597872430519332 0.0000093991467483 0.2472105322497317 0.9646371112058379 0.9597946467852229
5.6990998901478562 -0.0604911179124647 0.0000093103756742 0.2515333590605300 0.9642334646084727 0.9593255170439663
5.7325098242655255 -0.0612011862146738 0.0000092208809410 0.2559179580277349 0.9638265794104997 0.9588523772592010
5.7660158533295904 -0.0619174703975684 0.0000091306613246 0.2603649124798905 0.9634164514730825 0.9583752162412859
5.7996173893655474 -0.0626399950735359 0.0000090397153530 0.2648748211277243 0.9630030755504100 0.9578940214300429
5.8187934100598362 -0.0630542168634097 0.0000089876032917 0.2674712376163090 0.9627662355291168 0.9576182096642729
5.8298424098303778 -0.0632935087835712 0.0000089575076548 0.2689747638392908 0.9626294643657255 0.9574588945888779
5.8408914096009195 -0.0635332517755456 0.0000089273614594 0.2704837853948009 0.9624924692045677 0.9572992904065939
5.8583517298033838 -0.0639130357667536 0.0000088796194764 0.2728796606976680 0.9622755246858438 0.9570464846497592
5.8922457243666182 -0.0646535169423525 0.0000087865826872 0.2775699061991647 0.9618527991283706 0.9565536782996993
5.9261988053383892 -0.0653995836323557 0.0000086929081171 0.2823206458875303 0.9614272336388560 0.9560572888612076
5.9602441701262414 -0.0661519956650277 0.0000085985020102 0.2871371311528138 0.9609984037442160 0.9555568147839659
5.9943809392567236 -0.0669107702697404 0.0000085033639701 0.2920199230700195 0.9605663092130347 0.9550522488800276
6.0286082760557971 -0.0676759253615281 0.0000084074935399 0.2969695879573159 0.9601309495597861 0.9545435835873376
6.0446752118467799 -0.0680366118668568 0.0000083623247521 0.2993117446943857 0.9599258537820630 0.9543038540199893
6.0607421476377628 -0.0683982564739628 0.0000083170504720 0.3016658820321825 0.9597202924160216 0.9540635159838667
6.0862742355305643 -0.0689749322771457 0.0000082448878788 0.3054315712581726 0.9593926770233224 0.9536803418083927
6.1207574862344494 -0.0697576488084070 0.0000081470042384 0.3105657737875002 0.9589483452048093 0.9531603959799098
6.1553101952745699 -0.0705464008862095 0.0000080484380959 0.3157662531139390 0.9585009807507273 0.9526365963425832
6.1899489581200600 -0.0713415995554217 0.0000079491399297 0.3210361494484156 0.9580503605344320 0.9521086745320850
6.2246726181164274 -0.0721432536352290 0.0000078491105606 0.3263759708136306 0.9575964899899509 0.9515766294973054
6.2380354917180654 -0.0724529607932478 0.0000078104858632 0.3284461858084676 0.9574212536258747 0.9513711256664312
6.2513983653197034 -0.0727633327616038 0.0000077717891067 0.3305249084495093 0.9572457003613760 0.9511652027600358
6.2653852395248109 -0.0730889127153928 0.0000077312081986 0.3327098295954594 0.9570616103076516 0.9509492152053766
6.3003294476001805 -0.0739055305131359 0.0000076294781605 0.3382094608742549 0.9566001748125140 0.9504075962666541
6.3353140618987904 -0.0747276769705240 0.0000075271386047 0.3437742112648554 0.9561360465062589 0.9498624843404472
6.3703782559834332 -0.0755562987687809 0.0000074240735667 0.3494108843174578 0.9556687011359698 0.9493132565815066
6.4055204366534584 -0.0763913919061259 0.0000073202855780 0.3551198945871240 0.9551981519892395 0.9487599208578449
6.4214294616682670 -0.0767709666898111 0.0000072731380728 0.3577241479261600 0.9549844215673878 0.9485084737093382
6.4373384866830756 -0.0771514858787280 0.0000072258896946 0.3603407510283533 0.9547702490721529 0.9482564350489283
6.4563084216678988 -0.0776064590109509 0.0000071694189047 0.3634769681021848 0.9545142926375532 0.9479551310625510
6.4916642181384621 -0.0784580375172926 0.0000070637877717 0.3693692896253446 0.9540355745967208 0.9473913241600919
6.5270624918245179 -0.0793153468383139 0.0000069575326801 0.3753303402807393 0.9535541077824127 0.9468239179157534
6.5625311749763320 -0.0801790889770657 0.0000068505686305 0.3813653934332668 0.9530695088256949 0.9462524530210085
6.5821686516396838 -0.0806593421110577 0.0000067911334778 0.3847335969865825 0.9528002737296791 0.9459347970457939
6.6018061283030356 -0.0811410423815614 0.0000067315462848 0.3881209997537923 0.9525303747486075 0.9456162431690314
6.6297100662915582 -0.0818280096095257 0.0000066466145186 0.3929674551078281 0.9521457213261063 0.9451620493570212
6.6653835486380340 -0.0827105291358704 0.0000065375887387 0.3992201584885218 0.9516520221052128 0.9445787529259401
6.7011061087883528 -0.0835990719320570 0.0000064279129446 0.4055456003176858 0.9511554651106905 0.9439916905710848
6.7368883202380339 -0.0844939264269503 0.0000063175536657 0.4119462230064531 0.9506559006995655 0.9434006774932392
6.7573589857740535 -0.0850080331338381 0.0000062541935366 0.4156371479304428 0.9503691270827486 0.9430612285775621
6.7778296513100731 -0.0855237195549736 0.0000061906702179 0.4193493815056025 0.9500816437242694 0.9427208079579683
6.8137541151949028 -0.0864325392186522 0.0000060787977595 0.4259157358548799 0.9495754207530839 0.9421210481036932
6.8497062587006168 -0.0873469464525980 0.0000059663378614 0.4325532881927210 0.9490666311401640 0.9415178340808716
6.8857063716714455 -0.0882674766373304 0.0000058532267902 0.4392662715052211 0.9485549884190396 0.9409108185863168
6.9217513351199242 -0.0891940584111543 0.0000057394739074 0.4460546399908275 0.9480405360802563 0.9403000451916522
6.9545136945066792 -0.0900405291248443 0.0000056356466290 0.4522832077574037 0.9475710555499517 0.9397422912368765
6.9906391040758882 -0.0909786115126251 0.0000055206837969 0.4592158794448002 0.9470513155263778 0.9391244122415550
7.0110936809037776 -0.0915119607216751 0.0000054553690014 0.4631714390755179 0.9467560747929022 0.9387732283058856
7.0202040688249712 -0.0917500240322993 0.0000054262265448 0.4649402779638226 0.9466243531179472 0.9386165019397091
7.0293144567461647 -0.0919883994735001 0.0000053970524174 0.4667134669125204 0.9464924944183630 0.9384595843188777
7.0411720691578896 -0.0922991284132703 0.0000053590334227 0.4690278812283856 0.9463206688910168 0.9382550620221960
7.0773911641864373 -0.0932515615577065 0.0000052425724284 0.4761430427476307 0.9457943944117535 0.9376283435312553
7.1136132539276860 -0.0942090665997649 0.0000051256026963 0.4833279929614345 0.9452659229193023 0.9369985541911086
7.1311619536291548 -0.0946747509135042 0.0000050687546996 0.4868338897259276 0.9450091195874176 0.9366923520688439
7.1487106533306237 -0.0951416075887235 0.0000050117900428 0.4903561257499042 0.9447518135317378 0.9363854422285732
7.1658897439827856 -0.0955997625805637 0.0000049559123798 0.4938200335124382 0.9444994407391962 0.9360843112657218
7.2021711774332591 -0.0965710643476013 0.0000048375350963 0.5011873296560094 0.9439648647343916 0.9354461102838393
7.2384441723288973 -0.0975471645408702 0.0000047186895022 0.5086232677682885 0.9434282806059058 0.9348050389126803
7.2596101389380019 -0.0981190601733790 0.0000046491123853 0.5129948856574880 0.9431141919010306 0.9344295683663253
7.2807761055471065 -0.0986926607401021 0.0000045793673072 0.5173906037598696 0.9427993815205952 0.9340530714899801
7.3035446353438669 -0.0993116041318897 0.0000045041542329 0.5221461081888011 0.9424599316773764 0.9336469232446087
