0.0001048908055320 -0.0000000000072006 0.0001011579321853 0.0000000000000023 0.9999999999684399 0.9999999999764719
0.0001461803131104 -0.0000000000139865 0.0001011579321764 0.0000000000000062 0.9999999999384298 0.9999999999542990
0.0001971840824629 -0.0000000000254505 0.0001011579321613 0.0000000000000151 0.9999999998877321 0.9999999999168406
0.0002588409008185 -0.0000000000438560 0.0001011579321370 0.0000000000000343 0.9999999998063368 0.9999999998567006
0.0003320515148623 -0.0000000000721740 0.0001011579320996 0.0000000000000723 0.9999999996811055 0.9999999997641718
0.0004176917873396 -0.0000000001142050 0.0001011579320442 0.0000000000001440 0.9999999994952306 0.9999999996268353
0.0005165867522261 -0.0000000001746877 0.0001011579319644 0.0000000000002723 0.9999999992277570 0.9999999994292083
0.0006295418023109 -0.0000000002594338 0.0001011579318526 0.0000000000004929 0.9999999988529832 0.9999999991523004
0.0007573552776923 -0.0000000003754722 0.0001011579316996 0.0000000000008581 0.9999999983398252 0.9999999987731452
0.0009007485742245 -0.0000000005311123 0.0001011579314942 0.0000000000014436 0.9999999976515362 0.9999999982645914
0.0010604586393570 -0.0000000007361515 0.0001011579312238 0.0000000000023557 0.9999999967447895 0.9999999975946263
0.0012371905483835 -0.0000000010019667 0.0001011579308731 0.0000000000037407 0.9999999955692724 0.9999999967260756
0.0014316299548596 -0.0000000013416583 0.0001011579304251 0.0000000000057961 0.9999999940670512 0.9999999956161341
0.0016444357783199 -0.0000000017701676 0.0001011579298598 0.0000000000087841 0.9999999921720505 0.9999999942159807
0.0018762570754287 -0.0000000023044398 0.0001011579291551 0.0000000000130473 0.9999999898093335 0.9999999924702472
0.0021277298795950 -0.0000000029635603 0.0001011579282856 0.0000000000190281 0.9999999868944989 0.9999999903165722
0.0023994605910925 -0.0000000037688436 0.0001011579272234 0.0000000000272889 0.9999999833332877 0.9999999876853107
0.0026920555075665 -0.0000000047440467 0.0001011579259370 0.0000000000385387 0.9999999790206384 0.9999999844988364
0.0030061033325695 -0.0000000059154636 0.0001011579243918 0.0000000000536608 0.9999999738402710 0.9999999806712337
0.0033421675878981 -0.0000000073120215 0.0001011579225496 0.0000000000737445 0.9999999676642608 0.9999999761079834
0.0037008157364961 -0.0000000089655300 0.0001011579203684 0.0000000001001238 0.9999999603519361 0.9999999707051476
0.0040826102856819 -0.0000000109108081 0.0001011579178024 0.0000000001344185 0.9999999517493160 0.9999999643489551
0.0044880688921601 -0.0000000131856066 0.0001011579148017 0.0000000001785762 0.9999999416894552 0.9999999569160554
0.0049177362748915 -0.0000000158311173 0.0001011579113120 0.0000000002349313 0.9999999299901907 0.9999999482718540
0.0053721239752190 -0.0000000188917922 0.0001011579072747 0.0000000003062550 0.9999999164549420 0.9999999382711046
0.0058517452465114 -0.0000000224156809 0.0001011579026263 0.0000000003958233 0.9999999008712193 0.9999999267568048
0.0063570976936423 -0.0000000264544592 0.0001011578972988 0.0000000005074833 0.9999998830104957 0.9999999135601040
0.0068886770871858 -0.0000000310636707 0.0001011578912188 0.0000000006457324 0.9999998626271412 0.9999998984995139
0.0074469684828211 -0.0000000363028024 0.0001011578843079 0.0000000008157999 0.9999998394580858 0.9999998813806606
0.0080324446262723 -0.0000000422353989 0.0001011578764822 0.0000000010237368 0.9999998132223157 0.9999998619959124
0.0086455868926971 -0.0000000489294211 0.0001011578676521 0.0000000012765227 0.9999997836192869 0.9999998401232070
0.0092868588547552 -0.0000000564571309 0.0001011578577223 0.0000000015821644 0.9999997503294353 0.9999998155264288
0.0099567075232510 -0.0000000648952051 0.0001011578465917 0.0000000019498101 0.9999997130136735 0.9999997879550366
0.0106555968554299 -0.0000000743252990 0.0001011578341524 0.0000000023898927 0.9999996713108956 0.9999997571422216
0.0113839647541707 -0.0000000848336553 0.0001011578202909 0.0000000029142424 0.9999996248397112 0.9999997228061859
0.0121422497316473 -0.0000000965115760 0.0001011578048865 0.0000000035362464 0.9999995731963545 0.9999996846486001
0.0129308705970176 -0.0000001094552524 0.0001011577878126 0.0000000042709876 0.9999995159554392 0.9999996423551599
0.0137502779440468 -0.0000001237667587 0.0001011577689343 0.0000000051354609 0.9999994526655624 0.9999995955923375
0.0146008591274307 -0.0000001395525804 0.0001011577481112 0.0000000061486563 0.9999993828558127 0.9999995440121913
0.0154830658732251 -0.0000001569260190 0.0001011577251939 0.0000000073318884 0.9999993060251378 0.9999994872445094
0.0163972975722996 -0.0000001760052303 0.0001011577000266 0.0000000087088693 0.9999992216510175 0.9999994249032175
0.0173439543019544 -0.0000001969142926 0.0001011576724455 0.0000000103059796 0.9999991291847403 0.9999993565828894
0.0183234488494133 -0.0000002197836684 0.0001011576422785 0.0000000121525257 0.9999990280493630 0.9999992818572393
0.0193361859997039 -0.0000002447499348 0.0001011576093456 0.0000000142809568 0.9999989176409022 0.9999992002800018
0.0203825498781678 -0.0000002719555694 0.0001011575734587 0.0000000167270891 0.9999987973292795 0.9999991113856307
0.0214629095560467 -0.0000003015491392 0.0001011575344219 0.0000000195303750 0.9999986664574892 0.9999990146886831
0.0225776702635912 -0.0000003336868747 0.0001011574920291 0.0000000227343288 0.9999985243346354 0.9999989096786763
0.0237272228055272 -0.0000003685315355 0.0001011574460655 0.0000000263867221 0.9999983702409492 0.9999987958237933
0.0249119334551763 -0.0000004062521522 0.0001011573963084 0.0000000305398556 0.9999982034289288 0.9999986725717254
0.0261321680753160 -0.0000004470248354 0.0001011573425252 0.0000000352509606 0.9999980231197649 0.9999985393470316
0.0273883113629689 -0.0000004910336310 0.0001011572844734 0.0000000405826447 0.9999978284995554 0.9999983955483414
0.0286807106394995 -0.0000005384687404 0.0001011572219018 0.0000000466030398 0.9999976187271777 0.9999982405541710
0.0300097301703861 -0.0000005895285112 0.0001011571545491 0.0000000533864121 0.9999973929254858 0.9999980737164190
0.0313757467576706 -0.0000006444195733 0.0001011570821424 0.0000000610135947 0.9999971501807075 0.9999978943599219
0.0327791279588504 -0.0000007033561946 0.0001011570043993 0.0000000695723253 0.9999968895452939 0.9999977017845580
0.0342201956929974 -0.0000007665587469 0.0001011569210291 0.0000000791574373 0.9999966100447045 0.9999974952702616
0.0356993090613697 -0.0000008342573155 0.0001011568317282 0.0000000898718358 0.9999963106614447 0.9999972740652278
0.0372168278694831 -0.0000009066904505 0.0001011567361819 0.0000001018268148 0.9999959903405864 0.9999970373899927
0.0387730780758105 -0.0000009841035998 0.0001011566340666 0.0000001151422860 0.9999956479967000 0.9999967844425536
0.0403684295105742 -0.0000010667530448 0.0001011565250441 0.0000001299479627 0.9999952824964488 0.9999965143855091
0.0420031900191342 -0.0000011549007148 0.0001011564087689 0.0000001463829977 0.9999948926815218 0.9999962263630034
0.0436776940398105 -0.0000012488187624 0.0001011562848821 0.0000001645973385 0.9999944773483990 0.9999959194857750
0.0453923013763514 -0.0000013487899490 0.0001011561530107 0.0000001847524447 0.9999940352466488 0.9999955928298987
0.0471473259665369 -0.0000014551037136 0.0001011560127729 0.0000002070211248 0.9999935650963122 0.9999952454496293
0.0489430957716550 -0.0000015680596609 0.0001011558637734 0.0000002315888487 0.9999930655724768 0.9999948763660048
0.0507799523125171 -0.0000016879678658 0.0001011557056033 0.0000002586545147 0.9999925353039323 0.9999944845658515
0.0526581990018978 -0.0000018151456537 0.0001011555378440 0.0000002884304151 0.9999919728874076 0.9999940690123043
0.0545781705836445 -0.0000019499222676 0.0001011553600612 0.0000003211440045 0.9999913768669342 0.9999936286295570
0.0565401871601762 -0.0000020926360320 0.0001011551718086 0.0000003570380124 0.9999907457463846 0.9999931623121280
0.0585445511079561 -0.0000022436341086 0.0001011549726284 0.0000003963711147 0.9999900779905586 0.9999926689256610
0.0605915993564702 -0.0000024032765817 0.0001011547620455 0.0000004394197993 0.9999893720071119 0.9999921472935731
0.0626816164832599 -0.0000025719299680 0.0001011545395764 0.0000004864774817 0.9999886261752609 0.9999915962182635
0.0648149185380120 -0.0000027499737871 0.0001011543047207 0.0000005378571075 0.9999878388167264 0.9999910144596434
0.0669918211309112 -0.0000029377983716 0.0001011540569633 0.0000005938914992 0.9999870082054179 0.9999904007422921
0.0692126092774301 -0.0000031358023076 0.0001011537957786 0.0000006549334852 0.9999861325787527 0.9999897537638186
0.0714776226899518 -0.0000033444001434 0.0001011535206198 0.0000007213592206 0.9999852101035677 0.9999890721696753
0.0737871522677595 -0.0000035640133810 0.0001011532309309 0.0000007935664233 0.9999842389159569 0.9999883545825915
0.0761414750967977 -0.0000037950734101 0.0001011529261428 0.0000008719761927 0.9999832171082985 0.9999875995929879
0.0785408953084440 -0.0000040380256621 0.0001011526056681 0.0000009570354653 0.9999821427108846 0.9999868057454021
0.0809857175872508 -0.0000042933273969 0.0001011522689035 0.0000010492174356 0.9999810137017097 0.9999859715457208
0.0834762400364562 -0.0000045614471121 0.0001011519152312 0.0000011490224749 0.9999798280090848 0.9999850954631102
0.0860127705723367 -0.0000048428664609 0.0001011515440159 0.0000012569800148 0.9999785835031553 0.9999841759237482
0.0885955716191166 -0.0000051380741825 0.0001011511546128 0.0000013736473895 0.9999772780227462 0.9999832113306585
0.0912249410358182 -0.0000054475751692 0.0001011507463561 0.0000014996145268 0.9999759093352627 0.9999822000340811
0.0939011604139278 -0.0000057718848910 0.0001011503185658 0.0000016355030893 0.9999744751613505 0.9999811403496929
0.0966245053869048 -0.0000061115305907 0.0001011498705465 0.0000017819682064 0.9999729731696093 0.9999800305546994
0.0993952623166291 -0.0000064670535207 0.0001011494015844 0.0000019397007898 0.9999714009667042 0.9999788688805284
0.1022137278738679 -0.0000068390092545 0.0001011489109466 0.0000021094291590 0.9999697560959889 0.9999776535118108
0.1050801738498602 -0.0000072279632171 0.0001011483978873 0.0000022919184519 0.9999680360572728 0.9999763826009843
0.1079948882354319 -0.0000076344962037 0.0001011478616406 0.0000024879746025 0.9999662382824173 0.9999750542502619
0.1109581707170647 -0.0000080592042103 0.0001011473014203 0.0000026984459279 0.9999643601360874 0.9999736665121847
0.1139702437083888 -0.0000085026855718 0.0001011467164372 0.0000029242181952 0.9999623989726315 0.9999722174316487
0.1170314205009396 -0.0000089655653667 0.0001011461058670 0.0000031662284004 0.9999603520281591 0.9999707049661607
0.1201419548838156 -0.0000094484737567 0.0001011454688785 0.0000034254555564 0.9999582165163303 0.9999691270566143
0.1233021148876312 -0.0000099520568615 0.0001011448046196 0.0000037029278590 0.9999559895802690 0.9999674815917572
0.1265121798713488 -0.0000104769767385 0.0001011441122169 0.0000039997245700 0.9999536682926513 0.9999657664082549
0.1297724231552922 -0.0000110239088485 0.0001011433907798 0.0000043169764635 0.9999512496669184 0.9999639792989733
0.1330830976714140 -0.0000115935396068 0.0001011426394028 0.0000046558661406 0.9999487306681065 0.9999621180209798
0.1364444719849952 -0.0000121865725480 0.0001011418571581 0.0000050176334753 0.9999461081855876 0.9999601802753985
0.1398568158986088 -0.0000128037262063 0.0001011410430981 0.0000054035764131 0.9999433790424470 0.9999581637143371
0.1433203959029018 -0.0000134457334674 0.0001011401962563 0.0000058150525735 0.9999405399983509 0.9999560659430037
0.1468354649546628 -0.0000141133397072 0.0001011393156495 0.0000062534800246 0.9999375877577809 0.9999538845257884
0.1504023000656184 -0.0000148073100547 0.0001011384002688 0.0000067203441285 0.9999345189379186 0.9999516169625305
0.1540211320432589 -0.0000155284159656 0.0001011374490967 0.0000072171907068 0.9999313301280238 0.9999492607323910
0.1576922489363849 -0.0000162774556541 0.0001011364610805 0.0000077456420951 0.9999280177990856 0.9999468132270893
0.1614158821421263 -0.0000170552315767 0.0001011354351621 0.0000083073838929 0.9999245784033924 0.9999442718244743
0.1651923316499048 -0.0000178625763142 0.0001011343702434 0.0000089041856763 0.9999210082600880 0.9999416338039565
0.1690217961649420 -0.0000187003168596 0.0001011332652338 0.0000095378772831 0.9999173037130927 0.9999388964631949
0.1729045346736688 -0.0000195693088219 0.0001011321190051 0.0000102103761448 0.9999134609798576 0.9999360570063360
0.1768408175871690 -0.0000204704268054 0.0001011309304039 0.0000109236831641 0.9999094761939135 0.9999331125754498
0.1808309061428110 -0.0000214045600109 0.0001011296982576 0.0000116798819141 0.9999053454243244 0.9999300602649005
0.1848750217643957 -0.0000223726047667 0.0001011284213842 0.0000124811348414 0.9999010647087238 0.9999268971457536
0.1889734337745982 -0.0000233754853413 0.0001011270985651 0.0000133297028701 0.9998966299612819 0.9999236201977667
0.1931263867963712 -0.0000244141370465 0.0001011257285667 0.0000142279344006 0.9998920370474313 0.9999202263646013
0.1973341235863259 -0.0000254895116459 0.0001011243101343 0.0000151782723908 0.9998872817599552 0.9999167125361496
0.2015968613401420 -0.0000266025712230 0.0001011228419991 0.0000161832515597 0.9998823598461095 0.9999130755685705
0.2059148831402837 -0.0000277543122812 0.0001011213228472 0.0000172455230982 0.9998772669010572 0.9999093122055400
0.2102884217500688 -0.0000289457357952 0.0001011197513587 0.0000183678308191 0.9998719985003066 0.9999054191761091
0.2147177244453473 -0.0000301778641787 0.0001011181261858 0.0000195530294179 0.9998665501246896 0.9999013931392609
0.2192030279990245 -0.0000314517346991 0.0001011164459606 0.0000208040814349 0.9998609171894848 0.9998972307054267
0.2237445717939340 -0.0000327684031849 0.0001011147092911 0.0000221240638934 0.9998550950280339 0.9998929284243721
0.2283425592573988 -0.0000341289327481 0.0001011129147757 0.0000235161599569 0.9998490789416155 0.9998884828220451
0.2329972898650859 -0.0000355344331240 0.0001011110609514 0.0000249837025976 0.9998428640254963 0.9998838902720312
0.2377089298088121 -0.0000369859924206 0.0001011091463835 0.0000265301075490 0.9998364454707361 0.9998791472185641
0.2424777637518034 -0.0000384847530878 0.0001011071695659 0.0000281589558723 0.9998298182282694 0.9998742499282917
0.2473040431626236 -0.0000400318666827 0.0001011051289805 0.0000298739507042 0.9998229772089379 0.9998691946380821
0.2521879794190461 -0.0000416284907427 0.0001011030231013 0.0000316789162684 0.9998159172973224 0.9998639775652393
0.2571297858765451 -0.0000432758018349 0.0001011008503774 0.0000335778153133 0.9998086332940511 0.9998585948648623
0.2621297077204717 -0.0000449750060206 0.0001010986092188 0.0000355747652614 0.9998011198695393 0.9998530425956519
0.2671880072087878 -0.0000467273349054 0.0001010962980021 0.0000376740384233 0.9997933715814632 0.9998473167328134
0.2723048647045131 -0.0000485340111197 0.0001010939151157 0.0000398800240816 0.9997853830274084 0.9998414132808529
0.2774805222062464 -0.0000503962978732 0.0001010914588945 0.0000421972914062 0.9997771486257625 0.9998353281116514
0.2827152233281495 -0.0000523154789898 0.0001010889276463 0.0000446305703963 0.9997686627040079 0.9998290570297013
0.2880091801356875 -0.0000542928466444 0.0001010863196681 0.0000471847401380 0.9997599195529574 0.9998225958121759
0.2933626546279107 -0.0000563297317300 0.0001010836332056 0.0000498648719536 0.9997509132924943 0.9998159401097012
0.2987758186259983 -0.0000584274509941 0.0001010808665235 0.0000526761644697 0.9997416381053258 0.9998090856190901
0.3042489118712262 -0.0000605873669686 0.0001010780178261 0.0000556240263025 0.9997320879720114 0.9998020278875153
0.3097821706064588 -0.0000628108616006 0.0001010750852922 0.0000587140466630 0.9997222567875715 0.9997947623986708
0.3153758129491863 -0.0000650993302702 0.0001010720670830 0.0000619519912297 0.9997121383879504 0.9997872845923177
0.3210300952785430 -0.0000674542049942 0.0001010689613112 0.0000653438395721 0.9997017264474370 0.9997795897884618
0.3267451998666171 -0.0000698769079696 0.0001010657661029 0.0000688957231876 0.9996910146840875 0.9997716733391544
0.3325213300532022 -0.0000723688903927 0.0001010624795459 0.0000726139847336 0.9996799966880989 0.9997635305016428
0.3383587496714873 -0.0000749316508631 0.0001010590996655 0.0000765052120867 0.9996686658404605 0.9997551563782329
0.3442576476367015 -0.0000775666768639 0.0001010556245020 0.0000805761555849 0.9996570155717067 0.9997465461075067
0.3502182446173379 -0.0000802754909404 0.0001010520520493 0.0000848338019471 0.9996450391577615 0.9997376947134258
0.3562407684367587 -0.0000830596406284 0.0001010483802686 0.0000892853649755 0.9996327297644881 0.9997285971382390
0.3623254170983908 -0.0000859206813786 0.0001010446071108 0.0000939382632339 0.9996200805232046 0.9997192482982789
0.3684724445613169 -0.0000888602168990 0.0001010407304632 0.0000988001907272 0.9996070843523396 0.9997096429521326
0.3746820125233020 -0.0000918798289043 0.0001010367482423 0.0001038790068348 0.9995937342680431 0.9996997759301945
0.3809543734270108 -0.0000949811647702 0.0001010326582780 0.0001091828867449 0.9995800229966756 0.9996896418482415
0.3872897259808625 -0.0000981658681905 0.0001010284584054 0.0001147202116376 0.9995659432814020 0.9996792353340158
0.3936882978812489 -0.0001014356197487 0.0001010241464111 0.0001204996429407 0.9995514877028459 0.9996685508946519
0.4001502897006926 -0.0001047921089156 0.0001010197200698 0.0001265300794687 0.9995366488029103 0.9996575830081733
0.4066759041886193 -0.0001082370486664 0.0001010151771258 0.0001328206881878 0.9995214190201785 0.9996463260757271
0.4132653843092930 -0.0001117721963038 0.0001010105152648 0.0001393809492220 0.9995057905978854 0.9996347743535381
0.4199189099225861 -0.0001153992985947 0.0001010057321866 0.0001462205608447 0.9994897558264855 0.9996229221321808
0.4266366728465996 -0.0001191201310992 0.0001010008255535 0.0001533495165284 0.9994733068698088 0.9996107636080627
0.4334189033056030 -0.0001229365138422 0.0001009957929689 0.0001607781427595 0.9994564356958101 0.9995982928322095
0.4402658232494231 -0.0001268502862927 0.0001009906320110 0.0001685170587763 0.9994391341872109 0.9995855037920236
0.4471776277708232 -0.0001308632963013 0.0001009853402473 0.0001765771600393 0.9994213941904295 0.9995723904474280
0.4541545052554219 -0.0001349774110279 0.0001009799152196 0.0001849696448709 0.9994032074673010 0.9995589466951548
0.4611966784034522 -0.0001391945415434 0.0001009743544125 0.0001937060717443 0.9993845655863576 0.9995451662883515
0.4683043582604885 -0.0001435166164064 0.0001009686552874 0.0002027983132260 0.9993654600396660 0.9995310429229198
0.4754777072131157 -0.0001479455582761 0.0001009628153138 0.0002122585114768 0.9993458823462402 0.9995165703139344
0.4827169727540219 -0.0001524833662623 0.0001009568318609 0.0002220992602392 0.9993258236880549 0.9995017419265431
0.4900223418361315 -0.0001571320267401 0.0001009507023145 0.0002323334226457 0.9993052753043148 0.9994865512673939
0.4973940420277825 -0.0001618935764627 0.0001009444239945 0.0002429742743707 0.9992842282125134 0.9994709916783977
0.5048322132883597 -0.0001667700199971 0.0001009379942635 0.0002540353265738 0.9992626735734195 0.9994550566065208
0.5123370800373022 -0.0001717634409462 0.0001009314103800 0.0002655305816099 0.9992406021994915 0.9994387392403362
0.5199088357032001 -0.0001768759277105 0.0001009246695968 0.0002774743749996 0.9992180048830673 0.9994220327526105
0.5275477295383038 -0.0001821096320381 0.0001009177690830 0.0002898815194110 0.9991948721376119 0.9994049301089720
0.5352539194937901 -0.0001874666689736 0.0001009107060569 0.0003027670766446 0.9991711946399839 0.9993874243948495
0.5430276022002165 -0.0001929492047595 0.0001009034776692 0.0003161465707328 0.9991469628419534 0.9993695085282266
0.5508689845139050 -0.0001985594384383 0.0001008960810278 0.0003300359545166 0.9991221670515683 0.9993511753197560
0.5587782556963655 -0.0002042995822050 0.0001008885132239 0.0003444515693192 0.9990967975200399 0.9993324175369593
0.5667555907748869 -0.0002101718631496 0.0001008807713290 0.0003594101553618 0.9990708444340815 0.9993132278985262
0.5748012292825041 -0.0002161785818619 0.0001008728523182 0.0003749290105350 0.9990442976569545 0.9992935988828004
0.5829153411096469 -0.0002223220137093 0.0001008647532004 0.0003910257470249 0.9990171471648273 0.9992735230503805
0.5910981190910120 -0.0002286044768943 0.0001008564709283 0.0004077184725372 0.9989893827460413 0.9992529928217146
0.5993497466904147 -0.0002350283084938 0.0001008480024300 0.0004250257369971 0.9989609941070563 0.9992320005553927
0.6076704084836777 -0.0002415958724378 0.0001008393445988 0.0004429665618552 0.9989319708372461 0.9992105385220700
0.6160603542502130 -0.0002483096113549 0.0001008304942247 0.0004615605935987 0.9989023021798461 0.9991885987350333
0.6245197194808710 -0.0002551719037234 0.0001008214481825 0.0004808277189121 0.9988719776632773 0.9991661734170092
0.6330487188955949 -0.0002621852179236 0.0001008122032291 0.0005007884978305 0.9988409864204307 0.9991432544967331
0.6416475342843433 -0.0002693520226759 0.0001008027561216 0.0005214639250079 0.9988093175845101 0.9991198339016204
0.6503163289933014 -0.0002766747976727 0.0001007931036028 0.0005428754652240 0.9987769602421023 0.9990959035230161
0.6590553065341086 -0.0002841560831817 0.0001007832423364 0.0005650452076402 0.9987439032140620 0.9990714550540901
0.6678646885291526 -0.0002917984632214 0.0001007731689288 0.0005879958311424 0.9987101351299298 0.9990464800448072
0.6767446130239421 -0.0002996044767964 0.0001007628800465 0.0006117503455201 0.9986756448202067 0.9990209701920015
0.6856953114973485 -0.0003075767718955 0.0001007523722127 0.0006363325647067 0.9986404206359825 0.9989949168361095
0.6947169213183128 -0.0003157179407483 0.0001007416420247 0.0006617666152222 0.9986044511769134 0.9989683114995389
0.7038096550697954 -0.0003240306702396 0.0001007306859558 0.0006880774084157 0.9985677246267132 0.9989411453951093
0.7129737057283683 -0.0003325176581245 0.0001007195004655 0.0007152903940505 0.9985302291234209 0.9989134096998514
0.7222092121647319 -0.0003411815794495 0.0001007080820438 0.0007434314574226 0.9984919529078201 0.9988850956647397
0.7315163947215010 -0.0003500252130718 0.0001006964270446 0.0007725273381150 0.9984528837645583 0.9988561942012115
0.7408954451601220 -0.0003590513401592 0.0001006845318195 0.0008026053161650 0.9984130094706655 0.9988266962128668
0.7503465372793545 -0.0003682627530235 0.0001006723927061 0.0008336932473864 0.9983723177565996 0.9987965925665915
0.7598698273872377 -0.0003776622546272 0.0001006600060286 0.0008658195688796 0.9983307963085014 0.9987658740941615
0.7694655149847616 -0.0003872527186565 0.0001006473680189 0.0008990135153751 0.9982884325029190 0.9987345313959114
0.7791337923990959 -0.0003970370410715 0.0001006344748800 0.0009333049686610 0.9982452136209321 0.9987025549990616
0.7888748160101807 -0.0004070181101451 0.0001006213228263 0.0009687243605286 0.9982011269805794 0.9986699354556273
0.7986887847222865 -0.0004171988862240 0.0001006079079777 0.0010053029644656 0.9981561595846399 0.9986366630817402
0.8085758668494805 -0.0004275823273281 0.0001005942264581 0.0010430726444928 0.9981102984493644 0.9986027282007887
0.8185362227991656 -0.0004381714115876 0.0001005802743659 0.0010820659429757 0.9980635305054630 0.9985681210700842
0.8285700167772468 -0.0004489691495279 0.0001005660477574 0.0011223161364340 0.9980158425439474 0.9985328318407017
0.8386774545539355 -0.0004599786258242 0.0001005515425925 0.0011638574066632 0.9979672210318358 0.9984968504210046
0.8488587271122287 -0.0004712029396815 0.0001005367548127 0.0012067246340302 0.9979176523755885 0.9984601666714847
0.8591139849892336 -0.0004826451752108 0.0001005216803803 0.0012509532911513 0.9978671230520256 0.9984227705015726
0.8694434092842294 -0.0004943084795141 0.0001005063151759 0.0012965797521691 0.9978156192635973 0.9983846516144247
0.8798471946366868 -0.0005061960452975 0.0001004906550207 0.0013436412437723 0.9977631270153046 0.9983457995637375
0.8903254759373099 -0.0005183110266958 0.0001004746957882 0.0013921755224115 0.9977096324865078 0.9983062040288472
0.9008784590401361 -0.0005306566891363 0.0001004584332060 0.0014422214819039 0.9976551213692941 0.9982658543249177
0.9115062698390870 -0.0005432362346530 0.0001004418630865 0.0014938184650729 0.9975995796399407 0.9982247399738596
0.9222091327922308 -0.0005560530115101 0.0001004249810507 0.0015470071293009 0.9975429926334771 0.9981828500191980
0.9329871713908734 -0.0005691102780661 0.0001004077828393 0.0016018284906867 0.9974853460864161 0.9981401737978367
0.9438405729216570 -0.0005824113989123 0.0001003902640540 0.0016583247460009 0.9974266252709024 0.9980967002989948
0.9547695329855298 -0.0005959597803092 0.0001003724202431 0.0017165390257415 0.9973668152799327 0.9980524183752093
0.9657742026373239 -0.0006097588042608 0.0001003542469883 0.0017765151224509 0.9973059013185236 0.9980073169577997
0.9768547763993688 -0.0006238119377145 0.0001003357397604 0.0018382979736831 0.9972438682217899 0.9979613846999417
0.9880113665875262 -0.0006381225737007 0.0001003168941293 0.0019019329791563 0.9971807011563377 0.9979146104958855
0.9992441489506699 -0.0006526942154757 0.0001002977055209 0.0019674668211641 0.9971163848075647 0.9978669828790796
1.0105533164516149 -0.0006675304202703 0.0001002781692917 0.0020349472415776 0.9970509036281593 0.9978184902060101
1.0219390193239903 -0.0006826347207236 0.0001002582808318 0.0021044226987793 0.9969842421850197 0.9977691209129833
1.0334014316271900 -0.0006980107116215 0.0001002380354513 0.0021759427735668 0.9969163847765783 0.9977188632326087
1.0449407416502565 -0.0007136620386918 0.0001002174283946 0.0022495581388507 0.9968473154824462 0.9976677052304054
1.0565570519356484 -0.0007295922619415 0.0001001964550208 0.0023253199261539 0.9967770187666549 0.9976156352514890
1.0682505568142235 -0.0007458050967854 0.0001001751104859 0.0024032808755784 0.9967054784137351 0.9975626411324028
1.0800214261395107 -0.0007623042572456 0.0001001533899494 0.0024834946171623 0.9966326782208728 0.9975087107136237
1.0918698092361936 -0.0007790934598363 0.0001001312885695 0.0025660156966677 0.9965586019809163 0.9974538318268529
1.1037958754270532 -0.0007961764804569 0.0001001088014280 0.0026508998674031 0.9964832332315332 0.9973979921090387
1.1157997834520597 -0.0008135571115248 0.0001000859235865 0.0027382038967611 0.9964065554445429 0.9973411791424814
1.1278816920324124 -0.0008312391768036 0.0001000626500677 0.0028279856534954 0.9963285519606864 0.9972833804063530
1.1400417711103128 -0.0008492265482172 0.0001000389758326 0.0029203042101972 0.9962492059156548 0.9972245832217195
1.1522801397928804 -0.0008675230535738 0.0001000148959024 0.0030152193825505 0.9961685006473333 0.9971647750531629
1.1645969978343960 -0.0008861326723291 0.0000999904051007 0.0031127927562065 0.9960864188324816 0.9971039428688521
1.1769924955055933 -0.0009050593423750 0.0000999654983080 0.0032130867071663 0.9960029433392282 0.9970420737721014
1.1894667703025836 -0.0009243070131217 0.0000999401703917 0.0033161646834318 0.9959180569930985 0.9969791548278450
1.2020199853968827 -0.0009438797048124 0.0000999144161284 0.0034220915383901 0.9958317423156481 0.9969151728687308
1.2146523172005887 -0.0009637814910025 0.0000998882302267 0.0035309334621712 0.9957439816019966 0.9968501145523739
1.2273639044555140 -0.0009840164182865 0.0000998616074331 0.0036427575587070 0.9956547572750412 0.9967839666237560
1.2401548777417430 -0.0010045885509986 0.0000998345424732 0.0037576320966302 0.9955640516885284 0.9967167157690906
1.2530254383362034 -0.0010255020994014 0.0000998070298830 0.0038756272490784 0.9954718465621288 0.9966483481967547
1.2659757080911764 -0.0010467611779690 0.0000997790643272 0.0039968137591752 0.9953781240474415 0.9965788504274546
1.2790058121521346 -0.0010683699367102 0.0000997506404262 0.0041212636801592 0.9952828661491752 0.9965082088649201
1.2921159541536755 -0.0010903326881079 0.0000997217525894 0.0042490511360652 0.9951860541658775 0.9964364093809026
1.3053062318772899 -0.0011126536003389 0.0000996923954188 0.0043802505657377 0.9950876700425474 0.9963634383180688
1.3185768497242980 -0.0011353370533410 0.0000996625632408 0.0045149388128533 0.9949876948013634 0.9962892813259501
1.3319279750528121 -0.0011583873987526 0.0000996322504215 0.0046531937506483 0.9948861096001648 0.9962139241457192
1.3453596833271009 -0.0011818088607148 0.0000996014514982 0.0047950936779222 0.9947828961697758 0.9961373529344967
1.3588721500297052 -0.0012056058676094 0.0000995701607421 0.0049407193287332 0.9946780353522945 0.9960595531808017
1.3724655474151652 -0.0012297828762847 0.0000995383723904 0.0050901528513376 0.9945715078761246 0.9959805102791843
1.3861400005466251 -0.0012543442925158 0.0000995060807506 0.0052434773266911 0.9944632947066926 0.9959002097902563
1.3998956368498505 -0.0012792945572390 0.0000994732800871 0.0054007773076408 0.9943533766667276 0.9958186371587581
1.4137326454963817 -0.0013046382561023 0.0000994399644775 0.0055621395393679 0.9942417339540128 0.9957357773553764
1.4276511498070343 -0.0013303798879156 0.0000994061281169 0.0057276515174703 0.9941283471617852 0.9956516156337627
1.4416512831650370 -0.0013565240012713 0.0000993717651386 0.0058974023609395 0.9940131966771439 0.9955661370838583
1.4557331926392629 -0.0013830752023596 0.0000993368696036 0.0060714828882426 0.9938962626469930 0.9954793266063280
1.4698970096635491 -0.0014100381001799 0.0000993014355729 0.0062499852801870 0.9937775252196904 0.9953911690916817
1.4841428977369859 -0.0014374173972824 0.0000992654569885 0.0064330036993631 0.9936569641457899 0.9953016491235785
1.4984710156387049 -0.0014652178210513 0.0000992289277635 0.0066206338634824 0.9935345590810531 0.9952107512034865
1.5128814444964351 -0.0014934439798141 0.0000991918419713 0.0068129720776216 0.9934102902202672 0.9951184602211566
1.5273743944134555 -0.0015221007661683 0.0000991541933160 0.0070101179924897 0.9932841365218611 0.9950247601358634
1.5419499464309083 -0.0015511928515921 0.0000991159757962 0.0072121711803207 0.9931560779333145 0.9949296356288684
1.5566082794965783 -0.0015807251338332 0.0000990771831176 0.0074192342231277 0.9930260934219751 0.9948330706405734
1.5713495240877835 -0.0016107024471000 0.0000990378090737 0.0076314107363019 0.9928941622512354 0.9947350493181141
1.5861737563565415 -0.0016411295454644 0.0000989978475676 0.0078488052380307 0.9927602640537729 0.9946355560696432
1.6010811847154005 -0.0016720114860150 0.0000989572921090 0.0080715259080566 0.9926243771458468 0.9945345743114563
1.6160719624980286 -0.0017033532480580 0.0000989161363145 0.0082996819146789 0.9924864802036324 0.9944320877131408
1.6311461421815197 -0.0017351596308756 0.0000988743740416 0.0085333826438586 0.9923465527131883 0.9943280805319266
1.6463038874809959 -0.0017674356976721 0.0000988319988064 0.0087727409549933 0.9922045730176398 0.9942225361609912
1.6615453805560116 -0.0018001865860704 0.0000987890040320 0.0090178718562575 0.9920605191516061 0.9941154377491072
1.6768706653468293 -0.0018334171687405 0.0000987453834948 0.0092688899653228 0.9919143703342340 0.9940067693104279
1.6922799563213016 -0.0018671327184384 0.0000987011304509 0.0095259145204554 0.9917661040445775 0.9938965135497411
1.7077733393150367 -0.0019013382613921 0.0000986562384853 0.0097890645329487 0.9916156988659851 0.9937846539769737
1.7233509416239965 -0.0019360389451973 0.0000986107010294 0.0100584615802677 0.9914631328685102 0.9936711737041289
1.7390129160021679 -0.0019712400068112 0.0000985645114027 0.0103342296070733 0.9913083837502985 0.9935560555499400
1.7547593504610171 -0.0020069465696797 0.0000985176630795 0.0106164933564280 0.9911514297299312 0.9934392827033302
1.7705904443938656 -0.0020431640419423 0.0000984701491661 0.0109053815303089 0.9909922477964869 0.9933208374211534
1.7865062716665812 -0.0020798975785183 0.0000984219631074 0.0112010225536022 0.9908308160745010 0.9932007027873683
1.8025069277255847 -0.0021171524124035 0.0000983730982516 0.0115035471959319 0.9906671123680828 0.9930788616296019
1.8185926042963638 -0.0021549340330504 0.0000983235476170 0.0118130900781755 0.9905011133778618 0.9929552959357461
1.8347633622279218 -0.0021932476557131 0.0000982733045876 0.0121297853709486 0.9903327970332075 0.9928299885894734
1.8510193812933597 -0.0022320988075717 0.0000982223621451 0.0124537716145174 0.9901621399175251 0.9927029214533160
1.8673607791339495 -0.0022714929016774 0.0000981707134274 0.0127851882442415 0.9899891191407031 0.9925740767621049
1.8837876717914637 -0.0023114353783343 0.0000981183515435 0.0131241767647603 0.9898137117184532 0.9924434366605953
1.9003001736464351 -0.0023519317047685 0.0000980652695741 0.0134708807682598 0.9896358945743324 0.9923109832045660
1.9168984061861634 -0.0023929873967186 0.0000980114605433 0.0138254461428400 0.9894556444455344 0.9921766982902182
1.9335824647680260 -0.0024346079359055 0.0000979569175272 0.0141880203797983 0.9892729382458086 0.9920405639241362
1.9503525028699709 -0.0024767989800986 0.0000979016333783 0.0145587544257381 0.9890877521439172 0.9919025615362150
1.9672086079231790 -0.0025195660529251 0.0000978456011327 0.0149377999996194 0.9889000629259049 0.9917626729942702
1.9841509543678248 -0.0025629149300477 0.0000977888135040 0.0153253130200040 0.9887098463007998 0.9916208793409118
2.0011795615242036 -0.0026068510211616 0.0000977312636932 0.0157214481173518 0.9885170796131867 0.9914771628150412
2.0182946104731796 -0.0026513801810986 0.0000976729443259 0.0161263659114409 0.9883217382847355 0.9913315041987681
2.0354962121981388 -0.0026965081165143 0.0000976138482305 0.0165402277307006 0.9881237984183490 0.9911838847581594
2.0527844334145979 -0.0027422404468694 0.0000975539683577 0.0169631961329214 0.9879232365308742 0.9910342860438339
2.0701594459205408 -0.0027885830995212 0.0000974932972637 0.0173954385831526 0.9877200278211010 0.9908826885985832
2.0876213464185835 -0.0028355418347099 0.0000974318277325 0.0178371230997626 0.9875141482537964 0.9907290735112547
2.1051701971148038 -0.0028831223477868 0.0000973695526417 0.0182884191741907 0.9873055741116895 0.9905734220824179
2.1228061364326347 -0.0029313305691921 0.0000973064645704 0.0187495006377682 0.9870942806811980 0.9904157148430826
2.1405292976107266 -0.0029801724476437 0.0000972425560833 0.0192205436675044 0.9868802432039100 0.9902559322639830
2.1583397888178957 -0.0030296538940696 0.0000971778198041 0.0197017262581481 0.9866634371229547 0.9900940549390552
2.1762377007927052 -0.0030797808002406 0.0000971122483911 0.0201932284025648 0.9864438380019196 0.9899300635245475
2.1942231133605246 -0.0031305590552210 0.0000970458345162 0.0206952322592559 0.9862214214534138 0.9897639386852689
2.2122961854348144 -0.0031819948012251 0.0000969785705304 0.0212079247238355 0.9859961620193305 0.9895956602575834
2.2304569805084600 -0.0032340939399472 0.0000969104491096 0.0217314925633162 0.9857680353339268 0.9894252088645549
2.2487056022126874 -0.0032868625151598 0.0000968414627543 0.0222661262218354 0.9855370164488041 0.9892525646643159
2.2670422029285269 -0.0033403067424323 0.0000967716037515 0.0228120201959937 0.9853030797040898 0.9890777072528745
2.2854667768570924 -0.0033944324044160 0.0000967008649650 0.0233693668665103 0.9850662013761142 0.9889006176426869
2.3039795308780744 -0.0034492459348290 0.0000966292384186 0.0239383676278596 0.9848263549337526 0.9887212747161613
2.3225805183368489 -0.0035047533459827 0.0000965567166987 0.0245192219049162 0.9845835157332680 0.9885396587346609
2.3412698443073006 -0.0035609608305696 0.0000964832921676 0.0251121333621406 0.9843376583854058 0.9883557493696518
2.3600475839525221 -0.0036178745192223 0.0000964089572805 0.0257173074037029 0.9840887578170782 0.9881695264960320
2.3789138526772344 -0.0036755006920210 0.0000963337043095 0.0263349534355151 0.9838367883472036 0.9879809695001754
2.3978687106678667 -0.0037338454881939 0.0000962575257232 0.0269652817926980 0.9835817249571166 0.9877900582299004
2.4169123444314700 -0.0037929154647490 0.0000961804134575 0.0276085097988177 0.9833235408493852 0.9875967711666616
2.4360447722974206 -0.0038527166874220 0.0000961023601024 0.0282648519419271 0.9830622114225845 0.9874010884002016
2.4552660694504147 -0.0039132554219768 0.0000960233580000 0.0289345273522400 0.9827977112500099 0.9872029893666521
2.4745763917040131 -0.0039745382166190 0.0000959433991373 0.0296177608233290 0.9825300137214558 0.9870024525789232
2.4939757760097372 -0.0040365712713080 0.0000958624759695 0.0303147758340057 0.9822590937995260 0.9867994576906198
2.5134642973138313 -0.0040993609305898 0.0000957805807768 0.0310258000110776 0.9819849258673029 0.9865939838834958
2.5330421105763254 -0.0041629138249869 0.0000956977054811 0.0317510668249359 0.9817074831127496 0.9863860094048609
2.5527092715170343 -0.0042272362922112 0.0000956138424003 0.0324908090468560 0.9814267400569031 0.9861755134617575
2.5724658467679231 -0.0042923347292631 0.0000955289837903 0.0332452627283510 0.9811426710172161 0.9859624750689094
2.5923119249624493 -0.0043582156305910 0.0000954431217946 0.0340146676873333 0.9808552499423551 0.9857468729239823
2.6122476058023509 -0.0044248855539867 0.0000953562484896 0.0347992671614577 0.9805644505624094 0.9855286855193346
2.6322729218362566 -0.0044923484418637 0.0000952683563925 0.0355993047160652 0.9802702475295899 0.9853078919987974
2.6509897601202939 -0.0045558496605278 0.0000951856388609 0.0363579338654479 0.9799933715247109 0.9851000539366688
2.6711921851221985 -0.0046248771049895 0.0000950957403168 0.0371886407272968 0.9796924661673088 0.9848741251812653
2.6914808513421642 -0.0046947066223213 0.0000950048157875 0.0380353743983927 0.9793881343811830 0.9846455676029431
2.7118595033035247 -0.0047653572975638 0.0000949128411057 0.0388985418465520 0.9790802955556605 0.9844143186854065
2.7323281905362635 -0.0048368356583546 0.0000948198084772 0.0397784022530295 0.9787689238903732 0.9841803570154534
2.7528870261903520 -0.0049091484782529 0.0000947257098052 0.0406752206350253 0.9784539925788401 0.9839436603778107
2.7735360692136384 -0.0049823023657650 0.0000946305372252 0.0415892628183046 0.9781354756001007 0.9837042071005299
2.7942753863021039 -0.0050563039791801 0.0000945342828264 0.0425207980876676 0.9778133467839485 0.9834619753520150
2.8151050920663607 -0.0051311601722795 0.0000944369384617 0.0434701010774416 0.9774875791783477 0.9832169426642711
2.8360251907958118 -0.0052068774256091 0.0000943384964887 0.0444374445834663 0.9771581475258332 0.9829690877947964
2.8570357550434222 -0.0052834624854271 0.0000942389489381 0.0454231076532813 0.9768250254837942 0.9827183886353190
2.8781369064957900 -0.0053609223018639 0.0000941382875954 0.0464273749193280 0.9764881858960793 0.9824648224144240
2.8993286610770768 -0.0054392634605361 0.0000940365047396 0.0474505292584642 0.9761476032661318 0.9822083675584304
2.9206111202213685 -0.0055184928832418 0.0000939335922331 0.0484928608823811 0.9758032507111829 0.9819490013979257
2.9419843318332175 -0.0055986173158902 0.0000938295421876 0.0495546607005655 0.9754551021902127 0.9816867018443209
2.9634483417022195 -0.0056796435161426 0.0000937243467201 0.0506362227620005 0.9751031316892742 0.9814214467758979
2.9850031986561372 -0.0057615782726323 0.0000936179979291 0.0517378445323433 0.9747473131394542 0.9811532139751810
3.0066489827199741 -0.0058444285133576 0.0000935104877536 0.0528598283942152 0.9743876199479148 0.9808819807743838
3.0283857653684301 -0.0059282011559404 0.0000934018081687 0.0540024796776172 0.9740240256499759 0.9806077245459299
3.0502135999913857 -0.0060129030692359 0.0000932919512349 0.0551661061380200 0.9736565040770390 0.9803304228284689
3.0721324952994733 -0.0060985409665282 0.0000931809092377 0.0563510164615773 0.9732850298209538 0.9800500536768960
3.0941425469963040 -0.0061851219191268 0.0000930686740216 0.0575575273824993 0.9729095760076286 0.9797665939812417
3.1162438155209617 -0.0062726528819975 0.0000929552376059 0.0587859571911879 0.9725301163569928 0.9794800210200483
3.1384363695218451 -0.0063611408628319 0.0000928405919658 0.0600366280867074 0.9721466244511641 0.9791903119072292
3.1607202168193131 -0.0064505926449462 0.0000927247293920 0.0613098622570184 0.9717590749367058 0.9788974444996866
3.1830954279032864 -0.0065410152796647 0.0000926076418529 0.0626059888607052 0.9713674413924366 0.9786013957856476
3.2055620269540346 -0.0066324156497925 0.0000924893215608 0.0639253378499334 0.9709716982226058 0.9783021433142672
3.2281200651696502 -0.0067248007644837 0.0000923697605906 0.0652682441979822 0.9705718193812556 0.9779996642306403
3.2507695665627816 -0.0068181775385495 0.0000922489511654 0.0666350447328883 0.9701677793295196 0.9776939359987998
3.2735106460123324 -0.0069125532801159 0.0000921268850267 0.0680260853132319 0.9697595509275772 0.9773849348055024
3.2963432523524490 -0.0070079346261695 0.0000920035548117 0.0694417051876803 0.9693471100412475 0.9770726390458752
3.3192674604096180 -0.0071043287516107 0.0000918789524894 0.0708822547925299 0.9689304303134022 0.9767570253652695
3.3422833137363126 -0.0072017427186164 0.0000917530702033 0.0723480862148014 0.9685094859806858 0.9764380707900340
3.3653908527662337 -0.0073001835925135 0.0000916259001216 0.0738395549066529 0.9680842513740224 0.9761157523486312
3.3885901320942726 -0.0073996585155254 0.0000914974343428 0.0753570208264387 0.9676547006020594 0.9757900468306974
3.4118811429756137 -0.0075001743730416 0.0000913676653270 0.0769008433461273 0.9672208089939376 0.9754609318802945
3.4352639180352473 -0.0076017382409019 0.0000912365853184 0.0784713880672762 0.9667825511694406 0.9751283845319449
3.4587385262289616 -0.0077043573688976 0.0000911041863682 0.0800690266728193 0.9663399011135120 0.9747923812652100
3.4823049680690374 -0.0078080387232860 0.0000909704609247 0.0816941298339914 0.9658928341518522 0.9744528995032087
3.5059632462611545 -0.0079127892907760 0.0000908354014417 0.0833470718833477 0.9654413256405715 0.9741099166178868
3.5297134133286736 -0.0080186162915378 0.0000906990001047 0.0850282342298081 0.9649853500506985 0.9737634092331799
3.5535555085861468 -0.0081255269025681 0.0000905612491881 0.0867380010532937 0.9645248821633507 0.9734133541314264
3.5774895262495230 -0.0082335281113269 0.0000904221412441 0.0884767569269260 0.9640598977014609 0.9730597287332551
3.6015155149276543 -0.0083426271623710 0.0000902816685280 0.0902448939867175 0.9635903714084635 0.9727025096358545
3.6256334788041915 -0.0084528311119926 0.0000901398235727 0.0920428047885969 0.9631162789681266 0.9723416740718956
3.6498434031075058 -0.0085641469392065 0.0000899965990455 0.0938708840440733 0.9626375965278932 0.9719771995468309
3.6741453502869179 -0.0086765819892164 0.0000898519871788 0.0957295359411198 0.9621542987945175 0.9716090623876097
3.6985392945898643 -0.0087901432118718 0.0000897059807502 0.0976191616377998 0.9616663623109298 0.9712372402368943
3.7230252849689029 -0.0089048232905912 0.0000895585731223 0.0995401717006556 0.9611737621370410 0.9708617095432832
3.7471505417337831 -0.0090185025645597 0.0000894125052803 0.1014567783705690 0.9606856611848391 0.9704894552842694
3.7718200492074385 -0.0091354531803869 0.0000892622906376 0.1034412866456830 0.9601837263465166 0.9701064909039097
3.7965805640168875 -0.0092535529870087 0.0000891106583233 0.1054583310276115 0.9596770782304146 0.9697197660675890
3.8214331046210885 -0.0093728138995885 0.0000889575949103 0.1075084141981622 0.9591656727156754 0.9693292422321865
3.8463777082916120 -0.0094932432085702 0.0000888030929537 0.1095919642166983 0.9586494856847246 0.9689348960240525
3.8714143875641414 -0.0096148480963625 0.0000886471451879 0.1117094108603477 0.9581284936356012 0.9685367044495886
3.8965431155956054 -0.0097376355618377 0.0000884897446243 0.1138611842425133 0.9576026740066319 0.9681346451433599
3.9217638644307042 -0.0098616126030918 0.0000883308843168 0.1160477179488605 0.9570720043950057 0.9677286957705650
3.9470766450568400 -0.0099867864157966 0.0000881705571094 0.1182694525732755 0.9565364617108170 0.9673188333785137
3.9724814729575484 -0.0101131642269375 0.0000880087558491 0.1205268328547027 0.9559960228924227 0.9669050349420388
3.9979783346315294 -0.0102407531273281 0.0000878454736019 0.1228203046794359 0.9554506656250791 0.9664872779128920
4.0235671572602074 -0.0103695599140749 0.0000876807038542 0.1251503121493306 0.9549003690150413 0.9660655407365294
4.0492479593029076 -0.0104995918464039 0.0000875144395465 0.1275173112191849 0.9543451103624015 0.9656398003784206
4.0750207483974039 -0.0106308561375712 0.0000873466737246 0.1299217606275106 0.9537848673366363 0.9652100339887687
4.1008855232947248 -0.0107633599631005 0.0000871773995301 0.1323641220257875 0.9532196179437368 0.9647762188766316
4.1268422388754722 -0.0108971102785770 0.0000870066104330 0.1348448565695288 0.9526493413052695 0.9643383331075609
4.1528908520992207 -0.0110321140518153 0.0000868342999361 0.1373644291397014 0.9520740166696223 0.9638963547446008
4.1790313682566111 -0.0111683785048550 0.0000866604612670 0.1399233129092661 0.9514936223844722 0.9634502610572512
4.2052637278156011 -0.0113059105261805 0.0000864850881289 0.1425219783514739 0.9509081384040541 0.9630000304469478
4.2315879084130446 -0.0114447172002124 0.0000863081740256 0.1451609031436389 0.9503175440360132 0.9625456407148529
4.2580039149841804 -0.0115848057603284 0.0000861297123231 0.1478405713799193 0.9497218181462878 0.9620870692169970
4.2845117121555809 -0.0117261832313244 0.0000859496967055 0.1505614667564366 0.9491209406830187 0.9616242940359833
4.3111112131775187 -0.0118688563637161 0.0000857681212591 0.1533240711722421 0.9485148929561340 0.9611572941972404
4.3378024197201679 -0.0120128323820642 0.0000855849795208 0.1561288791882449 0.9479036544610455 0.9606860472209144
4.3645852714172859 -0.0121581181799023 0.0000854002655033 0.1589763824785072 0.9472872063023605 0.9602105317584675
4.3914597518251375 -0.0123047208898679 0.0000852139729711 0.1618670809075225 0.9466655287760178 0.9597307257279741
4.4184257938128084 -0.0124526473699194 0.0000850260960942 0.1648014724467726 0.9460386035522079 0.9592466079971496
4.4454833469684250 -0.0126019045684063 0.0000848366289849 0.1677800603147048 0.9454064121293259 0.9587581571899497
4.4726323907515768 -0.0127524995997471 0.0000846455656027 0.1708033545500613 0.9447689355180650 0.9582653514405002
4.4998728259904572 -0.0129044391421298 0.0000844529005199 0.1738718599067946 0.9441261567940683 0.9577681703655878
4.5190054250989782 -0.0130116455273737 0.0000843170089083 0.1760481247095484 0.9436728113051259 0.9574173462471375
4.5368708054725300 -0.0131121149508716 0.0000841896935554 0.1780960014646530 0.9432480938476423 0.9570885504248134
4.5643466572845162 -0.0132673318128494 0.0000839930918833 0.1812753096225386 0.9425922770754064 0.9565806094274089
4.5918933732779434 -0.0134238008815046 0.0000837950149144 0.1844992228762516 0.9419315837406383 0.9560685973479842
4.6195313116081014 -0.0135816440650656 0.0000835953114697 0.1877706146605118 0.9412655108027308 0.9555521169017362
4.6472603236932617 -0.0137408677291176 0.0000833939768218 0.1910900019108054 0.9405940437889826 0.9550311489848046
4.6750803852160585 -0.0139014789460284 0.0000831910054135 0.1944579195836714 0.9399171654816738 0.9545056722453649
4.7029913775221095 -0.0140634842420499 0.0000829863924428 0.1978748945762479 0.9392348612062889 0.9539756671848715
4.7309932159140606 -0.0142268903333205 0.0000827801329338 0.2013414610405095 0.9385471157308065 0.9534411137516926
4.7590858574428241 -0.0143917041770266 0.0000825722216731 0.2048581615832215 0.9378539130568170 0.9529019911758080
4.7872692542555377 -0.0145579327021028 0.0000823626535515 0.2084255416068842 0.9371552375581303 0.9523582788517900
4.8155432906631530 -0.0147255824344024 0.0000821514240372 0.2120441411668212 0.9364510755579173 0.9518099575666022
4.8439078246796798 -0.0148946597343885 0.0000819385288757 0.2157144998830928 0.9357414143292347 0.9512570087237686
4.8723628757399435 -0.0150651719208817 0.0000817239626766 0.2194371814269342 0.9350262373845978 0.9506994106704837
4.9009082857333102 -0.0152371252493562 0.0000815077214604 0.2232127295860343 0.9343055329646098 0.9501371453113528
4.9295440065527618 -0.0154105266298244 0.0000812898004964 0.2270417056274288 0.9335792868334617 0.9495701924925016
4.9582698701558270 -0.0155853822410372 0.0000810701960470 0.2309246578289476 0.9328474880904269 0.9489985345350159
4.9870858281579098 -0.0157616989814249 0.0000808489035447 0.2348621534971355 0.9321101230967742 0.9484221514930992
5.0159918007943451 -0.0159394835568456 0.0000806259187403 0.2388547588560484 0.9313671793016931 0.9478410241390872
5.0449875910022630 -0.0161187419432403 0.0000804012383764 0.2429030267386971 0.9306186474862251 0.9472551357215866
5.0740731494661624 -0.0162994810193490 0.0000801748581410 0.2470075332877636 0.9298645149456350 0.9466644666309900
5.1032483111125710 -0.0164817069403671 0.0000799467747074 0.2511688412623845 0.9291047722859630 0.9460689997174646
5.1325130107064680 -0.0166654264765921 0.0000797169840585 0.2553875303820941 0.9283394078417322 0.9454687159184282
5.1618671598120622 -0.0168506462512433 0.0000794854824427 0.2596641800470529 0.9275684108616000 0.9448635967519599
5.1734198141526297 -0.0169237990669662 0.0000793940964405 0.2613597203234719 0.9272640756940009 0.9446246228156684
5.1849724684931973 -0.0169970844042265 0.0000793025559438 0.2630622907311566 0.9269592333387922 0.9443851849619723
5.1954507496730375 -0.0170636757246103 0.0000792193946610 0.2646126146656627 0.9266823029511781 0.9441676134738752
5.2250336763424032 -0.0172523239103184 0.0000789839218303 0.2690209173397355 0.9258982158479527 0.9435512972517277
5.2546680590275239 -0.0174422519296046 0.0000787470263910 0.2734834283157270 0.9251094617491605 0.9429308719167776
5.2843914021825675 -0.0176337054825004 0.0000785084063798 0.2780063108770570 0.9243150369788944 0.9423055382323005
5.3142034876765392 -0.0178266903009073 0.0000782680595583 0.2825901385521493 0.9235149359698205 0.9416752810960549
5.3441041731313872 -0.0180212125920342 0.0000780259831812 0.2872354986619470 0.9227091514992847 0.9410400839670747
5.3740932761787139 -0.0182172782922982 0.0000777821749280 0.2919429746333628 0.9218976777885853 0.9403999313051751
5.4041707071272347 -0.0184148939349578 0.0000775366318247 0.2967131667927365 0.9210805069161342 0.9397548057408392
5.4343362764533554 -0.0186140653912444 0.0000772893518104 0.3015466620874878 0.9202576340313902 0.9391046921881114
5.4645898470145351 -0.0188147988669336 0.0000770403324996 0.3064440580028757 0.9194290532352757 0.9384495745936935
5.4949312317196881 -0.0190171002272394 0.0000767895720213 0.3114059461417681 0.9185947603736585 0.9377894381433874
5.5253602888361844 -0.0192209756291666 0.0000765370682356 0.3164329276007944 0.9177547504311011 0.9371242672011773
5.5558768545444428 -0.0194264310740843 0.0000762828192902 0.3215256020034350 0.9169090193817687 0.9364540467723482
5.5864807175956193 -0.0196334722326647 0.0000760268238368 0.3266845629871749 0.9160575649105094 0.9357787630770069
5.6171717539873010 -0.0198421053552491 0.0000757690799066 0.3319104208105065 0.9152003826723248 0.9350984005837083
5.6479497419126945 -0.0200523360195009 0.0000755095864598 0.3372037710765564 0.9143374714461932 0.9344129460970313
5.6788145273255353 -0.0202641702538781 0.0000752483419982 0.3425652227595420 0.9134688285215481 0.9337223850966923
5.7097659457490364 -0.0204776140086920 0.0000749853452204 0.3479953849654662 0.9125944518776232 0.9330267034658339
5.7408037024515339 -0.0206926723226571 0.0000747205960483 0.3534948454691527 0.9117143435955832 0.9323258902097302
5.7544522211597666 -0.0207875601382158 0.0000746038543811 0.3559303880272767 0.9113262872566558 0.9320167059495166
5.7679705140981588 -0.0208817150133452 0.0000744880353558 0.3583530798734471 0.9109413107788248 0.9317098651036118
5.7992036728199770 -0.0210999911084175 0.0000742197117382 0.3639901757810506 0.9100494870880075 0.9309986240738096
5.8304889406597624 -0.0213196618273517 0.0000739499223890 0.3696922723566567 0.9091528910588006 0.9302829789766084
5.8618598661121482 -0.0215409680979174 0.0000736783774870 0.3754660413235767 0.9082505618364892 0.9295621506325016
5.8933161733337922 -0.0217639150002567 0.0000734050773713 0.3813120804402528 0.9073425030569536 0.9288361285977155
5.9248576718728145 -0.0219885082051902 0.0000731300217625 0.3872310043856862 0.9064287163386445 0.9281049006737261
5.9564840673168673 -0.0222147526312262 0.0000728532114102 0.3932234094368997 0.9055092067553094 0.9273684572838350
5.9881951439402501 -0.0224426537436181 0.0000725746465021 0.3992899075811840 0.9045839775528969 0.9266267872468349
6.0199907290389190 -0.0226722173099306 0.0000722943269675 0.4054311202670019 0.9036530311569820 0.9258798785777319
6.0518704408177850 -0.0229034475750244 0.0000720122547050 0.4116476293616262 0.9027163765728280 0.9251277244282895
6.0838341204412725 -0.0231363503822566 0.0000717284297732 0.4179400606143015 0.9017740167334160 0.9243703129356245
6.1158815395632358 -0.0233709310655669 0.0000714428529664 0.4243090272874391 0.9008259570550733 0.9236076340846658
6.1480124299009979 -0.0236071946565668 0.0000711555255612 0.4307551354200990 0.8998722045948629 0.9228396790368016
6.1802264659440311 -0.0238451457505789 0.0000708664494783 0.4372789798816865 0.8989127685878627 0.9220664405676059
6.2125234224770667 -0.0240847896692482 0.0000705756258710 0.4438811761236415 0.8979476557618218 0.9212879092922032
6.2449029892361079 -0.0243261310935054 0.0000702830567871 0.4505623226620110 0.8969768758546431 0.9205040781114927
6.2549211661776685 -0.0244010214373290 0.0000701923344106 0.4526420736962385 0.8966758735987239 0.9202608928753853
6.2606097112875450 -0.0244435920516791 0.0000701407778595 0.4538256608553807 0.8965048226804396 0.9201226662844550
6.2662982563974214 -0.0244861843384823 0.0000700891915508 0.4550111745639391 0.8963336739987583 0.9199843379405492
6.2737945050092865 -0.0245423606890696 0.0000700211655911 0.4565763641740285 0.8961079887718245 0.9198018963670648
6.3063839926675209 -0.0247872577346860 0.0000697248114326 0.4634198959249326 0.8951248742247799 0.9190066931111317
6.3390011946652436 -0.0250334589922845 0.0000694272086637 0.4703328235151034 0.8941377491777250 0.9182074851518403
6.3716999483481160 -0.0252813750586559 0.0000691278682826 0.4773270639778781 0.8931449944221717 0.9174029478826330
6.4044799055414758 -0.0255310102389467 0.0000688267933376 0.4844032078877186 0.8921466232066715 0.9165930763699581
6.4373406736595360 -0.0257823684805423 0.0000685239874278 0.4915618355095725 0.8911426506480223 0.9157778670639265
6.4702819692785196 -0.0260354545489156 0.0000682194532876 0.4988035502068918 0.8901330890387512 0.9149573139886583
6.5033034488551031 -0.0262902727377872 0.0000679131943433 0.5061289417453871 0.8891179530076861 0.9141314129303645
6.5364047421694407 -0.0265468271196487 0.0000676052144104 0.5135385931501651 0.8880972585158150 0.9133001606273061
6.5695855547266966 -0.0268051223410468 0.0000672955167398 0.5210331036054097 0.8870710196968949 0.9124635521971349
6.6028455422466266 -0.0270651626529575 0.0000669841051836 0.5286130604277504 0.8860392527216612 0.9116215842831005
6.6361842924733194 -0.0273269517601694 0.0000666709843741 0.5362790342971613 0.8850019763876920 0.9107742555433379
6.6696013867622330 -0.0275904932974536 0.0000663561591516 0.5440315928455185 0.8839592102256263 0.9099215651113637
6.7030965504823383 -0.0278557920232828 0.0000660396331418 0.5518713358781568 0.8829109697877513 0.9090635087395286
6.7135657505897752 -0.0279389476698503 0.0000659405032364 0.5543359283337338 0.8825827138489956 0.9087946249757649
6.7180693913285907 -0.0279747538731679 0.0000658978307853 0.5553982317512289 0.8824414143681317 0.9086788555130121
6.7225730320674062 -0.0280105707287336 0.0000658551418199 0.5564617900651061 0.8823000605729288 0.9085630253081434
6.7283051779764325 -0.0280561847883545 0.0000658007834019 0.5578172820343543 0.8821200698447320 0.9084155110700481
6.7619741138615135 -0.0283247816381521 0.0000654809361644 0.5658201418850712 0.8810610929783590 0.9075470736014395
6.7956824449155482 -0.0285948447626557 0.0000651597584835 0.5739028593664568 0.8799978774452846 0.9066742354691294
6.8294673812474338 -0.0288666772519024 0.0000648368989522 0.5820748999469252 0.8789292633917848 0.9057960285471426
6.8633283663728166 -0.0291402815208715 0.0000645123645621 0.5903367884446109 0.8778552777150154 0.9049124573154893
6.8972650098222026 -0.0294156613021494 0.0000641861608691 0.5986890874648392 0.8767759426030713 0.9040235222709500
6.9312768831006899 -0.0296928200093155 0.0000638582939387 0.6071323482182064 0.8756912819771953 0.9031292252196842
6.9653634937031255 -0.0299717605184666 0.0000635287706031 0.6156671035109804 0.8746013223387992 0.9022295699836687
6.9995244267799972 -0.0302524863249571 0.0000631975970935 0.6242939029123427 0.8735060882470490 0.9013245586726528
7.0337591800480190 -0.0305350001927457 0.0000628647806363 0.6330132712914522 0.8724056075979847 0.9004141960440185
7.0680672250662084 -0.0308193046493254 0.0000625303288664 0.6418257236036524 0.8712999096818257 0.8994984879077218
7.1024481077661381 -0.0311054028206709 0.0000621942488452 0.6507317906784036 0.8701890219390062 0.8985774384411062
7.1165291354410938 -0.0312229208723433 0.0000620563406437 0.6544010415830815 0.8697332328822267 0.8981992351564324
7.1306101631160494 -0.0313406386134916 0.0000619182802860 0.6580829104793786 0.8692769739225329 0.8978204646916889
7.1407082361717622 -0.0314251642703391 0.0000618191796023 0.6607311027249151 0.8689494839407705 0.8975484844105357
7.1508063092274750 -0.0315097793163038 0.0000617200021839 0.6633857944279284 0.8686217540294388 0.8972762132263432
7.1854054097657869 -0.0318004733762655 0.0000613796033964 0.6725309263986393 0.8674970428769865 0.8963411273914202
7.2200310591381536 -0.0320925942379387 0.0000610380410782 0.6817596819486247 0.8663686911151918 0.8954019232981709
7.2547272751342753 -0.0323865178022552 0.0000606948860014 0.6910842824150515 0.8652352847000827 0.8944574069468841
7.2894934750934883 -0.0326822459984826 0.0000603501473057 0.7005052052839631 0.8640968581712171 0.8935075879142661
7.3243290309742610 -0.0329797803460930 0.0000600038347371 0.7100229111338842 0.8629534481144072 0.8925524774066635
7.3592334069420327 -0.0332791231304662 0.0000596559572797 0.7196378810982919 0.8618050886434696 0.8915920844891577
7.3942059763191708 -0.0335802758408415 0.0000593065249739 0.7293505667782307 0.8606518174043130 0.8906264211034075
7.4292461197768116 -0.0338832400064075 0.0000589555479420 0.7391614167383667 0.8594936723563660 0.8896554993854845
7.4643532518423612 -0.0341880174294744 0.0000586030361195 0.7490708840187215 0.8583306908863546 0.8886793309231638
7.4995266374135285 -0.0344946085901501 0.0000582490010985 0.7590793740186000 0.8571629158899627 0.8876979318671552
7.5090209277092033 -0.0345775786725720 0.0000581532910465 0.7617947481496032 0.8568472589494502 0.8874324451968401
7.5152131491638521 -0.0346317408190235 0.0000580908352268 0.7635688918410147 0.8566412855029135 0.8872591611141982
7.5214053706185009 -0.0346859248437233 0.0000580283544763 0.7653455342682696 0.8564352327922161 0.8870857725851024
7.5278763725109696 -0.0347425851038549 0.0000579630331486 0.7672048339600726 0.8562198189659181 0.8869044663867711
7.5632503157703503 -0.0350530604648532 0.0000576054496085 0.7774170452304167 0.8550407373987953 0.8859113395406679
7.5986069827045872 -0.0353646347266600 0.0000572471987328 0.7877059636693979 0.8538596972205090 0.8849153120746260
7.6340275110651907 -0.0356780254044030 0.0000568874660464 0.7980955147182438 0.8526740173611085 0.8839141070129057
7.6695110530299857 -0.0359932318307322 0.0000565262650249 0.8085860418412748 0.8514837471155449 0.8829077456791447
7.7050568672273583 -0.0363102542448151 0.0000561636082212 0.8191779125347587 0.8502889327766607 0.8818962468365020
7.7406642330323034 -0.0366290930435970 0.0000557995081285 0.8298714936398403 0.8490896204814957 0.8808796290864068
7.7763322976789215 -0.0369497474096447 0.0000554339787448 0.8406671050459569 0.8478858613628726 0.8798579152437248
7.8120603196160330 -0.0372722174896622 0.0000550670330838 0.8515650925641520 0.8466777033495468 0.8788311253918050
7.8478475013480500 -0.0375965028979699 0.0000546986848824 0.8625657775701143 0.8454651967913526 0.8777992816557255
7.8638383088892674 -0.0377418182033742 0.0000545338409893 0.8675086433519238 0.8449226614688741 0.8773371415870662
7.8742433265151357 -0.0378364895796218 0.0000544264969023 0.8707340093492204 0.8445693936504908 0.8770360753463178
7.8846483441410040 -0.0379312532006248 0.0000543190882164 0.8739665578416472 0.8442159321508911 0.8767347276710499
7.9205879427540777 -0.0382594059932915 0.0000539475884469 0.8851872849959699 0.8429935768251802 0.8756916940596706
7.9565500276915415 -0.0385890580119273 0.0000535750823345 0.8965009827164889 0.8417681916887129 0.8746446679970439
7.9925679503088780 -0.0389205199012929 0.0000532012315945 0.9079185606287298 0.8405386688300431 0.8735926839400947
8.0286406853070726 -0.0392537889828622 0.0000528260530741 0.9194402262674787 0.8393050689998276 0.8725357729400874
8.0647672996211295 -0.0395888633777179 0.0000524495628160 0.9310662065473280 0.8380674503336667 0.8714739638496970
8.1009468533532321 -0.0399257411001966 0.0000520717770815 0.9427967165433527 0.8368258717175899 0.8704072862028500
8.1371784114458556 -0.0402644201671793 0.0000516927122266 0.9546319631480090 0.8355803923791925 0.8693357698689869
8.1734609330229588 -0.0406048975597214 0.0000513123858594 0.9665721084926204 0.8343310756903018 0.8682594483353739
8.1890809259918615 -0.0407518841582114 0.0000511484295424 0.9717396870854119 0.8337925987346447 0.8677950689671714
8.1956223410432187 -0.0408135089862639 0.0000510797280395 0.9739086621358668 0.8335669805625373 0.8676004134939819
8.2015192874960423 -0.0408690805154880 0.0000510177767157 0.9758664128681620 0.8333635338745946 0.8674248445222712
8.2379721732323681 -0.0412133802105601 0.0000506343995245 0.9880204834674678 0.8321047166319293 0.8663376224373660
8.2743918449163782 -0.0415587007076451 0.0000502506644933 1.0002528470360146 0.8308450442797871 0.8652481104716537
8.3108587280541411 -0.0419058067449486 0.0000498657337718 1.0125906880339735 0.8295817710332400 0.8641539178710649
8.3473715117632370 -0.0422546924589986 0.0000494796284943 1.0250340245989518 0.8283149719474759 0.8630550886066256
8.3839291258516937 -0.0426053542098740 0.0000490923673965 1.0375829437854682 0.8270447142254150 0.8619516599604198
8.4205304560181400 -0.0429577878789299 0.0000487039698147 1.0502375056325064 0.8257710670607207 0.8608436710481235
8.4571742885602159 -0.0433119883261409 0.0000483144562746 1.0629977232136840 0.8244941035654528 0.8597311645151706
8.4938594579704496 -0.0436679508074538 0.0000479238469244 1.0758636132669803 0.8232138956280238 0.8586141820752938
8.5035660720092547 -0.0437623429430154 0.0000478203877580 1.0792831221301167 0.8228748649796302 0.8583181001287646
8.5132726860480599 -0.0438568132527381 0.0000477168848730 1.0827090344339498 0.8225357110448235 0.8580217940498875
8.5500583964117656 -0.0442156996554475 0.0000473242280289 1.0957505621229893 0.8212492948443051 0.8568968373304602
8.5868437579992740 -0.0445759559945627 0.0000469309399907 1.1088840659671182 0.8199611706001616 0.8557686944190547
8.6236660297431200 -0.0449379514025497 0.0000465366315464 1.1221230889611560 0.8186700689061588 0.8546362355106027
8.6605238980641097 -0.0453016793280037 0.0000461413250030 1.1354675326442010 0.8173760687609054 0.8534995092676806
8.6974159239581024 -0.0456671318915817 0.0000457450441377 1.1489172379361976 0.8160792539775824 0.8523585687799379
8.7343407804143158 -0.0460343022282068 0.0000453478116476 1.1624720709354159 0.8147797048351698 0.8512134642386724
8.7712970888219601 -0.0464031828726818 0.0000449496509008 1.1761318635847839 0.8134775038072741 0.8500642479770099
8.7802093033970170 -0.0464923499866724 0.0000448535450818 1.1794399930503141 0.8131632439013667 0.8497866406522683
8.7871523131741753 -0.0465618491015706 0.0000447786529132 1.1820209431848800 0.8129183608362719 0.8495702466717334
8.7935048465571946 -0.0466254754037372 0.0000447101126699 1.1843852870736178 0.8126942579273730 0.8493721599080544
8.8305215162821540 -0.0469970537421462 0.0000443103879744 1.1982175148585370 0.8113875270979187 0.8482160690909597
8.8675541796956558 -0.0473702010297682 0.0000439099243543 1.2121497755398221 0.8100787782898573 0.8470563743947402
8.9046130080900543 -0.0477450251388495 0.0000435086209482 1.2261861433499939 0.8087676877665574 0.8458927699328168
8.9416964944015458 -0.0481215168247778 0.0000431065030187 1.2403263262671007 0.8074543441489149 0.8447253146262028
8.9788029991421041 -0.0484996653814047 0.0000427035973679 1.2545699640573587 0.8061388410693056 0.8435540721385547
9.0159309149877416 -0.0488794603024139 0.0000422999305520 1.2689166903351858 0.8048212713340668 0.8423791057076121
9.0456909400471002 -0.0491849201671810 0.0000419759947954 1.2804849349851157 0.8037642495795104 0.8414351175058105
9.0536567967946482 -0.0492668104445414 0.0000418892334235 1.2835917611795427 0.8034811806385017 0.8411821112583465
9.0609012138093217 -0.0493413368202796 0.0000418103097707 1.2864210120297366 0.8032236989491223 0.8409518984463865
9.0981024812289046 -0.0497249024504726 0.0000414047216130 1.3010067049596805 0.8019007599894069 0.8397679155793328
9.1352898112340544 -0.0501097667426584 0.0000409987870112 1.3156823964029132 0.8005771260920398 0.8385813739893465
9.1724916362699922 -0.0504962277773972 0.0000405922055967 1.3304593805547886 0.7992518234111392 0.8373913844751354
9.2097062012985411 -0.0508842728210997 0.0000401850060002 1.3453371344851612 0.7979249513600439 0.8361980179594474
9.2469317750638318 -0.0512738892404213 0.0000397772166702 1.3603151247577014 0.7965966087190133 0.8350013451780102
9.2841664122706078 -0.0516650620031696 0.0000393688684764 1.3753927110923079 0.7952669021087401 0.8338014443343178
9.2921768200892405 -0.0517494077237321 0.0000392809600892 1.3786489499035561 0.7949807056741679 0.8335429236335568
9.3001872279078732 -0.0518338018543526 0.0000391930325779 1.3819096335333474 0.7946944629529166 0.8332842680058932
9.3104549672224159 -0.0519420584148621 0.0000390802985243 1.3860956783231142 0.7943274900637523 0.8329525261876549
9.3477245665093758 -0.0523359432764539 0.0000386708176900 1.4013514763710253 0.7929948420921222 0.8317465227005865
9.3849764398430295 -0.0527311135420550 0.0000382610981510 1.4166962561505116 0.7916618877696562 0.8305382001837618
9.4222305928685799 -0.0531277851040438 0.0000378509299759 1.4321382554753805 0.7903279496925399 0.8293269295383302
9.4594851392982378 -0.0535259427467353 0.0000374403436847 1.4476767576429190 0.7889931330781861 0.8281127897761543
9.4967380849641803 -0.0539255699195916 0.0000370293710370 1.4633109789127234 0.7876575471079390 0.8268958639920462
9.5087661503180811 -0.0540549180625131 0.0000368965933491 1.4683794792584479 0.7872261487223604 0.8265023452591674
9.5207942156719820 -0.0541844218678904 0.0000367637748865 1.4734580345224613 0.7867946693398420 0.8261085331286174
9.5309853493443679 -0.0542942623411352 0.0000366512094633 1.4777688604901795 0.7864290231384125 0.8257746350081202
9.5411764830167538 -0.0544041779116111 0.0000365386182284 1.4820869068612730 0.7860633199124706 0.8254405270121584
9.5784343608032625 -0.0548069726276759 0.0000361267523774 1.4979347669422396 0.7847258724292805 0.8242172773667606
9.6156706840414028 -0.0552110338896772 0.0000357147518856 1.5138699393534505 0.7833884910564419 0.8229919551251592
9.6528969977213457 -0.0556164904125606 0.0000353024990780 1.5298972860139364 0.7820507992996808 0.8217642017351475
9.6901111941523634 -0.0560233233679466 0.0000348900271613 1.5460158553683070 0.7807129106236951 0.8205341069426457
9.7273111697149162 -0.0564315137517280 0.0000344773693198 1.5622246737524357 0.7793749383270435 0.8193017609125858
9.7418717604838108 -0.0565916983122335 0.0000343157577886 1.5685952882008152 0.7788510833075860 0.8188186663841027
9.7476280226509040 -0.0566550885703993 0.0000342518536477 1.5711178687172533 0.7786439637595018 0.8186275698468052
9.7533842848179972 -0.0567184963165524 0.0000341879432040 1.5736427585782273 0.7784368310607188 0.8184364088109154
9.7586194314163528 -0.0567761897477695 0.0000341298122413 1.5759410749738705 0.7782484389594858 0.8182624976581166
9.7957806544796284 -0.0571865881903032 0.0000337169906187 1.5923103843699971 0.7769108597804071 0.8170264768058122
9.8329306790043720 -0.0575983859665862 0.0000333039773875 1.6087710088584775 0.7755731935807741 0.8157881635462927
9.8700582940748216 -0.0580114628017548 0.0000328909069015 1.6253178826550312 0.7742358811274852 0.8145479526794561
9.9071613691159612 -0.0584257982816044 0.0000324778126765 1.6419499040849994 0.7728990362893784 0.8133059378153273
9.9442376633912613 -0.0588413705179460 0.0000320647294465 1.6586658977488771 0.7715627767611460 0.8120622167558678
9.9517539627182714 -0.0589258052252959 0.0000319809528845 1.6620663498569133 0.7712918402343549 0.8118097675185594
9.9558164071939341 -0.0589714672854792 0.0000319356682094 1.6639058840696104 0.7711453974266292 0.8116732784122489
9.9598788516695969 -0.0590171309193412 0.0000318903816489 1.6657465705390657 0.7709989503742264 0.8115367583376507
9.9658215223748261 -0.0590839613365651 0.0000318241292215 1.6684412599054710 0.7707847159219754 0.8113369967579612
10.0028006788631476 -0.0595007156149702 0.0000314117076007 1.6852647837772592 0.7694514289142051 0.8100924664528150
10.0397996565593814 -0.0599192363271647 0.0000309988023849 1.7021929066297736 0.7681171405133047 0.8088447222187566
10.0767639493347119 -0.0603389127242894 0.0000305860309529 1.7192006543628087 0.7667838519445542 0.8075956207935220
10.1136912838078867 -0.0607597213589526 0.0000301734283004 1.7362867233315693 0.7654516811578880 0.8063452633112130
10.1505794126707229 -0.0611816388061913 0.0000297610290948 1.7534497970411400 0.7641207449029876 0.8050937504851629
10.1659071791135069 -0.0613573483403923 0.0000295896073897 1.7606093727392556 0.7635676681994618 0.8045729956118288
10.1798410690889316 -0.0615173113859215 0.0000294337412898 1.7671321212911681 0.7630648673926792 0.8040992287509228
10.2166555584648275 -0.0619410226976722 0.0000290217811228 1.7844310655020952 0.7617363497537993 0.8028458163503657
10.2534240524619804 -0.0623657682370244 0.0000286101266234 1.8018029756370104 0.7604094086362841 0.8015915484857634
10.2901447026916024 -0.0627915280915268 0.0000281988078089 1.8192466281788702 0.7590841452225296 0.8003365139564683
10.3268152922779954 -0.0632182778329665 0.0000277878587557 1.8367606029647501 0.7577606736337420 0.7990808144865343
10.3315359172801529 -0.0632733279614135 0.0000277349436273 1.8390220189551356 0.7575903030754234 0.7989189959550305
10.3350951312541266 -0.0633148514312719 0.0000276950451721 1.8407280913785711 0.7574618488793210 0.7987969636714988
10.3386543452281003 -0.0633563744383947 0.0000276551463141 1.8424350497866588 0.7573333946857892 0.7986749092046637
10.3742464849678377 -0.0637724229634929 0.0000272560658135 1.8595533643931967 0.7560488727008573 0.7974531474727282
10.4107951713124365 -0.0642012068286383 0.0000268460916184 1.8772239462796565 0.7547298893045896 0.7961962587140498
10.4472865131378700 -0.0646308966102420 0.0000264365986238 1.8949600196748757 0.7534130692172381 0.7949390409914365
10.4837179700179917 -0.0650614628048301 0.0000260276242139 1.9127599044035546 0.7520985364831770 0.7936816087560453
10.4962785804290561 -0.0652102785423352 0.0000258865864884 1.9189183605805498 0.7516453552772420 0.7932475543880733
10.5088391908401206 -0.0653592832959918 0.0000257455318354 1.9250878529802244 0.7511921942939694 0.7928132320137271
10.5208135022510270 -0.0655014583055755 0.0000256110501357 1.9309796438996609 0.7507602049399653 0.7923989337658691
10.5571021539615906 -0.0659333791386562 0.0000252034083618 1.9488962195093107 0.7494511739200244 0.7911419066735926
10.5933410712850762 -0.0663662955055404 0.0000247961972449 1.9668801670968272 0.7481441580370254 0.7898843949273612
10.6295108992636802 -0.0667999768150015 0.0000243896426492 1.9849214276064440 0.7468398859786662 0.7886270963070549
10.6656094746576802 -0.0672343964134399 0.0000239837772445 2.0030183859197486 0.7455384657078961 0.7873701138725919
10.6718544423807806 -0.0673097120379592 0.0000239135527312 2.0061583645072076 0.7453133540227912 0.7871524410016375
10.6780994101038811 -0.0673850536796122 0.0000238433270202 2.0093010708230508 0.7450882515011674 0.7869347040504577
10.6838011763775302 -0.0674538798332113 0.0000237792073863 2.0121727995441976 0.7448827372848956 0.7867358504419203
10.7197288855136996 -0.0678884849754170 0.0000233751233497 2.0303203079527385 0.7435879537795854 0.7854816193327467
10.7556413656432710 -0.0683245007884484 0.0000229711187550 2.0485503396663911 0.7422940745174070 0.7842258193894227
10.7914748660335835 -0.0687611558577012 0.0000225679184724 2.0668301708107228 0.7410034253165736 0.7829707027626629
10.8272270840635514 -0.0691984203705987 0.0000221655562184 2.0851580154694731 0.7397161166076102 0.7817163785205696
10.8365525432099652 -0.0693127029230435 0.0000220605971066 2.0899532693669980 0.7393804112621157 0.7813888701141961
10.8449913525672912 -0.0694162113524658 0.0000219656136021 2.0942978384536146 0.7390766505231059 0.7810923813438163
10.8806222794917158 -0.0698542421909261 0.0000215645283318 2.1126966664238416 0.7377943756447429 0.7798392801858752
10.9161641154974447 -0.0702927800714094 0.0000211643877959 2.1311379019991468 0.7365157875634601 0.7785873159993814
10.9516171434999858 -0.0707318257246158 0.0000207651961556 2.1496210164382346 0.7352409014697364 0.7773365077177895
10.9641437035797953 -0.0708873376612289 0.0000206241395537 2.1561726253980953 0.7347905745762713 0.7768940933085599
10.9721644314213247 -0.0709870174018454 0.0000205338185863 2.1603733636939642 0.7345022669757969 0.7766106884151576
10.9780086928130451 -0.0710596863807141 0.0000204680066219 2.1634370406611358 0.7342922106674495 0.7764041241143205
10.9838529542047656 -0.0711323899333530 0.0000204021944072 2.1665031041363050 0.7340821692983354 0.7761975069168822
11.0190782066206356 -0.0715715303718755 0.0000200055021755 2.1850337972762484 0.7328165091841423 0.7749510414866430
11.0542624123076685 -0.0720117629745615 0.0000196092414431 2.2036294265926202 0.7315529042013568 0.7737041257858082
11.0893496505704796 -0.0724523881736205 0.0000192140487224 2.2222599120985276 0.7302933869596725 0.7724587660756332
11.1014083955012541 -0.0726041937977291 0.0000190782249216 2.2286826687100052 0.7298606619318149 0.7720303309432338
11.1081717921912571 -0.0726894206840989 0.0000190020445204 2.2322894492244223 0.7296179922315152 0.7717899380204929
11.1125188613562660 -0.0727442306988812 0.0000189530804595 2.2346093380763010 0.7294620326871163 0.7716353927223200
11.1168659305212749 -0.0727990505790093 0.0000189041174978 2.2369305463438445 0.7293060828434681 0.7714808189295176
11.1216173839464769 -0.0728589961431722 0.0000188505997607 2.2394691932134814 0.7291356372487749 0.7713118334021993
11.1564885174842843 -0.0732998504917616 0.0000184578250789 2.2581486683736336 0.7278851018962587 0.7700706029112122
11.1912822449188312 -0.0737413315777037 0.0000180659169332 2.2768712762264047 0.7266380151642283 0.7688303157781023
11.2259706956037828 -0.0741830829547661 0.0000176751954363 2.2956213350801087 0.7253953970939372 0.7675919923450486
11.2402081507454472 -0.0743648609507963 0.0000175148301800 2.3033413713823192 0.7248855865800024 0.7670832233085733
11.2436696695203935 -0.0744090973610241 0.0000174758411781 2.3052204626223385 0.7247616561012472 0.7669594824353384
11.2471311882953398 -0.0744533383757773 0.0000174368532815 2.3071003897509108 0.7246377327128077 0.7668357239583591
11.2511933702759244 -0.0745052748048818 0.0000173911002924 2.3093075989683403 0.7244923147095598 0.7666904677384896
11.2859361354532091 -0.0749503822288627 0.0000169997943993 2.3282322938522380 0.7232490111647559 0.7654471427353015
11.3203290398779330 -0.0753926175528636 0.0000166124459856 2.3470493294015107 0.7220189831260536 0.7642146057498601
11.3546089789176481 -0.0758350044989363 0.0000162263924746 2.3658866253078426 0.7207937682417672 0.7629844139986655
11.3625806203486341 -0.0759381101358153 0.0000161366213631 2.3702788907306185 0.7205089634496712 0.7626980961809658
11.3674171365528629 -0.0760007084295751 0.0000160821566397 2.3729459038443883 0.7203361891792449 0.7625243383606194
11.3722536527570917 -0.0760633234610054 0.0000160276938742 2.3756145472744277 0.7201634306559359 0.7623505470114826
11.3771050605416395 -0.0761261609234151 0.0000159730642761 2.3782930452169073 0.7199901563338186 0.7621761869009647
11.4110833150032498 -0.0765671709054907 0.0000155904687379 2.3970986593348775 0.7187770388105951 0.7609540627386900
11.4450565815649234 -0.0770097146343741 0.0000152079662443 2.4159819314005770 0.7175649212835826 0.7597304776955950
11.4789102857016179 -0.0774523010450376 0.0000148268519867 2.4348787129033074 0.7163579109372327 0.7585095785601303
11.4832774771518711 -0.0775095123737824 0.0000147776908682 2.4373222449655207 0.7162022667214432 0.7583519630721756
11.4876446686021243 -0.0775667424981380 0.0000147285312522 2.4397671049809282 0.7160466367718290 0.7581943208760309
11.4919988907131998 -0.0776238214863304 0.0000146795191240 2.4422060264359975 0.7158914832457912 0.7580371202591503
11.5255640115725466 -0.0780647185991088 0.0000143017306391 2.4610510905431777 0.7146959488528318 0.7568244295062527
11.5591263634720143 -0.0785071724293338 0.0000139240269879 2.4799730032137099 0.7135013930474964 0.7556102742994416
11.5925628848840656 -0.0789495618167398 0.0000135477978473 2.4989019098960976 0.7123122134813084 0.7543991261344434
11.6015492542203962 -0.0790687127445518 0.0000134466950189 2.5040024852144831 0.7119927659607208 0.7540733574748475
11.6105356235567267 -0.0791879658191021 0.0000133455980698 2.5091086770451287 0.7116733849064506 0.7537474783476933
11.6437206197841761 -0.0796293522604803 0.0000129723078163 2.5280135550631928 0.7104945552293235 0.7525431132458269
11.6768306798610428 -0.0800713292273275 0.0000125999300847 2.5469520440124245 0.7093193220903481 0.7513399792585869
11.6876512984953660 -0.0802161161416694 0.0000124782500919 2.5531578051892199 0.7089354530272360 0.7509464652936688
11.6984719171296891 -0.0803610738735860 0.0000123565781981 2.5593717026858500 0.7085516867326676 0.7505527939555904
11.7049218736307008 -0.0804475501148828 0.0000122840569412 2.5630795539779325 0.7083229802044095 0.7503180595445404
11.7108484661266825 -0.0805270536460974 0.0000122174236818 2.5664890899901716 0.7081128637929135 0.7501023228718633
11.7436437399022733 -0.0809679244999945 0.0000118487497491 2.5854001381823744 0.7069507368397372 0.7489076785514152
11.7763480813363799 -0.0814091521706895 0.0000114811798440 2.6043331358701280 0.7057928070610706 0.7477149228573610
11.7870023254635505 -0.0815532352680530 0.0000113614532927 2.6105170626952305 0.7054157966334170 0.7473260478828933
11.7976565695907212 -0.0816974872190533 0.0000112417360407 2.6167088692680078 0.7050388924271868 0.7469370233476436
11.8006030009545455 -0.0817374099526959 0.0000112086298951 2.6184226042340915 0.7049346784083267 0.7468294122508935
11.8035494323183698 -0.0817773370448955 0.0000111755252404 2.6201369417530276 0.7048304724061546 0.7467217897456642
11.8072848522089604 -0.0818279729613503 0.0000111335570692 2.6223112067294321 0.7046983741294561 0.7465853319434863
11.8400563372225243 -0.0822731053699692 0.0000107654142887 2.6414279207583116 0.7035400230085298 0.7453873803668025
11.8723489145155963 -0.0827133116374095 0.0000104027444099 2.6603381549079805 0.7023996144558687 0.7442055652821313
11.8832199399770388 -0.0828618578389338 0.0000102806761542 2.6667203989956656 0.7020159356002897 0.7438074127980068
11.8940909654384814 -0.0830105832531485 0.0000101586190027 2.6731108379577724 0.7016323738974978 0.7434091075767518
11.8994970755596565 -0.0830845964033303 0.0000100979259984 2.6762918239949625 0.7014416740062275 0.7432109754889026
11.9044045871481110 -0.0831518191982259 0.0000100428332998 2.6791811863517343 0.7012685873727991 0.7430310842537314
11.9362824632670641 -0.0835893746396560 0.0000096850231846 2.6979903504966098 0.7001448542681626 0.7418618057204043
11.9681403518138740 -0.0840282116356511 0.0000093275393893 2.7168580778616120 0.6990228627379944 0.7406919618128832
11.9818852912009834 -0.0842180287746990 0.0000091733371157 2.7250201844046846 0.6985391094303656 0.7401868393004843
11.9879265683366061 -0.0843015393322802 0.0000091055683588 2.7286117934449066 0.6983265488861067 0.7399647483498192
11.9933822497001650 -0.0843769975003383 0.0000090443724819 2.7318574311011523 0.6981346251733923 0.7397641455096995
12.0248386110045100 -0.0848129758762284 0.0000086915922741 2.7506113265495764 0.6970286462479356 0.7386067769340506
12.0562773678060271 -0.0852502534501377 0.0000083391193215 2.7694231695287126 0.6959243457680854 0.7374488136566378
12.0632768543979392 -0.0853478194285844 0.0000082606604874 2.7736207254791996 0.6956786315951099 0.7371908378690205
12.0675238519102699 -0.0854070559882049 0.0000082130576873 2.7761692804722542 0.6955295685508082 0.7370342791012744
12.0717708494226006 -0.0854663110118478 0.0000081654578754 2.7787190834679327 0.6953805250596834 0.7368776978602434
12.0758626157940157 -0.0855234246802063 0.0000081196000813 2.7811768694852530 0.6952369479035551 0.7367268185445622
12.1073523131826963 -0.0859638494149794 0.0000077667506979 2.8001304226584316 0.6941326161368652 0.7355649753815883
12.1383836947837267 -0.0863994046241162 0.0000074191539664 2.8188752034981608 0.6930454416654791 0.7344188429279604
12.1443605927562288 -0.0864834726487254 0.0000073522176376 2.8224932480730685 0.6928361680165215 0.7341979523375276
12.1472028232543359 -0.0865234700884648 0.0000073203885653 2.8242146250821514 0.6927366651147655 0.7340928955150463
12.1500450537524429 -0.0865634751497315 0.0000072885609849 2.8259365604825133 0.6926371713099406 0.7339878287849313
12.1532199435214618 -0.0866081747668152 0.0000072530097240 2.8278606942205564 0.6925260434276393 0.7338704531628748
12.1849009712360754 -0.0870551026096700 0.0000068983272704 2.8470990567024619 0.6914177743334150 0.7326985308339686
12.2155333113791169 -0.0874887775540695 0.0000065555089847 2.8657665411313400 0.6903472983320786 0.7315642387072042
12.2219508776810279 -0.0875798266850027 0.0000064837032483 2.8696856459340854 0.6901231699397338 0.7313264570427941
12.2268798903558533 -0.0876497937938204 0.0000064285573691 2.8726976460043865 0.6899510609393318 0.7311437950029057
12.2314070441378675 -0.0877140871560455 0.0000063779107529 2.8754655579014510 0.6897930091094123 0.7309759994168115
12.2617300686584532 -0.0881455895978823 0.0000060387497984 2.8940416022372877 0.6887350021262633 0.7298514625891158
12.2919438198201956 -0.0885770387239674 0.0000057009374351 2.9126138262376027 0.6876819080937775 0.7287298813260722
12.2944834301561823 -0.0886133727039109 0.0000056725485338 2.9141777803358644 0.6875934410229658 0.7286355573811950
12.2970230404921690 -0.0886497124077910 0.0000056441609946 2.9157421794014424 0.6875049817193644 0.7285412257504574
12.2998762852208081 -0.0886905508377214 0.0000056122689382 2.9175003079115709 0.6874056073151392 0.7284352352755064
12.3279658034646182 -0.0890933163505362 0.0000052983614642 2.9348386434711227 0.6864278236723782 0.7273912675645269
12.3577990861240838 -0.0895225248489182 0.0000049650926725 2.9533129050904297 0.6853904112783576 0.7262814686087578
12.3609881069391516 -0.0895684931281869 0.0000049294757694 2.9552913364427846 0.6852795832070053 0.7261627748557066
12.3641771277542194 -0.0896144749112611 0.0000048938607051 2.9572704688063864 0.6851687678418638 0.7260440691387544
12.3672966320957212 -0.0896594666123196 0.0000048590238583 2.9592071369057518 0.6850603803960864 0.7259279394795287
