0.0000943436329884 -0.0000000000052205 0.0000810447176865 0.0000000000000021 0.9999999999568574 0.9999999999713051
0.0001296373797371 -0.0000000000098577 0.0000810447176775 0.0000000000000054 0.9999999999181050 0.9999999999458162
0.0001728110486588 -0.0000000000175175 0.0000810447176625 0.0000000000000129 0.9999999998540933 0.9999999999037130
0.0002245714486055 -0.0000000000295834 0.0000810447176391 0.0000000000000283 0.9999999997532619 0.9999999998373916
0.0002856090451772 -0.0000000000478507 0.0000810447176035 0.0000000000000582 0.9999999996006070 0.9999999997369833
0.0003565731836476 -0.0000000000745839 0.0000810447175514 0.0000000000001132 0.9999999993772052 0.9999999995900413
0.0004381042300552 -0.0000000001125912 0.0000810447174774 0.0000000000002099 0.9999999990595886 0.9999999993811293
0.0005308088962942 -0.0000000001652827 0.0000810447173748 0.0000000000003733 0.9999999986192611 0.9999999990915044
0.0006352734679516 -0.0000000002367410 0.0000810447172357 0.0000000000006400 0.9999999980221055 0.9999999986987258
0.0007520659974143 -0.0000000003317910 0.0000810447170506 0.0000000000010618 0.9999999972278006 0.9999999981762725
0.0008817323330242 -0.0000000004560649 0.0000810447168087 0.0000000000017112 0.9999999961892804 0.9999999974931865
0.0010248145731659 -0.0000000006160899 0.0000810447164971 0.0000000000026868 0.9999999948519998 0.9999999966135911
0.0011818270801452 -0.0000000008193352 0.0000810447161014 0.0000000000041205 0.9999999931535395 0.9999999954964299
0.0013532643505141 -0.0000000010742841 0.0000810447156050 0.0000000000061864 0.9999999910230067 0.9999999940950735
0.0015396310923184 -0.0000000013905524 0.0000810447149892 0.0000000000091105 0.9999999883800473 0.9999999923566686
0.0017413890320602 -0.0000000017788762 0.0000810447142331 0.0000000000131819 0.9999999851349415 0.9999999902222022
0.0019590179563291 -0.0000000022512878 0.0000810447133133 0.0000000000187675 0.9999999811871387 0.9999999876255373
0.0021929632624733 -0.0000000028210900 0.0000810447122039 0.0000000000263261 0.9999999764254716 0.9999999844935535
0.0024436830227343 -0.0000000035030313 0.0000810447108761 0.0000000000364273 0.9999999707266921 0.9999999807451846
0.0027116008434885 -0.0000000043132619 0.0000810447092986 0.0000000000497702 0.9999999639558372 0.9999999762916587
0.0029971514151425 -0.0000000052695279 0.0000810447074367 0.0000000000672075 0.9999999559646088 0.9999999710354327
0.0033007460683570 -0.0000000063911438 0.0000810447052529 0.0000000000897694 0.9999999465916001 0.9999999648703416
0.0036227938565924 -0.0000000076991294 0.0000810447027062 0.0000000001186924 0.9999999356611555 0.9999999576808478
0.0039636965928896 -0.0000000092162700 0.0000810446997523 0.0000000001554508 0.9999999229828652 0.9999999493417092
0.0043238604007669 -0.0000000109672494 0.0000810446963431 0.0000000002017934 0.9999999083504544 0.9999999397172490
0.0047036658016211 -0.0000000129785840 0.0000810446924269 0.0000000002597773 0.9999998915423334 0.9999999286617164
0.0051034811302427 -0.0000000152787360 0.0000810446879485 0.0000000003318115 0.9999998723206515 0.9999999160186653
0.0055237053062007 -0.0000000178984492 0.0000810446828478 0.0000000004207105 0.9999998504284929 0.9999999016191096
0.0059646882982522 -0.0000000208703584 0.0000810446770614 0.0000000005297307 0.9999998255931375 0.9999998852836672
0.0064268153369137 -0.0000000242295886 0.0000810446705208 0.0000000006626425 0.9999997975210567 0.9999998668192702
0.0069104268535403 -0.0000000280132915 0.0000810446631539 0.0000000008237709 0.9999997659017843 0.9999998460217094
0.0074158764241793 -0.0000000322611136 0.0000810446548832 0.0000000010180739 0.9999997304040079 0.9999998226730641
0.0079435136889708 -0.0000000370151637 0.0000810446456269 0.0000000012512087 0.9999996906758363 0.9999997965418774
0.0084936841685976 -0.0000000423200902 0.0000810446352981 0.0000000015296080 0.9999996463441561 0.9999997673827348
0.0090667325443451 -0.0000000482231934 0.0000810446238045 0.0000000018605623 0.9999995970136928 0.9999997349356436
0.0096629814870136 -0.0000000547742751 0.0000810446110493 0.0000000022522948 0.9999995422682686 0.9999996989268632
0.0102827567306229 -0.0000000620259537 0.0000810445969301 0.0000000027140663 0.9999994816681660 0.9999996590671693
0.0109263940546025 -0.0000000700338544 0.0000810445813385 0.0000000032562844 0.9999994147485444 0.9999996150508123
0.0115942109820956 -0.0000000788563534 0.0000810445641608 0.0000000038905888 0.9999993410215707 0.9999995665569199
0.0122865243272425 -0.0000000885548518 0.0000810445452775 0.0000000046299772 0.9999992599741351 0.9999995132479937
0.0130036473834363 -0.0000000991938200 0.0000810445245631 0.0000000054889243 0.9999991710674767 0.9999994547696633
0.0137458895036039 -0.0000001108408680 0.0000810445018859 0.0000000064835104 0.9999990737366025 0.9999993907503035
0.0145135642622325 -0.0000001235669573 0.0000810444771078 0.0000000076315698 0.9999989673885066 0.9999993207998642
0.0153069640255085 -0.0000001374460565 0.0000810444500847 0.0000000089527981 0.9999988514050572 0.9999992445117680
0.0161263871642636 -0.0000001525556480 0.0000810444206658 0.0000000104689427 0.9999987251387588 0.9999991614601236
0.0169721370977578 -0.0000001689768274 0.0000810443886933 0.0000000122039700 0.9999985879119204 0.9999990711991782
0.0178445135176970 -0.0000001867942373 0.0000810443540022 0.0000000141842259 0.9999984390172110 0.9999989732636828
0.0187438156773217 -0.0000002060962142 0.0000810443164206 0.0000000164386244 0.9999982777164297 0.9999988671680841
0.0196703091650597 -0.0000002269741135 0.0000810442757707 0.0000000189987475 0.9999981032461487 0.9999987524102347
0.0206242871512809 -0.0000002495236982 0.0000810442318659 0.0000000218991977 0.9999979148061082 0.9999986284637612
0.0216060243588623 -0.0000002738442157 0.0000810441845131 0.0000000251776907 0.9999977115669291 0.9999984947831356
0.0226158124178926 -0.0000003000393222 0.0000810441335104 0.0000000288753883 0.9999974926623907 0.9999983507985981
0.0236539181083662 -0.0000003282161162 0.0000810440786493 0.0000000330369890 0.9999972571975063 0.9999981959214662
0.0247206168921630 -0.0000003584860522 0.0000810440197128 0.0000000377110859 0.9999970042408863 0.9999980295391139
0.0258161962763813 -0.0000003909651876 0.0000810439564749 0.0000000429504599 0.9999967328226801 0.9999978510136155
0.0269409078172095 -0.0000004257728373 0.0000810438887033 0.0000000488121185 0.9999964419458113 0.9999976596891376
0.0280950190935935 -0.0000004630331421 0.0000810438161563 0.0000000553578090 0.9999961305728784 0.9999974548833220
0.0292788032734380 -0.0000005028749074 0.0000810437385832 0.0000000626542848 0.9999957976274997 0.9999972358881701
0.0304925328012875 -0.0000005454315098 0.0000810436557242 0.0000000707735887 0.9999954419950929 0.9999970019705556
0.0317364532009675 -0.0000005908400121 0.0000810435673124 0.0000000797931827 0.9999950625302728 0.9999967523770905
0.0330108398853574 -0.0000006392432582 0.0000810434730698 0.0000000897966711 0.9999946580393436 0.9999964863226091
0.0343159370415667 -0.0000006907877289 0.0000810433727112 0.0000001008737090 0.9999942272982194 0.9999962030019550
0.0356519744325639 -0.0000007456240984 0.0000810432659431 0.0000001131204287 0.9999937690477702 0.9999959015869204
0.0370192362152657 -0.0000008039101961 0.0000810431524583 0.0000001266404714 0.9999932819690756 0.9999955812099676
0.0384179852262780 -0.0000008658081238 0.0000810430319412 0.0000001415447537 0.9999927647075124 0.9999952409800739
0.0398484339394695 -0.0000009314828233 0.0000810429040707 0.0000001579514630 0.9999922158847245 0.9999948799906044
0.0413108332691338 -0.0000010011060462 0.0000810427685122 0.0000001759874069 0.9999916340654528 0.9999944972974932
0.0428054519848250 -0.0000010748557360 0.0000810426249194 0.0000001957883415 0.9999910177626944 0.9999940919226377
0.0443325163066593 -0.0000011529131405 0.0000810424729394 0.0000002174986390 0.9999903654618343 0.9999936628697702
0.0458922890884181 -0.0000012354667881 0.0000810423122051 0.0000002412728079 0.9999896755874188 0.9999932091026035
0.0474849792520196 -0.0000013227078708 0.0000810421423443 0.0000002672746591 0.9999889465417373 0.9999927295702076
0.0491108515780013 -0.0000014148361569 0.0000810419629680 0.0000002956795035 0.9999881766554138 0.9999922231745101
0.0507701196097127 -0.0000015120542361 0.0000810417736817 0.0000003266729496 0.9999873642354941 0.9999916888019269
0.0524630459797200 -0.0000016145732896 0.0000810415740744 0.0000003604532093 0.9999865075172326 0.9999911252916481
0.0541898439542642 -0.0000017226074115 0.0000810413637291 0.0000003972298323 0.9999856047115449 0.9999905314668504
0.0559507442585106 -0.0000018363775891 0.0000810411422156 0.0000004372255287 0.9999846539717430 0.9999899061128165
0.0577459750275485 -0.0000019561106139 0.0000810409090923 0.0000004806764038 0.9999836534026411 0.9999892479829242
0.0595757852536672 -0.0000020820407846 0.0000810406639030 0.0000005278331949 0.9999826010463210 0.9999885557892828
0.0614403905170297 -0.0000022144063155 0.0000810404061841 0.0000005789605697 0.9999814949121469 0.9999878282224750
0.0633400174556751 -0.0000023534523702 0.0000810401354580 0.0000006343388611 0.9999803329514156 0.9999870639348828
0.0652748720449305 -0.0000024994288455 0.0000810398512384 0.0000006942638488 0.9999791130758731 0.9999862615528660
0.0672452207210179 -0.0000026525966263 0.0000810395530171 0.0000007590500283 0.9999778331054476 0.9999854196423831
0.0692512551692150 -0.0000028132173965 0.0000810392402849 0.0000008290271026 0.9999764908533958 0.9999845367649955
0.0712931968956780 -0.0000029815616014 0.0000810389125150 0.0000009045439702 0.9999750840597649 0.9999836114341015
0.0733712772091269 -0.0000031579071681 0.0000810385691664 0.0000009859690160 0.9999736104020847 0.9999826421219684
0.0754857119628947 -0.0000033425374836 0.0000810382096874 0.0000010736899667 0.9999720675122649 0.9999816272708462
0.0776367157337470 -0.0000035357425895 0.0000810378335132 0.0000011681151936 0.9999704529666137 0.9999805652864012
0.0798244820480548 -0.0000037378174054 0.0000810374400696 0.0000012696736162 0.9999687643006815 0.9999794545474789
0.0820492514989881 -0.0000039490681036 0.0000810370287606 0.0000013788187414 0.9999669989559942 0.9999782933710661
0.0843112174699791 -0.0000041698034913 0.0000810365989849 0.0000014960251981 0.9999651543520659 0.9999770800596577
0.0866106120365541 -0.0000044003432071 0.0000810361501202 0.0000016217938429 0.9999632278179070 0.9999758128562041
0.0889476418649453 -0.0000046410116464 0.0000810356815349 0.0000017566495018 0.9999612166427888 0.9999744899775006
0.0913225022155977 -0.0000048921392092 0.0000810351925858 0.0000019011424594 0.9999591180658118 0.9999731096073259
0.0937354173743303 -0.0000051540666764 0.0000810346826093 0.0000020558519481 0.9999569292393415 0.9999716698723892
0.0961865987062905 -0.0000054271409799 0.0000810341509300 0.0000022213847795 0.9999546472643539 0.9999701688655788
0.0986762419280302 -0.0000057117147978 0.0000810335968614 0.0000023983760140 0.9999522691938173 0.9999686046481847
0.1012045565185158 -0.0000060081499096 0.0000810330196990 0.0000025874920360 0.9999497920046604 0.9999669752314594
0.1037717504992077 -0.0000063168156376 0.0000810324187238 0.0000027894307209 0.9999472126107911 0.9999652785851791
0.1063780079357081 -0.0000066380861124 0.0000810317932074 0.0000030049206737 0.9999445278859547 0.9999635126526781
0.1090235543975130 -0.0000069723483676 0.0000810311423963 0.0000032347277496 0.9999417345960872 0.9999616753063510
0.1117085931084555 -0.0000073199947098 0.0000810304655267 0.0000034796512064 0.9999388294630773 0.9999597643895920
0.1144332970083396 -0.0000076814213997 0.0000810297618272 0.0000037405237115 0.9999358091757918 0.9999577777240453
0.1171978826276444 -0.0000080570384112 0.0000810290304995 0.0000040182195113 0.9999326703085197 0.9999557130559579
0.1200025291300915 -0.0000084472588318 0.0000810282707396 0.0000043136480618 0.9999294094095547 0.9999535681144451
0.1228474528142453 -0.0000088525090763 0.0000810274817171 0.0000046277628709 0.9999260229158410 0.9999513405553447
0.1257328573911389 -0.0000092732222649 0.0000810266625890 0.0000049615579629 0.9999225072083138 0.9999490279976158
0.1286589196875103 -0.0000097098359507 0.0000810258125032 0.0000053160672176 0.9999188586308870 0.9999466280358271
0.1316258617192087 -0.0000101628028776 0.0000810249305785 0.0000056923744168 0.9999150734005627 0.9999441381810263
0.1346338539184893 -0.0000106325765759 0.0000810240159319 0.0000060916029182 0.9999111477277967 0.9999415559399111
0.1376830776691442 -0.0000111196206468 0.0000810230676609 0.0000065149245165 0.9999070777389183 0.9999388787637971
0.1407737669931337 -0.0000116244159257 0.0000810220848293 0.0000069635674942 0.9999028594162702 0.9999361040092384
0.1439060732499926 -0.0000121474386953 0.0000810210665100 0.0000074387989709 0.9998984887802709 0.9999332290577843
0.1470802011114807 -0.0000126891827212 0.0000810200117417 0.0000079419458065 0.9998939617052833 0.9999302511948557
0.1502963327011816 -0.0000132501469542 0.0000810189195530 0.0000084743852565 0.9998892740223705 0.9999271676773357
0.1535546717261078 -0.0000138308431493 0.0000810177889478 0.0000090375536738 0.9998844214556417 0.9999239756916927
0.1568553832713624 -0.0000144317852938 0.0000810166189253 0.0000096329379755 0.9998793997105917 0.9999206724120880
0.1601986832857700 -0.0000150535057659 0.0000810154084494 0.0000102620931334 0.9998742043390743 0.9999172549115520
0.1635847603014851 -0.0000156965414044 0.0000810141564747 0.0000109266303417 0.9998688308557155 0.9999137202385563
0.1670137508765134 -0.0000163614282529 0.0000810128619579 0.0000116282126700 0.9998632747818349 0.9999100654459018
0.1704858881577381 -0.0000170487303048 0.0000810115238011 0.0000123685870301 0.9998575314052400 0.9999062874327076
0.1740013425942743 -0.0000177590090504 0.0000810101409111 0.0000131495542490 0.9998515960347097 0.9999023831118056
0.1775602895160275 -0.0000184928363604 0.0000810087121749 0.0000139729842163 0.9998454638923369 0.9998983493389196
0.1811629182358156 -0.0000192507966077 0.0000810072364547 0.0000148408203468 0.9998391300957962 0.9998941829009967
0.1848093997418147 -0.0000200334800514 0.0000810057126017 0.0000157550740643 0.9998325897136411 0.9998898805525761
0.1884999129600547 -0.0000208414883414 0.0000810041394446 0.0000167178329792 0.9998258377192997 0.9998854389855234
0.1922346675414472 -0.0000216754399174 0.0000810025157796 0.0000177312697387 0.9998188689459701 0.9998808547993545
0.1960138117269542 -0.0000225359495960 0.0000810008404099 0.0000187976194025 0.9998116782571941 0.9998761246134362
0.1998375077992810 -0.0000234236449875 0.0000809991121139 0.0000199192008709 0.9998042604096820 0.9998712449767453
0.2037059737077531 -0.0000243391768346 0.0000809973296249 0.0000210984328179 0.9997966099669199 0.9998662123110310
0.2076193717947415 -0.0000252831932744 0.0000809954916812 0.0000223378034063 0.9997887215142482 0.9998610230522923
0.2115778809423337 -0.0000262563565649 0.0000809935969939 0.0000236398935418 0.9997805895190980 0.9998556735588322
0.2155816975705690 -0.0000272593438081 0.0000809916442449 0.0000250073806495 0.9997722083249463 0.9998501601072749
0.2196309450530652 -0.0000282928241242 0.0000809896321318 0.0000264430095968 0.9997635723420643 0.9998444790180391
0.2237258404415521 -0.0000293575007490 0.0000809875592859 0.0000279496528125 0.9997546756957431 0.9998386264239225
0.2278665280215078 -0.0000304540688870 0.0000809854243541 0.0000295302544959 0.9997455125784885 0.9998325985017801
0.2320531901039146 -0.0000315832441929 0.0000809832259433 0.0000311878728308 0.9997360770120264 0.9998263913159561
0.2362860066879008 -0.0000327457526112 0.0000809809626407 0.0000329256684853 0.9997263629322154 0.9998200008741328
0.2405651589733012 -0.0000339423314040 0.0000809786330114 0.0000347469087093 0.9997163641804561 0.9998134231216732
0.2448908024626889 -0.0000351737215512 0.0000809762356131 0.0000366549581483 0.9997060745672101 0.9998066539833972
0.2492631163351322 -0.0000364406816202 0.0000809737689695 0.0000386533025885 0.9996954877561008 0.9997996892873298
0.2536822696750395 -0.0000377439784134 0.0000809712315882 0.0000407455374479 0.9996845973420744 0.9997925248161091
0.2581484345531708 -0.0000390843907588 0.0000809686219535 0.0000429353763955 0.9996733968197307 0.9997851562861442
0.2626617428277881 -0.0000404626963718 0.0000809659385517 0.0000452266322658 0.9996618796931127 0.9997775794198333
0.2672224320060970 -0.0000418797165806 0.0000809631797846 0.0000476232944307 0.9996500391019850 0.9997697896996899
0.2718306174061341 -0.0000433362466191 0.0000809603441043 0.0000501294154752 0.9996378684043172 0.9997617827515366
0.2764864617156430 -0.0000448331073974 0.0000809574299135 0.0000527492000396 0.9996253607436919 0.9997535540599013
0.2811901477863574 -0.0000463711378968 0.0000809544355794 0.0000554869962762 0.9996125091128650 0.9997450990098196
0.2859418569908945 -0.0000479511885599 0.0000809513594470 0.0000583472878460 0.9995993064090003 0.9997364129231611
0.2907417405278734 -0.0000495741115649 0.0000809481998581 0.0000613346789877 0.9995857455149503 0.9997274911120928
0.2955899578972005 -0.0000512407734014 0.0000809449551264 0.0000644539199051 0.9995718191941757 0.9997183288099349
0.3004867010733842 -0.0000529520637065 0.0000809416235208 0.0000677099273363 0.9995575200169240 0.9997089211225788
0.3054320825240382 -0.0000547088561865 0.0000809382033413 0.0000711077134262 0.9995428406867700 0.9996992632433109
0.3104262855442573 -0.0000565120611146 0.0000809346928165 0.0000746524886972 0.9995277736019622 0.9996893501642011
0.3154694831521425 -0.0000583625974819 0.0000809310901583 0.0000783496132634 0.9995123110881358 0.9996791768291936
0.3205618493047739 -0.0000602613970056 0.0000809273935539 0.0000822046079665 0.9994964453648276 0.9996687381120621
0.3257035130756734 -0.0000622093867524 0.0000809236011995 0.0000862231218645 0.9994801686906790 0.9996580289119307
0.3308946697168950 -0.0000642075309561 0.0000809197112189 0.0000904110213547 0.9994634730140378 0.9996470439233732
0.3361354626548238 -0.0000662567866116 0.0000809157217502 0.0000947743026357 0.9994463503440015 0.9996357778805245
0.3414260378905111 -0.0000683581237528 0.0000809116309062 0.0000993191363190 0.9994287925809983 0.9996242254455958
0.3467665742996996 -0.0000705125379280 0.0000809074367500 0.0001040518988718 0.9994107914125600 0.9996123811402789
0.3521572380584099 -0.0000727210325002 0.0000809031373296 0.0001089791388468 0.9993923384612233 0.9996002394430408
0.3575981450142913 -0.0000749846025662 0.0000808987307091 0.0001141075432265 0.9993734254189027 0.9995877948775239
0.3630894856581984 -0.0000773042866225 0.0000808942148683 0.0001194440574481 0.9993540436152136 0.9995750417284903
0.3686314290530329 -0.0000796811275321 0.0000808895877784 0.0001249958028945 0.9993341843436261 0.9995619742564038
0.3742241045376625 -0.0000821161639022 0.0000808848474190 0.0001307700588726 0.9993138389335161 0.9995485867448245
0.3798676555371649 -0.0000846104528251 0.0000808799917340 0.0001367743187983 0.9992929985601721 0.9995348733753725
0.3855623014980370 -0.0000871650984071 0.0000808750185757 0.0001430163655562 0.9992716540064454 0.9995208280708641
0.3913081050313544 -0.0000897811475992 0.0000808699259076 0.0001495040217054 0.9992497965331211 0.9995064450680167
0.3971053045392754 -0.0000924597398189 0.0000808647115135 0.0001562455201925 0.9992274166288125 0.9994917180948213
0.4029540358859461 -0.0000952019815432 0.0000808593732414 0.0001632492007548 0.9992045050577786 0.9994766410600139
0.4088544137142323 -0.0000980089818696 0.0000808539089341 0.0001705235985905 0.9991810525628139 0.9994612078575513
0.4148066280678132 -0.0001008818988224 0.0000808483163395 0.0001780775694203 0.9991570494783771 0.9994454121119993
0.4208108055445119 -0.0001038218735855 0.0000808425932383 0.0001859201240957 0.9991324862800965 0.9994292475401149
0.4268670873264620 -0.0001068300673950 0.0000808367373721 0.0001940605279614 0.9991073532765432 0.9994127077479904
0.4329756773816697 -0.0001099076865843 0.0000808307463950 0.0002025083760029 0.9990816404000102 0.9993957860933342
0.4391366936121625 -0.0001130559083226 0.0000808246180179 0.0002112733955659 0.9990553378269694 0.9993784760937626
0.4453502875220872 -0.0001162759400524 0.0000808183498931 0.0002203656117678 0.9990284354815008 0.9993607710999823
0.4516166176668193 -0.0001195690067314 0.0000808119396385 0.0002297953188497 0.9990009231419050 0.9993426643659216
0.4579358140493185 -0.0001229363320708 0.0000808053848749 0.0002395730310241 0.9989727905974706 0.9993241491518726
0.4643080496685890 -0.0001263791764810 0.0000807986831517 0.0002497095969271 0.9989440273314699 0.9993052185158299
0.4707334455748402 -0.0001298987863911 0.0000807918320456 0.0002602160570181 0.9989146229446018 0.9992858655921442
0.4772121880606631 -0.0001334964578966 0.0000807848290368 0.0002711038369283 0.9988845666232594 0.9992660832415278
0.4837444162488045 -0.0001371734756059 0.0000807776716279 0.0002823845711798 0.9988538476504661 0.9992458643872971
0.4903302606206196 -0.0001409311330597 0.0000807703573044 0.0002940701670965 0.9988224552352986 0.9992252019030771
0.4969698761617167 -0.0001447707517658 0.0000807628834975 0.0003061728694460 0.9987903783538906 0.9992040885081137
0.5036633949113276 -0.0001486936542297 0.0000807552476365 0.0003187051820470 0.9987576059747664 0.9991825169155523
0.5104109994625493 -0.0001527012070765 0.0000807474470650 0.0003316800109663 0.9987241266986189 0.9991604795952930
0.5172128022849370 -0.0001567947500208 0.0000807394791793 0.0003451104419542 0.9986899293517328 0.9991379691645617
0.5240689520987709 -0.0001609756584528 0.0000807313413063 0.0003590099465588 0.9986550024631542 0.9991149780437285
0.5309796119207025 -0.0001652453313044 0.0000807230307272 0.0003733923513208 0.9986193343660953 0.9990914985230100
0.5379449034907939 -0.0001696051566971 0.0000807145447445 0.0003882717275847 0.9985829134849287 0.9990675229513495
0.5449650093775821 -0.0001740565755019 0.0000807058805582 0.0004036626128930 0.9985457278042557 0.9990430433868697
0.5520400348148389 -0.0001786009945957 0.0000806970354348 0.0004195797197149 0.9985077655935657 0.9990180520738701
0.5591701258695234 -0.0001832398611163 0.0000806880065625 0.0004360381955994 0.9984690147869587 0.9989925410344566
0.5663554294844562 -0.0001879746377268 0.0000806787910993 0.0004530535455794 0.9984294631898175 0.9989665022045441
0.5735960843063825 -0.0001928067965684 0.0000806693861854 0.0004706416163619 0.9983890985293539 0.9989399274670860
0.5808922462582751 -0.0001977378363748 0.0000806597889091 0.0004888186648136 0.9983479083116729 0.9989128085579237
0.5882440573095182 -0.0002027692617773 0.0000806499963476 0.0005076012892706 0.9983058799946900 0.9988851371795772
0.5956516651302330 -0.0002079025964878 0.0000806400055412 0.0005270064839699 0.9982630008780350 0.9988569049287110
0.6031151985171259 -0.0002131393662702 0.0000806298135264 0.0005470515809036 0.9982192582453342 0.9988281033897634
0.6106348006147465 -0.0002184811219341 0.0000806194172912 0.0005677543429246 0.9981746391721756 0.9987987240084552
0.6182105832420440 -0.0002239294069827 0.0000806088138382 0.0005891328450189 0.9981291307963817 0.9987687582696959
0.6258427307598985 -0.0002294858323730 0.0000805980000388 0.0006112057743395 0.9980827196935940 0.9987381972863713
0.6335313568743354 -0.0002351519736444 0.0000805869728338 0.0006339920335377 0.9980353927365714 0.9987070323651032
0.6412766228884923 -0.0002409294565735 0.0000805757290663 0.0006575110859894 0.9979871363797876 0.9986752545351160
0.6490786475864927 -0.0002468198909409 0.0000805642656110 0.0006817826968207 0.9979379372126834 0.9986428549124926
0.6569375574708520 -0.0002528249072862 0.0000805525793024 0.0007068270863175 0.9978877816527157 0.9986098244979889
0.6648534983124215 -0.0002589461663023 0.0000805406669166 0.0007326649782205 0.9978366558669378 0.9985761541253201
0.6728266279152044 -0.0002651853540932 0.0000805285251808 0.0007593175902398 0.9977845458116604 0.9985418344872051
0.6808570838787544 -0.0002715441571300 0.0000805161508215 0.0007868065349765 0.9977314374416700 0.9985068562730884
0.6889449363433403 -0.0002780241567400 0.0000805035406443 0.0008151536519855 0.9976773170352129 0.9984712103830553
0.6970951025530027 -0.0002846310178439 0.0000804906837318 0.0008443988292257 0.9976221377529552 0.9984348659011533
0.7052983036065441 -0.0002913588512629 0.0000804775915726 0.0008745313194768 0.9975659489069253 0.9983978552406235
0.7135593609301653 -0.0002982131808625 0.0000804642534266 0.0009055912518292 0.9975087044070775 0.9983601479748503
0.7218784155039150 -0.0003051957746599 0.0000804506658631 0.0009376026558825 0.9974503895334466 0.9983217343365358
0.7302555983404307 -0.0003123084083771 0.0000804368254366 0.0009705900284857 0.9973909895034860 0.9982826045144778
0.7386910225961075 -0.0003195528582034 0.0000804227287015 0.0010045783052638 0.9973304895325534 0.9982427486933462
0.7471848721643168 -0.0003269309773657 0.0000804083720621 0.0010395932298169 0.9972688741945173 0.9982021566323797
0.7557372080491280 -0.0003344445286168 0.0000803937520998 0.0010756605697088 0.9972061288207271 0.9981608185869326
0.7643482469713128 -0.0003420954271190 0.0000803788650993 0.0011128072813481 0.9971422374717335 0.9981187239721492
0.7730180480335368 -0.0003498854651721 0.0000803637075852 0.0011510601964293 0.9970771852361386 0.9980758628774127
0.7817467853332307 -0.0003578165534264 0.0000803482758519 0.0011904471963264 0.9970109562163094 0.9980322247391717
0.7905345771141551 -0.0003658905689087 0.0000803325662601 0.0012309964814520 0.9969435347975514 0.9979877991770455
0.7993815384518783 -0.0003741094014557 0.0000803165751457 0.0012727368029002 0.9968749052604067 0.9979425757383054
0.8082878374885113 -0.0003824750067071 0.0000803002987172 0.0013156977436331 0.9968050513382198 0.9978965436062268
0.8172535785880111 -0.0003909892973375 0.0000802837332672 0.0013599091733714 0.9967339571254502 0.9978496921985306
0.8262788899961768 -0.0003996542244170 0.0000802668750141 0.0014054016698498 0.9966616063983490 0.9978020107196495
0.8353639092250079 -0.0004084717644404 0.0000802497201272 0.0014522064647278 0.9965879827233505 0.9977534882320406
0.8445087660949391 -0.0004174439031402 0.0000802322647587 0.0015003553678012 0.9965130695923038 0.9977041137452044
0.8537135952223316 -0.0004265726475829 0.0000802145050197 0.0015498808398978 0.9964368503215435 0.9976538761490646
0.8629785217850572 -0.0004358600121303 0.0000801964370074 0.0016008159260102 0.9963593081691815 0.9976027642911693
0.8723036799606264 -0.0004453080367633 0.0000801780567702 0.0016531943638840 0.9962804261821937 0.9975507668757951
0.8816891689897437 -0.0004549187423855 0.0000801593603940 0.0017070503442068 0.9962001875696630 0.9974978727098766
0.8911351381569675 -0.0004646942173756 0.0000801403438340 0.0017624190020651 0.9961185749802423 0.9974440702266013
0.9006417045696397 -0.0004746365339210 0.0000801210030776 0.0018193359602674 0.9960355712007627 0.9973893479458136
0.9102090425764396 -0.0004847478412952 0.0000801013339630 0.0018778378714612 0.9959511583775854 0.9973336939605597
0.9198372290608168 -0.0004950302029991 0.0000800813324957 0.0019379614890746 0.9958653193763028 0.9972770968334119
0.9295264001201897 -0.0005054857613319 0.0000800609945289 0.0019997446230215 0.9957780364079128 0.9972195446906008
0.9392766798182733 -0.0005161166626479 0.0000800403159084 0.0020632257200577 0.9956892916529018 0.9971610256333401
0.9490881861947741 -0.0005269250633762 0.0000800192924612 0.0021284439062685 0.9955990672110741 0.9971015277046305
0.9589610685135311 -0.0005379131713840 0.0000799979199150 0.0021954392484529 0.9955073447563708 0.9970410386614942
0.9688954399450600 -0.0005490831717224 0.0000799761940427 0.0022642523154142 0.9954141061568130 0.9969795463836630
0.9788914399000451 -0.0005604372957616 0.0000799541105278 0.0023349246081082 0.9953193328974923 0.9969170384929241
0.9889491379753916 -0.0005719777119688 0.0000799316651770 0.0024074978890113 0.9952230069923494 0.9968535029543532
0.9990687315625953 -0.0005837067520735 0.0000799088534804 0.0024820156109149 0.9951251090965111 0.9967889268311090
1.0092503093784737 -0.0005956266403260 0.0000798856711378 0.0025585212283932 0.9950256207662324 0.9967232977749066
1.0194939663296809 -0.0006077396236774 0.0000798621138059 0.0026370590161998 0.9949245233723901 0.9966566033092763
1.0297998396799775 -0.0006200480155633 0.0000798381770129 0.0027176743698990 0.9948217977351799 0.9965888305883918
1.0401680844846148 -0.0006325541686635 0.0000798138562116 0.0028004136518271 0.9947174243516287 0.9965199665469497
1.0505987942474491 -0.0006452603788797 0.0000797891469664 0.0028853235645885 0.9946113841970817 0.9964499984288342
1.0610921462401988 -0.0006581690613192 0.0000797640446105 0.0029724523310890 0.9945036572566219 0.9963789128179846
1.0716482021542777 -0.0006712825065288 0.0000797385447205 0.0030618480700140 0.9943942245595325 0.9963066969806619
1.0822670602550934 -0.0006846030653055 0.0000797126427570 0.0031535600377556 0.9942830666370602 0.9962333378476974
1.0929489031301898 -0.0006981332116952 0.0000796863339417 0.0032476390943590 0.9941701629969025 0.9961588216674016
1.1036938126812663 -0.0007118753104429 0.0000796596137102 0.0033441361103652 0.9940554940639218 0.9960831352861930
1.1145019211711347 -0.0007258318067998 0.0000796324773425 0.0034431032872761 0.9939390395963753 0.9960062651031978
1.1253733276952040 -0.0007400051202365 0.0000796049201699 0.0035445934262213 0.9938207795729592 0.9959281976555399
1.1363081886243622 -0.0007543977620027 0.0000795769373465 0.0036486607787495 0.9937006932120455 0.9958489189707406
1.1473066062558859 -0.0007690121900775 0.0000795485241310 0.0037553600206852 0.9935787601820930 0.9957684153655645
1.1583686669087541 -0.0007838508571310 0.0000795196757938 0.0038647465944244 0.9934549602015719 0.9956866731818004
1.1694945465757061 -0.0007989163532460 0.0000794903873394 0.0039768777801124 0.9933292718483971 0.9956036779999290
1.1806842920889415 -0.0008142111111325 0.0000794606540795 0.0040918105249237 0.9932016750194668 0.9955194162629589
1.1919380912833439 -0.0008297377723491 0.0000794304709211 0.0042096041840360 0.9930721478755177 0.9954338732588215
1.2032560340476663 -0.0008454988620819 0.0000793998329987 0.0043303180994135 0.9929406695544922 0.9953470349119488
1.2146382062386412 -0.0008614969154474 0.0000793687354292 0.0044540125448931 0.9928072191179566 0.9952588870874062
1.2260847762799962 -0.0008777346006303 0.0000793371730719 0.0045807497014061 0.9926717745241351 0.9951694149122804
1.2375958678346151 -0.0008942145411633 0.0000793051408745 0.0047105923053488 0.9925343141106049 0.9950786037547694
1.2491715347352785 -0.0009109392766286 0.0000792726339496 0.0048436033245150 0.9923948169221595 0.9949864394407283
1.2608119280001966 -0.0009279115026595 0.0000792396471076 0.0049798478686235 0.9922532607091410 0.9948929069310363
1.2725171640200301 -0.0009451338825574 0.0000792061752236 0.0051193917205104 0.9921096234989518 0.9947979913595528
1.2842873343163337 -0.0009626090595515 0.0000791722132133 0.0052623014312444 0.9919638834939305 0.9947016779655127
1.2961225544249337 -0.0009803397286867 0.0000791377558933 0.0054086449150479 0.9918160184719788 0.9946039516972327
1.3080229574812583 -0.0009983286286901 0.0000791027979971 0.0055584914074283 0.9916660058546417 0.9945047972567946
1.3199886500843567 -0.0010165784755492 0.0000790673343039 0.0057119109276306 0.9915138232612276 0.9944041994660486
1.3320197440414117 -0.0010350920097712 0.0000790313595472 0.0058689746793904 0.9913594481148770 0.9943021430060311
1.3441163610592533 -0.0010538720040449 0.0000789948683999 0.0060297551330266 0.9912028575789051 0.9941986123746103
1.3562785778536459 -0.0010729211775615 0.0000789578556406 0.0061943253012512 0.9910440292714002 0.9940935923587221
1.3685065260335492 -0.0010922423514107 0.0000789203158517 0.0063627600858232 0.9908829399697447 0.9939870671775849
1.3808003230594059 -0.0011118383418345 0.0000788822436271 0.0065351353812943 0.9907195665009170 0.9938790210710410
1.3931600842556344 -0.0011317119786362 0.0000788436335365 0.0067115282443042 0.9905538855882184 0.9937694381979681
1.4055859046017689 -0.0011518660753566 0.0000788044801831 0.0068920166378015 0.9903858741001165 0.9936583028006324
1.4180779091933482 -0.0011723035107355 0.0000787647780455 0.0070766801709552 0.9902155083713785 0.9935455987553864
1.4306362150260594 -0.0011930271674832 0.0000787245215968 0.0072655995719141 0.9900427647137653 0.9934313099101548
1.4432608976183015 -0.0012140398759012 0.0000786837054142 0.0074588561759325 0.9898676198861851 0.9933154203952946
1.4559521090695038 -0.0012353446099242 0.0000786423237981 0.0076565337383037 0.9896900494608789 0.9931979135422800
1.4687099334279659 -0.0012569442466710 0.0000786003712393 0.0078587162398704 0.9895100298278775 0.9930787732096997
1.4815344605481919 -0.0012788416881732 0.0000785578421825 0.0080654890092769 0.9893275371805844 0.9929579831118270
1.4944258486349529 -0.0013010399699039 0.0000785147308158 0.0082769397789105 0.9891425466116543 0.9928355262197718
1.5073841286015579 -0.0013235419245614 0.0000784710317235 0.0084931555033616 0.9889550349151772 0.9927113866160695
1.5204095030925522 -0.0013463506985598 0.0000784267388833 0.0087142273100548 0.9887649762828473 0.9925855466452765
1.5335019860490076 -0.0013694691254766 0.0000783818468829 0.0089402444867453 0.9885723475253572 0.9924579903704619
1.5466617475596174 -0.0013929003287016 0.0000783363497500 0.0091713003256842 0.9883771230509397 0.9923287002482115
1.5598888419729842 -0.0014166472427813 0.0000782902418816 0.0094074874731023 0.9881792788540318 0.9921976597694417
1.5731833939740032 -0.0014407129430176 0.0000782435174044 0.0096489011771801 0.9879787897693335 0.9920648516406632
1.5865455418014582 -0.0014651005465971 0.0000781961703665 0.0098956383516348 0.9877756302960221 0.9919302583293145
1.5999753825103455 -0.0014898131124443 0.0000781481949321 0.0101477965758292 0.9875697754323343 0.9917938626163483
1.6134730049943788 -0.0015148536996018 0.0000780995852682 0.0104054746810920 0.9873612001894532 0.9916556472739894
1.6270385008612920 -0.0015402253869836 0.0000780503355063 0.0106687729647234 0.9871498794272874 0.9915155949566006
1.6406719798617500 -0.0015659313027318 0.0000780004396854 0.0109377935153533 0.9869357876103280 0.9913736880384831
1.6543735443524168 -0.0015919745768107 0.0000779498918442 0.0112126397404942 0.9867188992028669 0.9912299088754160
1.6681432918938595 -0.0016183583453886 0.0000778986860129 0.0114934164225988 0.9864991886328275 0.9910842397803611
1.6819813709541600 -0.0016450858584319 0.0000778468160038 0.0117802308896453 0.9862766293962026 0.9909366624292516
1.6958878271012510 -0.0016721601829477 0.0000777942759882 0.0120731898502777 0.9860511965285385 0.9907871594994062
1.7098627887188609 -0.0016995845608521 0.0000777410598010 0.0123724032409228 0.9858228636253066 0.9906357126934556
1.7239063340059859 -0.0017273621512267 0.0000776871614418 0.0126779814661276 0.9855916049884557 0.9904823041624010
1.7380185886885553 -0.0017554962219058 0.0000776325747028 0.0129900375035339 0.9853573940316626 0.9903269154474815
1.7521996579666779 -0.0017839900158630 0.0000775772934282 0.0133086854619093 0.9851202043931946 0.9901695282179104
1.7664495822466610 -0.0018128466595465 0.0000775213116922 0.0136340395410754 0.9848800106991688 0.9900101247771999
1.7807685255188268 -0.0018420695436248 0.0000774646230602 0.0139662183325414 0.9846367853947158 0.9898486859598451
1.7951565726502210 -0.0018716619141836 0.0000774072213823 0.0143053402469416 0.9843905021472872 0.9896851933893236
1.8096138038863454 -0.0019016270213879 0.0000773491005049 0.0146515251805951 0.9841411346095147 0.9895196286568810
1.8241403406979122 -0.0019319682151555 0.0000772902540848 0.0150048956451608 0.9838886556235220 0.9893519727927506
1.8387362704748731 -0.0019626887892822 0.0000772306758924 0.0153655749862809 0.9836330385185856 0.9891822071272629
1.8534016835863352 -0.0019937920575231 0.0000771703596636 0.0157336882705110 0.9833742564783972 0.9890103128703912
1.8681366674716862 -0.0020252813410727 0.0000771092991245 0.0161093621540909 0.9831122826457130 0.9888362711808195
1.8829413648147275 -0.0020571600939794 0.0000770474877482 0.0164927264100218 0.9828470890795560 0.9886600624725872
1.8978158254497446 -0.0020894315850551 0.0000769849193716 0.0168839101302686 0.9825786494019204 0.9884816681731489
1.9127601400848759 -0.0021220991836152 0.0000769215876417 0.0172830451512190 0.9823069364210767 0.9883010691439676
1.9277744385203226 -0.0021551663587865 0.0000768574860170 0.0176902661030711 0.9820319221381202 0.9881182456840246
1.9428588019966442 -0.0021886364874319 0.0000767926081399 0.0181057080746822 0.9817535793450595 0.9879331785915955
1.9580132844028826 -0.0022225128976386 0.0000767269477525 0.0185295071246030 0.9814718812633730 0.9877458489238889
1.9732380102751261 -0.0022567990878509 0.0000766604982719 0.0189618030404046 0.9811867997223831 0.9875562367851742
1.9885330979755338 -0.0022914985577226 0.0000765932531185 0.0194027372747048 0.9808983065665994 0.9873643222618423
2.0038986363581719 -0.0023266147539974 0.0000765252058207 0.0198524522602447 0.9806063741061508 0.9871700857216891
2.0193346817069111 -0.0023621510608683 0.0000764563500338 0.0203110912688065 0.9803109751972618 0.9869735078673000
2.0348413241199288 -0.0023981109516318 0.0000763866792461 0.0207788003699095 0.9800120819820891 0.9867745688971081
2.0504187059449803 -0.0024344980346425 0.0000763161866903 0.0212557290901501 0.9797096655076926 0.9865732482508349
2.0660668725183049 -0.0024713157051868 0.0000762448660180 0.0217420258760727 0.9794036986200324 0.9863695265354392
2.0817859017193272 -0.0025085674452685 0.0000761727107188 0.0222378420018254 0.9790941534727581 0.9861633838665711
2.0975759185823093 -0.0025462568612556 0.0000760997140478 0.0227433321301880 0.9787810012153533 0.9859547996599310
2.1134370081501022 -0.0025843874775543 0.0000760258694255 0.0232586515877438 0.9784642137083004 0.9857437537729135
2.1293692302203397 -0.0026229627689045 0.0000759511703749 0.0237839567748360 0.9781437632551020 0.9855302263259859
2.1410236252588168 -0.0026513534797316 0.0000758961965210 0.0241731183252899 0.9779079331218491 0.9853730578485591
2.1526780202972939 -0.0026798880142071 0.0000758409429478 0.0245664446199219 0.9776709037751337 0.9852150674721005
2.1687959289033696 -0.0027195919368263 0.0000757640672590 0.0251173119432195 0.9773411211273327 0.9849952151243327
2.1849747711814556 -0.0027597269058887 0.0000756863641030 0.0256783673122787 0.9770077914684947 0.9847729533378321
2.2012251825129407 -0.0028003224023385 0.0000756077766684 0.0262501346749539 0.9766706711837431 0.9845481181541162
2.2175471742362767 -0.0028413818343342 0.0000755282986358 0.0268327793651679 0.9763297332635211 0.9843206899676574
2.2339409261346748 -0.0028829090438117 0.0000754479228537 0.0274264747166804 0.9759849471304443 0.9840906467573703
2.2504064943861102 -0.0029249075736405 0.0000753666427571 0.0280313917106678 0.9756362847254829 0.9838579681455962
2.2669439356944134 -0.0029673809765332 0.0000752844517695 0.0286477033261917 0.9752837179432914 0.9836226336872554
2.2835533862635256 -0.0030103330198681 0.0000752013429070 0.0292755875614350 0.9749272169330481 0.9833846217347323
2.3002348607478780 -0.0030537671673337 0.0000751173097814 0.0299152198992573 0.9745667544018189 0.9831439123100579
2.3169884821796636 -0.0030976871727980 0.0000750323454512 0.0305667819960804 0.9742023006861934 0.9829004838140694
2.3338142873633565 -0.0031420965744411 0.0000749464434006 0.0312304542635099 0.9738338279514576 0.9826543158297649
2.3507124079604615 -0.0031869991697194 0.0000748595966211 0.0319064229378015 0.9734613062511934 0.9824053864897129
2.3676829396007819 -0.0032323986723912 0.0000747717982747 0.0325948750138966 0.9730847063742352 0.9821536743769269
2.3847258940653391 -0.0032782985799394 0.0000746830419507 0.0332959961785563 0.9727040009446747 0.9818991592603005
2.4018413806546088 -0.0033247026592252 0.0000745933207266 0.0340099782008816 0.9723191603942195 0.9816418194018740
2.4190295345318424 -0.0033716147589157 0.0000745026275313 0.0347370161761736 0.9719301545197176 0.9813816325963808
2.4362904112698476 -0.0034190385210095 0.0000744109557026 0.0354773040645273 0.9715369548761302 0.9811185777712225
2.4536240266852336 -0.0034669774839922 0.0000743182987885 0.0362310362141680 0.9711395339212446 0.9808526344148500
2.4710305281448353 -0.0035154355575051 0.0000742246496294 0.0369984148577481 0.9707378610817272 0.9805837799434231
2.4885099599160405 -0.0035644163745220 0.0000741300016105 0.0377796399651831 0.9703319081248606 0.9803119932945095
2.5060624252266814 -0.0036139237403426 0.0000740343477946 0.0385749163361991 0.9699216454374938 0.9800372524361900
2.5236879797522307 -0.0036639613344829 0.0000739376814984 0.0393844488705626 0.9695070444978803 0.9797595360211865
2.5413867581115954 -0.0037145330687493 0.0000738399956003 0.0402084483626043 0.9690880749096594 0.9794788213996042
2.5591587375335463 -0.0037656424125274 0.0000737412838447 0.0410471205367351 0.9686647099927999 0.9791950883640900
2.5770040445324178 -0.0038172932685225 0.0000736415391504 0.0419006803255773 0.9682369195294008 0.9789083142888343
2.5949227718933190 -0.0038694894516178 0.0000735407546172 0.0427693434303897 0.9678046740826386 0.9786184770221757
2.6129149241715086 -0.0039222345253084 0.0000734389238423 0.0436533235312448 0.9673679463515720 0.9783255557954030
2.6309806245894118 -0.0039755324056225 0.0000733360397543 0.0445528423790436 0.9669267061713691 0.9780295278691882
2.6491199676946526 -0.0040293869332081 0.0000732320954397 0.0454681227173717 0.9664809240583913 0.9777303709096402
2.6673329965377430 -0.0040838018020922 0.0000731270842806 0.0463993870269121 0.9660305718004552 0.9774280633844765
2.6856197910645379 -0.0041387808212552 0.0000730209994502 0.0473468619735949 0.9655756202927201 0.9771225831101723
2.7039804328372621 -0.0041943278108623 0.0000729138341130 0.0483107766822107 0.9651160403981027 0.9768139078283634
2.7224149525310026 -0.0042504464419174 0.0000728055817349 0.0492913599438682 0.9646518042749138 0.9765020160971544
2.7409234646484952 -0.0043071406451982 0.0000726962352943 0.0502888473575244 0.9641828819950572 0.9761868850186125
2.7595059672727147 -0.0043644139999368 0.0000725857884615 0.0513034706323763 0.9637092466020650 0.9758684936366285
2.7781626096199235 -0.0044222705548433 0.0000724742340158 0.0523354720809297 0.9632308673220447 0.9755468183732653
2.7968934199464823 -0.0044807139907383 0.0000723615654603 0.0533850898276395 0.9627477164901447 0.9752218376838042
2.8156985129078231 -0.0045397482617839 0.0000722477757863 0.0544525692302471 0.9622597642496576 0.9748935284919381
2.8345779087814842 -0.0045993770308647 0.0000721328585615 0.0555381527459829 0.9617669832210188 0.9745618693296255
2.8535316756285107 -0.0046596041134611 0.0000720168070748 0.0566420879271633 0.9612693448338407 0.9742268378690279
2.8725598829095977 -0.0047204333333196 0.0000718996146152 0.0577646248551374 0.9607668205216715 0.9738884117252123
2.8916626006450712 -0.0047818685196962 0.0000717812744770 0.0589060161061510 0.9602593817462738 0.9735465684716941
2.9108399017156921 -0.0048439135146955 0.0000716617799465 0.0600665169046273 0.9597469999385461 0.9732012855998200
2.9220483900820682 -0.0048803480774648 0.0000715916189306 0.0607516212317349 0.9594461590777151 0.9729985041393766
2.9332568784484443 -0.0049169056118032 0.0000715212221221 0.0614417848594913 0.9591443088186630 0.9727950040484344
2.9439094838386537 -0.0049517630013729 0.0000714540984726 0.0621024238448179 0.9588564946662593 0.9726009310521669
2.9633079449917914 -0.0050155303596765 0.0000713313203031 0.0633172724309918 0.9583300496270377 0.9722458590527921
2.9827629841852437 -0.0050798614791282 0.0000712074782329 0.0645510635030983 0.9577990503052021 0.9718875969698612
3.0022929522743413 -0.0051448201133754 0.0000710824502454 0.0658052016312859 0.9572629737570789 0.9715257886085336
3.0218978325719066 -0.0052104098113256 0.0000709562302707 0.0670799505831433 0.9567217941994764 0.9711604129754917
3.0415776945662172 -0.0052766344081063 0.0000708288117062 0.0683755820967596 0.9561754835709280 0.9707914474738145
3.0613325966936324 -0.0053434977032505 0.0000707001880366 0.0696923697184931 0.9556240141896605 0.9704188696955349
3.0811626269393888 -0.0054110035980408 0.0000705703525702 0.0710305915234865 0.9550673576225894 0.9700426566566656
3.1010678364266000 -0.0054791558701899 0.0000704392988726 0.0723905256832433 0.9545054865453630 0.9696627860531561
3.1210482916804758 -0.0055479583505225 0.0000703070204272 0.0737724539571478 0.9539383732869253 0.9692792352767743
3.1411040287095666 -0.0056174147648262 0.0000701735109397 0.0751766585313941 0.9533659911349461 0.9688919822971271
3.1612350852945732 -0.0056875288434332 0.0000700387641280 0.0766034241984718 0.9527883134339840 0.9685010050514171
3.1814414831351616 -0.0057583042584927 0.0000699027738425 0.0780530370825039 0.9522053141040425 0.9681062817947412
3.2017233958946543 -0.0058297452157698 0.0000697655329303 0.0795257968510798 0.9516169627687268 0.9677077877995321
3.2220808118945086 -0.0059018552713629 0.0000696270355088 0.0810219924527124 0.9510232345037555 0.9673055019555977
3.2425137771950299 -0.0059746381814335 0.0000694872753334 0.0825419194955383 0.9504241028389504 0.9668994020318069
3.2630223627497545 -0.0060480977897640 0.0000693462460141 0.0840858780216422 0.9498195406873865 0.9664894653033101
3.2836065858156886 -0.0061222377462043 0.0000692039415568 0.0856541666027330 0.9492095226646291 0.9660756701232677
3.3042665423215887 -0.0061970619818594 0.0000690603554510 0.0872470923681939 0.9485940211805237 0.9656579932714801
3.3250022482653261 -0.0062725741375911 0.0000689154817679 0.0888649589240736 0.9479730111435224 0.9652364131446813
3.3458137467698292 -0.0063487779489297 0.0000687693144216 0.0905080744917068 0.9473464667956198 0.9648109076089449
3.3667011514184426 -0.0064256774085758 0.0000686218468583 0.0921767555204186 0.9467143603799132 0.9643814530923371
3.3876644799045934 -0.0065032761558441 0.0000684730732277 0.0938713135006096 0.9460766671623461 0.9639480279949919
3.4087037363840422 -0.0065815777741981 0.0000683229878128 0.0955920612896841 0.9454333629861600 0.9635106110290277
3.4298189805922612 -0.0066605860490221 0.0000681715845359 0.0973393188015105 0.9447844221566352 0.9630691797791706
3.4510102902149136 -0.0067403048310888 0.0000680188572217 0.0991134101089929 0.9441298185665837 0.9626237114656282
3.4722777098943496 -0.0068207378448269 0.0000678647999645 0.1009146591931378 0.9434695272732530 0.9621741840162088
3.4936212865675826 -0.0069018888195423 0.0000677094068780 0.1027433928309947 0.9428035234226047 0.9617205753340912
3.5150410543666464 -0.0069837614316123 0.0000675526722058 0.1045999392940223 0.9421317827260703 0.9612628636217959
3.5274655340604122 -0.0070314492958014 0.0000674613985988 0.1056866345653096 0.9417406041659320 0.9609962310985700
3.5398900137541780 -0.0070792719005740 0.0000673698619128 0.1067805568640734 0.9413483000866717 0.9607287643181329
3.5511046161205484 -0.0071225589567306 0.0000672870131726 0.1077741763567293 0.9409932336036959 0.9604866275640802
3.5727493205830099 -0.0072064375142536 0.0000671265067507 0.1097086540375900 0.9403053585195467 0.9600173758375355
3.5944496251840214 -0.0072909703553135 0.0000669647911576 0.1116703327962182 0.9396123153457777 0.9595443889623182
3.6162263692692487 -0.0073762415354848 0.0000668017069181 0.1136614020244899 0.9389134210328378 0.9590671954365314
3.6380795290866761 -0.0074622544608070 0.0000666372489357 0.1156821994564136 0.9382086541602677 0.9585857749179524
3.6600091638803733 -0.0075490128556151 0.0000664714115375 0.1177330729611322 0.9374979908446976 0.9581001052915558
3.6820153029760414 -0.0076365203206461 0.0000663041893194 0.1198143702396544 0.9367814083645613 0.9576101651433958
3.7040980039089129 -0.0077247805627692 0.0000661355767084 0.1219264442575558 0.9360588832810589 0.9571159324756616
3.7262572691177622 -0.0078137970622057 0.0000659655685982 0.1240696452942065 0.9353303941653549 0.9566173865711858
3.7484931445232035 -0.0079035734657909 0.0000657941595990 0.1262443303393392 0.9345959183817651 0.9561145057925159
3.7708056498755584 -0.0079941133079095 0.0000656213445710 0.1284508564013793 0.9338554343748654 0.9556072691458546
3.7931948503753854 -0.0080854203005021 0.0000654471180713 0.1306895875637747 0.9331089193003553 0.9550956546576088
3.8156607841508707 -0.0081774980395842 0.0000652714749154 0.1329608878626556 0.9323563514288019 0.9545796410196357
3.8382034471793833 -0.0082703499400965 0.0000650944103012 0.1352651195861814 0.9315977106794245 0.9540592079561688
3.8608228719864739 -0.0083639795580407 0.0000649159191954 0.1376026512120433 0.9308329759900972 0.9535343344198822
3.8835191585559921 -0.0084583907229770 0.0000647359960822 0.1399738608566723 0.9300621242408805 0.9530049978496400
3.9062922588449203 -0.0085535866418266 0.0000645546366718 0.1423791137763289 0.9292851375746848 0.9524711791965345
3.9291422357962387 -0.0086495709742948 0.0000643718358517 0.1448187893188606 0.9285019946187252 0.9519328568960311
3.9520690914659746 -0.0087463471168551 0.0000641875890514 0.1472932629089739 0.9277126763333219 0.9513900108840779
3.9750728717023902 -0.0088439186414866 0.0000640018914079 0.1498029171716055 0.9269171624349952 0.9508426201381058
3.9981536193660268 -0.0089422891001961 0.0000638147381386 0.1523481369974557 0.9261154329954324 0.9502906637746712
4.0213113832693104 -0.0090414620629903 0.0000636261244699 0.1549293105235517 0.9253074681354294 0.9497341208379518
4.0276758053695545 -0.0090688006924026 0.0000635741418437 0.1556435247537295 0.9250847936830202 0.9495806861563503
4.0340402274697986 -0.0090961690538826 0.0000635220967092 0.1563598271740947 0.9248618515521103 0.9494270445489403
4.0421295365292220 -0.0091310017070269 0.0000634558559696 0.1572732793921756 0.9245781018354438 0.9492314645477357
4.0654622293424838 -0.0092317946401937 0.0000632642255651 0.1599269897636913 0.9237572456762256 0.9486654678933588
4.0888432579028189 -0.0093332751069123 0.0000630713574675 0.1626145320822813 0.9229311095011626 0.9480955215860249
4.1123014589689850 -0.0094355706898183 0.0000628770112207 0.1653395612795625 0.9220986638994086 0.9475209083459514
4.1358367090554715 -0.0095386841431814 0.0000626811837829 0.1681024577420045 0.9212598964567184 0.9469416118423882
4.1594490557804624 -0.0096426189542483 0.0000624838707665 0.1709036239850806 0.9204147890052694 0.9463576116651925
4.1831385325399468 -0.0097473785392522 0.0000622850679667 0.1737434633701912 0.9195633241728439 0.9457688878420386
4.2069051685031154 -0.0098529662864069 0.0000620847712812 0.1766223812262380 0.9187054850363638 0.9451754205988862
4.2307489818647595 -0.0099593855252361 0.0000618829767684 0.1795407839851183 0.9178412553744274 0.9445771905344021
4.2546700256908778 -0.0100666397314278 0.0000616796802604 0.1824990848023751 0.9169706180077752 0.9439741774702909
4.2786682218051313 -0.0101747317804624 0.0000614748787782 0.1854976829089046 0.9160935608606930 0.9433663646498966
4.3027436657112572 -0.0102836653169230 0.0000612685679375 0.1885370014457612 0.9152100658512079 0.9427537310412126
4.3268963488987895 -0.0103934435072568 0.0000610607443130 0.1916174529790119 0.9143201190179258 0.9421362583516960
4.3511262626232545 -0.0105040695039809 0.0000608514045597 0.1947394522533802 0.9134237067549423 0.9415139284207131
4.3754334213737582 -0.0106155465535109 0.0000606405452097 0.1979034192474873 0.9125208149426864 0.9408867226150182
4.3998178519806777 -0.0107278779482460 0.0000604281627637 0.2011097778751013 0.9116114293418122 0.9402546221002199
4.4242795874463861 -0.0108410669992241 0.0000602142537447 0.2043589552320993 0.9106955358197125 0.9396176079967592
4.4488185618674763 -0.0109551165473150 0.0000599988156214 0.2076513674574622 0.9097731243077934 0.9389756641336424
4.4570168160774948 -0.0109933315058291 0.0000599266499757 0.2087587134039649 0.9094641492507122 0.9387605466738844
4.4629248341283532 -0.0110209034716261 0.0000598745856858 0.2095590108238240 0.9092412390654502 0.9386053223024168
4.4683900562944672 -0.0110464262492676 0.0000598263803042 0.2103010411714202 0.9090348499251778 0.9384615816571439
4.4931015210130685 -0.0111621388755800 0.0000596078925746 0.2136767899451052 0.9080994230923251 0.9378098486050369
4.5178568876843617 -0.0112785636389345 0.0000593881616450 0.2170924427804738 0.9071587041980196 0.9371540133348952
4.5426895796135138 -0.0113958597819289 0.0000591668897805 0.2205529760818267 0.9062114193229170 0.9364931789465317
4.5675996107972967 -0.0115140304370910 0.0000589440741420 0.2240588273097579 0.9052575571379684 0.9358273278156825
4.5925869471451817 -0.0116330784962277 0.0000587197124065 0.2276104292523718 0.9042971085400420 0.9351564437497466
4.6176516355282526 -0.0117530072243567 0.0000584938016116 0.2312082282861841 0.9033300617025030 0.9344805085308734
4.6427936366747531 -0.0118738194633682 0.0000582663396572 0.2348526605893843 0.9023564085041825 0.9337995064064266
4.6680129629869134 -0.0119955182897610 0.0000580373240668 0.2385441717859140 0.9013761392286287 0.9331134203849801
4.6933096064548678 -0.0121181066699357 0.0000578067526381 0.2422832065888401 0.9003892453484583 0.9324222341819464
4.7186835315477813 -0.0122415874235375 0.0000575746235127 0.2460702075700980 0.8993957198228103 0.9317259324295322
4.7441347962443388 -0.0123659638134429 0.0000573409340681 0.2499056332685045 0.8983955523560549 0.9310244973526348
4.7696633712160859 -0.0124912386662537 0.0000571056825720 0.2537899312073976 0.8973887364795151 0.9303179137312834
4.7952692230401670 -0.0126174147744050 0.0000568688674272 0.2577235500831033 0.8963752663177490 0.9296061666367039
4.8209523620841033 -0.0127444951333011 0.0000566304867276 0.2617069471750016 0.8953551346898581 0.9288892400965985
4.8313722382192656 -0.0127962018239487 0.0000565335319676 0.2633338978125297 0.8949402354399570 0.9285975137270965
4.8417921143544280 -0.0128479943833725 0.0000564364383368 0.2649671234484980 0.8945247483688709 0.9283052904172564
4.8495957912633649 -0.0128868259293924 0.0000563636328324 0.2661943964915084 0.8942131968909036 0.9280861129018116
4.8567568443530478 -0.0129224974117196 0.0000562967548501 0.2673237081812138 0.8939270126668988 0.9278847398052921
4.8826570968762342 -0.0130518510887633 0.0000560543262512 0.2714330619901738 0.8928896379767175 0.9271544588283772
4.9086024455419732 -0.0131819568613857 0.0000558106274414 0.2755886705480264 0.8918468686179072 0.9264198517926008
4.9346250327642283 -0.0133129777973089 0.0000555653567075 0.2797960733126721 0.8907974145484548 0.9256799993892436
4.9607249170528975 -0.0134449170472952 0.0000553185122101 0.2840557455595214 0.8897412689542482 0.9249348852053784
4.9869019894608009 -0.0135777769045870 0.0000550700937928 0.2883681370289248 0.8886784322422758 0.9241844977915172
5.0131562468021844 -0.0137115601831496 0.0000548201004051 0.2927337162571871 0.8876089010093778 0.9234288228820874
5.0394876659590251 -0.0138462695842876 0.0000545685312881 0.2971529501736545 0.8865326731199160 0.9226678469757345
5.0658962408375521 -0.0139819078850414 0.0000543153856244 0.3016263102108396 0.8854497462048672 0.9219015562748377
5.0923819000441304 -0.0141184775148210 0.0000540606633287 0.3061542582743672 0.8843601210462999 0.9211299390811261
5.1189447083279740 -0.0142559815938727 0.0000538043631123 0.3107372811180210 0.8832637932967550 0.9203529799321802
5.1455845693470446 -0.0143944223996342 0.0000535464853443 0.3153758394049131 0.8821607657192250 0.9195706682704861
5.1723014180862688 -0.0145338023565203 0.0000532870302059 0.3200704003659686 0.8810510402917594 0.9187829928553217
5.1861933709410932 -0.0146064884127103 0.0000531517943493 0.3225283242843458 0.8804726374969827 0.9183722021248819
5.1986841415500233 -0.0146719365076488 0.0000530300106063 0.3247482205652567 0.8799517728640648 0.9180021323839991
5.2101528430873749 -0.0147321293456531 0.0000529180342966 0.3267947246844009 0.8794728631540513 0.9176617510099816
5.2370833848005374 -0.0148738590816296 0.0000526545033739 0.3316313872975202 0.8783458084152340 0.9168602502427089
5.2640632901356730 -0.0150163903655109 0.0000523896642339 0.3365207594870701 0.8772132106579662 0.9160541623713080
5.2911201468625624 -0.0151598708000881 0.0000521232473668 0.3414682588066104 0.8760739185114051 0.9152426556989655
5.3182538832517947 -0.0153043026865273 0.0000518552536196 0.3464743586594453 0.8749279368994236 0.9144257203677686
5.3454644299645890 -0.0154496883257789 0.0000515856839340 0.3515395339017129 0.8737752711694784 0.9136033466927411
5.3727517713278754 -0.0155960302946828 0.0000513145388356 0.3566642705018448 0.8726159249121096 0.9127755236042069
5.4001159026405752 -0.0157433312214631 0.0000510418188533 0.3618490578311481 0.8714499017521310 0.9119422399218586
5.4275566683954795 -0.0158915929115078 0.0000507675261373 0.3670943576674920 0.8702772122685350 0.9111034893049290
5.4550741326311565 -0.0160408183448023 0.0000504916607642 0.3724006746233010 0.8690978581947312 0.9102592589569747
5.4826681835240318 -0.0161910095421479 0.0000502142246859 0.3777684807141639 0.8679118493055358 0.9094095417015950
5.4957410617488227 -0.0162623555534664 0.0000500825088670 0.3803278801227693 0.8673487998139631 0.9090058898807796
5.5049090046901927 -0.0163124469039864 0.0000499900320436 0.3821290581253340 0.8669534902044098 0.9087223932638746
5.5140769476315628 -0.0163625875845214 0.0000498974686479 0.3839354213111050 0.8665578143740257 0.9084385529379739
5.5418697154725773 -0.0165149573627152 0.0000496163309787 0.3894431646319478 0.8653560916247388 0.9075759919495305
5.5697039546268092 -0.0166681068657094 0.0000493339806660 0.3950070236531458 0.8641492486408777 0.9067089995766554
5.5976145997171347 -0.0168222298338656 0.0000490500661513 0.4006343890141304 0.8629357841595060 0.9058364840011794
5.6256015921062348 -0.0169773285015131 0.0000487645894721 0.4063257474435440 0.8617157084235323 0.9049584377186354
5.6536647954549846 -0.0171334046625975 0.0000484775535840 0.4120815703931174 0.8604890356238972 0.9040748559390386
5.6818041702080793 -0.0172904606391015 0.0000481889605803 0.4179023495667155 0.8592557762893578 0.9031857311093781
5.7100196582532208 -0.0174484986439558 0.0000478988128667 0.4237885735693305 0.8580159423073883 0.9022910565253282
5.7383111612771662 -0.0176075206578690 0.0000476071133876 0.4297407231359569 0.8567695478916936 0.9013908270335890
5.7666786389978526 -0.0177675289809636 0.0000473138646153 0.4357592916668050 0.8555166052625351 0.9004850359141539
5.7790784419318175 -0.0178376461478640 0.0000471854428796 0.4384059753140581 0.8549679298619263 0.9000881181202084
5.7840175327700152 -0.0178656048831668 0.0000471342497046 0.4394628968076955 0.8547492134818699 0.8999298515114720
5.7889566236082128 -0.0178935681307637 0.0000470830344440 0.4405213539616357 0.8545304016526576 0.8997714903099411
5.7940881392195465 -0.0179226345269817 0.0000470297999603 0.4416226752376166 0.8543029641473615 0.8996068593189300
5.8226438152951960 -0.0180847131196821 0.0000467331152770 0.4477815823354915 0.8530354606969364 0.8986888678910975
5.8512363575311861 -0.0182475616656704 0.0000464352939134 0.4540000011627819 0.8517631762353676 0.8977665470670529
5.8799045804079659 -0.0184114025677022 0.0000461359356664 0.4602867721722250 0.8504844026987993 0.8968386442907644
5.9086483234710965 -0.0185762373831092 0.0000458350448900 0.4666423643675817 0.8491991604592330 0.8959051581293107
5.9374674687940505 -0.0187420679043449 0.0000455326256282 0.4730672558907127 0.8479074685885073 0.8949660860894560
5.9663619014894200 -0.0189088959354123 0.0000452286820255 0.4795619254551257 0.8466093466125146 0.8940214258893499
5.9953315648802787 -0.0190767236129833 0.0000449232177438 0.4861268648858439 0.8453048120231164 0.8930711736458939
6.0243763188500621 -0.0192455525879978 0.0000446162374545 0.4927625471240337 0.8439938866494995 0.8921153285143406
6.0478634975356274 -0.0193824902754113 0.0000443674721678 0.4981679232206448 0.8429316239139903 0.8913401010981731
6.0622386904909069 -0.0194664354782368 0.0000442149907657 0.5014936545029075 0.8422805212982328 0.8908646270561462
6.0751859135176431 -0.0195421570253980 0.0000440775085838 0.5045003424659091 0.8416934833038084 0.8904357365049148
6.1044642941202296 -0.0197138008428228 0.0000437660991377 0.5113391607826345 0.8403638528692837 0.8894636032181311
6.1337896001549046 -0.0198862879326265 0.0000434534859871 0.5182440608104248 0.8390291716741468 0.8884867921905945
6.1631893928343011 -0.0200597820245571 0.0000431393801383 0.5252219580346734 0.8376882077537227 0.8875043858171878
6.1926635840418678 -0.0202342850243895 0.0000428237864759 0.5322733353328719 0.8363409839891270 0.8865163833726923
6.2222119666923490 -0.0204097981324432 0.0000425067112924 0.5393986465252757 0.8349875292997055 0.8855227884506480
6.2518344039323015 -0.0205863229621844 0.0000421881602652 0.5465983613630589 0.8336278700063995 0.8845236026353213
6.2815307042532496 -0.0207638607999751 0.0000418681397957 0.5538729354406055 0.8322620355476951 0.8835188296982286
6.2900289104551685 -0.0208147721932372 0.0000417764362921 0.5559652006927850 0.8318706666897022 0.8832307257712884
6.2966061712363137 -0.0208541922120121 0.0000417054252031 0.5575877362630666 0.8315676094737232 0.8830075724354628
6.3031834320174589 -0.0208936307447172 0.0000416343822425 0.5592130725104612 0.8312644184794532 0.8827842685444940
6.3330416321389755 -0.0210730164970045 0.0000413114695507 0.5666267027760997 0.8298863805269997 0.8817686690013985
6.3629392391303501 -0.0212532127248573 0.0000409874721573 0.5741080393806017 0.8285038144908055 0.8807486459787357
6.3929101663434134 -0.0214344252550418 0.0000406620285078 0.5816659693808049 0.8271151795847307 0.8797230462510920
6.4229540733751707 -0.0216166544375471 0.0000403351472682 0.5893009053940526 0.8257205150326147 0.8786918803564645
6.4530708147632607 -0.0217999017996227 0.0000400068351280 0.5970133075827841 0.8243198516509106 0.8776551525366607
6.4832601555867653 -0.0219841683267265 0.0000396770998874 0.6048036118465177 0.8229132250255172 0.8766128704721764
6.5135219201532637 -0.0221694553666816 0.0000393459488382 0.6126722677029404 0.8215006686014884 0.8755650401722970
6.5186677285998362 -0.0222010196645354 0.0000392895773302 0.6140162264450659 0.8212602215931402 0.8753865617451270
6.5238135370464088 -0.0222325823924831 0.0000392331892274 0.6153619145883930 0.8210197019788836 0.8752079958224892
6.5297197796794837 -0.0222688274709517 0.0000391684465719 0.6169085970639279 0.8207435498906011 0.8750029341696863
6.5601296594247316 -0.0224557909962873 0.0000388347352163 0.6249081961106450 0.8193202112711260 0.8739453026502251
6.5905745389397143 -0.0226435488873720 0.0000385000325383 0.6329775902588088 0.8178927586699049 0.8728834230717598
6.6210910366789255 -0.0228323283331253 0.0000381639429139 0.6411268652085396 0.8164595070459265 0.8718160249320317
6.6516787962873227 -0.0230221295428225 0.0000378264762470 0.6493564137639370 0.8150205011044308 0.8707431222698228
6.6823375562507019 -0.0232129533120074 0.0000374876415384 0.6576666514426482 0.8135757817273735 0.8696647262156896
6.7130669771480740 -0.0234047999523691 0.0000371474487897 0.6660579700298571 0.8121253940929894 0.8685808510469468
6.7263625871405868 -0.0234879862076741 0.0000370000820954 0.6697078470728149 0.8114971449184507 0.8681109708346547
6.7303207717501374 -0.0235127722986346 0.0000369561897309 0.6707966824183137 0.8113100288270504 0.8679709773554288
6.7342789563596881 -0.0235375525335264 0.0000369122890379 0.6718865478173500 0.8111228749698722 0.8678309347457407
6.7401590303161951 -0.0235743814321114 0.0000368470553529 0.6735074973058568 0.8108447795436683 0.8676228040887101
6.7710414837919943 -0.0237681562086711 0.0000365041106566 0.6820581476012519 0.8093828591029731 0.8665279189678806
6.8019735073527823 -0.0239628261129334 0.0000361600606387 0.6906854454604431 0.8079163543628108 0.8654283092495836
6.8329749490448561 -0.0241585179053979 0.0000358146918478 0.6993953399098890 0.8064443580140771 0.8643232760915177
6.8640454538595916 -0.0243552317725516 0.0000354680151406 0.7081882033221626 0.8049669190066184 0.8632128363729440
6.8951846229551350 -0.0245529676242674 0.0000351200420017 0.7170643920822961 0.8034840889957682 0.8620970089742818
6.9263920798802028 -0.0247517255131284 0.0000347707838047 0.7260242651647716 0.8019959191912092 0.8609758124143909
6.9313133038639396 -0.0247831079229613 0.0000347156618524 0.7274430532023283 0.8017610561771790 0.8607987411862912
6.9359490926243037 -0.0248126772708633 0.0000346637258128 0.7287810137275752 0.8015397690569055 0.8606318743246761
6.9672302238098336 -0.0250125408878605 0.0000343129829094 0.7378463544432642 0.8000454166895317 0.8595042334496874
6.9985943089646279 -0.0252135231093948 0.0000339608075922 0.7470006810616951 0.7985451022402258 0.8583707074319569
7.0300251540624830 -0.0254155230396706 0.0000336073889219 0.7562397706444273 0.7970396340743903 0.8572318857624841
7.0615223320204423 -0.0256185403764911 0.0000332527394332 0.7655639489084433 0.7955290684545716 0.8560877907351279
7.0930853169777626 -0.0258225741816694 0.0000328968729082 0.7749735076314286 0.7940134669826271 0.8549384486912935
7.1053842166704282 -0.0259022386936905 0.0000327580785282 0.7786579241189139 0.7934223954641914 0.8544898248602494
7.1124957268869702 -0.0259483435342868 0.0000326777923785 0.7807929127954152 0.7930804982611435 0.8542302243452259
7.1196072371035122 -0.0259944492655414 0.0000325974848191 0.7829312529676641 0.7927385092742081 0.8539704807192045
7.1276362008002758 -0.0260465373459945 0.0000325067890680 0.7853494880403098 0.7923522909936116 0.8536770559939586
7.1593735521470201 -0.0262528063943884 0.0000321479959648 0.7949502594031208 0.7908245044161113 0.8525154155289686
7.1911374414620211 -0.0264598420139966 0.0000317884545507 0.8046259354754202 0.7892936862439306 0.8513499875497885
7.2229648488687372 -0.0266678866354746 0.0000314277554205 0.8143880916603287 0.7877580960959097 0.8501794292648878
7.2548550196802806 -0.0268769377787679 0.0000310659156342 0.8242369205350454 0.7862178096454895 0.8490037779090317
7.2689334233646274 -0.0269694162347009 0.0000309060420577 0.8286063157536137 0.7855373081538537 0.8484838885080500
7.2830118270489743 -0.0270620107194302 0.0000307460878424 0.8329888699341882 0.7848564951269309 0.8479634632187144
7.2900167441440695 -0.0271081092185373 0.0000306664715960 0.8351743774393261 0.7845176316981955 0.8477043189895693
7.2968971445143467 -0.0271534023769856 0.0000305882523854 0.8373242082218191 0.7841847180776861 0.8474496528268880
7.3289694040517803 -0.0273648951769876 0.0000302233953872 0.8473869020899272 0.7826319284636427 0.8462608822723765
7.3610636795743911 -0.0275771316948907 0.0000298578900501 0.8575249005361605 0.7810765473033433 0.8450685606738874
7.3932175954302135 -0.0277903621013181 0.0000294913176408 0.8677503648405483 0.7795167955628427 0.8438713066574921
7.4254302143546962 -0.0280045826178203 0.0000291236979968 0.8780633892628024 0.7779527608315143 0.8426691670859265
7.4366107898129998 -0.0280790761690196 0.0000289960156829 0.8816590262101208 0.7774095783250409 0.8422512935127338
7.4477913652713035 -0.0281536420331458 0.0000288682896226 0.8852629717825047 0.7768662309007406 0.8418330987945840
7.4527768727627679 -0.0281868987014093 0.0000288113226424 0.8868726783239410 0.7766238952195635 0.8416465192077174
7.4572872527959335 -0.0282169931475140 0.0000287597776728 0.8883304005209579 0.7764046267476362 0.8414776662174790
7.4896459470680528 -0.0284332421969382 0.0000283897772582 0.8988281489766420 0.7748307742528413 0.8402647502806783
7.5220296506114668 -0.0286502611567390 0.0000280191426582 0.9094036994225916 0.7732544045829518 0.8390482477232575
7.5544683732767348 -0.0288682526734760 0.0000276475405144 0.9200671152954292 0.7716741029196875 0.8378270489379273
7.5869608982739107 -0.0290872109617668 0.0000272749944798 0.9308183510837513 0.7700899731398978 0.8366012141614060
7.5942376173820545 -0.0291363297456576 0.0000271915188164 0.9332357163614995 0.7697350459944712 0.8363263325192473
7.6015143364901983 -0.0291854788720623 0.0000271080274110 0.9356566020436625 0.7693800613824530 0.8360513215420281
7.6101218997160673 -0.0292436213738976 0.0000270092483563 0.9385247901896469 0.7689600796710070 0.8357258470356751
7.6179369710784810 -0.0292964445532178 0.0000269195452518 0.9411331728145458 0.7685786971106117 0.8354301827250895
7.6505645336196633 -0.0295173551637986 0.0000265448497292 0.9520669132304072 0.7669857569732066 0.8341942027225842
7.6832103598778421 -0.0297389966928644 0.0000261696475014 0.9630776044940316 0.7653908563553847 0.8329549758751512
7.7159051713380471 -0.0299615791373798 0.0000257935960442 0.9741758211319812 0.7637925423268843 0.8317113562727696
7.7264542125217979 -0.0300335256095011 0.0000256722031192 0.9777718418868730 0.7632766339528335 0.8313095638198613
7.7370032537055486 -0.0301055354055410 0.0000255507819502 0.9813752588066690 0.7627606263304236 0.8309075113258459
7.7436963621461059 -0.0301512566879056 0.0000254737287200 0.9836653735299898 0.7624331814419812 0.8306522844541701
7.7503894705866632 -0.0301969857360948 0.0000253966655554 0.9859584654138903 0.7621056975721975 0.8303969535155910
7.7573145842002811 -0.0302443146820096 0.0000253169203265 0.9883341770536498 0.7617668214881903 0.8301326626489058
7.7901464080390088 -0.0304690699908813 0.0000249386925366 0.9996407464954136 0.7601596716729417 0.8288781600492757
7.8229925020211484 -0.0306945338399471 0.0000245600489143 1.0110238955240047 0.7585509602788979 0.8276206460167741
7.8558812316826785 -0.0309209022928717 0.0000241806733174 1.0224936254204220 0.7569393472416648 0.8263590567798855
7.8665019078591811 -0.0309941336658949 0.0000240581129917 1.0262128619557442 0.7564187476478279 0.8259511374688484
7.8771225840356838 -0.0310674288717386 0.0000239355291545 1.0299395888831770 0.7558980702482854 0.8255429671923428
7.8810540930498192 -0.0310945771133574 0.0000238901457947 1.0313210295463340 0.7557053090952065 0.8253918092998855
7.8849856020639546 -0.0311217215335884 0.0000238447601301 1.0327034964898893 0.7555125374920364 0.8252406171948059
7.8887802649171554 -0.0311479250428811 0.0000238009515518 1.0340388164446452 0.7553264660201310 0.8250946553036358
7.9217600869917186 -0.0313760043970428 0.0000234200862971 1.0456844828303655 0.7537089078919059 0.8238247506712748
7.9547673377712016 -0.0316048873036740 0.0000230386965229 1.0574121156260317 0.7520893385574670 0.8225514142559145
7.9878098117183312 -0.0318346295507387 0.0000226567030570 1.0692246660582354 0.7504674250889876 0.8212743675404490
7.9992501211078331 -0.0319143167365198 0.0000225244015241 1.0733314082165304 0.7499057350732435 0.8208316720946514
8.0050218763525809 -0.0319545477536553 0.0000224576457404 1.0754065965967898 0.7496223315844246 0.8206082222910205
8.0086333081651055 -0.0319797301635970 0.0000224158733432 1.0767061815607275 0.7494449954640402 0.8204683721861095
8.0122447399776302 -0.0320049104921688 0.0000223740994555 1.0780066313704610 0.7492676528951416 0.8203284945374179
8.0168489467154629 -0.0320370157214684 0.0000223208394754 1.0796658261478684 0.7490415500244483 0.8201501249246231
8.0500241067332610 -0.0322686988733105 0.0000219369811298 1.0916625368176700 0.7474120973680158 0.8188635851617754
8.0831575966973475 -0.0325007082997952 0.0000215534399404 1.1037169840807530 0.7457842186203688 0.8175763770235155
8.1163176573495406 -0.0327335216347485 0.0000211694375157 1.1158539127884293 0.7441546126152220 0.8162858801552483
8.1246105292111359 -0.0327918416745783 0.0000210733811338 1.1189005731157373 0.7437470107519285 0.8159627953198316
8.1293315443304071 -0.0328250597291318 0.0000210186936801 1.1206370277968138 0.7435149586958608 0.8157788055988637
8.1334102919185298 -0.0328537573781781 0.0000209714446677 1.1221384356675994 0.7433144701760942 0.8156198104579406
8.1374597757553317 -0.0328822524984208 0.0000209245330071 1.1236301608670369 0.7431154148721986 0.8154619229178864
8.1705537974844162 -0.0331154707761026 0.0000205410782125 1.1358618211803311 0.7414884728368317 0.8141703710943126
8.2037733006823057 -0.0333501911979397 0.0000201560453896 1.1482127318830897 0.7398550726363944 0.8128717368427246
8.2370096433392916 -0.0335856505350077 0.0000197707042635 1.1606429290973657 0.7382206050826331 0.8115702824272635
8.2435158328849987 -0.0336318155586751 0.0000196952594264 1.1630847512006186 0.7379006257487777 0.8113152652758786
8.2478609279242665 -0.0336626460541606 0.0000196448731269 1.1647170560245628 0.7376869267079040 0.8111449091449374
8.2518527465794733 -0.0336909750928635 0.0000195985822677 1.1662177463416448 0.7374905997389544 0.8109883717522196
8.2851597115542646 -0.0339276951486942 0.0000192122876179 1.1787802485682626 0.7358523996506298 0.8096810660301017
8.3184263737482897 -0.0341647496053068 0.0000188263744731 1.1914006654331499 0.7342160646849802 0.8083732452081647
8.3516991823971907 -0.0344024691432933 0.0000184403153013 1.2040964592089758 0.7325793605176343 0.8070631157056641
8.3646536729829606 -0.0344951400219526 0.0000182899920859 1.2090592081790690 0.7319421155317100 0.8065524748175708
8.3763971525914176 -0.0345792277150614 0.0000181537136800 1.2135675902292233 0.7313644415615647 0.8060893039763382
8.4096795814094687 -0.0348179624679305 0.0000177674484243 1.2263942623591657 0.7297272645050322 0.8047752611727448
8.4429528541607191 -0.0350572530706345 0.0000173812449903 1.2392903322973814 0.7280906066164653 0.8034595913166270
8.4489321743108583 -0.0351003203429287 0.0000173118390565 1.2416155248010139 0.7277965047312666 0.8032229524624579
8.4526529360576461 -0.0351271300338685 0.0000172686491903 1.2430636138292857 0.7276134955021435 0.8030756669393005
8.4563736978044339 -0.0351539363096825 0.0000172254597175 1.2445126137870524 0.7274304878174873 0.8029283570199909
8.4599724943968670 -0.0351798677485435 0.0000171836858758 1.2459149826338904 0.7272534806508376 0.8027858526840707
8.4938803222538493 -0.0354245502907628 0.0000167900789838 1.2591699127920770 0.7255858111252369 0.8014420659293772
8.5271284317314322 -0.0356650993000203 0.0000164041131264 1.2722403407466578 0.7239507817804350 0.8001224922253709
8.5382577306737755 -0.0357457583049944 0.0000162749150446 1.2766316909362259 0.7234035319482314 0.7996803627269816
8.5493870296161187 -0.0358264870361776 0.0000161457166903 1.2810311746299172 0.7228563109112499 0.7992380232298694
8.5826059012171676 -0.0360677322810929 0.0000157600950834 1.2942111563513810 0.7212231460952340 0.7979164840962928
8.6175711610640224 -0.0363223308510743 0.0000153542134352 1.3081622266555830 0.7195044687582595 0.7965234887633831
8.6285868169761510 -0.0364026837528560 0.0000152263468340 1.3125740520401266 0.7189630891591691 0.7960842161028995
8.6396024728882796 -0.0364831051090016 0.0000150984831406 1.3169938272851049 0.7184217520284234 0.7956447462003599
8.6516262913700004 -0.0365709207313636 0.0000149589240816 1.3218271760427993 0.7178309212603434 0.7951648316500010
8.6624478666448219 -0.0366500241221888 0.0000148333231712 1.3261853391193101 0.7172992135379311 0.7947327041776949
8.6955453852913234 -0.0368923697822476 0.0000144492019039 1.3395622358662260 0.7156732913872179 0.7934098944906249
8.7050440107411688 -0.0369620345597153 0.0000143389715693 1.3434144912672388 0.7152067556512620 0.7930299429246056
8.7145426361910143 -0.0370317503388804 0.0000142287453661 1.3472726453079706 0.7147402603407569 0.7926498500119669
8.7211234722441215 -0.0370800807380593 0.0000141523810179 1.3499491091140707 0.7144170874253972 0.7923864315698858
8.7252731724229555 -0.0371105692007989 0.0000141042288070 1.3516382709610637 0.7142133135929802 0.7922202922918056
8.7294228726017895 -0.0371410532023603 0.0000140560784746 1.3533285579688368 0.7140095477700671 0.7920541263015587
8.7342913416441483 -0.0371768284852372 0.0000139995892757 1.3553130534942943 0.7137704982026604 0.7918591447401532
8.7673475056470576 -0.0374200915279866 0.0000136160717442 1.3688284111259392 0.7121476994106979 0.7905342859502652
8.8003093237614340 -0.0376632763311316 0.0000132337177343 1.3823762002922075 0.7105301055642863 0.7892115557082011
8.8064688420301795 -0.0377087880688380 0.0000131622763526 1.3849157096215452 0.7102278957518567 0.7889641986143230
8.8124436080592226 -0.0377529340831626 0.0000130929820027 1.3873814103286530 0.7099347712616980 0.7887242069163738
8.8453185676620283 -0.0379962008412527 0.0000127117537373 1.4009900444993242 0.7083222919389647 0.7874027566545969
8.8781315314829676 -0.0382396210967554 0.0000123313360754 1.4146431816321845 0.7067135267750083 0.7860822255737975
8.8814578298692783 -0.0382643311746275 0.0000122927780736 1.4160311306598492 0.7065504831730346 0.7859482747467146
8.8847841282555891 -0.0382890409501316 0.0000122542215879 1.4174197992320232 0.7063874469132365 0.7858143080797563
8.8917673448316670 -0.0383409267847251 0.0000121732804523 1.4203375047292230 0.7060451934795939 0.7855330076040944
8.9244235120411446 -0.0385839330582742 0.0000117948338833 1.4340238678100294 0.7044451351812954 0.7842166223671191
8.9346065750955024 -0.0386598332297047 0.0000116768470086 1.4383058092225909 0.7039463500067830 0.7838058319317820
8.9447896381498602 -0.0387357926032853 0.0000115588714973 1.4425944826964654 0.7034476410961341 0.7833948972198779
8.9506972779090699 -0.0387798871107460 0.0000114904340710 1.4450856143324409 0.7031583537402187 0.7831564302302912
8.9543427763758530 -0.0388071069947649 0.0000114482045445 1.4466239768684446 0.7029798528417830 0.7830092525083797
8.9579882748426360 -0.0388343249222627 0.0000114059772193 1.4481632016338952 0.7028013619348288 0.7828620564941717
8.9615386174870153 -0.0388608371542035 0.0000113648537830 1.4496630777877300 0.7026275397741927 0.7827186850782111
8.9939832064827332 -0.0391034512436199 0.0000109891195400 1.4634074675939071 0.7010395319737277 0.7814076976724440
9.0032309622889333 -0.0391727144097223 0.0000108820469631 1.4673375568180951 0.7005870523725116 0.7810337631837541
9.0124787180951333 -0.0392420265895102 0.0000107749853441 1.4712731855184522 0.7001346428300419 0.7806597141401230
9.0196850208952348 -0.0392960720290526 0.0000106915654369 1.4743438585970503 0.6997821524162563 0.7803681578387025
9.0231238959170881 -0.0393218732227999 0.0000106517595608 1.4758103804105220 0.6996139579884673 0.7802290017610439
9.0265627709389413 -0.0393476711129545 0.0000106119559768 1.4772776677027881 0.6994457734210666 0.7800898300189365
9.0306390121210622 -0.0393782580404664 0.0000105647772787 1.4790178954964250 0.6992464302426619 0.7799248437291808
9.0628230002084535 -0.0396200921570985 0.0000101923580610 1.4927956224708221 0.6976730186752493 0.7786214278090963
9.0726884895734923 -0.0396943417592123 0.0000100782283404 1.4970323764727227 0.6971908973435815 0.7782216166734923
9.0825539789385310 -0.0397686473892650 0.0000099641128933 1.5012754195556253 0.6967088638944477 0.7778216802557026
9.0858292334170656 -0.0397933285931114 0.0000099262307824 1.5026854621828201 0.6965488527191308 0.7776888773571685
9.0880994762656790 -0.0398104396972834 0.0000098999737607 1.5036632398893404 0.6964379467406867 0.7775968169781823
9.0902667161056918 -0.0398267707915977 0.0000098749092255 1.5045969654675817 0.6963320770262000 0.7775089273282083
9.1119391145058195 -0.0399902304914439 0.0000096243033944 1.5139508996683808 0.6952736204694097 0.7766297028509624
9.1439343266594584 -0.0402320432549273 0.0000092544666706 1.5278156138026295 0.6937118275926861 0.7753306157084097
9.1480075174414850 -0.0402628699960009 0.0000092073961105 1.5295854147514161 0.6935130733286874 0.7751651426329501
9.1516297776792754 -0.0402902843733143 0.0000091655394555 1.5311601845988572 0.6933363362877416 0.7750179714205925
9.1549273915110447 -0.0403152454824232 0.0000091274363298 1.5325945502843179 0.6931754507036172 0.7748839764630260
9.1853065811219619 -0.0405454951341621 0.0000087764994394 1.5458415557096927 0.6916938132227258 0.7736489273383348
9.1957054597627632 -0.0406244331001739 0.0000086564097710 1.5503896892918210 0.6911868627643802 0.7732259105125046
9.2061043384035646 -0.0407034338572450 0.0000085363394405 1.5549447791657589 0.6906800257010788 0.7728027644239335
9.2116891096062687 -0.0407458734405170 0.0000084718641413 1.5573939837896984 0.6904078733495246 0.7725754585789555
9.2167719028964044 -0.0407845124064427 0.0000084131891801 1.5596247886577017 0.6901602118596368 0.7723685516424991
9.2481361741111208 -0.0410232733036376 0.0000080512315864 1.5734270898290874 0.6886325921047879 0.7710911251924841
9.2795588526238468 -0.0412630035285991 0.0000076887932166 1.5873184259134194 0.6871032215298407 0.7698101789039147
9.2909269375080292 -0.0413498618369904 0.0000075577196384 1.5923596286103474 0.6865502030494388 0.7693464817204423
9.3022950223922116 -0.0414367957163999 0.0000074266723153 1.5974091144614662 0.6859973343366520 0.7688826391405762
9.3093714968977910 -0.0414909490521012 0.0000073451106049 1.6005565303362839 0.6856532576457268 0.7685938306570324
9.3128622774273051 -0.0415176733603614 0.0000073048805520 1.6021103122238398 0.6854835485133003 0.7684513427291830
9.3163530579568192 -0.0415443957933130 0.0000072646536881 1.6036648744663369 0.6853138537035645 0.7683088412882317
9.3216427341865558 -0.0415849023082002 0.0000072037017026 1.6060220325429297 0.6850567380629430 0.7680928792265803
9.3526406801483848 -0.0418226037316082 0.0000068466377847 1.6198711687240190 0.6835506958612775 0.7668267068667908
9.3579882838336168 -0.0418636678291730 0.0000067850600265 1.6222665650250356 0.6832909998581665 0.7666081678932650
9.3614612548594689 -0.0418903456879490 0.0000067450720667 1.6238232207727830 0.6831223606696687 0.7664662225088221
9.3649342258853210 -0.0419170225183984 0.0000067050873544 1.6253806474390073 0.6829537363340185 0.7663242641793214
9.3690763473792416 -0.0419488477434910 0.0000066574021919 1.6272391572752349 0.6827526421082886 0.7661549373130661
9.3999155947587738 -0.0421861130798340 0.0000063024942355 1.6411107332709722 0.6812561181420859 0.7648936792039072
9.4057247477710231 -0.0422308692716811 0.0000062356649462 1.6437305012326167 0.6809743552202649 0.7646559855893442
9.4107333416802117 -0.0422694666295243 0.0000061780521807 1.6459909675309337 0.6807314568727707 0.7644510203197379
9.4157419355894003 -0.0423080736412473 0.0000061204456333 1.6482530340075501 0.6804885909422671 0.7642460290241012
9.4461621686469570 -0.0425428761973000 0.0000057706934688 1.6620262923350422 0.6790142244880493 0.7630004386559555
9.4503833856213646 -0.0425755015306728 0.0000057221781681 1.6639421760736728 0.6788097331498772 0.7628275218063152
9.4536257318114707 -0.0426005634274398 0.0000056849165269 1.6654145502922173 0.6786526780674602 0.7626946909656407
9.4568265928207751 -0.0426253083090025 0.0000056481343308 1.6668687423799893 0.6784976462883242 0.7625635492925589
9.4866718993213830 -0.0428563260895892 0.0000053052932163 1.6804592312129951 0.6770527755318845 0.7613402728786677
9.4907754758441083 -0.0428881312749191 0.0000052581717057 1.6823322844764972 0.6768542086389407 0.7611720098093298
9.4948790523668336 -0.0429199416288980 0.0000052110548004 1.6842064083092307 0.6766556649931692 0.7610037302543469
9.4991297014788483 -0.0429528982412140 0.0000051622540416 1.6861488295383251 0.6764500301200990 0.7608294022086654
9.5287726246362698 -0.0431830286151367 0.0000048220591718 1.6997266853361879 0.6750166903700683 0.7596131978841650
9.5313821816597812 -0.0432033128259364 0.0000047921217047 1.7009246575484589 0.6748905686769109 0.7595060913847930
9.5339917386832926 -0.0432235961793099 0.0000047621863813 1.7021230619490466 0.6747644566515987 0.7593989784176385
9.5372141908333194 -0.0432486482638824 0.0000047252228067 1.7036035265911653 0.6746087386930233 0.7592666993931932
