0.0000898234780225 -0.0000000000015977 0.0001338242012082 0.0000000000000022 0.9999999999422873 0.9999999999653254
0.0001225995188971 -0.0000000000029766 0.0001338242011939 0.0000000000000057 0.9999999998918599 0.9999999999353998
0.0001625113395290 -0.0000000000052302 0.0001338242011707 0.0000000000000132 0.9999999998094419 0.9999999998864891
0.0002101767776249 -0.0000000000087484 0.0001338242011345 0.0000000000000286 0.9999999996807779 0.9999999998101340
0.0002661928896356 -0.0000000000140332 0.0001338242010800 0.0000000000000581 0.9999999994875078 0.9999999996954382
0.0003311414390420 -0.0000000000217167 0.0001338242010009 0.0000000000001118 0.9999999992065155 0.9999999995286837
0.0004055764997061 -0.0000000000325773 0.0001338242008889 0.0000000000002053 0.9999999988093363 0.9999999992929782
0.0004900225620680 -0.0000000000475557 0.0001338242007346 0.0000000000003622 0.9999999982615634 0.9999999989679029
0.0005849934127912 -0.0000000000677756 0.0001338242005263 0.0000000000006162 0.9999999975221066 0.9999999985290728
0.0006909912891041 -0.0000000000945621 0.0001338242002503 0.0000000000010155 0.9999999965425033 0.9999999979477280
0.0008085028557185 -0.0000000001294599 0.0001338241998907 0.0000000000016267 0.9999999952662614 0.9999999971903432
0.0009379904000229 -0.0000000001742486 0.0001338241994292 0.0000000000025401 0.9999999936283043 0.9999999962182986
0.0010799084251832 -0.0000000002309652 0.0001338241988448 0.0000000000038763 0.9999999915541334 0.9999999949873831
0.0012346947565311 -0.0000000003019202 0.0001338241981137 0.0000000000057934 0.9999999889592568 0.9999999934474549
0.0014027850236317 -0.0000000003897223 0.0001338241972091 0.0000000000084962 0.9999999857482642 0.9999999915418932
0.0015845905661582 -0.0000000004972872 0.0001338241961008 0.0000000000122463 0.9999999818145343 0.9999999892074234
0.0017805293456856 -0.0000000006278725 0.0001338241947553 0.0000000000173740 0.9999999770389280 0.9999999863733424
0.0019909956793016 -0.0000000007850799 0.0001338241931355 0.0000000000242921 0.9999999712897309 0.9999999829614844
0.0022163876803696 -0.0000000009728922 0.0001338241912003 0.0000000000335113 0.9999999644212901 0.9999999788854119
0.0024570692326852 -0.0000000011956611 0.0001338241889050 0.0000000000456568 0.9999999562744610 0.9999999740506804
0.0027134300234421 -0.0000000014581781 0.0001338241862001 0.0000000000614907 0.9999999466740098 0.9999999683532976
0.0029858333201103 -0.0000000017656493 0.0001338241830321 0.0000000000819314 0.9999999354295490 0.9999999616802782
0.0032746356269288 -0.0000000021237301 0.0001338241793425 0.0000000001080793 0.9999999223342607 0.9999999539088860
0.0035801939050879 -0.0000000025385543 0.0001338241750684 0.0000000001412451 0.9999999071638181 0.9999999449059944
0.0039028616505402 -0.0000000030167525 0.0001338241701412 0.0000000001829798 0.9999998896757415 0.9999999345277040
0.0042429689794740 -0.0000000035654396 0.0001338241644877 0.0000000002351057 0.9999998696098306 0.9999999226195990
0.0046008527675145 -0.0000000041922777 0.0001338241580290 0.0000000002997565 0.9999998466858778 0.9999999090153903
0.0049768461326118 -0.0000000049054832 0.0001338241506805 0.0000000003794165 0.9999998206034002 0.9999998935367562
0.0053712701712693 -0.0000000057138306 0.0001338241423516 0.0000000004769629 0.9999997910415138 0.9999998759932685
0.0057844441389440 -0.0000000066266895 0.0001338241329458 0.0000000005957149 0.9999997576575593 0.9999998561815758
0.0062166845571083 -0.0000000076540450 0.0001338241223604 0.0000000007394861 0.9999997200863745 0.9999998338849728
0.0066682992179231 -0.0000000088065032 0.0001338241104859 0.0000000009126385 0.9999996779400890 0.9999998088732777
0.0071395951205718 -0.0000000100953295 0.0001338240972064 0.0000000011201451 0.9999996308067194 0.9999997809019990
0.0076308641190631 -0.0000000115324281 0.0001338240823991 0.0000000013676491 0.9999995782509140 0.9999997497127774
0.0081424120269650 -0.0000000131304452 0.0001338240659337 0.0000000016615473 0.9999995198101991 0.9999997150311573
0.0086745315366875 -0.0000000149027132 0.0001338240476730 0.0000000020090538 0.9999994549969921 0.9999996765677829
0.0092275181190074 -0.0000000168633199 0.0001338240274717 0.0000000024182889 0.9999993832960981 0.9999996340169116
0.0098016513570904 -0.0000000190270625 0.0001338240051773 0.0000000028983524 0.9999993041663658 0.9999995870573969
0.0103972104056954 -0.0000000214095177 0.0001338239806295 0.0000000034594249 0.9999992170381459 0.9999995353511796
0.0110144795193526 -0.0000000240270887 0.0001338239536591 0.0000000041128733 0.9999991213115638 0.9999994785422641
0.0116537341507309 -0.0000000268969710 0.0001338239240889 0.0000000048713427 0.9999990163577616 0.9999994162574538
0.0123152420265457 -0.0000000300371714 0.0001338238917336 0.0000000057488660 0.9999989015182257 0.9999993481059529
0.0129992891239383 -0.0000000334666545 0.0001338238563975 0.0000000067610183 0.9999987760993966 0.9999992736761677
0.0137061166733868 -0.0000000372050510 0.0001338238178786 0.0000000079249501 0.9999986393833737 0.9999991925420587
0.0144360040054584 -0.0000000412730915 0.0001338237759631 0.0000000092596422 0.9999984906120176 0.9999991042537066
0.0151892090550558 -0.0000000456923279 0.0001338237304291 0.0000000107859564 0.9999983289971611 0.9999990083433719
0.0159660049640222 -0.0000000504853574 0.0001338236810436 0.0000000125268512 0.9999981537124096 0.9999989043206287
0.0167666209633025 -0.0000000556754779 0.0001338236275667 0.0000000145074047 0.9999979639057421 0.9999987916798425
0.0175913314170628 -0.0000000612872624 0.0001338235697451 0.0000000167551826 0.9999977586785047 0.9999986698877045
0.0184403691193176 -0.0000000673460235 0.0001338235073181 0.0000000193001999 0.9999975371050007 0.9999985383948566
0.0193140059950280 -0.0000000738783849 0.0001338234400112 0.0000000221753253 0.9999972982115812 0.9999983966234830
0.0202124620134179 -0.0000000809116444 0.0001338233675433 0.0000000254161929 0.9999970409999427 0.9999982439811360
0.0211360004814639 -0.0000000884745036 0.0001338232896187 0.0000000290617127 0.9999967644204535 0.9999980798449066
0.0220848550353776 -0.0000000965965319 0.0001338232059326 0.0000000331540323 0.9999964673917374 0.9999979035730465
0.0230592548939046 -0.0000001053083665 0.0001338231161693 0.0000000377388294 0.9999961487933722 0.9999977145006340
0.0240594507488906 -0.0000001146419738 0.0001338230199996 0.0000000428656735 0.9999958074563241 0.9999975119338987
0.0250856778867536 -0.0000001246303499 0.0001338229170834 0.0000000485881043 0.9999954421739037 0.9999972951567220
0.0261381709218539 -0.0000001353076669 0.0001338228070686 0.0000000549639467 0.9999950516964186 0.9999970634274641
0.0272171535772271 -0.0000001467091853 0.0001338226895920 0.0000000620555075 0.9999946347343664 0.9999968159808587
0.0283228502276922 -0.0000001588713846 0.0001338225642776 0.0000000699299104 0.9999941899536736 0.9999965520251873
0.0294554927522622 -0.0000001718320677 0.0001338224307360 0.0000000786594414 0.9999937159718577 0.9999962707400017
0.0306153316656605 -0.0000001856305377 0.0001338222885621 0.0000000883219716 0.9999932113515884 0.9999959712723026
0.0318025550076900 -0.0000002003066440 0.0001338221373455 0.0000000990005818 0.9999926746355436 0.9999956527572244
0.0330173884053307 -0.0000002159019684 0.0001338219766576 0.0000001107846823 0.9999921043030586 0.9999953142923086
0.0342600808803054 -0.0000002324597449 0.0001338218060531 0.0000001237703317 0.9999914987730386 0.9999949549392326
0.0355308252561481 -0.0000002500238236 0.0001338216250800 0.0000001380597618 0.9999908564418655 0.9999945737463048
0.0368298490079508 -0.0000002686398785 0.0001338214332678 0.0000001537626564 0.9999901756392096 0.9999941697222406
0.0381573812491425 -0.0000002883550219 0.0001338212301311 0.0000001709962374 0.9999894546421599 0.9999937418445481
0.0395136077167035 -0.0000003092171290 0.0001338210151765 0.0000001898850282 0.9999886916998935 0.9999932890741680
0.0408987640599088 -0.0000003312762565 0.0001338207878883 0.0000002105624928 0.9999878849818115 0.9999928103246940
0.0423130521609281 -0.0000003545834012 0.0001338205477412 0.0000002331703364 0.9999870326229426 0.9999923044893181
0.0437566723692007 -0.0000003791909889 0.0001338202941948 0.0000002578593396 0.9999861327060525 0.9999917704302120
0.0452298431083484 -0.0000004051532447 0.0001338200266905 0.0000002847901742 0.9999851832481078 0.9999912069704947
0.0467327751323756 -0.0000004325257935 0.0001338197446552 0.0000003141334695 0.9999841822148836 0.9999906129029007
0.0482656512325444 -0.0000004613652746 0.0001338194475053 0.0000003460698245 0.9999831275350665 0.9999899869981487
0.0498287010080976 -0.0000004917307555 0.0001338191346321 0.0000003807918364 0.9999820170485416 0.9999893279742522
0.0514221242719405 -0.0000005236823411 0.0001338188054165 0.0000004185030896 0.9999808485572507 0.9999886345267012
0.0530461082824489 -0.0000005572814679 0.0001338184592253 0.0000004594189343 0.9999796198144489 0.9999879053220856
0.0547008669743959 -0.0000005925917366 0.0001338180954033 0.0000005037680268 0.9999783284942465 0.9999871389800192
0.0563865962678795 -0.0000006296780257 0.0001338177132820 0.0000005517918178 0.9999769722240237 0.9999863340923765
0.0581034964330432 -0.0000006686069713 0.0001338173121748 0.0000006037456970 0.9999755485668954 0.9999854892128842
0.0598517657968575 -0.0000007094468565 0.0001338168913782 0.0000006598994419 0.9999740550257362 0.9999846028595109
0.0616316021827768 -0.0000007522676650 0.0001338164501711 0.0000007205378893 0.9999724890412424 0.9999836735133152
0.0634431681448336 -0.0000007971402300 0.0001338159878237 0.0000007859602971 0.9999708480230461 0.9999826996369103
0.0652866813001434 -0.0000008441384659 0.0001338155035744 0.0000008564841933 0.9999691292680951 0.9999816796260250
0.0671623488957363 -0.0000008933378531 0.0001338149966456 0.0000009324439480 0.9999673300160838 0.9999806118423989
0.0690703563803338 -0.0000009448151131 0.0001338144662466 0.0000010141908896 0.9999654474613150 0.9999794946208206
0.0710108932561512 -0.0000009986488786 0.0001338139115674 0.0000011020949914 0.9999634787282062 0.9999783262545914
0.0729841203868849 -0.0000010549187880 0.0001338133317874 0.0000011965440731 0.9999614209044063 0.9999771050151772
0.0749902484079980 -0.0000011137077246 0.0001338127260526 0.0000012979482633 0.9999592709588940 0.9999758291036026
0.0770294519706857 -0.0000011750994223 0.0001338120935003 0.0000014067367853 0.9999570258295511 0.9999744967024209
0.0791019301772646 -0.0000012391802389 0.0001338114332408 0.0000015233617685 0.9999546823583189 0.9999731059372299
0.0812078754012212 -0.0000013060382773 0.0001338107443662 0.0000016482975662 0.9999522373233085 0.9999716548957289
0.0833474530465541 -0.0000013757627158 0.0001338100259578 0.0000017820402414 0.9999496874633260 0.9999701416422700
0.0855208520926495 -0.0000014484454290 0.0001338092770689 0.0000019251114320 0.9999470294185741 0.9999685641826670
0.0877282525031071 -0.0000015241799807 0.0001338084967356 0.0000020780573494 0.9999442597674970 0.9999669204860590
0.0899698268791592 -0.0000016030616675 0.0001338076839760 0.0000022414496925 0.9999413750251682 0.9999652084839525
0.0922457626758843 -0.0000016851883221 0.0001338068377821 0.0000024158882220 0.9999383716139382 0.9999634260528005
0.0945562684280071 -0.0000017706606370 0.0001338059571164 0.0000026020025562 0.9999352458515746 0.9999615710069614
0.0969014643140261 -0.0000018595780882 0.0001338050409541 0.0000028004441546 0.9999319941003515 0.9999596411871784
0.0992815525682386 -0.0000019520452477 0.0001338040882177 0.0000030119010219 0.9999286125361864 0.9999576343235662
0.1016967314864727 -0.0000020481687289 0.0001338030978088 0.0000032370923142 0.9999250972603611 0.9999555481019129
0.1041471586133785 -0.0000021480556765 0.0001338020686234 0.0000034767657058 0.9999214443547366 0.9999533801964460
0.1066330199407224 -0.0000022518165160 0.0001338009995240 0.0000037317048395 0.9999176497812132 0.9999511282101625
0.1091544659741328 -0.0000023595623535 0.0001337998893656 0.0000040027241336 0.9999137094768175 0.9999487897312588
0.1117116842356047 -0.0000024714080297 0.0001337987369652 0.0000042906774193 0.9999096192420173 0.9999463622668455
0.1143048519446059 -0.0000025874701886 0.0001337975411210 0.0000045964544038 0.9999053748113457 0.9999438432848587
0.1169341373453882 -0.0000027078673120 0.0001337963006122 0.0000049209818225 0.9999009718521507 0.9999412302133155
0.1195996893982753 -0.0000028327192086 0.0001337950142045 0.0000052652231001 0.9998964059832731 0.9999385204513960
0.1223017153627742 -0.0000029621506927 0.0001337936806119 0.0000056301897806 0.9998916726405230 0.9999357112896033
0.1250403523420150 -0.0000030962855600 0.0001337922985591 0.0000060169260942 0.9998867672969828 0.9999328000405067
0.1278158011351473 -0.0000032352530072 0.0001337908667149 0.0000064265283210 0.9998816852282355 0.9999297838994050
0.1306282103827692 -0.0000033791820129 0.0001337893837505 0.0000068601299995 0.9998764217178684 0.9999266600662867
0.1334777018849983 -0.0000035282024109 0.0001337878483283 0.0000073189057829 0.9998709720182305 0.9999234257225371
0.1363645153323023 -0.0000036824525735 0.0001337862590227 0.0000078040967351 0.9998653310694265 0.9999200778641603
0.1392887826215038 -0.0000038420676632 0.0001337846144411 0.0000083169756712 0.9998594939289894 0.9999166135567816
0.1422506747025220 -0.0000040071873075 0.0001337829131451 0.0000088588721527 0.9998534554911849 0.9999130297690541
0.1452503625047047 -0.0000041779536030 0.0001337811536707 0.0000094311679020 0.9998472105600279 0.9999093234159880
0.1482879857160112 -0.0000043545093062 0.0001337793345471 0.0000100352920713 0.9998407539154210 0.9999054913982010
0.1513637205249643 -0.0000045370017298 0.0001337774542567 0.0000106727358860 0.9998340801706969 0.9999015305173640
0.1544777218576956 -0.0000047255794539 0.0001337755112688 0.0000113450431172 0.9998271838928686 0.9998974375475658
0.1576301617123513 -0.0000049203946126 0.0001337735040161 0.0000120538196421 0.9998200595190185 0.9998932091856849
0.1608212121233447 -0.0000051216019400 0.0001337714309043 0.0000128007318855 0.9998127013911955 0.9998888420720952
0.1640510078479250 -0.0000053293563717 0.0001337692903375 0.0000135874993487 0.9998051038441151 0.9998843328427124
0.1673197354037856 -0.0000055438187292 0.0001337670806587 0.0000144159175953 0.9997972609973004 0.9998796780056218
0.1706275317194721 -0.0000057651492307 0.0001337648002174 0.0000152878354399 0.9997891669923827 0.9998748740819136
0.1739745632409984 -0.0000059935126405 0.0001337624473162 0.0000162051763763 0.9997808158047917 0.9998699174939116
0.1773609614222155 -0.0000062290739569 0.0001337600202553 0.0000171699233051 0.9997722014014551 0.9998648046587660
0.1807869180550323 -0.0000064720050244 0.0001337575172644 0.0000181841472947 0.9997633174989894 0.9998595318449273
0.1842526125338875 -0.0000067224796608 0.0001337549365528 0.0000192499902063 0.9997541577419122 0.9998540952779114
0.1877581292513823 -0.0000069806674591 0.0001337522763735 0.0000203696392174 0.9997447159293011 0.9998484912748226
0.1913036706393440 -0.0000072467492860 0.0001337495348633 0.0000215453950560 0.9997349854480193 0.9998427159079499
0.1948893967383801 -0.0000075209057518 0.0001337467101615 0.0000227796251354 0.9997249596943721 0.9998367652550235
0.1985154350917729 -0.0000078033177156 0.0001337438004051 0.0000240747666888 0.9997146320556465 0.9998306353882520
0.2021819382122983 -0.0000080941706740 0.0001337408036831 0.0000254333484614 0.9997039957496030 0.9998243222790468
0.2058890848162558 -0.0000083936550645 0.0001337377180339 0.0000268579950594 0.9996930438133929 0.9998178217914346
0.2096370125312895 -0.0000087019608981 0.0001337345415001 0.0000283514038007 0.9996817692998519 0.9998111297985579
0.2134258681926279 -0.0000090192817289 0.0001337312720878 0.0000299163652434 0.9996701651323270 0.9998042420964993
0.2172558003372520 -0.0000093458140995 0.0001337279077725 0.0000315557629092 0.9996582241249637 0.9997971544163137
0.2211269518056588 -0.0000096817569292 0.0001337244465051 0.0000332725724531 0.9996459390050876 0.9997898624373031
0.2250395085866951 -0.0000100273158446 0.0001337208861675 0.0000350698864657 0.9996333022548363 0.9997823616930051
0.2289935686762386 -0.0000103826916506 0.0001337172246912 0.0000369508570207 0.9996203065327846 0.9997746478214441
0.2329893215538869 -0.0000107480962182 0.0001337134598939 0.0000389187808012 0.9996069440929163 0.9997667162202423
0.2370268863071985 -0.0000111237380411 0.0001337095896279 0.0000409770254969 0.9995932073128447 0.9997585623601428
0.2411064327137779 -0.0000115098332543 0.0001337056116669 0.0000431290912482 0.9995790882908538 0.9997501815458139
0.2452281205876233 -0.0000119066001778 0.0001337015237623 0.0000453785841863 0.9995645790454488 0.9997415690342828
0.2493920780362079 -0.0000123142571147 0.0001336973236653 0.0000477292058224 0.9995496715958736 0.9997327200827206
0.2535984441214801 -0.0000127330263953 0.0001336930090860 0.0000501847780957 0.9995343578142267 0.9997236298606461
0.2578473698134077 -0.0000131631345869 0.0001336885776908 0.0000527492477602 0.9995186294178102 0.9997142934453713
0.2621390184383594 -0.0000136048126625 0.0001336840271007 0.0000554266907040 0.9995024779629431 0.9997047058183138
0.2664735263912560 -0.0000140582919873 0.0001336793549327 0.0000582212904326 0.9994858949917634 0.9996948619521246
0.2708510131448169 -0.0000145238051839 0.0001336745587908 0.0000611373449679 0.9994688720005613 0.9996847567918790
0.2752716391448715 -0.0000150015923147 0.0001336696362025 0.0000641793083964 0.9994514002137365 0.9996743851208771
0.2797355730798934 -0.0000154918976376 0.0001336645846523 0.0000673517748118 0.9994334707024271 0.9996637416310471
0.2842429116256230 -0.0000159949606763 0.0001336594016731 0.0000706594226313 0.9994150747110599 0.9996528211167794
0.2887938387428690 -0.0000165110338076 0.0001336540846657 0.0000741071318313 0.9993962030142347 0.9996416180931367
0.2933884479118555 -0.0000170403624269 0.0001336486311029 0.0000776998564213 0.9993768466420204 0.9996301272263992
0.2980269261203904 -0.0000175832058501 0.0001336430383140 0.0000814427672975 0.9993569961156451 0.9996183428803190
0.3027093925846259 -0.0000181398188714 0.0001336373036750 0.0000853411309855 0.9993366421218716 0.9996062595164433
0.3074360026496699 -0.0000187104638025 0.0001336314244846 0.0000894003948835 0.9993157750727869 0.9995938714327625
0.3122068861817723 -0.0000192954032196 0.0001336253980386 0.0000936261400292 0.9992943853710152 0.9995811729211378
0.3170221757989690 -0.0000198949032875 0.0001336192215961 0.0000980241072689 0.9992724632881730 0.9995681581951248
0.3218820050424525 -0.0000205092335740 0.0001336128923811 0.0001026001993352 0.9992499989716803 0.9995548213939965
0.3267865300630771 -0.0000211386698833 0.0001336064075535 0.0001073605058558 0.9992269823411384 0.9995411565212006
0.3317359128183784 -0.0000217834922931 0.0001335997642291 0.0001123112932562 0.9992034031601412 0.9995271574869685
0.3367302289321888 -0.0000224439729604 0.0001335929596055 0.0001174589130513 0.9991792514821743 0.9995128183730281
0.3417696823572453 -0.0000231204043158 0.0001335859906715 0.0001228100234624 0.9991545166196445 0.9994981328204854
0.3468543484301934 -0.0000238130651022 0.0001335788545569 0.0001283713282443 0.9991291883857589 0.9994830947671176
0.3519843971669521 -0.0000245222502007 0.0001335715482253 0.0001341498149876 0.9991032560038912 0.9994676977998218
0.3571599410442923 -0.0000252482501006 0.0001335640686859 0.0001401525954091 0.9990767088583158 0.9994519356003164
0.3623811797261728 -0.0000259913710811 0.0001335564127849 0.0001463870749159 0.9990495357562290 0.9994358015069469
0.3676482035886509 -0.0000267519075608 0.0001335485774910 0.0001528607268832 0.9990217259388587 0.9994192891150010
0.3729611303235667 -0.0000275301611379 0.0001335405596992 0.0001595812526961 0.9989932683852294 0.9994023918632980
0.3783201097383886 -0.0000283264416107 0.0001335323562197 0.0001665565968937 0.9989641517748693 0.9993851030120114
0.3837252799652053 -0.0000291410606914 0.0001335239638435 0.0001737948978105 0.9989343647176806 0.9993674157791251
0.3891767533825915 -0.0000299743297377 0.0001335153793650 0.0001813044700004 0.9989038958369065 0.9993493233896726
0.3946747035289153 -0.0000308265730618 0.0001335065994455 0.0001890939283138 0.9988727332824868 0.9993308187867357
0.4002192288474169 -0.0000316981070492 0.0001334976208279 0.0001971720031792 0.9988408654945959 0.9993118950848023
0.4058104881569947 -0.0000325892611007 0.0001334884401212 0.0002055477355389 0.9988082804379252 0.9992925451150452
0.4114486284029249 -0.0000335003665615 0.0001334790539146 0.0002142303810108 0.9987749660064859 0.9992727616656591
0.4171337626849986 -0.0000344317529901 0.0001334694588155 0.0002232293768273 0.9987409101600797 0.9992525375628735
0.4228660042592625 -0.0000353837534836 0.0001334596513954 0.0002325543951291 0.9987061007295605 0.9992318655552775
0.4286454699926727 -0.0000363567052825 0.0001334496281830 0.0002422153533242 0.9986705253947595 0.9992107383006738
0.4344723262342018 -0.0000373509577088 0.0001334393855825 0.0002522224992992 0.9986341713942530 0.9991891481936727
0.4403466859376675 -0.0000383668548451 0.0001334289200526 0.0002625862438157 0.9985970261586886 0.9991670877417697
0.4462686866327541 -0.0000394047486952 0.0001334182279703 0.0002733172959764 0.9985590768296164 0.9991445492795505
0.4522384577420113 -0.0000404649936463 0.0001334073056882 0.0002844266123823 0.9985203104619820 0.9991215250889065
0.4582561394304496 -0.0000415479498085 0.0001333961495001 0.0002959254366227 0.9984807139020367 0.9990980073264809
0.4643218473962651 -0.0000426539767007 0.0001333847557063 0.0003078252370812 0.9984402740182317 0.9990739881607608
0.4704357046085890 -0.0000437834388791 0.0001333731205549 0.0003201377704610 0.9983989774954412 0.9990494596498176
0.4765978499986959 -0.0000449367076790 0.0001333612402247 0.0003328751069441 0.9983568107712870 0.9990244137034370
0.4828083981229576 -0.0000461141537315 0.0001333491109018 0.0003460495530476 0.9983137603097816 0.9989988422456050
0.4890674826358695 -0.0000473161550865 0.0001333367286961 0.0003596737460523 0.9982698123043464 0.9989727370380624
0.4953752313712565 -0.0000485430925882 0.0001333240896889 0.0003737606082900 0.9982249528469250 0.9989460897807028
0.5017317579196928 -0.0000497953481520 0.0001333111899505 0.0003883233313884 0.9981791679909895 0.9989188921489511
0.5081372350695659 -0.0000510733193492 0.0001332980253904 0.0004033755522897 0.9981324432183389 0.9988911354769702
0.5145917388901943 -0.0000523773884746 0.0001332845920755 0.0004189309961032 0.9980847645700656 0.9988628114294442
0.5210954359816414 -0.0000537079598851 0.0001332708858455 0.0004350039208984 0.9980361172814010 0.9988339111905623
0.5276483946258089 -0.0000550654218109 0.0001332569027068 0.0004516086668638 0.9979864871780018 0.9988044262934430
0.5342508074363941 -0.0000564501920922 0.0001332426383608 0.0004687602164603 0.9979358590037736 0.9987743476266667
0.5409027585390495 -0.0000578626700696 0.0001332280886996 0.0004864736127413 0.9978842181798446 0.9987436664792059
0.5476043674386669 -0.0000593032663019 0.0001332132495002 0.0005047643272225 0.9978315497180672 0.9987123738948877
0.5543557779448520 -0.0000607724006206 0.0001331981164442 0.0005236482460438 0.9977778382921982 0.9986804607146023
0.5611571022860506 -0.0000622704900862 0.0001331826852420 0.0005431415222700 0.9977230686782401 0.9986479178378673
0.5680084574563413 -0.0000637979567367 0.0001331669515531 0.0005632606790456 0.9976672254711888 0.9986147360544734
0.5749100082209269 -0.0000653552374287 0.0001331509108844 0.0005840227482583 0.9976102927252787 0.9985809058306400
0.5818618524851900 -0.0000669427581708 0.0001331345588551 0.0006054449368452 0.9975522548923648 0.9985464178665354
0.5888640687049217 -0.0000685609442519 0.0001331178910919 0.0006275447599227 0.9974930964516777 0.9985112628762352
0.5959168380723188 -0.0000702102487257 0.0001331009029359 0.0006503404389596 0.9974328008684943 0.9984754309688253
0.6030202504389572 -0.0000718911076548 0.0001330835899034 0.0006738502978214 0.9973713522303871 0.9984389126206680
0.6101744343187565 -0.0000736039701654 0.0001330659473768 0.0006980931794655 0.9973087341485152 0.9984016980224161
0.6173795066405507 -0.0000753492867598 0.0001330479707242 0.0007230882913862 0.9972449301849284 0.9983637773328681
0.6246355991534009 -0.0000771275156770 0.0001330296552346 0.0007488553024376 0.9971799236200724 0.9983251405407116
0.6319428247909374 -0.0000789391147327 0.0001330109962016 0.0007754142320627 0.9971136977511520 0.9982857776417722
0.6393013077655796 -0.0000807845486557 0.0001329919888482 0.0008027855624116 0.9970462356239600 0.9982456784795440
0.6467111831384624 -0.0000826642891549 0.0001329726283255 0.0008309902483623 0.9969775200304651 0.9982048327436618
0.6541725490908387 -0.0000845788027775 0.0001329529098384 0.0008600495413360 0.9969075339527383 0.9981632302336930
0.6616855132087474 -0.0000865285624634 0.0001329328285263 0.0008899851663511 0.9968362601405796 0.9981208606079989
0.6692502244181380 -0.0000885140561235 0.0001329123793747 0.0009208194647426 0.9967636807979895 0.9980777131972426
0.6768667756818149 -0.0000905357612951 0.0001328915574766 0.0009525750102886 0.9966897785097194 0.9980337775551040
0.6845353132678359 -0.0000925941738155 0.0001328703577366 0.0009852750613292 0.9966145351931186 0.9979890428350725
0.6922559615829579 -0.0000946897881195 0.0001328487750745 0.0010189432621475 0.9965379328184352 0.9979434982185578
0.7000287892910023 -0.0000968230875754 0.0001328268045243 0.0010536034872105 0.9964599537620932 0.9978971331248728
0.7078539469336974 -0.0000989945820476 0.0001328044408478 0.0010892804549914 0.9963805794336911 0.9978499363947859
0.7157315406538677 -0.0001012047735359 0.0001327816788880 0.0011259991815935 0.9962997915320800 0.9978018970372385
0.7236616962248991 -0.0001034541737678 0.0001327585133885 0.0011637852741584 0.9962175714023347 0.9977530038469032
0.7316445192427715 -0.0001057432930378 0.0001327349391080 0.0012026647527735 0.9961339004437884 0.9977032456467078
0.7396801482061323 -0.0001080726553742 0.0001327109506643 0.0012426643145461 0.9960487595556911 0.9976526109580693
0.7477686878677315 -0.0001104427794332 0.0001326865427310 0.0012838110166145 0.9959621298356364 0.9976010884161289
0.7559102318849241 -0.0001128541847235 0.0001326617099737 0.0013261323845515 0.9958739923520741 0.9975486666343784
0.7641049001788917 -0.0001153074026823 0.0001326364469354 0.0013696566143405 0.9957843277395557 0.9974953339638072
0.7723528508348663 -0.0001178029807230 0.0001326107479955 0.0014144126604767 0.9956931160508660 0.9974410784047827
0.7806541641366384 -0.0001203414472144 0.0001325846077298 0.0014604296169865 0.9956003380370670 0.9973858883683308
0.7890089603824055 -0.0001229233468357 0.0001325580205470 0.0015077373539755 0.9955059738553741 0.9973297519074448
0.7974173628975310 -0.0001255492296220 0.0001325309808012 0.0015563663334338 0.9954100034695879 0.9972726569551246
0.8058794519636333 -0.0001282196364107 0.0001325034829419 0.0016063473445781 0.9953124071820745 0.9972145916407501
0.8143953696506486 -0.0001309351317416 0.0001324755211751 0.0016577121242153 0.9952131644314056 0.9971555435746219
0.8229652151256754 -0.0001336962709831 0.0001324470898020 0.0017104927526415 0.9951122549938982 0.9970955005626677
0.8315891190776451 -0.0001365036239799 0.0001324181829755 0.0017647221076723 0.9950096581194229 0.9970344500921327
0.8402671975195133 -0.0001393577603179 0.0001323887948518 0.0018204335942114 0.9949053530700117 0.9969723796519009
0.8489995626320448 -0.0001422592527085 0.0001323589195557 0.0018776612152339 0.9947993189962478 0.9969092766588149
0.8577862774914720 -0.0001452086616579 0.0001323285513386 0.0019364392720506 0.9946915354975794 0.9968451287910184
0.8666275292306176 -0.0001482065936458 0.0001322976839790 0.0019968035333002 0.9945819804963135 0.9967799227224987
0.8755233776735951 -0.0001512536167298 0.0001322663116522 0.0020587895612221 0.9944706333218678 0.9967136459585433
0.8844739454568468 -0.0001543503244675 0.0001322344282715 0.0021224339963857 0.9943574723748871 0.9966462854453598
0.8934793267140624 -0.0001574973049374 0.0001322020278076 0.0021877739422269 0.9942424762593995 0.9965778282437687
0.9025396772394176 -0.0001606951722295 0.0001321691039643 0.0022548476274625 0.9941256226322135 0.9965082608440891
0.9116550870178192 -0.0001639445218702 0.0001321356506374 0.0023236934890419 0.9940068898318303 0.9964375701356687
0.9208256531499202 -0.0001672459560529 0.0001321016616549 0.0023943506995327 0.9938862559565760 0.9963657428579641
0.9300514897703374 -0.0001706000873889 0.0001320671307388 0.0024668592602452 0.9937636987276414 0.9962927655187964
0.9393327284883857 -0.0001740075393772 0.0001320320514997 0.0025412600273763 0.9936391954720356 0.9962186243839811
0.9486694500867079 -0.0001774689212804 0.0001319964176958 0.0026175941717399 0.9935127240406959 0.9961433060238866
0.9580617690106756 -0.0001809848589923 0.0001319602229154 0.0026959038587588 0.9933842616807077 0.9960667966416877
0.9675098299200380 -0.0001845559943395 0.0001319234605836 0.0027762322556740 0.9932537850609826 0.9959890820883824
0.9770136642787548 -0.0001881829306467 0.0001318861245230 0.0028586223114870 0.9931212722612029 0.9959101490472951
0.9865734401207983 -0.0001918663273570 0.0001318482079797 0.0029431188999316 0.9929866993148603 0.9958299829748133
0.9961892621773745 -0.0001956068244276 0.0001318097044016 0.0030297671273943 0.9928500429716763 0.9957485697455533
1.0058612267863423 -0.0001994050628308 0.0001317706072272 0.0031186127978740 0.9927112799486713 0.9956658952061259
1.0155894526546732 -0.0002032616966507 0.0001317309097613 0.0032097027061814 0.9925703864883565 0.9955819449117030
1.0253740325889504 -0.0002071773740948 0.0001316906053706 0.0033030842029457 0.9924273390525649 0.9954967045391995
1.0352150989597630 -0.0002111527635755 0.0001316496872149 0.0033988058239773 0.9922821133697519 0.9954101593193789
1.0451127225318133 -0.0002151885130157 0.0001316081486664 0.0034969163247632 0.9921346859217831 0.9953222949226390
1.0550670289528419 -0.0002192852968406 0.0001315659828259 0.0035974658206785 0.9919850322273673 0.9952330964358405
1.0650781317362663 -0.0002234437890569 0.0001315231827997 0.0037005051529744 0.9918331278256703 0.9951425489482261
1.0751461155559021 -0.0002276646559856 0.0001314797417749 0.0038060857110359 0.9916789485418904 0.9950506377095615
1.0852710977772984 -0.0002319485818561 0.0001314356527555 0.0039142600779444 0.9915224695524872 0.9949573475726974
1.0954531607730305 -0.0002362962404042 0.0001313909088554 0.0040250813298299 0.9913636664227873 0.9948626636118926
1.1056924587312378 -0.0002407083404191 0.0001313455028288 0.0041386042061620 0.9912025134434658 0.9947665701307384
1.1159890559375107 -0.0002451855565126 0.0001312994277837 0.0042548833511557 0.9910389861594421 0.9946690521697691
1.1263430770596510 -0.0002497285935845 0.0001312526765178 0.0043739749757680 0.9908730590153834 0.9945700941023180
1.1367546473758818 -0.0002543381614287 0.0001312052417802 0.0044959362251859 0.9907047062834154 0.9944696801873686
1.1472238250730491 -0.0002590149443663 0.0001311571165837 0.0046208243759979 0.9905339031723362 0.9943677952309732
1.1577507074886948 -0.0002637596479976 0.0001311082937242 0.0047486980763002 0.9903606241202646 0.9942644235677107
1.1683354538525117 -0.0002685730103641 0.0001310587656653 0.0048796176827088 0.9901848423872519 0.9941595488171826
1.1789781298560675 -0.0002734557315714 0.0001310085252631 0.0050136433662053 0.9900065326256532 0.9940531554172013
1.1896788352811720 -0.0002784085312217 0.0001309575651748 0.0051508366687469 0.9898256687828221 0.9939452273723679
1.2004377013610017 -0.0002834321478597 0.0001309058778648 0.0052912605181213 0.9896422241216267 0.9938357482658760
1.2112548081687173 -0.0002885273005285 0.0001308534560001 0.0054349781688177 0.9894561726244868 0.9937247020971191
1.2221302559450884 -0.0002936947217497 0.0001308002921111 0.0055820541262276 0.9892674877892245 0.9936120725628526
1.2330641696475837 -0.0002989351601186 0.0001307463785649 0.0057325542448728 0.9890761425345564 0.9934978430003765
1.2440566219989895 -0.0003042493434483 0.0001306917079448 0.0058865446826649 0.9888821105460349 0.9933819971907329
1.2551077354062932 -0.0003096380275820 0.0001306362725479 0.0060440933137472 0.9886853644939614 0.9932645182945384
1.2662175989498852 -0.0003151019564220 0.0001305800647962 0.0062052685870341 0.9884858774930492 0.9931453897231188
1.2773863319654646 -0.0003206418928919 0.0001305230769186 0.0063701404425556 0.9882836219721846 0.9930245944633298
1.2886140083313782 -0.0003262585815288 0.0001304653013357 0.0065387792149100 0.9880785710403805 0.9929021158930013
1.2999007642036249 -0.0003319528020897 0.0001304067301080 0.0067112572462965 0.9878706965299552 0.9927779366118707
1.3112466509686349 -0.0003377252957377 0.0001303473556957 0.0068876466746691 0.9876599716914604 0.9926520400510341
1.3226518090670463 -0.0003435768527711 0.0001302871700561 0.0070680221047596 0.9874463679912957 0.9925244085595721
1.3341162971818905 -0.0003495082257816 0.0001302261655371 0.0072524579688131 0.9872298582821244 0.9923950252983461
1.3456402611371205 -0.0003555202163556 0.0001301643339855 0.0074410312136522 0.9870104136382164 0.9922638723487048
1.3572237699890037 -0.0003616135903700 0.0001301016676180 0.0076338186826793 0.9867880064476318 0.9921309325599541
1.3688669124200941 -0.0003677891276464 0.0001300381585109 0.0078308986654703 0.9865626085999678 0.9919961884660943
1.3805698286168966 -0.0003740476394784 0.0001299737984198 0.0080323514903825 0.9863341908470048 0.9918596219030529
1.3923325856735820 -0.0003803899022948 0.0001299085794618 0.0082382574123363 0.9861027252241557 0.9917212154559558
1.4041552861742639 -0.0003868167152981 0.0001298424935230 0.0084486984669268 0.9858681829470302 0.9915809512012962
1.4160380460902957 -0.0003933288890685 0.0001297755323758 0.0086637581313611 0.9856305348277339 0.9914388109553077
1.4279809213344283 -0.0003999272051040 0.0001297076880946 0.0088835199945215 0.9853897527516368 0.9912947771569284
1.4399840590708868 -0.0004066124990726 0.0001296389522005 0.0091080705312821 0.9851458066396274 0.9911488310503798
1.4520475531429469 -0.0004133855813432 0.0001295693164781 0.0093374964835831 0.9848986673484501 0.9910009544195814
1.4641714847740466 -0.0004202472588983 0.0001294987727503 0.0095718855836434 0.9846483058713115 0.9908511291097689
1.4763559581917798 -0.0004271983554304 0.0001294273126717 0.0098113272517180 0.9843946926049191 0.9906993365884846
1.4886010243908301 -0.0004342396678309 0.0001293549281763 0.0100559111100262 0.9841377989373661 0.9905455588955575
1.5009068247905188 -0.0004413720485445 0.0001292816106309 0.0103057298479615 0.9838775942438086 0.9903897768443846
1.5132734219275572 -0.0004485963083209 0.0001292073518346 0.0105608758618656 0.9836140494348358 0.9902319721455370
1.5257009590467379 -0.0004559133087142 0.0001291321430683 0.0108214445094517 0.9833471335822774 0.9900721253862257
1.5381894906603151 -0.0004633238629837 0.0001290559761136 0.0110875306195565 0.9830768175347213 0.9899102181948036
1.5507391369252990 -0.0004708288266990 0.0001289788423212 0.0113592317222782 0.9828030706126827 0.9897462312612902
1.5633499749212418 -0.0004784290334609 0.0001289007332721 0.0116366457639474 0.9825258629537676 0.9895801457414737
1.5760221110824815 -0.0004861253380339 0.0001288216403341 0.0119198726761694 0.9822451639397506 0.9894119423142800
1.5887556241557761 -0.0004939185819617 0.0001287415550153 0.0122090131347952 0.9819609434511216 0.9892416019329633
1.6015506343662480 -0.0005018096357105 0.0001286604685314 0.0125041701308636 0.9816731703304913 0.9890691049037993
1.6144072089289232 -0.0005097993406772 0.0001285783724014 0.0128054468271963 0.9813818144979461 0.9888944321534703
1.6273254414660463 -0.0005178885578276 0.0001284952579483 0.0131129483787657 0.9810868451776672 0.9887175641657409
1.6403054561105448 -0.0005260781708914 0.0001284111162661 0.0134267820938895 0.9807882307820213 0.9885384809111789
1.6533473218187609 -0.0005343690323861 0.0001283259387744 0.0137470553844690 0.9804859408801637 0.9883571630272148
1.6664511044983374 -0.0005427619957826 0.0001282397168886 0.0140738769837899 0.9801799450254771 0.9881735911147913
1.6796169662086824 -0.0005512579796514 0.0001281524413604 0.0144073594842230 0.9798702104175344 0.9879877443349354
1.6928449464155879 -0.0005598578272096 0.0001280641037212 0.0147476138687881 0.9795567070232215 0.9877996034806594
1.7061351389917998 -0.0005685624196890 0.0001279746951176 0.0150947539406084 0.9792394034440093 0.9876091484971541
1.7194876430148529 -0.0005773726450339 0.0001278842066329 0.0154488951283052 0.9789182680577401 0.9874163591661280
1.7329025451039555 -0.0005862893862136 0.0001277926294075 0.0158101540301613 0.9785932694451951 0.9872212153613729
1.7463799276325664 -0.0005953135264041 0.0001276999545857 0.0161786486276054 0.9782643762016615 0.9870236969352263
1.7599199254557250 -0.0006044459872512 0.0001276061729229 0.0165544998753490 0.9779315555430673 0.9868237828807764
1.7735225837317614 -0.0006136876331813 0.0001275112757686 0.0169378277881334 0.9775947767938558 0.9866214534262364
1.7871880191149963 -0.0006230393798653 0.0001274152539524 0.0173287559089818 0.9772540074346773 0.9864166876605059
1.8009162981387643 -0.0006325021118185 0.0001273180986306 0.0177274079167847 0.9769092161058265 0.9862094653368814
1.8147075138997499 -0.0006420764624292 0.0001272198007756 0.0181339098073725 0.9765603707071516 0.9859997657310473
1.8280605462586106 -0.0006514106927540 0.0001271239615006 0.0185332868809812 0.9762202507563886 0.9857952717132331
1.8419768438388890 -0.0006612069188527 0.0001270233846823 0.0189556149537519 0.9758633186632908 0.9855806275858155
1.8559551696234091 -0.0006711168387587 0.0001269216468671 0.0193861400676375 0.9755022671222926 0.9853634624442130
1.8699968050082352 -0.0006811422012523 0.0001268187303540 0.0198250303847548 0.9751370333427090 0.9851437369739598
1.8841018200955193 -0.0006912839077937 0.0001267146261486 0.0202724191744815 0.9747675854339577 0.9849214304053014
1.8982703052396983 -0.0007015428768422 0.0001266093250896 0.0207284419699257 0.9743938909133287 0.9846965215760632
1.9125023358927082 -0.0007119200186051 0.0001265028181082 0.0211932354711307 0.9740159176265423 0.9844689894849386
1.9267980242484652 -0.0007224162726672 0.0001263950958416 0.0216669392455781 0.9736336323778335 0.9842388124662100
1.9411574203851447 -0.0007330325355445 0.0001262861493772 0.0221496924816480 0.9732470035692766 0.9840059697781770
1.9555806596688203 -0.0007437697691655 0.0001261759691394 0.0226416389136396 0.9728559972506255 0.9837704392239047
1.9700678058088867 -0.0007546288849685 0.0001260645460791 0.0231429215743307 0.9724605813410911 0.9835321996929953
1.9846189685062181 -0.0007656108311133 0.0001259518707790 0.0236536867891883 0.9720607224540964 0.9832912292485005
1.9992341867045664 -0.0007767165046058 0.0001258379343554 0.0241740801174803 0.9716563890977323 0.9830475070548089
2.0139135734870415 -0.0007879468606507 0.0001257227273368 0.0247042514546249 0.9712475476939481 0.9828010109779812
2.0286571897673085 -0.0007993028169102 0.0001256062406458 0.0252443505742228 0.9708341660652040 0.9825517196865702
2.0434651664067625 -0.0008107853471141 0.0001254884646394 0.0257945315741442 0.9704162100275014 0.9822996105966696
2.0583375468092320 -0.0008223953595477 0.0001253693903559 0.0263549470995411 0.9699936478144320 0.9820446625393642
2.0732744523444677 -0.0008341338251555 0.0001252490082004 0.0269257544890976 0.9695664454150792 0.9817868529479904
2.0882759377536866 -0.0008460016647646 0.0001251273091027 0.0275071103530064 0.9691345706796352 0.9815261603344274
2.1033420968397163 -0.0008579998317333 0.0001250042836689 0.0280991745869546 0.9686979903122260 0.9812625624739195
2.1184729741440713 -0.0008701292418939 0.0001248799229009 0.0287021069463164 0.9682566724211912 0.9809960379439382
2.1336687331752353 -0.0008823909083915 0.0001247542168136 0.0293160737649146 0.9678105816140034 0.9807265631611379
2.1489294097540945 -0.0008947857437940 0.0001246271564645 0.0299412381262419 0.9673596861982386 0.9804541167296180
2.1642551051051755 -0.0009073147150268 0.0001244987323649 0.0305777675902977 0.9669039525454611 0.9801786760362327
2.1796458366251734 -0.0009199787218680 0.0001243689357265 0.0312258280640835 0.9664433495121582 0.9799002199213972
2.1951017795385077 -0.0009327787954361 0.0001242377564265 0.0318855939558922 0.9659778412213534 0.9796187243147804
2.2106229481718058 -0.0009457158358398 0.0001241051856973 0.0325572347613053 0.9655073966055956 0.9793341680038034
2.2262094536293424 -0.0009587908246676 0.0001239712139486 0.0332409259810265 0.9650319816797928 0.9790465279610044
2.2418613636292375 -0.0009720047088199 0.0001238358319588 0.0339368431445417 0.9645515637670293 0.9787557818987177
2.2575787797585085 -0.0009853584651352 0.0001236990302124 0.0346451651963418 0.9640661091497422 0.9784619068473285
2.2733617560542863 -0.0009988530314154 0.0001235607996074 0.0353660708659892 0.9635755855784595 0.9781648806729761
2.2892103773733075 -0.0010124893727289 0.0001234211307763 0.0360997421851887 0.9630799598624521 0.9778646806184926
2.3051247424612376 -0.0010262684674832 0.0001232800142290 0.0368463637936711 0.9625791983775224 0.9775612836095351
2.3211049166285691 -0.0010401912663874 0.0001231374407737 0.0376061207290502 0.9620732685585885 0.9772546671581318
2.3371510061211702 -0.0010542587568906 0.0001229934008568 0.0383792019386552 0.9615621365591395 0.9769448079437262
2.3532630377027415 -0.0010684718576867 0.0001228478856442 0.0391657945032895 0.9610457710856430 0.9766316841367724
2.3694411185446249 -0.0010828315588439 0.0001227008855862 0.0399660913520311 0.9605241383073192 0.9763152723121363
2.3856853356872003 -0.0010973388338801 0.0001225523913185 0.0407802864610364 0.9599972050522936 0.9759955493855910
2.4019957403927501 -0.0011119946250531 0.0001224023938129 0.0416085739987625 0.9594649393427480 0.9756724929384443
2.4183724646177205 -0.0011267999479370 0.0001222508833074 0.0424511542480526 0.9589273065982892 0.9753460789124085
2.4348155454975751 -0.0011417557334600 0.0001220978509232 0.0433082246793225 0.9583842753740054 0.9750162850916975
2.4513250407672320 -0.0011568629311708 0.0001219432876083 0.0441799857737986 0.9578358136111835 0.9746830888270530
2.4679010570235391 -0.0011721225358410 0.0001217871838654 0.0450666426229423 0.9572818876735152 0.9743464664485280
2.4845436818925646 -0.0011875355257478 0.0001216295303845 0.0459684014076110 0.9567224645894884 0.9740063946264540
2.5012529869390780 -0.0012031028648102 0.0001214703180208 0.0468854695032044 0.9561575119759873 0.9736628503247360
2.5180290458407391 -0.0012188255191672 0.0001213095376257 0.0478180564491823 0.9555869974379360 0.9733158104352936
2.5348719204382664 -0.0012347044439860 0.0001211471801822 0.0487663731747664 0.9550108890484810 0.9729652520693945
2.5517816690166240 -0.0012507405909481 0.0001209832367287 0.0497306324399044 0.9544291550787443 0.9726111523927047
2.5687583966383318 -0.0012669349562421 0.0001208176978688 0.0507110517550837 0.9538417622586722 0.9722534875654364
2.5858021682703569 -0.0012832884982116 0.0001206505546137 0.0517078484481763 0.9532486787662046 0.9718922345608751
2.6029130401848986 -0.0012998021665669 0.0001204817980839 0.0527212413969529 0.9526498731688109 0.9715273705208974
2.6200911262066957 -0.0013164769665716 0.0001203114188539 0.0537514550017188 0.9520453120979949 0.9711588713377408
2.6373364922832887 -0.0013333138573668 0.0001201394079916 0.0547987129675838 0.9514349639380287 0.9707867139005699
2.6546491886889774 -0.0013503096230403 0.0001199657571311 0.0558632401242985 0.9508187977042418 0.9704108754125149
2.6705374887963367 -0.0013659911285007 0.0001198055419280 0.0568518638715809 0.9502503070462578 0.9700639981353112
2.6879823993415863 -0.0013833029175725 0.0001196286943604 0.0579502860103868 0.9496228023470864 0.9696809792269639
2.7054918012206275 -0.0014007773245755 0.0001194502112606 0.0590664578028066 0.9489894969689513 0.9692942781201795
2.7230688590371801 -0.0014184183685329 0.0001192700525030 0.0602008073373406 0.9483502486192186 0.9689038038005702
2.7407135761832713 -0.0014362269381039 0.0001190882099662 0.0613535668168032 0.9477050285672581 0.9685095344838438
2.7584261003513424 -0.0014542040665691 0.0001189046740769 0.0625249799787896 0.9470538029324220 0.9681114451622624
2.7762064389235377 -0.0014723506445702 0.0001187194367436 0.0637152835150746 0.9463965430937621 0.9677095139646713
2.7940547005001282 -0.0014906676646308 0.0001185324888606 0.0649247229729688 0.9457332168336635 0.9673037167425925
2.8119709844701206 -0.0015091561096931 0.0001183438214468 0.0661535455559603 0.9450637923784370 0.9668940295382566
2.8299553216170112 -0.0015278168909987 0.0001181534262800 0.0674019959457127 0.9443882406488100 0.9664804299621635
2.8480077829402792 -0.0015466509599195 0.0001179612947558 0.0686703237119650 0.9437065312124798 0.9660628947157940
2.8661284113530683 -0.0015656592371950 0.0001177674186109 0.0699587786001445 0.9430186348481713 0.9656414011602914
2.8843172965850190 -0.0015848426912820 0.0001175717891240 0.0712676158380026 0.9423245207122498 0.9652159255797335
2.9025745223349064 -0.0016042022834367 0.0001173743976768 0.0725970924696410 0.9416241583290889 0.9647864443988199
2.9209001391234723 -0.0016237389384635 0.0001171752360532 0.0739474653229452 0.9409175186511307 0.9643529348326786
2.9392942412879166 -0.0016434536264484 0.0001169742956060 0.0753189966438789 0.9402045711045899 0.9639153730740377
2.9577568510262240 -0.0016633472386742 0.0001167715685229 0.0767119454934979 0.9394852880794471 0.9634737370475541
2.9762880634853452 -0.0016834207430760 0.0001165670462425 0.0781265785716354 0.9387596393101386 0.9630280029601129
2.9948879618169908 -0.0017036750935228 0.0001163607203797 0.0795631639468781 0.9380275951591871 0.9625781473145046
3.0135566080728156 -0.0017241112194221 0.0001161525828322 0.0810219702916889 0.9372891269949285 0.9621241471413594
3.0322940545343933 -0.0017447300375554 0.0001159426256606 0.0825032676906987 0.9365442067657048 0.9616659797373782
3.0511003553166747 -0.0017655324646062 0.0001157308409614 0.0840073285312269 0.9357928065495832 0.9612036223878292
3.0699756038008155 -0.0017865194588813 0.0001155172204430 0.0855344305591267 0.9350348970505346 0.9607370514396004
3.0889198903327992 -0.0018076919739804 0.0001153017558986 0.0870848535826588 0.9342704492753927 0.9602662433311475
3.1079332360788694 -0.0018290508841570 0.0001150844399659 0.0886588739549242 0.9334994372305577 0.9597911762536746
3.1270157044139792 -0.0018505971083627 0.0001148652648659 0.0902567736274230 0.9327218334454859 0.9593118273940138
3.1461673515522510 -0.0018723315552331 0.0001146442229630 0.0918788361460214 0.9319376109621649 0.9588281741585909
3.1653882764783767 -0.0018942551799208 0.0001144213061885 0.0935253509185801 0.9311467412877132 0.9583401929093648
3.1846784915390729 -0.0019163688365480 0.0001141965075414 0.0951966021493039 0.9303491997201081 0.9578478622487604
3.2040381446580870 -0.0019386735323160 0.0001139698185056 0.0968928879946559 0.9295449561856565 0.9573511573638160
3.2234672735383394 -0.0019611701460414 0.0001137412319127 0.0986144993309503 0.9287339853938241 0.9568500562931744
3.2429658605160423 -0.0019838594889170 0.0001135107413237 0.1003617241514462 0.9279162646453852 0.9563445385776020
3.2559147468641463 -0.0019989893187043 0.0001133570748798 0.1015328567771139 0.9273710987944168 0.9560073778767928
3.2688636332122503 -0.0020141615763152 0.0001132029326287 0.1027126469865008 0.9268242448118226 0.9556690626253143
3.2849738955487569 -0.0020331058946816 0.0001130104948366 0.1041925966779668 0.9261415317465211 0.9552465415919047
3.3046983170889055 -0.0020564033311454 0.0001127738888446 0.1060229222286851 0.9253021275594218 0.9547268096481425
3.3244856745149556 -0.0020798888543407 0.0001125354301750 0.1078794816674455 0.9244561559729226 0.9542027463998990
3.3443428584214874 -0.0021035713926125 0.0001122950300998 0.1097632115368251 0.9236033023624575 0.9536741501504770
3.3642699805820158 -0.0021274518852579 0.0001120526810843 0.1116744252155289 0.9227435401569943 0.9531409974020237
3.3842670377431485 -0.0021515311309285 0.0001118083770697 0.1136134272685240 0.9218768480245058 0.9526032677969125
3.4043341295301484 -0.0021758100485441 0.0001115621108262 0.1155805343118526 0.9210032004815560 0.9520609382941383
3.4244712758428180 -0.0022002894576977 0.0001113138761820 0.1175760573633133 0.9201225758014058 0.9515139880741842
3.4446785806561429 -0.0022249702768523 0.0001110636660141 0.1196003179081150 0.9192349488859136 0.9509623941131123
3.4649561029943974 -0.0022498533670097 0.0001108114738347 0.1216536352144406 0.9183402968942406 0.9504061346762381
3.4853038817106565 -0.0022749395609967 0.0001105572934950 0.1237363286359258 0.9174385981913710 0.9498451886662370
3.5057219762973109 -0.0023002297135093 0.0001103011186791 0.1258487217402562 0.9165298305525948 0.9492795345059276
3.5262104655872504 -0.0023257247000437 0.0001100429429161 0.1279911422810970 0.9156139712070192 0.9487091501630014
3.5467693986049542 -0.0023514253558300 0.0001097827601997 0.1301639170795217 0.9146909990355019 0.9481340145176673
3.5673988081791852 -0.0023773324920721 0.0001095205648243 0.1323673733132910 0.9137608939896747 0.9475541070018082
3.5880987484453022 -0.0024034469428658 0.0001092563509115 0.1346018424875505 0.9128236354111618 0.9469694065506561
3.6088693158178935 -0.0024297695924126 0.0001089901121362 0.1368676628485094 0.9118792010608339 0.9463798909942047
3.6297105199112649 -0.0024563012115041 0.0001087218433817 0.1391651653164442 0.9109275729900216 0.9457855407209211
3.6506224578036273 -0.0024830426783444 0.0001084515385072 0.1414946924911186 0.9099687296218621 0.9451863337340964
3.6716051982239568 -0.0025099948319310 0.0001081791918328 0.1438565860483061 0.9090026510166417 0.9445822489371345
3.6926587551850747 -0.0025371584371179 0.0001079047984920 0.1462511835536961 0.9080293201257078 0.9439732669198738
3.7137832246942808 -0.0025645343605816 0.0001076283526559 0.1486788339231400 0.9070487164895662 0.9433593660161165
3.7349786078204965 -0.0025921233423283 0.0001073498498420 0.1511398772507659 0.9060608244291541 0.9427405274285049
3.7562450156824068 -0.0026199262615354 0.0001070692842312 0.1536346684029990 0.9050656235285749 0.9421167292688748
3.7728921473310857 -0.0026417668809150 0.0001068488760951 0.1556054463582368 0.9042838117304290 0.9416264159423495
3.7895392789797646 -0.0026636752698097 0.0001066277829449 0.1575919717095371 0.9034995731093333 0.9411343425803125
3.8109966630558643 -0.0026920225942937 0.0001063417982017 0.1601758081921164 0.9024851653556407 0.9404974944673479
3.8325162954570033 -0.0027205743286978 0.0001060538527960 0.1627935743137109 0.9014638116746738 0.9398558811630124
3.8541071791575727 -0.0027493430473149 0.0001057638231281 0.1654466996985394 0.9004350738881987 0.9392092180084254
3.8757693739815040 -0.0027783295311535 0.0001054717046714 0.1681355445542905 0.8993989361850698 0.9385574852956190
3.8975029123440152 -0.0028075345203914 0.0001051774933869 0.1708604676455866 0.8983553844875478 0.9379006642773470
3.9193078597282049 -0.0028369587953684 0.0001048811849082 0.1736218338062659 0.8973044035613942 0.9372387353484234
3.9411842669295027 -0.0028666031126642 0.0001045827751870 0.1764200079971273 0.8962459793058254 0.9365716794855234
3.9631321636942234 -0.0028964681960019 0.0001042822605859 0.1792553543743044 0.8951800990818589 0.9358994784551641
3.9851516572057220 -0.0029265548704943 0.0001039796365293 0.1821282490534006 0.8941067469270756 0.9352221117944207
4.0072427531303525 -0.0029568638187943 0.0001036748999577 0.1850390569006761 0.8930259122626731 0.9345395623027118
4.0294054872856204 -0.0029873957599949 0.0001033680475296 0.1879881484674281 0.8919375835128651 0.9338518120183061
4.0516399495426763 -0.0030181514836105 0.0001030590752816 0.1909759033975919 0.8908417469027468 0.9331588414542447
4.0739461744295795 -0.0030491316988542 0.0001027479801454 0.1940026958523366 0.8897383918363032 0.9324606329964038
4.0963242036350573 -0.0030803371204252 0.0001024347590865 0.1970689027358446 0.8886275078427731 0.9317571689745471
4.1187740952400507 -0.0031117684816688 0.0001021194089740 0.2001749050097616 0.8875090841147899 0.9310484313683072
4.1412959006393324 -0.0031434265025415 0.0001018019269039 0.2033210845474131 0.8863831106550185 0.9303344025322812
4.1638896706609270 -0.0031753118980896 0.0001014823101156 0.2065078249400851 0.8852495779797904 0.9296150650081646
4.1865554472271382 -0.0032074253666114 0.0001011605561118 0.2097355102833494 0.8841084775454040 0.9288904017951948
4.2000195347375762 -0.0032265613713991 0.0001009688986763 0.2116674781810810 0.8834287702659396 0.9284584993048101
4.2134836222480141 -0.0032457281586641 0.0001007768522133 0.2136103756146830 0.8827476828255602 0.9280255323210533
4.2280744116360802 -0.0032665473834576 0.0001005682964777 0.2157282187313919 0.8820080501143595 0.9275551351779782
4.2509589983982163 -0.0032993046265487 0.0001002402788022 0.2190758483875879 0.8808447617022421 0.9268148488820549
4.2739007038535703 -0.0033322703715617 0.0000999103309768 0.2224637171121883 0.8796746408525151 0.9260696590705229
4.2969146651523351 -0.0033654668506161 0.0000995782351848 0.2258944150186064 0.8784969154255791 0.9253190623115451
4.3200009185951975 -0.0033988947176588 0.0000992439898389 0.2293683352672261 0.8773115801338248 0.9245630428559400
4.3431595081785455 -0.0034325546334616 0.0000989075933898 0.2328858737645046 0.8761186298283536 0.9238015849007823
4.3663904191915712 -0.0034664471688100 0.0000985690452940 0.2364474189693289 0.8749180629347042 0.9230346747837526
4.3896937885038643 -0.0035005731114598 0.0000982283429503 0.2400533841422981 0.8737098705865102 0.9222622940410647
4.4130696113223964 -0.0035349330384925 0.0000978854859730 0.2437041624030774 0.8724940517810255 0.9214844290878159
4.4365179170531519 -0.0035695275724242 0.0000975404736352 0.2474001535370869 0.8712706043109339 0.9207010654275594
4.4600387864262157 -0.0036043574075959 0.0000971933046085 0.2511417669557006 0.8700395238431299 0.9199121870572100
4.4836322671305080 -0.0036394231860056 0.0000968439782038 0.2549294084432994 0.8688008083180310 0.9191177792825052
4.5072983899576569 -0.0036747255205876 0.0000964924941403 0.2587634825215578 0.8675544571298495 0.9183178281959258
4.5310371675541621 -0.0037102649929414 0.0000961388525689 0.2626443920967392 0.8663004712109147 0.9175123207331245
4.5548486499000997 -0.0037460422364106 0.0000957830532476 0.2665725474938355 0.8650388501067899 0.9167012427943250
4.5787328926575563 -0.0037820578893453 0.0000954250960094 0.2705483614173381 0.8637695936356781 0.9158845803072587
4.6026899707434366 -0.0038182943991710 0.0000950649823638 0.2745722512601435 0.8624927010119759 0.9150623187097917
4.6246773772798306 -0.0038516517974601 0.0000947335463512 0.2782970639982677 0.8613175037787458 0.9143049347636445
4.6487778603779519 -0.0038883383189118 0.0000943692444748 0.2824148318171704 0.8600257879285959 0.9134717816239418
4.6729475806791791 -0.0039252591662313 0.0000940028420448 0.2865812514782196 0.8587266414402053 0.9126331197705939
4.6971902349356824 -0.0039624204790379 0.0000936342847496 0.2907973614204136 0.8574198721768923 0.9117888106506140
4.7215059160952366 -0.0039998229184054 0.0000932635728333 0.2950635886242038 0.8561054814519208 0.9109388402792814
4.7458946575966552 -0.0040374670511303 0.0000928907076131 0.2993803510128011 0.8547834743889513 0.9100831969841485
4.7703564281488635 -0.0040753533401458 0.0000925156915722 0.3037480560294812 0.8534538602552784 0.9092218716302480
4.7948913354932712 -0.0041134824601086 0.0000921385252390 0.3081671369631372 0.8521166413930252 0.9083548504505986
4.8194994288910902 -0.0041518549926548 0.0000917592102068 0.3126380179686563 0.8507718239291804 0.9074821219781617
4.8441806578357962 -0.0041904713602520 0.0000913777497865 0.3171611059828887 0.8494194200881687 0.9066036785580549
4.8689351541849888 -0.0042293322673325 0.0000909941446507 0.3217368422794569 0.8480594327473147 0.9057195063185078
4.8937628977133656 -0.0042684381775254 0.0000906083979999 0.3263656412682057 0.8466918737556246 0.9048295970676812
4.9186639115075668 -0.0043077896190849 0.0000902205125472 0.3310479261519728 0.8453167532418883 0.9039339413517963
4.9332190827399272 -0.0043308514578132 0.0000899933261012 0.3338033181104789 0.8445113481448666 0.9034089721254431
4.9477742539722875 -0.0043539439944689 0.0000897658052264 0.3365723733434964 0.8437047598581247 0.9028829456090944
4.9648569766059847 -0.0043810915127557 0.0000894983506637 0.3398397296022783 0.8427566072486882 0.9022642293516688
4.9899812922962550 -0.0044211276091708 0.0000891041671975 0.3446794465544431 0.8413592066984934 0.9013516322669605
5.0151648439252714 -0.0044613877743461 0.0000887080783478 0.3495715777437646 0.8399550737470505 0.9004337666228606
5.0404218822770570 -0.0045018951453552 0.0000883098647615 0.3545192799075271 0.8385434313141550 0.8995101083923104
5.0657524148362292 -0.0045426501962881 0.0000879095304641 0.3595229782568494 0.8371242942242172 0.8985806503290141
5.0911564587682268 -0.0045836534142916 0.0000875070795176 0.3645831005145143 0.8356976774392830 0.8976453851337305
5.1166340437345497 -0.0046249053045284 0.0000871025159747 0.3697000775292619 0.8342635958969273 0.8967043053469443
5.1421851974398436 -0.0046664063671331 0.0000866958441073 0.3748743404076992 0.8328220653214299 0.8957574038805304
5.1678099440157750 -0.0047081570946775 0.0000862870684338 0.3801063201337873 0.8313731023194956 0.8948046740819180
5.1935083747309045 -0.0047501580879827 0.0000858761925885 0.3853964621210004 0.8299167203736731 0.8938461070972464
5.2192804669964579 -0.0047924097607898 0.0000854632222139 0.3907451890290531 0.8284529400945244 0.8928816986176447
5.2451262079313929 -0.0048349125405606 0.0000850481629954 0.3961529257279082 0.8269817822532347 0.8919114443041921
5.2529966906187928 -0.0048478812133649 0.0000849215914574 0.3978083820184189 0.8265331606980824 0.8916153735369912
5.2589823175326469 -0.0048577517630673 0.0000848252764070 0.3990701052547210 0.8261917820947042 0.8913900166713853
5.2645163167823084 -0.0048668742518432 0.0000847361870525 0.4002387221536435 0.8258760119648383 0.8911815173750605
5.2905178868373293 -0.0049098151006512 0.0000843170575420 0.4057564236023720 0.8243904571662013 0.8902000082801262
5.3165665432165010 -0.0049529633650619 0.0000838962829422 0.4113286990270686 0.8228990989434172 0.8892136423477568
5.3426889948685616 -0.0049963635168316 0.0000834734393816 0.4169616226022191 0.8214004355703618 0.8882214093138284
5.3688852225798618 -0.0050400159520710 0.0000830485335734 0.4226556194477280 0.8198944914997986 0.8872233066118986
5.3951552796430171 -0.0050839211869731 0.0000826215712524 0.4284111306170288 0.8183812877276111 0.8862193292482953
5.4214991982090339 -0.0051280797025891 0.0000821925586908 0.4342285929280875 0.8168608471635246 0.8852094733578048
5.4479169743463043 -0.0051724919193491 0.0000817615029456 0.4401084354062980 0.8153331955100150 0.8841937367939237
5.4744086564563812 -0.0052171583456677 0.0000813284104183 0.4460510988437045 0.8137983561566304 0.8831721157374363
5.5009741805629773 -0.0052620793005115 0.0000808932895475 0.4520569988388818 0.8122563597225920 0.8821446110490619
5.5276135905372863 -0.0053072552848676 0.0000804561472092 0.4581265751406307 0.8107072313001977 0.8811112197804313
5.5400534754115807 -0.0053283956858848 0.0000802517393597 0.4609770253799559 0.8099828695284508 0.8806276219233915
5.5524933602858750 -0.0053495642861988 0.0000800471589860 0.4638377449298124 0.8092579034444585 0.8801433704223266
5.5793004232158969 -0.0053952244296072 0.0000796057287616 0.4700373170107305 0.8076936232212664 0.8790976324761096
5.6041899743832326 -0.0054377329920380 0.0000791951759064 0.4758361723436111 0.8062387911926895 0.8781240102587624
5.6311184507644310 -0.0054838483712726 0.0000787502477077 0.4821564445240353 0.8046621793918793 0.8770677405840852
5.6581174658961544 -0.0055302138847013 0.0000783033930173 0.4885416995208633 0.8030787753041030 0.8760057137419487
5.6851904094190271 -0.0055768357447808 0.0000778545646497 0.4949931588918668 0.8014884125069897 0.8749377977912152
5.7123373247559899 -0.0056237144439510 0.0000774037708569 0.5015112617968217 0.7998911210378011 0.8738639922081346
5.7395581887894842 -0.0056708503619078 0.0000769510211970 0.5080964311851855 0.7982869355711266 0.8727842994623344
5.7668530526176447 -0.0057182440090063 0.0000764963241953 0.5147491075891095 0.7966758871357040 0.8716987194493344
5.7942218595963704 -0.0057658957110351 0.0000760396903738 0.5214697049134208 0.7950580138453409 0.8706072567189123
5.8216646447753639 -0.0058138059555753 0.0000755811289294 0.5282586589328619 0.7934333491311114 0.8695099125495003
5.8311886896610812 -0.0058304516449756 0.0000754218265482 0.5306265235058339 0.7928689516964526 0.8691283969783117
5.8407127345467984 -0.0058471042351299 0.0000752624439632 0.5330004446806328 0.7923042714693247 0.8687465321456842
5.8683142080490462 -0.0058954516267449 0.0000748000878290 0.5399144830266732 0.7906662056380489 0.8676378935834005
5.8959565103764708 -0.0059439994048108 0.0000743363862847 0.5468897539183218 0.7890234128702454 0.8665247117456732
5.9236727797879052 -0.0059928059587579 0.0000738707951567 0.5539349528988391 0.7873739660923025 0.8654056614264282
5.9514630045223029 -0.0060418716925341 0.0000734033253729 0.5610505013507119 0.7857179049164041 0.8642807475620201
5.9793271324035038 -0.0060911969422354 0.0000729339887451 0.5682368093997116 0.7840552720982749 0.8631499771225681
6.0072651651889357 -0.0061407821431284 0.0000724627963806 0.5754943000945922 0.7823861079108139 0.8620133552910104
6.0352770827960418 -0.0061906276961756 0.0000719897599566 0.5828233899737564 0.7807104546578441 0.8608708885315211
6.0633628436640699 -0.0062407339684709 0.0000715148917155 0.5902244889166366 0.7790283566590767 0.8597225845874039
6.0772015670585837 -0.0062654703245857 0.0000712806990583 0.5938906426686227 0.7781988061364380 0.8591557479886507
6.0844308670999263 -0.0062783937200026 0.0000711583045329 0.5958109222143851 0.7777652637330772 0.8588593653212129
6.0911019339051471 -0.0062903217533308 0.0000710453288608 0.5975860226491191 0.7773650852327656 0.8585857053790918
6.1193632245263272 -0.0063409331181219 0.0000705663753679 0.6051390715652822 0.7756685809453023 0.8574246424559002
6.1476696976512120 -0.0063917538771895 0.0000700861111254 0.6127577483115544 0.7739674799119547 0.8562589381325184
6.1760499602572319 -0.0064428356407826 0.0000696040639404 0.6204500879427827 0.7722601105501078 0.8550874262012815
6.2045039521565304 -0.0064941787512602 0.0000691202473730 0.6282164895774317 0.7705465219026912 0.8539101171971730
6.2330315748792415 -0.0065457834871624 0.0000686346758369 0.6360573402510972 0.7688267660477863 0.8527270236683873
6.2616327678621069 -0.0065976502010051 0.0000681473633022 0.6439730356680007 0.7671008935067832 0.8515381570248912
6.2903075353679734 -0.0066497793694584 0.0000676583228323 0.6519639880489688 0.7653689516029295 0.8503435263984456
6.3015213429055636 -0.0066702004915695 0.0000674669488263 0.6551039481541422 0.7646912124106432 0.8498756132984435
6.3127351504431539 -0.0066906412630956 0.0000672755057770 0.6582523114446448 0.7640132365437107 0.8494072923432846
6.3235837246887696 -0.0067104186970533 0.0000670902350230 0.6613061288971374 0.7633571203084110 0.8489538381326636
6.3335557547386543 -0.0067286050025246 0.0000669198794020 0.6641201393899803 0.7627538272418539 0.8485366882927687
6.3624485228026737 -0.0067813840649579 0.0000664260013688 0.6723109034151245 0.7610048553303583 0.8473262526471477
6.3913810220203180 -0.0068343640573967 0.0000659310211909 0.6805687933063421 0.7592520333593732 0.8461115044141062
6.4203868885863127 -0.0068876068344625 0.0000654343781741 0.6889037163133221 0.7574933768247439 0.8448910471728824
6.4494659881493384 -0.0069411126429492 0.0000649360888247 0.6973160362761659 0.7557289453092422 0.8436648981904781
6.4786181713406368 -0.0069948817088859 0.0000644361701028 0.7058061102031967 0.7539588000150628 0.8424330758258676
6.5078433980823389 -0.0070489144676568 0.0000639346372870 0.7143743246482687 0.7521829962050075 0.8411955942674082
6.5371415583174368 -0.0071032112341366 0.0000634315070460 0.7230210436524671 0.7504015940782770 0.8399524710992953
6.5437232450665901 -0.0071154155804408 0.0000633184366764 0.7249713502488753 0.7500012564893022 0.8396728612451321
6.5501162498018068 -0.0071272706637851 0.0000632085926880 0.7268685074063735 0.7496123428346149 0.8394011455194756
6.5795633450098148 -0.0071819551146784 0.0000627024409593 0.7356422098295016 0.7478202978327501 0.8381480456994230
6.6090397902873592 -0.0072368225137699 0.0000621954775677 0.7444824352645202 0.7460254388167473 0.8368911896154766
6.6385889032055854 -0.0072919537431398 0.0000616869736030 0.7534024367403043 0.7442251862374152 0.8356287501890369
6.6682105307475972 -0.0073473490618443 0.0000611769473005 0.7624025550031065 0.7424196058943409 0.8343607488019635
6.6979044471651656 -0.0074030086017051 0.0000606654183327 0.7714831055989551 0.7406087686876593 0.8330872104200138
6.7276705676322841 -0.0074589327679700 0.0000601524041261 0.7806444440852519 0.7387927375820469 0.8318081544320620
6.7397621439027100 -0.0074816871371347 0.0000599439428443 0.7843827350034199 0.7380548190247347 0.8312878924809116
6.7466516550665849 -0.0074946615867309 0.0000598251501795 0.7865170628639808 0.7376343173838906 0.8309912832763389
6.7526366112834237 -0.0075059276035858 0.0000597219462598 0.7883737176251410 0.7372689952698722 0.8307335142119436
6.7583207392078330 -0.0075166272987528 0.0000596239224985 0.7901392461181410 0.7369220104046980 0.8304886132301873
6.7882575829914140 -0.0075730564411031 0.0000591075356307 0.7994731353132438 0.7350941415306690 0.8291973700956451
6.8182419228344520 -0.0076297039077336 0.0000585901390080 0.8088812751514358 0.7332627650950266 0.8279017235478219
6.8482979286696342 -0.0076866157984365 0.0000580713324678 0.8183715482965057 0.7314264659327138 0.8266006495738828
6.8784253074312094 -0.0077437921633254 0.0000575511379060 0.8279442301905534 0.7295853228903684 0.8252941788356976
6.9086238464245726 -0.0078012332149826 0.0000570295760005 0.8375996177888423 0.7277394105170163 0.8239823389972580
6.9388933634158230 -0.0078589392353025 0.0000565066670686 0.8473380142156901 0.7258888020997931 0.8226651568658552
6.9445785174499468 -0.0078697919442849 0.0000564084434077 0.8491737889208499 0.7255411902714206 0.8224175171947575
6.9502636714840706 -0.0078806367783930 0.0000563102176204 0.8510116910131568 0.7251935683851410 0.8221697992032584
6.9559941805037742 -0.0078915698959114 0.0000562112050806 0.8528664079686259 0.7248431635940664 0.8219200259241598
6.9863890779144864 -0.0079496365295501 0.0000556859849457 0.8627400265791889 0.7229844560243143 0.8205938992554144
7.0168402638648280 -0.0080079401893178 0.0000551597163155 0.8726928116237945 0.7211221117675208 0.8192631201745267
7.0473616216371333 -0.0080665080247769 0.0000546321770449 0.8827296078705347 0.7192553460811324 0.8179271039798967
7.0779528811013277 -0.0081253401886920 0.0000541033896903 0.8928506722910189 0.7173842402303939 0.8165858834428641
7.1086137862219410 -0.0081844368732897 0.0000535733767137 0.9030562622532473 0.7155088751606598 0.8152394911884357
7.1202609191005273 -0.0082069201043930 0.0000533720392083 0.9069491669724986 0.7147964955726167 0.8147274899919794
7.1274240824176900 -0.0082207569830297 0.0000532482137694 0.9093477658986789 0.7143583776198099 0.8144124529659839
7.1310487281704358 -0.0082277613207071 0.0000531855567703 0.9105627629383739 0.7141366868876806 0.8142529975678996
7.1346733739231816 -0.0082347587969781 0.0000531229008897 0.9117786182520120 0.7139149976365848 0.8140935134023828
7.1393470158118575 -0.0082437824739785 0.0000530421124158 0.9133476166089356 0.7136291525563485 0.8138878311033009
7.1701970438185798 -0.0083034216031664 0.0000525088510125 0.9237401151355069 0.7117424178335825 0.8125289637945017
7.2010657973254908 -0.0083632274701384 0.0000519752991488 0.9342010432910400 0.7098547363861890 0.8111672319033713
7.2320029662102376 -0.0084232967527785 0.0000514406164871 0.9447474152464014 0.7079631364628176 0.8098004716100625
7.2630081423041641 -0.0084836293972431 0.0000509048288124 0.9553794133516824 0.7060677108216196 0.8084287246093711
7.2940809144072798 -0.0085442253558959 0.0000503679620879 0.9660972133094807 0.7041685528641892 0.8070520332171326
7.3021889091281009 -0.0085600586943472 0.0000502278913475 0.9689041711927270 0.7036730688506047 0.8066924881606254
7.3061267553147609 -0.0085677517808074 0.0000501598652997 0.9702689761241539 0.7034324367092156 0.8065178193639435
7.3100646015014208 -0.0085754387242214 0.0000500918420342 0.9716347857578570 0.7031918123551737 0.8063431199784237
7.3143066691241012 -0.0085837190291176 0.0000500185660021 0.9731072360010213 0.7029326073118726 0.8061548899030018
7.3455505697138124 -0.0086447804244060 0.0000494789410129 0.9839880911498745 0.7010237991922174 0.8047674456419146
7.3768013179104139 -0.0087059870160238 0.0000489393368505 0.9949344735058346 0.6991151528370835 0.8033778178881409
7.4081182425425300 -0.0087674554173880 0.0000483987479887 1.0059672829892792 0.6972031129260490 0.8019833996228687
7.4395007445587691 -0.0088291852588122 0.0000478572041609 1.0170866025452767 0.6952877862412888 0.8005842437227734
7.4709482204654876 -0.0088911761727062 0.0000473147352731 1.0282925062537978 0.6933692801842324 0.7991804037627834
7.4767320073294110 -0.0089025819375783 0.0000472149889501 1.0303604030349913 0.6930165213108413 0.7989220192085681
7.4825157941933345 -0.0089139861097896 0.0000471152506978 1.0324304477066677 0.6926637915793001 0.7986635756274126
7.5140710239745756 -0.0089762837437734 0.0000465712327428 1.0437620092204076 0.6907398983545293 0.7972525278906153
7.5456711889624586 -0.0090388033549056 0.0000460266817562 1.0551736420595232 0.6888142153165776 0.7958377554381364
7.5773344922196699 -0.0091015816932918 0.0000454813036326 1.0666721311695089 0.6868857040132451 0.7944184729894228
7.6090602489507093 -0.0091646182704323 0.0000449351300340 1.0782574898761181 0.6849544780874802 0.7929947398326838
7.6212043134054150 -0.0091887831956398 0.0000447261424128 1.0827091416386103 0.6842155409408597 0.7924493303668999
7.6276437821923100 -0.0092016048093389 0.0000446153434817 1.0850734688178316 0.6838237847009810 0.7921600282432991
7.6340832509792049 -0.0092144213389505 0.0000445045585291 1.0874404351141504 0.6834320774999634 0.7918706605367680
7.6424779157448492 -0.0092311279679718 0.0000443601567823 1.0905300370746118 0.6829215120294766 0.7914933350201225
7.6743636200957512 -0.0092946703776047 0.0000438118768957 1.1023061784585124 0.6809830068463418 0.7900591296560375
7.7062765868412288 -0.0093584021592251 0.0000432634678342 1.1141569920497341 0.6790441473222543 0.7886221444046116
7.7382491025081164 -0.0094223884941645 0.0000427143943517 1.1260946013631890 0.6771030427012078 0.7871809582171236
7.7702802798703274 -0.0094866285332927 0.0000421646918271 1.1381189019081299 0.6751598197920110 0.7857356418407954
7.7779834436269715 -0.0095020979635092 0.0000420325526124 1.1410202786244674 0.6746927176779194 0.7853878408511461
7.7847702227581586 -0.0095157179236393 0.0000419161540104 1.1435796012991390 0.6742812558329809 0.7850813460166003
7.7909024412574528 -0.0095280266257452 0.0000418109976006 1.1458945825340368 0.6739095373251638 0.7848043562392868
7.8231018638996268 -0.0095927393841867 0.0000412590844549 1.1580890755180675 0.6719586382251567 0.7833490714453634
7.8552848263625075 -0.0096575560211709 0.0000407078837515 1.1703424523758914 0.6700103667079164 0.7818931322244468
7.8875230554834381 -0.0097226214914222 0.0000401561857871 1.1826819989718622 0.6680604483542836 0.7804333307092440
7.9198154591776069 -0.0097879345625771 0.0000396040294608 1.1951074856070227 0.6661090224192657 0.7789697489984331
7.9404322456421035 -0.0098296492522529 0.0000392517705167 1.2030744876720290 0.6648641071595893 0.7780346621027727
7.9590179441986875 -0.0098673014728873 0.0000389343888059 1.2102793265095981 0.6637424906295259 0.7771912543954074
7.9914452238018603 -0.0099331042190410 0.0000383810442182 1.2229014098435211 0.6617870801964425 0.7757187436323190
8.0239049265285800 -0.0099991121835679 0.0000378276773936 1.2356015384914032 0.6598317083778045 0.7742435462628622
8.0346423513302963 -0.0100209778850707 0.0000376447477793 1.2398170268628035 0.6591853360548869 0.7737553014905360
8.0453797761320125 -0.0100428589033597 0.0000374618788620 1.2440396555347546 0.6585391912337266 0.7732669295633446
8.0531378510210949 -0.0100586780600255 0.0000373297893350 1.2470950571629538 0.6580724772786859 0.7729139895447266
8.0608959259101773 -0.0100744860918866 0.0000371977343265 1.2501541813106549 0.6576058838195402 0.7725609844099296
8.0681122629170172 -0.0100891953581287 0.0000370749299741 1.2530030299914443 0.6571719811908460 0.7722325712252550
8.1007385795985307 -0.0101557843758056 0.0000365200660741 1.2659233007430402 0.6552115636584014 0.7707470720400417
8.1333588041444926 -0.0102225018511258 0.0000359659015390 1.2789067452433809 0.6532537394199188 0.7692607566913460
8.1660232061990357 -0.0102894512813920 0.0000354116007889 1.2919733258527055 0.6512955579179748 0.7677713727087724
8.1746982960929948 -0.0103072557414942 0.0000352644937689 1.2954545830732496 0.6507758931226905 0.7673756460704150
8.1799415790817402 -0.0103180217426671 0.0000351756030386 1.2975609149851874 0.6504618853344274 0.7671364317618032
8.1851848620704857 -0.0103287794712204 0.0000350867302033 1.2996689311331069 0.6501479387848816 0.7668971916861063
8.1903636600074705 -0.0103394062167610 0.0000349989668837 1.3017526742586023 0.6498379138349423 0.7666608687792335
8.2231670971224506 -0.0104068004822712 0.0000344434374089 1.3149895852413278 0.6478755731962668 0.7651633866423606
8.2559453943902081 -0.0104742858812462 0.0000338890001790 1.3282819790693075 0.6459172189723172 0.7636660968602119
8.2887614057798160 -0.0105419924203013 0.0000333346094316 1.3416552139496976 0.6439591587535514 0.7621661676957531
8.2963072075779589 -0.0105575814027184 0.0000332072299462 1.3447395478954323 0.6435092839453370 0.7618211444487113
8.3001382751031070 -0.0105654989797420 0.0000331425725667 1.3463068135048819 0.6432809317382735 0.7616459556221417
8.3039693426282550 -0.0105734109214928 0.0000330779257420 1.3478749698574024 0.6430526152578366 0.7614707550221496
8.3078467415340231 -0.0105814178838749 0.0000330125072672 1.3494629975464936 0.6428215741582587 0.7612934236834986
8.3407685825997646 -0.0106494832715440 0.0000324574613318 1.3629831798797281 0.6408613699925948 0.7597872814989871
8.3736738372649917 -0.0107176589736008 0.0000319034271490 1.3765620649868087 0.6389048726985278 0.7582810778683964
8.4066092643494219 -0.0107860425551366 0.0000313496344872 1.3902188143698879 0.6369493637170124 0.7567727117434234
8.4139884590841802 -0.0108013839269200 0.0000312256615372 1.3932875701370986 0.6365116189488197 0.7564346585877971
8.4186946718836086 -0.0108111631181050 0.0000311466168279 1.3952464339203370 0.6362325141194031 0.7562190399145586
8.4229764271667609 -0.0108200597513051 0.0000310747153080 1.3970297826639784 0.6359786327465494 0.7560228551542583
8.4558840615215480 -0.0108885172522855 0.0000305225522277 1.4107725331424834 0.6340290447108297 0.7545146661712494
8.4888859362140767 -0.0109573170110409 0.0000299696004871 1.4246198101665781 0.6320768109995069 0.7530014722252142
8.5219093459672930 -0.0110263088993271 0.0000294170985791 1.4385412702624778 0.6301263062763579 0.7514866428520046
8.5271731184700084 -0.0110373105469640 0.0000293291095204 1.4407662935357475 0.6298156864713333 0.7512451290630339
8.5319705799708050 -0.0110473367134497 0.0000292489341540 1.4427956423504724 0.6295326519493099 0.7510249973169568
8.5649490192508217 -0.0111163421295594 0.0000286982747690 1.4567827351804836 0.6275887995175802 0.7495114449503579
8.5980131057808453 -0.0111856747003474 0.0000281470336805 1.4708709774141633 0.6256430376067136 0.7479934023547387
8.6091504005740127 -0.0112090621400751 0.0000279615478453 1.4756310375147077 0.6249883454381389 0.7474819461798706
8.6202876953671801 -0.0112324665001557 0.0000277761607642 1.4803984341398675 0.6243340184365566 0.7469704323738466
8.6351313261801224 -0.0112636642615530 0.0000275292366221 1.4867637464776486 0.6234625115176673 0.7462886068671754
8.6499749569930646 -0.0112948764082702 0.0000272824922304 1.4931420613874655 0.6225916616595151 0.7456066849651046
8.6830682801207733 -0.0113645709315064 0.0000267330320508 1.5074090007795677 0.6206525260235020 0.7440860361365238
8.7161623336403888 -0.0114344170437974 0.0000261844658857 1.5217406151113253 0.6187166949642523 0.7425649306678954
8.7239024074199669 -0.0114507744679874 0.0000260562989977 1.5251017753340346 0.6182644295349121 0.7422091159403540
8.7316424811995450 -0.0114671218088596 0.0000259281849382 1.5284664433948378 0.6178123505460553 0.7418532806462557
8.7405280499027089 -0.0114858979670827 0.0000257811732806 1.5323333885184405 0.6172935970887059 0.7414447586271425
8.7736209211355547 -0.0115559222810148 0.0000252342454717 1.5467757844883900 0.6153637738411961 0.7399230634502711
8.8067084591634313 -0.0116260865401387 0.0000246883524069 1.5612796762158967 0.6134377548829889 0.7384012945919012
8.8131023687902523 -0.0116396627450615 0.0000245829731740 1.5640897822954831 0.6130659738675285 0.7381071910262370
8.8164590531921085 -0.0116467922772517 0.0000245276654262 1.5655659867015390 0.6128708488364301 0.7379527879827915
8.8198157375939648 -0.0116539161770473 0.0000244723685005 1.5670428453730587 0.6126757603258720 0.7377983821596606
8.8240445822120108 -0.0116628923155796 0.0000244027181761 1.5689043641489691 0.6124300346098941 0.7376038534939381
8.8570300639596145 -0.0117329923478310 0.0000238599828843 1.5834600121263014 0.6105153566353033 0.7360863664566698
8.8900857494833776 -0.0118033935582300 0.0000233170724451 1.5981097866005869 0.6086002170446309 0.7345654260295007
8.8976384577875205 -0.0118195005834137 0.0000231931650351 1.6014658833267523 0.6081631505418651 0.7342178873505837
8.9020634001930841 -0.0118289410019285 0.0000231205949921 1.6034336637909741 0.6079071734497413 0.7340142688079812
8.9043455688367246 -0.0118338109818206 0.0000230831739205 1.6044489895796010 0.6077751788144137 0.7339092511156124
8.9066277374803651 -0.0118386772948696 0.0000230457581649 1.6054646153745769 0.6076432016878234 0.7338042326093004
8.9096312040051373 -0.0118450816215419 0.0000229965242768 1.6068016950396820 0.6074695389310537 0.7336660209295256
8.9396658692528597 -0.0119091943152824 0.0000225046426802 1.6202010326361560 0.6057345965363529 0.7322838336255910
8.9726608199047959 -0.0119797722077749 0.0000219652472428 1.6349807341311040 0.6038322178018530 0.7307652904966198
8.9817041141119489 -0.0119991431070098 0.0000218175876451 1.6390424596061881 0.6033114693509994 0.7303490683951582
8.9867896752222922 -0.0120100415565049 0.0000217345841707 1.6413286547814581 0.6030187478217051 0.7301150000874410
8.9911575330167750 -0.0120193982229276 0.0000216633150057 1.6432933892371229 0.6027674087470896 0.7299139633278450
8.9951929371293815 -0.0120280422489268 0.0000215974868453 1.6451095493384531 0.6025352592241916 0.7297282270461815
9.0278886274861154 -0.0120981628612388 0.0000210647062287 1.6598587251542629 0.6006564451112898 0.7282233197293340
9.0607895290719487 -0.0121688768395129 0.0000205296205504 1.6747619160468521 0.5987696642571840 0.7267089330299105
9.0663349430180062 -0.0121808108199667 0.0000204395359525 1.6772798901054913 0.5984520305115452 0.7264536838644375
9.0712684500659329 -0.0121914232400524 0.0000203594180043 1.6795214856506973 0.5981695387427394 0.7262266002593256
9.0757611354227414 -0.0122010883739928 0.0000202864797777 1.6815639895447303 0.5979123645733995 0.7260198074023363
9.1089582564496823 -0.0122725948484468 0.0000197481436831 1.6966917827146077 0.5960143311832681 0.7244918000907951
9.1417391305226250 -0.0123433599263664 0.0000192176303419 1.7116909970426586 0.5941440446291151 0.7229830047636482
9.1479736181310631 -0.0123568246846070 0.0000191168568449 1.7145505048448715 0.5937887884985026 0.7226960607417064
9.1536693251138157 -0.0123691291940438 0.0000190248264928 1.7171648082761186 0.5934643590794079 0.7224339171977899
9.1862881196925343 -0.0124396861870710 0.0000184984087734 1.7321718115553559 0.5916087054874685 0.7209327084504183
9.1992089082200739 -0.0124676774705849 0.0000182901860709 1.7381328186102436 0.5908747541383226 0.7203380922068474
9.2121296967476134 -0.0124956930317913 0.0000180821342559 1.7441031768519042 0.5901414314005886 0.7197434989181224
9.2168226526370116 -0.0125058685854472 0.0000180066110181 1.7462739816969324 0.5898752374890553 0.7195275429525501
9.2215156085264098 -0.0125160438761100 0.0000179311108904 1.7484460180517325 0.5896091269079400 0.7193115903799350
9.2539163538949687 -0.0125863828669644 0.0000174104702608 1.7634755813266105 0.5877741525521689 0.7178207279494853
9.2658490112375649 -0.0126123262118749 0.0000172190019935 1.7690254672046846 0.5870993733905780 0.7172717165794936
9.2777816685801611 -0.0126382904510947 0.0000170276826843 1.7745832769970857 0.5864251419841268 0.7167227339369029
9.2864662240048315 -0.0126571906812822 0.0000168885362063 1.7786332125930582 0.5859347835888662 0.7163232048628915
9.2951507794295019 -0.0126760947548643 0.0000167494700532 1.7826873369135912 0.5854447170337008 0.7159236924614588
9.3274554089997679 -0.0127465112079328 0.0000162328753910 1.7978044945765608 0.5836243538224989 0.7144377513771677
9.3398393069323120 -0.0127735460709414 0.0000160351346191 1.8036149345227355 0.5829276047916253 0.7138681899259810
9.3448067221194613 -0.0127843966565226 0.0000159558631597 1.8059479930903857 0.5826482950587186 0.7136397397110924
9.3497741373066106 -0.0127952432596594 0.0000158766191181 1.8082824141954226 0.5823690824101733 0.7134112963265276
9.3543852020000404 -0.0128053135033397 0.0000158030837542 1.8104505883493491 0.5821099869192564 0.7131992471297546
9.3861880363100667 -0.0128748546653930 0.0000152965294062 1.8254365509730710 0.5803252814284954 0.7117368993640215
9.3975620994934221 -0.0128997621728690 0.0000151156296984 1.8308096890737513 0.5796879713101728 0.7112139767676018
9.4030222860919075 -0.0129117260433151 0.0000150288377318 1.8333916209794092 0.5793822106080951 0.7109629595896169
9.4057184153346185 -0.0129176352063282 0.0000149859936092 1.8346671302126540 0.5792312762397099 0.7108390160428205
9.4084145445773295 -0.0129235421205980 0.0000149431578428 1.8359430384159594 0.5790803709601021 0.7107150749245277
9.4113323682399965 -0.0129299343369108 0.0000148968089748 1.8373243100323942 0.5789170900431028 0.7105809452626616
9.4405106048666667 -0.0129939266199142 0.0000144338334235 1.8511626897478086 0.5772861664412646 0.7092398111832152
9.4509143281774879 -0.0130167744879567 0.0000142689824926 1.8561081386017577 0.5767054805975925 0.7087616937914855
9.4613180514883091 -0.0130396386759916 0.0000141042512082 1.8610595013564397 0.5761252343841873 0.7082836171062018
9.4637799755644529 -0.0130450516209187 0.0000140652869474 1.8622320502872407 0.5759879901096294 0.7081704917082461
9.4662418996405968 -0.0130504621086082 0.0000140263298388 1.8634049299569853 0.5758507704718421 0.7080573686615114
9.4691576682956775 -0.0130568701419372 0.0000139801999980 1.8647944523957787 0.5756882869687765 0.7079233949493646
9.4983153548464845 -0.0131210211306156 0.0000135194223083 1.8787151561460560 0.5740653650107626 0.7065838451725079
9.5093424354296321 -0.0131453158376513 0.0000133454095173 1.8839918515854981 0.5734525057636546 0.7060773355550924
9.5143462941172352 -0.0131563463688534 0.0000132664911719 1.8863884847356440 0.5731745684454544 0.7058475092440696
9.5176749779699321 -0.0131636862488460 0.0000132140084366 1.8879835341285958 0.5729897353273755 0.7056946294242848
9.5210036618226290 -0.0131710245485283 0.0000131615385894 1.8895791848687118 0.5728049479593255 0.7055417544517114
9.5258780305070143 -0.0131817701710337 0.0000130847271466 1.8919168656703802 0.5725344366724620 0.7053179003118638
9.5575105137778031 -0.0132515925338395 0.0000125869079066 1.9071186564834437 0.5707813368634399 0.7038654480027333
9.5666774868529671 -0.0132718554064694 0.0000124428540646 1.9115341935504393 0.5702740749501193 0.7034446201477880
9.5700798530585374 -0.0132793793525850 0.0000123894121523 1.9131741963805151 0.5700858917431996 0.7032884381326997
9.5734822192641076 -0.0132869010277231 0.0000123359839654 1.9148148241520939 0.5698977569677772 0.7031322617321031
9.5768704754480325 -0.0132943919311584 0.0000122827906603 1.9164492688881556 0.5697104506329854 0.7029767386243824
9.6066969898195396 -0.0133604098435352 0.0000118151021911 1.9308638377417751 0.5680636937665299 0.7016079297883059
9.6148787011949040 -0.0133785432013706 0.0000116869892913 1.9348262671988290 0.5676126282859842 0.7012325313418978
9.6197916052610974 -0.0133894367874177 0.0000116100979462 1.9372073314502709 0.5673419115187973 0.7010071312440824
9.6247045093272909 -0.0134003271604025 0.0000115332353743 1.9395896921610603 0.5670712970118110 0.7007817439288941
9.6301545132516804 -0.0134124119118946 0.0000114480025911 1.9422340188395011 0.5667712176987050 0.7005317313769441
9.6609540258422726 -0.0134807928686227 0.0000109669759074 1.9572077834477764 0.5650777638106649 0.6991191447340620
9.6744438640789969 -0.0135107783055588 0.0000107566411720 1.9637821108732094 0.5643373281406255 0.6985006153931240
9.6870146531848285 -0.0135387385472562 0.0000105608290615 1.9699172856001919 0.5636480414314881 0.6979243204712137
9.6968399633246616 -0.0135606094389461 0.0000104079117473 1.9747183989517920 0.5631097701499443 0.6974739539524710
9.7066652734644947 -0.0135824954675260 0.0000102551080281 1.9795246569408260 0.5625719159706379 0.6970236451617512
9.7118501632906948 -0.0135940497666825 0.0000101745183958 1.9820630273158522 0.5622882547144512 0.6967860373933837
9.7167380200455185 -0.0136049403775858 0.0000100985753891 1.9844572888771908 0.5620209505078633 0.6965620567885789
9.7470036134847913 -0.0136724587361083 0.0000096289665796 1.9993108162027511 0.5603681169540344 0.6951755008444956
9.7506036726729555 -0.0136804995951003 0.0000095731795359 2.0010808619080680 0.5601717800672056 0.6950106101889256
9.7525626740062332 -0.0136848759556814 0.0000095428290501 2.0020443351977684 0.5600649655726619 0.6949208871149365
9.7545216753395110 -0.0136892506907686 0.0000095124834250 2.0030080118381552 0.5599581678214326 0.6948311665227432
9.7572210906380619 -0.0136952793635082 0.0000094706760869 2.0043362477797535 0.5598110328571121 0.6947075396780462
9.7842152436235708 -0.0137556296025378 0.0000090530816499 2.0176398155878412 0.5583414415446195 0.6934715347823455
9.7902290738205622 -0.0137690903648794 0.0000089601677574 2.0206088661167003 0.5580144786212810 0.6931962405841319
9.7962429040175536 -0.0137825521670489 0.0000088672979306 2.0235798255871900 0.5576876751351387 0.6929209709555586
9.8018911579204371 -0.0137951981543778 0.0000087801135675 2.0263719199734509 0.5573808831942455 0.6926624572969816
9.8119870806796836 -0.0138178147925801 0.0000086243723953 2.0313668142767001 0.5568328621423804 0.6922004341597779
9.8220830034389301 -0.0138404477227773 0.0000084687542700 2.0363670765072235 0.5562852927964967 0.6917384821628169
9.8281610903713315 -0.0138540813853343 0.0000083751263447 2.0393799897564651 0.5559558557693571 0.6914604061189277
9.8328995759476960 -0.0138647109394625 0.0000083021653525 2.0417302088237279 0.5556991400510997 0.6912436358579854
9.8376380615240606 -0.0138753417380181 0.0000082292318896 2.0440816078166817 0.5554425242213025 0.6910268816666758
9.8482181777776692 -0.0138990912501050 0.0000080664840553 2.0493360797610025 0.5548699122018041 0.6905429701975362
9.8587982940312777 -0.0139228587674331 0.0000079038723858 2.0545964248127984 0.5542978000162001 0.6900591403209263
9.8656746049608177 -0.0139383156115868 0.0000077982597017 2.0580184148459639 0.5539262369573348 0.6897447300991071
9.8725509158903577 -0.0139537721900387 0.0000076927057627 2.0614428812332228 0.5535548856163612 0.6894303550437261
9.8836369909236801 -0.0139787074927780 0.0000075226521372 2.0669690590835597 0.5529566352251003 0.6889235903596711
9.8953952163532737 -0.0140051763667712 0.0000073424527007 2.0728373104990561 0.5523227168825040 0.6883862024104966
9.8987000246006804 -0.0140126198392547 0.0000072918357649 2.0744879618341532 0.5521446577070085 0.6882351813415822
9.9020048328480872 -0.0140200622514901 0.0000072412326188 2.0761391832108664 0.5519666477390588 0.6880841687009601
9.9053638602148446 -0.0140276277658426 0.0000071898131400 2.0778180786879230 0.5517857678174872 0.6879306871924873
9.9141839735488713 -0.0140475019716416 0.0000070548623100 2.0822293129376019 0.5513110571273472 0.6875277182160836
9.9230040868828979 -0.0140673888360664 0.0000069200073814 2.0866446010026887 0.5508366984411633 0.6871248102776499
9.9286911549133272 -0.0140802182933574 0.0000068331060115 2.0894936560011077 0.5505310264890335 0.6868650543211715
9.9343782229437565 -0.0140930498670491 0.0000067462450368 2.0923443938199444 0.5502255012305426 0.6866053241378114
9.9396737743291013 -0.0141050002157699 0.0000066654001865 2.0950003895400657 0.5499411413800582 0.6863634979439459
9.9490402027531175 -0.0141261484426201 0.0000065224921416 2.0997017109307237 0.5494384964045517 0.6859358268417353
9.9584066311771338 -0.0141473110375592 0.0000063796929833 2.1044075873361976 0.5489362510808555 0.6855082271307321
9.9663787264614232 -0.0141653298275583 0.0000062582381643 2.1084165086053286 0.5485090877666993 0.6851443387957659
9.9738776076780749 -0.0141822855777374 0.0000061440653790 2.1121904715066453 0.5481075454011659 0.6848020984625056
9.9848013317537934 -0.0142070018067444 0.0000059778738077 2.1176932657625489 0.5475230737145282 0.6843036362764624
9.9888965998432173 -0.0142162729078558 0.0000059156075496 2.1197578363458760 0.5473040981950811 0.6841167903293353
9.9929918679326413 -0.0142255441388542 0.0000058533626079 2.1218232740985865 0.5470851995949781 0.6839299585842967
9.9967131069951787 -0.0142339698717278 0.0000057968209699 2.1237008229639640 0.5468863602160459 0.6837602029163591
10.0060247554421284 -0.0142550635868285 0.0000056554129697 2.1284021437066230 0.5463890838662632 0.6833354755336519
10.0153364038890782 -0.0142761716490120 0.0000055141137456 2.1331079396954373 0.5458922067418241 0.6829108227913592
10.0202020009228079 -0.0142872043059382 0.0000054403246167 2.1355686285771718 0.5456327335079687 0.6826889597575921
10.0250675979565376 -0.0142982391060880 0.0000053665654964 2.1380305375542723 0.5453733695168991 0.6824671173752392
10.0350615981588316 -0.0143209170590361 0.0000052151568007 2.1430911551176233 0.5448409756471521 0.6820115153848397
10.0399698682852545 -0.0143320607753430 0.0000051408428184 2.1455784163392608 0.5445796747050610 0.6817877916730132
10.0429608893702706 -0.0143388535389574 0.0000050955719807 2.1470947210515838 0.5444204968248721 0.6816514685238110
10.0459519104552868 -0.0143456452294535 0.0000050503127760 2.1486114857332899 0.5442613603546628 0.6815151533456160
10.0552701033455936 -0.0143668135412294 0.0000049093852631 2.1533397441523374 0.5437658544754332 0.6810905299285805
10.0645882962359003 -0.0143879963480288 0.0000047685676524 2.1580724611369702 0.5432707519383803 0.6806659847433033
10.0703072682955987 -0.0144010018141880 0.0000046821967155 2.1609793372898318 0.5429670863851089 0.6804054622988196
10.0757912674596781 -0.0144134760063301 0.0000045994137167 2.1637683548002027 0.5426760404282922 0.6801556718724703
