0.0000920157523706 -0.0000000000054604 0.0001115144233729 0.0000000000000022 0.9999999999496266 0.9999999999681090
0.0001260191007179 -0.0000000000102423 0.0001115144233611 0.0000000000000057 0.9999999999049906 0.9999999999401805
0.0001675230636946 -0.0000000000181004 0.0001115144233417 0.0000000000000133 0.9999999998316409 0.9999999998942857
0.0002171877765749 -0.0000000000304241 0.0001115144233112 0.0000000000000290 0.9999999997166085 0.9999999998223097
0.0002756608921149 -0.0000000000490120 0.0001115144232652 0.0000000000000593 0.9999999995431053 0.9999999997137481
0.0003435545971306 -0.0000000000761284 0.0001115144231982 0.0000000000001148 0.9999999992899954 0.9999999995553762
0.0004214604315316 -0.0000000001145699 0.0001115144231031 0.0000000000002120 0.9999999989311745 0.9999999993308605
0.0005099455065978 -0.0000000001677281 0.0001115144229716 0.0000000000003756 0.9999999984349859 0.9999999990203929
0.0006095609451392 -0.0000000002396589 0.0001115144227937 0.0000000000006414 0.9999999977635707 0.9999999986002853
0.0007208440001655 -0.0000000003351525 0.0001115144225575 0.0000000000010608 0.9999999968722159 0.9999999980425601
0.0008443112112540 -0.0000000004597962 0.0001115144222493 0.0000000000017045 0.9999999957087681 0.9999999973145851
0.0009804571363137 -0.0000000006200373 0.0001115144218530 0.0000000000026692 0.9999999942130484 0.9999999963787058
0.0011297742521111 -0.0000000008232735 0.0001115144213503 0.0000000000040839 0.9999999923160041 0.9999999951917157
0.0012927245814064 -0.0000000010778863 0.0001115144207206 0.0000000000061181 0.9999999899394011 0.9999999937046632
0.0014697742384368 -0.0000000013933568 0.0001115144199404 0.0000000000089919 0.9999999869947422 0.9999999918621751
0.0016613691107878 -0.0000000017803009 0.0001115144189834 0.0000000000129867 0.9999999833829343 0.9999999896022487
0.0018679461237339 -0.0000000022505565 0.0001115144178204 0.0000000000184584 0.9999999789934828 0.9999999868557465
0.0020899344012738 -0.0000000028172578 0.0001115144164188 0.0000000000258522 0.9999999737037891 0.9999999835459583
0.0023277551162304 -0.0000000034949092 0.0001115144147429 0.0000000000357200 0.9999999673784665 0.9999999795881719
0.0025818057854546 -0.0000000042994063 0.0001115144127532 0.0000000000487383 0.9999999598691435 0.9999999748895501
0.0028525008212255 -0.0000000052482308 0.0001115144104066 0.0000000000657321 0.9999999510126417 0.9999999693479916
0.0031402215657829 -0.0000000063603641 0.0001115144076561 0.0000000000876962 0.9999999406317868 0.9999999628526377
0.0034453534772136 -0.0000000076564769 0.0001115144044506 0.0000000001158247 0.9999999285336327 0.9999999552827608
0.0037682777936399 -0.0000000091589826 0.0001115144007346 0.0000000001515405 0.9999999145089690 0.9999999465074568
0.0041093658883364 -0.0000000108920856 0.0001115143964483 0.0000000001965279 0.9999998983318695 0.9999999363853628
0.0044689837571105 -0.0000000128818719 0.0001115143915272 0.0000000002527704 0.9999998797588400 0.9999999247641227
0.0048474707413024 -0.0000000151562520 0.0001115143859023 0.0000000003225860 0.9999998585293602 0.9999999114807281
0.0052451979862932 -0.0000000177453756 0.0001115143794989 0.0000000004086820 0.9999998343620076 0.9999998963590910
0.0056625038686826 -0.0000000206813292 0.0001115143722378 0.0000000005141921 0.9999998069572813 0.9999998792118123
0.0060997443191757 -0.0000000239985323 0.0001115143640337 0.0000000006427391 0.9999997759939018 0.9999998598378657
0.0065572369001261 -0.0000000277334029 0.0001115143547967 0.0000000007984771 0.9999997411319377 0.9999998380245538
0.0070353095184164 -0.0000000319247734 0.0001115143444307 0.0000000009861647 0.9999997020089210 0.9999998135450791
0.0075343084422056 -0.0000000366140851 0.0001115143328332 0.0000000012112394 0.9999996582380304 0.9999997861574046
0.0080545365494409 -0.0000000418448964 0.0001115143198965 0.0000000014798629 0.9999996094126842 0.9999997556071301
0.0085963272210476 -0.0000000476636446 0.0001115143055057 0.0000000017990308 0.9999995550994283 0.9999997216230408
0.0091599763765989 -0.0000000541190372 0.0001115142895403 0.0000000021766211 0.9999994948436176 0.9999996839206627
0.0097458087004465 -0.0000000612628367 0.0001115142718724 0.0000000026215214 0.9999994281620939 0.9999996421976806
0.0103541209511772 -0.0000000691492996 0.0001115142523678 0.0000000031436880 0.9999993545484149 0.9999995961372103
0.0109852172237345 -0.0000000778356567 0.0001115142308849 0.0000000037542714 0.9999992734683786 0.9999995454049985
0.0116393984960807 -0.0000000873820735 0.0001115142072748 0.0000000044657181 0.9999991843603909 0.9999994896496518
0.0123169500074452 -0.0000000978515258 0.0001115141813820 0.0000000052918705 0.9999990866366244 0.9999994285033628
0.0130181751648604 -0.0000001093103882 0.0001115141530422 0.0000000062481288 0.9999989796775260 0.9999993615784729
0.0137433600175231 -0.0000001218279759 0.0001115141220839 0.0000000073515410 0.9999988628360958 0.9999992884701495
0.0144927901857267 -0.0000001354768707 0.0001115140883278 0.0000000086209593 0.9999987354348447 0.9999992087544828
0.0152667329367636 -0.0000001503326540 0.0001115140515868 0.0000000100771534 0.9999985967682803 0.9999991219900407
0.0160654848324694 -0.0000001664748906 0.0001115140116641 0.0000000117430528 0.9999984460937329 0.9999990277121291
0.0168893198193239 -0.0000001839862377 0.0001115139683554 0.0000000136438187 0.9999982826396671 0.9999989254379918
0.0177385028868248 -0.0000002029527290 0.0001115139214479 0.0000000158070310 0.9999981056030282 0.9999988146651509
0.0186133109067741 -0.0000002234643140 0.0001115138707191 0.0000000182629218 0.9999979141442138 0.9999986948682594
0.0195140094810521 -0.0000002456144310 0.0001115138159378 0.0000000210445114 0.9999977073910549 0.9999985655015933
0.0204408538458463 -0.0000002695000559 0.0001115137568644 0.0000000241877991 0.9999974844383639 0.9999984259987679
0.0213941156497838 -0.0000002952224662 0.0001115136932483 0.0000000277320649 0.9999972443408007 0.9999982757682740
0.0223740554254074 -0.0000003228866369 0.0001115136248299 0.0000000317200054 0.9999969861185112 0.9999981141970069
0.0233809174534890 -0.0000003526011066 0.0001115135513407 0.0000000361979268 0.9999967087583808 0.9999979406510494
0.0244149765416294 -0.0000003844794321 0.0001115134724999 0.0000000412161961 0.9999964112004526 0.9999977544671740
0.0254764833013628 -0.0000004186386844 0.0001115133880179 0.0000000468292635 0.9999960923519687 0.9999975549616286
0.0265656617990738 -0.0000004551992950 0.0001115132975970 0.0000000530958674 0.9999957510888040 0.9999973414310335
0.0276828015745411 -0.0000004942882399 0.0001115132009231 0.0000000600798481 0.9999953862257474 0.9999971131337860
0.0288281236960815 -0.0000005360346221 0.0001115130976769 0.0000000678496693 0.9999949965577337 0.9999968693158595
0.0300018930142049 -0.0000005805736027 0.0001115129875241 0.0000000764793998 0.9999945808231504 0.9999966091878438
0.0312043278544875 -0.0000006280431862 0.0001115128701233 0.0000000860484156 0.9999941377338473 0.9999963319437227
0.0324356918335371 -0.0000006785877897 0.0001115127451176 0.0000000966424108 0.9999936659418153 0.9999960367400241
0.0336962141957213 -0.0000007323552301 0.0001115126121412 0.0000001083531292 0.9999931640673161 0.9999957227134210
0.0349861271734236 -0.0000007894982221 0.0001115124708164 0.0000001212789979 0.9999926306848906 0.9999953889719767
0.0363056718913840 -0.0000008501747677 0.0001115123207526 0.0000001355255805 0.9999920643197342 0.9999950345928763
0.0376550620294645 -0.0000009145465557 0.0001115121615498 0.0000001512055688 0.9999914634626246 0.9999946586317674
0.0390345647668689 -0.0000009827828867 0.0001115119927893 0.0000001684401201 0.9999908265332940 0.9999942600998413
0.0404443775274022 -0.0000010550548112 0.0001115118140481 0.0000001873578135 0.9999901519351420 0.9999938379980671
0.0418847620640695 -0.0000011315418303 0.0001115116248823 0.0000002080967581 0.9999894379926900 0.9999933912780560
0.0433559156609450 -0.0000012124253801 0.0001115114248431 0.0000002308033181 0.9999886830124007 0.9999929188801162
0.0448580801723827 -0.0000012978946201 0.0001115112134627 0.0000002556341087 0.9999878852286458 0.9999924196994449
0.0463914692948362 -0.0000013881426002 0.0001115109902637 0.0000002827554048 0.9999870428394855 0.9999918926085147
0.0479563280849920 -0.0000014833697554 0.0001115107547503 0.0000003123446480 0.9999861539740491 0.9999913364366632
0.0495528500125275 -0.0000015837790129 0.0001115105064207 0.0000003445894445 0.9999852167382063 0.9999907499986694
0.0511812539374288 -0.0000016895804321 0.0001115102447554 0.0000003796894803 0.9999842291712562 0.9999901320676541
0.0528417913892530 -0.0000018009920516 0.0001115099692152 0.0000004178574261 0.9999831892380195 0.9999894813701301
0.0545346463520646 -0.0000019182332866 0.0001115096792574 0.0000004593172400 0.9999820948904736 0.9999887966245684
0.0562600376535581 -0.0000020415317121 0.0001115093743191 0.0000005043070025 0.9999809440044333 0.9999880765017781
0.0580181950988491 -0.0000021711217486 0.0001115090538207 0.0000005530791290 0.9999797343918202 0.9999873196325826
0.0598093253412287 -0.0000023072422475 0.0001115087171714 0.0000006059000766 0.9999784638231991 0.9999865246219206
0.0616336249924206 -0.0000024501373589 0.0001115083637674 0.0000006630512284 0.9999771300196850 0.9999856900437812
0.0634913191837809 -0.0000026000596566 0.0001115079929840 0.0000007248307954 0.9999757306237644 0.9999848144229468
0.0653826154220686 -0.0000027572666787 0.0001115076041844 0.0000007915531284 0.9999742632315929 0.9999838962552002
0.0673076900124551 -0.0000029220196272 0.0001115071967225 0.0000008635487487 0.9999727254051343 0.9999829340149202
0.0692667896916815 -0.0000030945921441 0.0001115067699216 0.0000009411688857 0.9999711145902379 0.9999819261038208
0.0712601062473122 -0.0000032752597689 0.0001115063231003 0.0000010247816469 0.9999694282150507 0.9999808709125276
0.0732878592918137 -0.0000034643071529 0.0001115058555546 0.0000011147759517 0.9999676636226719 0.9999797667784387
0.0753502223744826 -0.0000036620213328 0.0001115053665745 0.0000012115591353 0.9999658181339446 0.9999786120250131
0.0774474239117359 -0.0000038687012880 0.0001115048554208 0.0000013155623284 0.9999638889582448 0.9999774049059491
0.0795796350943868 -0.0000040846472657 0.0001115043213509 0.0000014272360399 0.9999618732931222 0.9999761436675298
0.0817470830321243 -0.0000043101720143 0.0001115037635913 0.0000015470566583 0.9999597682194454 0.9999748264830134
0.0839499669421775 -0.0000045455925795 0.0001115031813579 0.0000016755231812 0.9999575707779839 0.9999734515005498
0.0861884323982112 -0.0000047912271412 0.0001115025738638 0.0000018131561206 0.9999552779989278 0.9999720168616518
0.0884627280247049 -0.0000050474121982 0.0001115019402770 0.0000019605079873 0.9999528867414875 0.9999705206008266
0.0907730458693018 -0.0000053144854793 0.0001115012797621 0.0000021181548534 0.9999503938534046 0.9999689607453848
0.0931195564424167 -0.0000055927894103 0.0001115005914722 0.0000022866989962 0.9999477961385878 0.9999673352951878
0.0955024659706736 -0.0000058826779255 0.0001114998745322 0.0000024667739704 0.9999450902935395 0.9999656421828672
0.0979219614456105 -0.0000061845101627 0.0001114991280538 0.0000026590418845 0.9999422729662036 0.9999638793106453
0.1003782397834216 -0.0000064986540309 0.0001114983511272 0.0000028641966266 0.9999393407226682 0.9999620445294987
0.1028714872179421 -0.0000068254837231 0.0001114975428270 0.0000030829633530 0.9999362900703808 0.9999601356536830
0.1054018811078806 -0.0000071653798805 0.0001114967022119 0.0000033160995943 0.9999331174566156 0.9999581504597722
0.1079696268536758 -0.0000075187346755 0.0001114958283120 0.0000035643998925 0.9999298192210322 0.9999560866569710
0.1105749021769566 -0.0000078859444197 0.0001114949201472 0.0000038286918944 0.9999263916646730 0.9999539419302864
0.1132179053776484 -0.0000082674162377 0.0001114939767107 0.0000041098421977 0.9999228309876683 0.9999517139015466
0.1158988219442747 -0.0000086635635170 0.0001114929969801 0.0000044087543445 0.9999191333317128 0.9999494001559762
0.1186178197378438 -0.0000090748050419 0.0001114919799200 0.0000047263692394 0.9999152947881458 0.9999469982472518
0.1213750967701867 -0.0000095015722506 0.0001114909244633 0.0000050636719828 0.9999113113302197 0.9999445056551162
0.1241708307265119 -0.0000099443017752 0.0001114898295302 0.0000054216874843 0.9999071788827282 0.9999419198289454
0.1270052029421399 -0.0000104034390957 0.0001114886940191 0.0000058014845775 0.9999028932879075 0.9999392381664090
0.1298784016183425 -0.0000108794392328 0.0001114875168048 0.0000062041780308 0.9998984502989637 0.9999364580094170
0.1327905920711965 -0.0000113727618710 0.0001114862967504 0.0000066309257927 0.9998938456256006 0.9999335766726055
0.1357419709626639 -0.0000118838805114 0.0001114850326851 0.0000070829382409 0.9998890748485889 0.9999305913898764
0.1387326868532301 -0.0000124132689416 0.0001114837234372 0.0000075614677984 0.9998841335460548 0.9999274993934181
0.1417629765293055 -0.0000129614253213 0.0001114823677748 0.0000080678320970 0.9998790170686688 0.9999242977730275
0.1448329630151970 -0.0000135288362707 0.0001114809644946 0.0000086033828237 0.9998737208748470 0.9999209836858584
0.1479428313848176 -0.0000141160082562 0.0001114795123442 0.0000091695358175 0.9998682402377974 0.9999175541731016
0.1510927849338868 -0.0000147234603714 0.0001114780100398 0.0000097677666016 0.9998625703129052 0.9999140062021480
0.1542829676919336 -0.0000153517093865 0.0001114764563036 0.0000103995972198 0.9998567062772836 0.9999103367539091
0.1575135598719907 -0.0000160012880085 0.0001114748498183 0.0000110666156615 0.9998506431593360 0.9999065427161596
0.1607847305349668 -0.0000166727359012 0.0001114731892494 0.0000117704687827 0.9998443759225745 0.9999026209359848
0.1640966424164853 -0.0000173666005614 0.0001114714732432 0.0000125128647594 0.9998378994574482 0.9998985682146611
0.1674495238924168 -0.0000180834528107 0.0001114697003879 0.0000132955917977 0.9998312084367450 0.9998943812171676
0.1708435221104280 -0.0000188238559541 0.0001114678692908 0.0000141204868082 0.9998242976034616 0.9998900566523193
0.1742787867898291 -0.0000195883829365 0.0001114659785350 0.0000149894550751 0.9998171616106758 0.9998855911725609
0.1777554852657744 -0.0000203776199245 0.0001114640266712 0.0000159044763516 0.9998097949881106 0.9998809813530376
0.1812738078049478 -0.0000211921680269 0.0001114620122129 0.0000168676092613 0.9998021921260845 0.9998762236815462
0.1848339101466898 -0.0000220326302109 0.0001114599336693 0.0000178809779650 0.9997943473976301 0.9998713146349479
0.1884359712643993 -0.0000228996246379 0.0001114577895118 0.0000189467898076 0.9997862550340288 0.9998662506012748
0.1920801355037641 -0.0000237937709575 0.0001114555782081 0.0000200673206734 0.9997779092527410 0.9998610279597795
0.1957665868351274 -0.0000247157083255 0.0001114532981780 0.0000212449393043 0.9997693040892341 0.9998556429756907
0.1994954913031164 -0.0000256660816257 0.0001114509478269 0.0000224820924914 0.9997604335255876 0.9998500918806842
0.2032670042787570 -0.0000266455430331 0.0001114485255422 0.0000237813088245 0.9997512914759067 0.9998443708637486
0.2070812780075094 -0.0000276547538557 0.0001114460296887 0.0000251452030716 0.9997418717691378 0.9998384760604243
0.2109385244193129 -0.0000286944016241 0.0001114434585666 0.0000265765020480 0.9997321679895574 0.9998324034529746
0.2148388823638725 -0.0000297651648915 0.0001114408104981 0.0000280779991528 0.9997221738053289 0.9998261490759868
0.2187824907015245 -0.0000308677321119 0.0001114380837809 0.0000296525814528 0.9997118827923022 0.9998197089060993
0.2227695238318924 -0.0000320028119199 0.0001114352766631 0.0000313032470759 0.9997012883380654 0.9998130788019488
0.2268001826477420 -0.0000331711314825 0.0001114323873466 0.0000330331064566 0.9996903836573382 0.9998062545137925
0.2308745607120308 -0.0000343733974492 0.0001114294140845 0.0000348453265147 0.9996791621564556 0.9997992319115984
0.2349928513589784 -0.0000356103559671 0.0001114263550319 0.0000367432218874 0.9996676168732078 0.9997920066344806
0.2391552456445648 -0.0000368827639364 0.0001114232083174 0.0000387302161140 0.9996557407451436 0.9997845742585958
0.2433618450615486 -0.0000381913616644 0.0001114199721109 0.0000408098004461 0.9996435268648047 0.9997769304568667
0.2476128561945627 -0.0000395369326656 0.0001114166444752 0.0000429856302333 0.9996309679215903 0.9997690706496756
0.2519084308660400 -0.0000409202547014 0.0001114132234875 0.0000452614509162 0.9996180566587302 0.9997609902908392
0.2562486864988591 -0.0000423421050916 0.0001114097072260 0.0000476411074016 0.9996047858237201 0.9997526848365813
0.2606338246490489 -0.0000438032996568 0.0001114060936739 0.0000501286120620 0.9995911478048545 0.9997441495180475
0.2650639822373737 -0.0000453046443413 0.0001114023808387 0.0000527280670833 0.9995771350827657 0.9997353796238846
0.2695392945073289 -0.0000468469553402 0.0001113985667028 0.0000554437000425 0.9995627400425685 0.9997263703826628
0.2740599418119778 -0.0000484310756567 0.0001113946491820 0.0000582798965817 0.9995479548193362 0.9997171168661507
0.2786261029328897 -0.0000500578597336 0.0001113906261643 0.0000612411775123 0.9995327714415491 0.9997076140790792
0.2832378762553129 -0.0000517281447233 0.0001113864955800 0.0000643321482998 0.9995171820992419 0.9996978571269541
0.2878954511296951 -0.0000534428117776 0.0001113822552511 0.0000675576140095 0.9995011785719833 0.9996878408580324
0.2925989770159077 -0.0000552027394941 0.0001113779030056 0.0000709224977070 0.9994847526633730 0.9996775601352453
0.2973485961778373 -0.0000570088153358 0.0001113734366499 0.0000744318638541 0.9994678960944765 0.9996670097694881
0.3021444590368348 -0.0000588619414710 0.0001113688539539 0.0000780909327437 0.9994506004493247 0.9996561844854930
0.3069867308970101 -0.0000607630377668 0.0001113641526438 0.0000819050903262 0.9994328571469797 0.9996450789043293
0.3118755623506639 -0.0000627130304438 0.0001113593304303 0.0000858798692108 0.9994146575474416 0.9996336876096711
0.3168110981921639 -0.0000647128553403 0.0001113543850002 0.0000900209580148 0.9993959929211820 0.9996220051287140
0.3217935075961074 -0.0000667634703279 0.0001113493139860 0.0000943342307698 0.9993768543332875 0.9996100258596390
0.3268229073470927 -0.0000688658238403 0.0001113441150434 0.0000988256843477 0.9993572329371856 0.9995977442554438
0.3318994739799511 -0.0000710209012288 0.0001113387857372 0.0001035015398174 0.9993371195420194 0.9995851545531336
0.3370233210999082 -0.0000732296735060 0.0001113333236673 0.0001083681364249 0.9993165050910343 0.9995722510731379
0.3421946231912311 -0.0000754931499548 0.0001113277263394 0.0001134320493898 0.9992953801705906 0.9995590279119629
0.3474135387763831 -0.0000778123458284 0.0001113219912444 0.0001187000241540 0.9992737353116304 0.9995454791308697
0.3526801899686201 -0.0000801882726141 0.0001113161158825 0.0001241789564961 0.9992515610805552 0.9995315988127396
0.3579947313902604 -0.0000826219686731 0.0001113100976875 0.0001298759658361 0.9992288477932804 0.9995173808830639
0.3633573309467727 -0.0000851144914250 0.0001113039340464 0.0001357983829574 0.9992055855881876 0.9995028191555824
0.3687680876234908 -0.0000876668788333 0.0001112976223941 0.0001419536615922 0.9991817647855912 0.9994879075572803
0.3742271836582309 -0.0000902802204616 0.0001112911600381 0.0001483495519017 0.9991573752245930 0.9994726397132473
0.3797347603806989 -0.0000929555997209 0.0001112845443012 0.0001549939670919 0.9991324068020940 0.9994570092840624
0.3852909590374215 -0.0000956941127793 0.0001112777724748 0.0001618950321644 0.9991068492963270 0.9994410098553055
0.3908959137472271 -0.0000984968650886 0.0001112708418275 0.0001690610791759 0.9990806923992835 0.9994246349578304
0.3965497773487562 -0.0001013649844098 0.0001112637495725 0.0001765006848716 0.9990539255951764 0.9994078779916509
0.4022526849488567 -0.0001042996026807 0.0001112564929132 0.0001842226287206 0.9990265383296676 0.9993907323318552
0.4080047834156078 -0.0001073018709485 0.0001112490690055 0.0001922359357978 0.9989985198705307 0.9993731912413456
0.4138062365525939 -0.0001103729626404 0.0001112414749504 0.0002005498913073 0.9989698592771465 0.9993552478517095
0.4196571615226855 -0.0001135140399109 0.0001112337078766 0.0002091739538579 0.9989405457145777 0.9993368953598187
0.4255577063883799 -0.0001167262944729 0.0001112257648399 0.0002181178698104 0.9989105680725363 0.9993181267892501
0.4315080002345449 -0.0001200109211169 0.0001112176428887 0.0002273916058061 0.9988799152125274 0.9992989351449814
0.4375082114831050 -0.0001233691499243 0.0001112093389842 0.0002370054443244 0.9988485756672498 0.9992793132251540
0.4435584395317424 -0.0001268021859569 0.0001112008501497 0.0002469698165652 0.9988165382034405 0.9992592539734384
0.4496588648160841 -0.0001303112935552 0.0001111921732619 0.0002572955493566 0.9987837910352132 0.9992387499864618
0.4558096113605994 -0.0001338977189003 0.0001111833052425 0.0002679936467155 0.9987503225467396 0.9992177939662522
0.4620108052171345 -0.0001375627226407 0.0001111742429779 0.0002790753877382 0.9987161209877873 0.9991963785295773
0.4682625946317216 -0.0001413075922012 0.0001111649832881 0.0002905523697663 0.9986811743588865 0.9991744961360002
0.4745651123190972 -0.0001451336196917 0.0001111555229818 0.0003024364471224 0.9986454706174978 0.9991521392169311
0.4809184957826539 -0.0001490421139386 0.0001111458588265 0.0003147397725356 0.9986089975657626 0.9991293001053029
0.4873228987005053 -0.0001530344078961 0.0001111359875302 0.0003274748267942 0.9985717427813648 0.9991059709922319
0.4937784498088833 -0.0001571118332499 0.0001111259058044 0.0003406543436166 0.9985336938545526 0.9990821440753983
0.5002853120866294 -0.0001612757575800 0.0001111156102717 0.0003542914343219 0.9984948380413665 0.9990578113418497
0.5068435628559099 -0.0001655275076327 0.0001111050976560 0.0003683993417580 0.9984551629796570 0.9990329650163501
0.5134533699791121 -0.0001698684822438 0.0001110943645033 0.0003829918159802 0.9984146556353658 0.9990075969014606
0.5201148652323705 -0.0001743000714585 0.0001110834073812 0.0003980828552623 0.9983733030572901 0.9989816988501485
0.5268282147514737 -0.0001788237028417 0.0001110722227650 0.0004136868675243 0.9983310919449656 0.9989552624951218
0.5335934984258934 -0.0001834407602041 0.0001110608072383 0.0004298183954907 0.9982880094070866 0.9989282797237691
0.5404108585633481 -0.0001881526833270 0.0001110491572465 0.0004464924646606 0.9982440420309759 0.9989007420953343
0.5472804585573622 -0.0001929609416302 0.0001110372691620 0.0004637245035372 0.9981991761283308 0.9988726409947558
0.5542024409917161 -0.0001978670053016 0.0001110251393555 0.0004815302476448 0.9981533980046514 0.9988439678013603
0.5611769129677090 -0.0002028723338595 0.0001110127642244 0.0004999257001885 0.9981066940659858 0.9988147139556802
0.5682040084432604 -0.0002079784202085 0.0001110001400835 0.0005189272973147 0.9980590504078845 0.9987848707019398
0.5752838714496192 -0.0002131867794837 0.0001109872631933 0.0005385518763318 0.9980104529195291 0.9987544291532122
0.5824166185458461 -0.0002184989214441 0.0001109741298275 0.0005588165778004 0.9979608875413546 0.9987233804527339
0.5896023854676727 -0.0002239163846673 0.0001109607361891 0.0005797389800116 0.9979103399460258 0.9986917155740098
0.5968413012701648 -0.0002294407176401 0.0001109470784567 0.0006013370343412 0.9978587957149103 0.9986594254312940
0.6041334914326083 -0.0002350734809272 0.0001109331527793 0.0006236290792073 0.9978062403178797 0.9986265008668757
0.6114791112580459 -0.0002408162733345 0.0001109189552119 0.0006466339513968 0.9977526588692396 0.9985929324981051
0.6188782834897926 -0.0002466706837252 0.0001109044818340 0.0006703708018534 0.9976980365773379 0.9985587109989964
0.6263311256564897 -0.0002526383115741 0.0001108897286995 0.0006948591811924 0.9976423585528235 0.9985238269800464
0.6338377511687936 -0.0002587207676686 0.0001108746918345 0.0007201190483184 0.9975856098021445 0.9984882709840955
0.6413983211909324 -0.0002649197167435 0.0001108593671321 0.0007461709565727 0.9975277748298194 0.9984520332370500
0.6490129497461835 -0.0002712368006672 0.0001108437505422 0.0007730357418100 0.9974688383551414 0.9984151040968602
0.6566817775043865 -0.0002776736985106 0.0001108278379233 0.0008007347799038 0.9974087847517936 0.9983774737023305
0.6644048977501800 -0.0002842320646788 0.0001108116251950 0.0008292897284773 0.9973475986251022 0.9983391323347551
0.6721824838257413 -0.0002909136367412 0.0001107951080717 0.0008587230016591 0.9972852638060761 0.9983000697874761
0.6800146490942773 -0.0002977201170703 0.0001107782823554 0.0008890572642428 0.9972217644557161 0.9982602760577926
0.6879014912992830 -0.0003046532091292 0.0001107611438455 0.0009203155905734 0.9971570847265004 0.9982197411347792
0.6958431792680191 -0.0003117146942609 0.0001107436881496 0.0009525218204213 0.9970912080460687 0.9981784545502762
0.7038398017954639 -0.0003189062986742 0.0001107259110117 0.0009856999657366 0.9970241183581734 0.9981364061565147
0.7118915228446452 -0.0003262298313802 0.0001107078079719 0.0010198748469425 0.9969557988359238 0.9980935853195865
0.7199984024011797 -0.0003336870223902 0.0001106893747656 0.0010550713505073 0.9968862333912685 0.9980499818654366
0.7281606347205997 -0.0003412797402499 0.0001106706067866 0.0010913154556058 0.9968154046457318 0.9980055848078667
0.7363783205021586 -0.0003490097835754 0.0001106514996019 0.0011286332630733 0.9967432958751696 0.9979603835673877
0.7446515847238651 -0.0003568789889243 0.0001106320486850 0.0011670515097617 0.9966698900035367 0.9979143673404302
0.7529805546378170 -0.0003648892108370 0.0001106122494657 0.0012065974835145 0.9965951697891322 0.9978675252159790
0.7613653205826129 -0.0003730422836942 0.0001105920974241 0.0012472988404225 0.9965191181804541 0.9978198463985695
0.7698060571267658 -0.0003813401395293 0.0001105715877994 0.0012891842009621 0.9964417172173188 0.9977713195192668
0.7783028753536045 -0.0003897846649996 0.0001105507159435 0.0013322824471383 0.9963629493650918 0.9977219334720137
0.7868558890282183 -0.0003983777648534 0.0001105294771641 0.0013766230430010 0.9962827969227339 0.9976716770424313
0.7954652208368826 -0.0004071213684850 0.0001105078667087 0.0014222360780521 0.9962012419617277 0.9976205388694113
0.8041309612006771 -0.0004160173879564 0.0001104858798680 0.0014691520556532 0.9961182667176887 0.9975685076905644
0.8128532606251077 -0.0004250678125901 0.0001104635117427 0.0015174023990605 0.9960338527081539 0.9975155717889056
0.8216322709110440 -0.0004342746503568 0.0001104407573877 0.0015670191602145 0.9959479812793625 0.9974617193355619
0.8304680591718889 -0.0004436398363936 0.0001104176120387 0.0016180345283975 0.9958606344595634 0.9974069389248211
0.8393607835269142 -0.0004531654174745 0.0001103940706561 0.0016704818341975 0.9957717932385494 0.9973512184950505
0.8483105444382176 -0.0004628533954104 0.0001103701283122 0.0017243947104264 0.9956814390283250 0.9972945462446201
0.8573174846073353 -0.0004727058336652 0.0001103457799275 0.0017798076859376 0.9955895526688162 0.9972369100081769
0.8663816766844652 -0.0004827247350428 0.0001103210205732 0.0018367555094280 0.9954961155686811 0.9971782979720812
0.8755032698712966 -0.0004929122022724 0.0001102958450743 0.0018952740628394 0.9954011082077461 0.9971186977349141
0.8846823982390185 -0.0005032703384700 0.0001102702482556 0.0019553998150823 0.9953045110654191 0.9970580968896726
0.8939191634928795 -0.0005138012265581 0.0001102442249925 0.0020171697053720 0.9952063048126939 0.9969964831441210
0.9032136872561282 -0.0005245069879353 0.0001102177700662 0.0020806214911059 0.9951064697650990 0.9969338439774654
0.9125661104252873 -0.0005353897829207 0.0001101908781626 0.0021457937669099 0.9950049858786653 0.9968701666376436
0.9219765027898422 -0.0005464517051541 0.0001101635441330 0.0022127253391311 0.9949018337347521 0.9968054387591353
0.9314449987796677 -0.0005576949393896 0.0001101357626046 0.0022814561792342 0.9947969930686914 0.9967396474395996
0.9409717320060528 -0.0005691216864737 0.0001101075281658 0.0023520269913061 0.9946904434695021 0.9966727796787287
0.9505568191385302 -0.0005807341437041 0.0001100788354144 0.0024244790988096 0.9945821645631377 0.9966048224931040
0.9602003599979191 -0.0005925345039494 0.0001100496789603 0.0024988544427505 0.9944721360207744 0.9965357629212758
0.9699024837856252 -0.0006045250120591 0.0001100200532859 0.0025751959460603 0.9943603370329455 0.9964655876935486
0.9796632748325972 -0.0006167078735515 0.0001099899529718 0.0026535469450144 0.9942467471610517 0.9963942837662875
0.9894828771834753 -0.0006290853843413 0.0001099593723761 0.0027339520283941 0.9941313451279049 0.9963218375625689
0.9993614227685955 -0.0006416598425795 0.0001099283058525 0.0028164564905738 0.9940141096398678 0.9962482354880347
1.0092989981968410 -0.0006544335050421 0.0001098967478582 0.0029011060470182 0.9938950197935414 0.9961734641860949
1.0192957424862854 -0.0006674087117713 0.0001098646926455 0.0029879476641137 0.9937740539138249 0.9960975098082585
1.0293517094797786 -0.0006805877082060 0.0001098321347017 0.0030770283837344 0.9936511912123087 0.9960203590552307
1.0394670822180894 -0.0006939729248294 0.0001097990680580 0.0031683972151514 0.9935264091803252 0.9959419975397689
1.0496419637683176 -0.0007075667046116 0.0001097654869631 0.0032621033143685 0.9933996861300620 0.9958624113821023
1.0598764551519959 -0.0007213714035412 0.0001097313856348 0.0033581966633373 0.9932710002574453 0.9957815866213540
1.0701706251476584 -0.0007353893491812 0.0001096967583621 0.0034567277870134 0.9931403300285923 0.9956995094581049
1.0805246578791470 -0.0007496230424236 0.0001096615990076 0.0035577491878176 0.9930076522992874 0.9956161650729584
1.0909385949546684 -0.0007640748054775 0.0001096259018760 0.0036613128760028 0.9928729455964314 0.9955315396875402
1.1014126393144101 -0.0007787472002003 0.0001095896606820 0.0037674733548683 0.9927361862187791 0.9954456181148540
1.1119468215440642 -0.0007936425646702 0.0001095528696939 0.0038762843081462 0.9925973525567534 0.9953583864728837
1.1225412825561916 -0.0008087634071443 0.0001095155227615 0.0039878014468815 0.9924564214205036 0.9952698298775143
1.1331961184009611 -0.0008241121887734 0.0001094776138522 0.0041020809493463 0.9923133700653597 0.9951799337148425
1.1439115065273777 -0.0008396915050350 0.0001094391366031 0.0042191808204187 0.9921681745010125 0.9950886825784307
1.1546874792226312 -0.0008555037572354 0.0001094000851326 0.0043391584410938 0.9920208125532367 0.9949960621932404
1.1655241584095117 -0.0008715514920168 0.0001093604532016 0.0044620731175794 0.9918712606998701 0.9949020574270081
1.1764216401530621 -0.0008878372340169 0.0001093202346270 0.0045879848395114 0.9917194956305803 0.9948066532702539
1.1873800923726108 -0.0009043636321305 0.0001092794229204 0.0047169554247695 0.9915654928840548 0.9947098339793263
1.1983995764357234 -0.0009211331917062 0.0001092380119497 0.0048490464516895 0.9914092293437713 0.9946115846451452
1.2094802149237183 -0.0009381485259959 0.0001091959953181 0.0049843212210825 0.9912506808949814 0.9945118897200238
1.2206221436466813 -0.0009554122856787 0.0001091533665381 0.0051228442339482 0.9910898230817029 0.9944107334303517
1.2318254012864105 -0.0009729269864838 0.0001091101194574 0.0052646798094225 0.9909266327130142 0.9943081007865494
1.2430901477401863 -0.0009906953483213 0.0001090662474213 0.0054098948250829 0.9907610847033803 0.9942039755957848
1.2544164944403038 -0.0010087200325341 0.0001090217439216 0.0055585566227420 0.9905931545210619 0.9940983420013940
1.2658045549624724 -0.0010270037200970 0.0001089766024037 0.0057107336469050 0.9904228174596815 0.9939911840245480
1.2772544029296171 -0.0010455490432712 0.0001089308164354 0.0058664948821489 0.9902500492751410 0.9938824859647108
1.2887661275422804 -0.0010643586738649 0.0001088843794887 0.0060259105925184 0.9900748253635335 0.9937722318822569
1.3003399056606888 -0.0010834354436355 0.0001088372846430 0.0061890533774402 0.9898971196398447 0.9936604048924766
1.3119757827664003 -0.0011027819848098 0.0001087895254725 0.0063559951242999 0.9897169078869121 0.9935469892726243
1.3236738828974246 -0.0011224010741941 0.0001087410951967 0.0065268099475167 0.9895341645500825 0.9934319684446958
1.3354342893943729 -0.0011422954362223 0.0001086919871666 0.0067015725136417 0.9893488645721072 0.9933153261298311
1.3472571645811697 -0.0011624679450408 0.0001086421943662 0.0068803598267980 0.9891609815111084 0.9931970451633403
1.3591425479812744 -0.0011829212815362 0.0001085917102587 0.0070632482143375 0.9889704907352715 0.9930771095055084
1.3710906132838565 -0.0012036583721680 0.0001085405277039 0.0072503172336178 0.9887773653359102 0.9929555016683425
1.3831013794330840 -0.0012246818909860 0.0001084886401868 0.0074416452248763 0.9885815807656153 0.9928322056355671
1.3951749954297687 -0.0012459947529859 0.0001084360406007 0.0076373137666994 0.9883831102438412 0.9927072039693517
1.4073115488180186 -0.0012675997813814 0.0001083827220678 0.0078374046849871 0.9881819278558676 0.9925804797613800
1.4195111489549863 -0.0012894998530858 0.0001083286775806 0.0080420013883513 0.9879780071982468 0.9924520157795067
1.4317738978101093 -0.0013116978472258 0.0001082739001290 0.0082511884099730 0.9877713218585495 0.9923217947695752
1.4440999261670606 -0.0013341967108960 0.0001082183825380 0.0084650520437075 0.9875618448034279 0.9921897990695092
1.4564892797375388 -0.0013569992508312 0.0001081621179817 0.0086836783736157 0.9873495503185369 0.9920560118313912
1.4689421005025178 -0.0013801084647858 0.0001081050991663 0.0089071564418775 0.9871344109235345 0.9919204150771592
1.4814585171952879 -0.0014035273430811 0.0001080473188189 0.0091355763916871 0.9869163992201789 0.9917829908626450
1.4940385599392778 -0.0014272587058717 0.0001079887700901 0.0093690278644913 0.9866954894074123 0.9916437222325118
1.5066823702080574 -0.0014513055964214 0.0001079294455830 0.0096076038546401 0.9864716536206142 0.9915025909122925
1.5193900137339653 -0.0014756709294744 0.0001078693382212 0.0098513972779264 0.9862448652052367 0.9913595793717084
1.5321616213082505 -0.0015003577585726 0.0001078084405891 0.0101005036338851 0.9860150962288488 0.9912146692556456
1.5449972900656237 -0.0015253690879418 0.0001077467453964 0.0103550191505631 0.9857823192324872 0.9910678424880549
1.5578971287118342 -0.0015507079589979 0.0001076842452646 0.0106150416630254 0.9855465064258192 0.9909190807640541
1.5708611952046547 -0.0015763773273086 0.0001076209330307 0.0108806693590005 0.9853076308325022 0.9907683662721444
1.5838896188240819 -0.0016023803031137 0.0001075568011537 0.0111520032700276 0.9850656640522355 0.9906156802819363
1.5969825067950507 -0.0016287199683131 0.0001074918421665 0.0114291454132835 0.9848205779643455 0.9904610042184000
1.6101399218081109 -0.0016553993288925 0.0001074260487931 0.0117121982808976 0.9845723451706939 0.9903043199412180
1.6233619947150435 -0.0016824215425066 0.0001073594133875 0.0120012672595031 0.9843209368785130 0.9901456084081148
1.6366487989223868 -0.0017097896641367 0.0001072919285609 0.0122964579510515 0.9840663252673081 0.9899848511683843
1.6500004209702099 -0.0017375067884791 0.0001072235868309 0.0125978776906496 0.9838084821644034 0.9898220295265494
1.6634169832352210 -0.0017655760985993 0.0001071543805015 0.0129056361083618 0.9835473785928511 0.9896571242562767
1.6768985635244693 -0.0017940006985817 0.0001070843020757 0.0132198433201253 0.9832829863286433 0.9894901165833258
1.6904452764531119 -0.0018227810843864 0.0001070133440372 0.0135406118016231 0.9830152763055660 0.9893209871755116
1.7041254551554290 -0.0018520693369392 0.0001069411370198 0.0138697096316839 0.9827428557007323 0.9891488548994360
1.7178028727206123 -0.0018815770939122 0.0001068683928458 0.0142039728368750 0.9824684102086736 0.9889754157271409
1.7315458603654104 -0.0019114530815928 0.0001067947450015 0.0145451468373569 0.9821905571184982 0.9887997950040497
1.7453543319234996 -0.0019417001122821 0.0001067201867229 0.0148933454115078 0.9819092709777644 0.9886219755844556
1.7592284271832646 -0.0019723214998095 0.0001066447100143 0.0152486894630370 0.9816245216895705 0.9884419373613417
1.7731681944177182 -0.0020033203695739 0.0001065683073494 0.0156112991594248 0.9813362809298106 0.9882596613220007
1.7871737599413695 -0.0020347000321140 0.0001064909707508 0.0159812982755956 0.9810445186737835 0.9880751273515070
1.8012451709376402 -0.0020664636334365 0.0001064126926518 0.0163588101177172 0.9807492064480786 0.9878883162886557
1.8153825326757442 -0.0020986144614635 0.0001063334651411 0.0167439611406372 0.9804503144817251 0.9876992081237489
1.8295859860769761 -0.0021311558992345 0.0001062532800786 0.0171368804571311 0.9801478121421427 0.9875077822733401
1.8438555549120150 -0.0021640910738587 0.0001061721299606 0.0175376956041202 0.9798416711989122 0.9873140196451826
1.8581913377482808 -0.0021974232943732 0.0001060900068404 0.0179465378214968 0.9795318617538699 0.9871179000625095
1.8725934636677655 -0.0022311559538982 0.0001060069025705 0.0183635409346524 0.9792183531515586 0.9869194028391293
1.8870620041036765 -0.0022652923233820 0.0001059228093099 0.0187888388254322 0.9789011158967466 0.9867185079929188
1.9015970668268485 -0.0022998357707127 0.0001058377189854 0.0192225681446697 0.9785801196185322 0.9865151949564012
1.9161987080094525 -0.0023347895524654 0.0001057516238039 0.0196648657240053 0.9782553350062066 0.9863094438022278
1.9308670124192082 -0.0023701570033709 0.0001056645157863 0.0201158709566848 0.9779267320491168 0.9861012341279602
1.9456021015586902 -0.0024059415584996 0.0001055763867131 0.0205757261320559 0.9775942798314352 0.9858905449250762
1.9604040625843102 -0.0024421465818595 0.0001054872285463 0.0210445742673511 0.9772579481253251 0.9856773555878585
1.9752729223493797 -0.0024787752991069 0.0001053970335956 0.0215225582013241 0.9769177080162984 0.9854616463098153
1.9902088504342956 -0.0025158312976186 0.0001053057932871 0.0220098271358463 0.9765735272587637 0.9852433951385727
2.0052119097512033 -0.0025533179135702 0.0001052134996725 0.0225065286756972 0.9762253759702332 0.9850225815851203
2.0202821159153754 -0.0025912383723344 0.0001051201450838 0.0230128105942673 0.9758732253272360 0.9847991857974236
2.0354196645961959 -0.0026295963622515 0.0001050257207206 0.0235288285352649 0.9755170422378555 0.9845731851799305
2.0506245409521999 -0.0026683950503814 0.0001049302190736 0.0240547328676077 0.9751567984825746 0.9843445601919517
2.0658968965622946 -0.0027076380355432 0.0001048336315784 0.0245906814943064 0.9747924618650868 0.9841132887325275
2.0812367996139289 -0.0027473287144099 0.0001047359501766 0.0251368313293752 0.9744240020992506 0.9838793498752736
2.0966443644771964 -0.0027874706126616 0.0001046371665004 0.0256933428126661 0.9740513877352022 0.9836427219168312
2.1121196012743009 -0.0028280669930070 0.0001045372728373 0.0262603744922556 0.9736745897986513 0.9834033846873724
2.1276626267561776 -0.0028691214045398 0.0001044362607791 0.0268380906572771 0.9732935766923192 0.9831613163121380
2.1432734788638230 -0.0029106371973650 0.0001043341224159 0.0274266545918689 0.9729083187019196 0.9829164960727381
2.1589523346505697 -0.0029526181007848 0.0001042308489139 0.0280262367697379 0.9725187826313948 0.9826689009975929
2.1746992285001747 -0.0029950674736116 0.0001041264323600 0.0286370042394572 0.9721249387606771 0.9824185102827753
2.1905142705285416 -0.0030379888857632 0.0001040208643313 0.0292591289001591 0.9717267554496054 0.9821653018621209
2.2063974979733607 -0.0030813857176122 0.0001039141368810 0.0298927817536152 0.9713242028560261 0.9819092547703948
2.2223489964922409 -0.0031252614879034 0.0001038062417315 0.0305381376546865 0.9709172498944313 0.9816503472088414
2.2383688576438683 -0.0031696197399018 0.0001036971705551 0.0311953737037066 0.9705058652933248 0.9813885572165605
2.2544571584234623 -0.0032144639845430 0.0001035869151141 0.0318646684195988 0.9700900181233797 0.9811238630059399
2.2706139752383523 -0.0032597977382690 0.0001034754671678 0.0325462023045941 0.9696696774474022 0.9808562427393813
2.2868394402499450 -0.0033056246824570 0.0001033628180808 0.0332401602815726 0.9692448108432854 0.9805856735878851
2.3031335522419853 -0.0033519481289815 0.0001032489601372 0.0339467236151498 0.9688153893598278 0.9803121348864107
2.3194963928917880 -0.0033987716285264 0.0001031338850451 0.0346660790988407 0.9683813818776316 0.9800356045425603
2.3359280939472113 -0.0034460988832757 0.0001030175841520 0.0353984178422222 0.9679427559204841 0.9797560595513216
2.3524287324307442 -0.0034939334466505 0.0001029000491830 0.0361439306706663 0.9674994804395319 0.9794734777683450
2.3689983582066789 -0.0035422787987102 0.0001027812720555 0.0369028092421944 0.9670515251149093 0.9791878374650435
2.3856370444458603 -0.0035911384920825 0.0001026612445206 0.0376752483331424 0.9665988590044770 0.9788991164665244
2.4023448764597748 -0.0036405161208662 0.0001025399582406 0.0384614453936145 0.9661414508333621 0.9786072923351004
2.4191219659177192 -0.0036904153640152 0.0001024174046820 0.0392616012808997 0.9656792685934862 0.9783123421136706
2.4359682784769920 -0.0037408394700906 0.0001022935763816 0.0400759119695803 0.9652122843166767 0.9780142453716459
2.4528839935456368 -0.0037917923303010 0.0001021684643116 0.0409045858302279 0.9647404641376078 0.9777129778618773
2.4698691250547502 -0.0038432773455026 0.0001020420606618 0.0417478253875780 0.9642637787882773 0.9774085182184267
2.4869237681727836 -0.0038952981651594 0.0001019143570260 0.0426058392814841 0.9637821967557672 0.9771008435879320
2.5040480212169154 -0.0039478584544694 0.0001017853449735 0.0434788385408176 0.9632956864403859 0.9767899310061975
2.5212419246579487 -0.0040009617055179 0.0001016550165134 0.0443670334353215 0.9628042179046775 0.9764757585155468
2.5385055733302928 -0.0040546115813309 0.0001015233632503 0.0452706392015458 0.9623077596900521 0.9761583031297183
2.5558390308644681 -0.0041088116525162 0.0001013903770310 0.0461898716728454 0.9618062812557128 0.9758375423918827
2.5732423271222684 -0.0041635653859755 0.0001012560499722 0.0471249470437644 0.9612997530837938 0.9755134544419943
2.5907155571157503 -0.0042188764555240 0.0001011203736991 0.0480760871803562 0.9607881438070810 0.9751860161783981
2.6082588156397759 -0.0042747485391700 0.0001009833398430 0.0490435162326564 0.9602714220864802 0.9748552044573762
2.6258721350253142 -0.0043311770624413 0.0001008449411469 0.0500274571462125 0.9597495584289295 0.9745209972584549
2.6434984339818279 -0.0043879827586852 0.0001007056223442 0.0510248822732273 0.9592242305399802 0.9741844662974303
2.6612521165216134 -0.0044455433899625 0.0001005644711561 0.0520424906278811 0.9586920003864652 0.9738434058803515
2.6790759638120685 -0.0045036784726482 0.0001004219309483 0.0530772927512929 0.9581545400062660 0.9734988836516116
2.6969701718762611 -0.0045623920126628 0.0001002779926047 0.0541295298868553 0.9576118152622950 0.9731508743662259
2.7149348062761995 -0.0046216875954182 0.0001001326480582 0.0551994381210823 0.9570637959792567 0.9727993552533487
2.7329699171253892 -0.0046815687558772 0.0000999858893842 0.0562872548850180 0.9565104525228654 0.9724443038242243
2.7510755986352162 -0.0047420391762916 0.0000998377083156 0.0573932225641000 0.9559517539742572 0.9720856966999115
2.7692518559689190 -0.0048031022417124 0.0000996880973330 0.0585175803895011 0.9553876722384446 0.9717235122473955
2.7874988344947425 -0.0048647618079667 0.0000995370477833 0.0596605785499102 0.9548181749511285 0.9713577260250559
2.8058165640927148 -0.0049270213436670 0.0000993845519820 0.0608224624315584 0.9542432334065666 0.9709883158717277
2.8242050852843055 -0.0049898843510557 0.0000992306021829 0.0620034803218209 0.9536628186709284 0.9706152594112862
2.8426644754656434 -0.0050533544572984 0.0000990751903545 0.0632038851743938 0.9530769007416150 0.9702385335108531
2.8611948097336661 -0.0051174352820625 0.0000989183085053 0.0644239321705844 0.9524854497721517 0.9698581150666342
2.8797961315125873 -0.0051821303346335 0.0000987599489358 0.0656638767485806 0.9518884370233015 0.9694739816152192
2.8984685344473125 -0.0052474432978260 0.0000986001035442 0.0669239800411068 0.9512858322447488 0.9690861096483009
2.9172120742989955 -0.0053133777219633 0.0000984387645757 0.0682045030355026 0.9506776065011588 0.9686944764299507
2.9360267891825216 -0.0053799370926975 0.0000982759244570 0.0695057078313998 0.9500637315475262 0.9682990595947559
2.9549127274610711 -0.0054471249285543 0.0000981115755580 0.0708278595367249 0.9494441789311686 0.9678998365689124
2.9738699904513073 -0.0055149449349474 0.0000979457098158 0.0721712293612724 0.9488189185742233 0.9674967836550737
2.9928985647186139 -0.0055834004042668 0.0000977783202024 0.0735360827501595 0.9481879243065697 0.9670898795980051
3.0119986204059437 -0.0056524952863891 0.0000976093981072 0.0749227006797459 0.9475511639995600 0.9666790992223482
3.0311701250822485 -0.0057222327983376 0.0000974389367372 0.0763313519245340 0.9469086123833637 0.9662644216975781
3.0504131546166007 -0.0057926165439485 0.0000972669283803 0.0777623154256140 0.9462602407289556 0.9658458238828411
3.0697277775470124 -0.0058636500981079 0.0000970933654217 0.0792158720213436 0.9456060206827748 0.9654232827987267
3.0891140501896346 -0.0059353369876783 0.0000969182403916 0.0806923040459990 0.9449459244442949 0.9649967757414476
3.1085720241006620 -0.0060076807178847 0.0000967415459009 0.0821918958581999 0.9442799245249519 0.9645662801266377
3.1281017480767224 -0.0060806847791287 0.0000965632746254 0.0837149339804913 0.9436079936875249 0.9641317734494916
3.1477032964647060 -0.0061543527531884 0.0000963834190467 0.0852617093376200 0.9429301039712005 0.9636932326531926
3.1673766875003007 -0.0062286880062173 0.0000962019722027 0.0868325108213015 0.9422462295189756 0.9632506359571035
3.1871219879524184 -0.0063036940814429 0.0000960189267291 0.0884276335335897 0.9415563429663009 0.9628039605198198
3.2069392568465442 -0.0063793744883879 0.0000958342753749 0.0900473743921845 0.9408604173834485 0.9623531836944326
3.2268285341402323 -0.0064557326583000 0.0000956480111117 0.0916920311555717 0.9401584266873951 0.9618982832949735
3.2467898800093469 -0.0065327720940446 0.0000954601267685 0.0933619056395663 0.9394503442660053 0.9614392367043538
3.2668233796994652 -0.0066104963908314 0.0000952706149819 0.0950573042305684 0.9387361427910219 0.9609760207511766
3.2791957879233009 -0.0066587006888895 0.0000951531022570 0.0961141496875754 0.9382932870215552 0.9606886916435394
3.2896845244167272 -0.0066996777477720 0.0000950531992858 0.0970159675404676 0.9379167965660895 0.9604443593936319
3.3001732609101535 -0.0067407596115775 0.0000949530385613 0.0979231897168999 0.9375393369746216 0.9601993413077438
3.3204180796950005 -0.0068203661664169 0.0000947589853017 0.0996895930104350 0.9368080510955057 0.9597244837979796
3.3407159214250299 -0.0069005934805576 0.0000945634639682 0.1014809754172618 0.9360712480539082 0.9592458269703262
3.3610861388407409 -0.0069815206687751 0.0000943662831973 0.1032993261690715 0.9353282071469274 0.9587628970876104
3.3815287560565492 -0.0070631510287008 0.0000941674364982 0.1051449599759210 0.9345789043772242 0.9582756726204228
3.4020438283896119 -0.0071454879738701 0.0000939669171346 0.1070181967140585 0.9338233148302798 0.9577841313481451
3.4226313946322588 -0.0072285348437035 0.0000937647185876 0.1089193571539836 0.9330614144218109 0.9572882514939405
3.4432914875789153 -0.0073122949444317 0.0000935608344575 0.1108487638629931 0.9322931795245490 0.9567880114817493
3.4640241666093861 -0.0073967716814028 0.0000933552581419 0.1128067442666933 0.9315185857578654 0.9562833891470945
3.4848294166767979 -0.0074819681469500 0.0000931479838397 0.1147936210881143 0.9307376117695173 0.9557743642001618
3.5057073764828020 -0.0075678880539777 0.0000929390042801 0.1168097341052174 0.9299502306804336 0.9552609126491716
3.5266579995551171 -0.0076545343463237 0.0000927283141045 0.1188554076982795 0.9291564228253927 0.9547430151046452
3.5476813765995492 -0.0077419105227364 0.0000925159066463 0.1209309818483894 0.9283561636217886 0.9542206488692178
3.5687775542817555 -0.0078300198919941 0.0000923017757438 0.1230367946913770 0.9275494303995695 0.9536937923899803
3.5899465759174953 -0.0079188657394463 0.0000920859153359 0.1251731864047597 0.9267362008778699 0.9531624242647143
3.6111884749501093 -0.0080084512989438 0.0000918683195308 0.1273404985173058 0.9259164534249136 0.9526265234112278
3.6325032664187797 -0.0080987797154382 0.0000916489826977 0.1295390729655791 0.9250901674028216 0.9520860692927694
3.6538909980340946 -0.0081898542609705 0.0000914278989431 0.1317692573402599 0.9242573211949990 0.9515410406272095
3.6753517568788983 -0.0082816783666068 0.0000912050620348 0.1340314057760470 0.9234178919196619 0.9509914151964725
3.6968855081345655 -0.0083742549313407 0.0000909804670794 0.1363258618971074 0.9225718617505941 0.9504371739849076
3.7184923046448284 -0.0084675872168692 0.0000907541083519 0.1386529808036710 0.9217192097397686 0.9498782958254539
3.7401722089859546 -0.0085616785174113 0.0000905259800981 0.1410131210417467 0.9208599148415032 0.9493147593766933
3.7619252184634879 -0.0086565318327631 0.0000902960773284 0.1434066363590613 0.9199939589011067 0.9487465450829369
3.7837514070768399 -0.0087521504848918 0.0000900643943233 0.1458338911872230 0.9191213210278802 0.9481736314827900
3.8056507937619326 -0.0088485375444038 0.0000898309260253 0.1482952462009990 0.9182419828356045 0.9475959986462781
3.8154097654718493 -0.0088916343422297 0.0000897265621755 0.1494004959513031 0.9178489132324933 0.9473376890684508
3.8237445262277370 -0.0089285118269639 0.0000896372714382 0.1503485577310767 0.9175126179272203 0.9471166381553835
3.8320792869836247 -0.0089654385252175 0.0000895478370333 0.1513004123572064 0.9171757804315485 0.9468951835822748
3.8404693115091475 -0.0090026723030443 0.0000894576638144 0.1522624144091375 0.9168361630822376 0.9466718534226061
3.8625844296961778 -0.0091011277624520 0.0000892192779511 0.1548166224628409 0.9159383531326315 0.9460812272023106
3.8847466355161355 -0.0092002448402133 0.0000889793709321 0.1574032345440341 0.9150348396771217 0.9454865081913030
3.9069821938420715 -0.0093001431006567 0.0000887376557762 0.1600256369900505 0.9141245425812118 0.9448869776661571
3.9292911206907162 -0.0094008255030613 0.0000884941279368 0.1626842025371630 0.9132074454444796 0.9442826163686731
3.9516734519534049 -0.0095022950828590 0.0000882487827409 0.1653793084604920 0.9122835314043620 0.9436734046194132
3.9741291767145790 -0.0096045546492484 0.0000880016161216 0.1681113285333241 0.9113527858935356 0.9430593241352280
3.9966583452329325 -0.0097076072753855 0.0000877526234336 0.1708806460634042 0.9104151921812695 0.9424403550880817
4.0192610404241709 -0.0098114561732338 0.0000875017997583 0.1736876507083771 0.9094707325205937 0.9418164768574075
4.0419372219673670 -0.0099161039758117 0.0000872491416377 0.1765327190167983 0.9085193946791001 0.9411876723446073
4.0646869179922778 -0.0100215536150697 0.0000869946449546 0.1794162380472518 0.9075611639570188 0.9405539227021465
4.0875101113111958 -0.0101278077980006 0.0000867383061993 0.1823385911538654 0.9065960279550589 0.9399152104834478
4.1104069219654944 -0.0102348698574133 0.0000864801204177 0.1853001814091303 0.9056239688518709 0.9392715145308068
4.1333773051914422 -0.0103427423443734 0.0000862200846086 0.1883013928286800 0.9046449761925617 0.9386228184392392
4.1564212726303058 -0.0104514280570201 0.0000859581952420 0.1913426186165242 0.9036590375472369 0.9379691043747919
4.1795388904540616 -0.0105609300373810 0.0000856944482696 0.1944242612702724 0.9026661385496246 0.9373103530946545
4.2027301809685049 -0.0106712511078196 0.0000854288402428 0.1975467196177369 0.9016662671073892 0.9366465467376854
4.2259951250415932 -0.0107823938782132 0.0000851613682959 0.2007103888422659 0.9006594133376309 0.9359776687849981
4.2493337138008558 -0.0108943609903085 0.0000848920295583 0.2039156673218092 0.8996455673553326 0.9353037025927403
4.2727460119144647 -0.0110071554242906 0.0000846208204191 0.2071629655007563 0.8986247165051032 0.9346246295486630
4.2839173918042421 -0.0110611429373037 0.0000844910526832 0.2087237300150591 0.8981362740784490 0.9342995560780967
4.2950887716940196 -0.0111152192011807 0.0000843610562172 0.2102918021945054 0.8976469732384998 0.9339738072961746
4.3115538816392531 -0.0111950954225494 0.0000841690423557 0.2126162748173055 0.8969242506646653 0.9334924687908150
4.3351751181798193 -0.0113100918203946 0.0000838927088884 0.2159788512370774 0.8958841884375668 0.9327993797418817
4.3588569436222384 -0.0114258595449948 0.0000836146486860 0.2193830720828185 0.8948376649919637 0.9321015075794152
4.3826125415299453 -0.0115424652141258 0.0000833347054615 0.2228312153497229 0.8937840930870842 0.9313984503252846
4.4064419406036359 -0.0116599115218288 0.0000830528766505 0.2263236974499561 0.8927234640885259 0.9306901913179213
4.4303451274056682 -0.0117782009395651 0.0000827691603035 0.2298609304414000 0.8916557716958552 0.9299767153237690
4.4543221161201547 -0.0118973360593897 0.0000824835542647 0.2334433321812711 0.8905810088478598 0.9292580064711167
4.4783729044535949 -0.0120173193763657 0.0000821960566944 0.2370713198197406 0.8894991696923448 0.9285340495655233
4.5024974538235165 -0.0121381531875862 0.0000819066663120 0.2407453066296242 0.8884102504991860 0.9278048307029592
4.5266958066555212 -0.0122598401796859 0.0000816153809905 0.2444657198401974 0.8873142443709849 0.9270703337275745
4.5509680124391378 -0.0123823830629900 0.0000813221986349 0.2482329896756634 0.8862111445509070 0.9263305424417667
4.5753140225113471 -0.0125057840379861 0.0000810271184599 0.2520475328261857 0.8851009492278680 0.9255854438311745
4.5997338342170266 -0.0126300455206831 0.0000807301392543 0.2559097746092145 0.8839836550091710 0.9248350236898611
4.6242274657261460 -0.0127551700184491 0.0000804312596813 0.2598201452470624 0.8828592580473830 0.9240792673726947
4.6487949225750951 -0.0128811599603186 0.0000801304786848 0.2637790745833692 0.8817277555723088 0.9233181608236414
4.6734361989329232 -0.0130080177024348 0.0000798277954778 0.2677869921730661 0.8805891458461605 0.9225516905468797
4.6846837815620255 -0.0130660846038496 0.0000796893046999 0.2696287925904324 0.8800681985579968 0.9222008125387511
4.6959313641911278 -0.0131242529758514 0.0000795506080812 0.2714783623698911 0.8795464873135934 0.9218492968221820
4.7052066039569160 -0.0131722686179755 0.0000794360809423 0.2730094487369818 0.8791156890281890 0.9215589430088205
4.7136203841941748 -0.0132158801130653 0.0000793320708392 0.2744029117118359 0.8787244558441554 0.9212951827094216
4.7384874879621410 -0.0133451034403333 0.0000790240013378 0.2785468247906774 0.8775656888587701 0.9205135607804937
4.7633967796217229 -0.0134750367403491 0.0000787144188323 0.2827360535860579 0.8764012823956235 0.9197275187880321
4.7883798927164252 -0.0136058463684732 0.0000784029318137 0.2869762826549221 0.8752297651105466 0.9189360517108953
4.8134368163788652 -0.0137375345352312 0.0000780895403102 0.2912679488120079 0.8740511384340222 0.9181391474354231
4.8385675504148384 -0.0138701034930195 0.0000777742443542 0.2956114920300011 0.8728654038344038 0.9173367937379941
4.8637720398380493 -0.0140035551901378 0.0000774570448067 0.3000073440276297 0.8716725659169360 0.9165289803833040
4.8890502706552512 -0.0141378917756615 0.0000771379421570 0.3044559447426519 0.8704726279129025 0.9157156960730647
4.9144022314198601 -0.0142731153982859 0.0000768169370043 0.3089577357692051 0.8692655934870667 0.9148969296674154
4.9398279085092689 -0.0144092281815317 0.0000764940301171 0.3135131595002734 0.8680514669653030 0.9140726703393662
4.9653272853913757 -0.0145462322198824 0.0000761692224443 0.3181226589489476 0.8668302533748355 0.9132429076026495
4.9909003465889539 -0.0146841296002256 0.0000758425150662 0.3227866784225777 0.8656019582590386 0.9124076311863643
5.0165471165567226 -0.0148229226130459 0.0000755139086957 0.3275056706871339 0.8643665858047728 0.9115668297600210
5.0422674824813791 -0.0149626127925188 0.0000751834059523 0.3322800642259143 0.8631241473903180 0.9107204967534581
5.0587674001719378 -0.0150524877444421 0.0000749708862296 0.3353650073054821 0.8623252689673100 0.9101759274255069
5.0639760449318931 -0.0150809010622077 0.0000749037182994 0.3363424468866874 0.8620727847524914 0.9100037546230952
5.0686677739863679 -0.0151064928810911 0.0000748431849293 0.3372243609768714 0.8618452360053828 0.9098485599874901
5.0945914877158716 -0.0152481934549047 0.0000745081537431 0.3421225643284376 0.8605858714077699 0.9089891954810436
5.1205350337136011 -0.0153905015931218 0.0000741719244419 0.3470674215108659 0.8593220694408943 0.9081260479060117
5.1465521758728601 -0.0155337127118229 0.0000738338049419 0.3520695000503645 0.8580512301432363 0.9072573290095808
5.1726428205498225 -0.0156778283398666 0.0000734937983790 0.3571292360060077 0.8567733669402160 0.9063830329589856
5.1988069280033713 -0.0158228502887780 0.0000731519073458 0.3622470763665197 0.8554884912390907 0.9055031524124761
5.2250445035283857 -0.0159687806089343 0.0000728081339983 0.3674234777108393 0.8541966128334312 0.9046176787893022
5.2513554913070575 -0.0161156210008723 0.0000724624814456 0.3726588853447700 0.8528977451238403 0.9037266058466690
5.2777398418895656 -0.0162633731884454 0.0000721149528708 0.3779537463496780 0.8515919018155526 0.9028299274210663
5.3041974678384163 -0.0164120386702402 0.0000717655521171 0.3833085005865391 0.8502790991203544 0.9019276389421290
5.3307283756409936 -0.0165616194614250 0.0000714142819460 0.3887236073717785 0.8489593492124065 0.9010197329353937
5.3573325382564425 -0.0167121173809449 0.0000710611457159 0.3941995199065901 0.8476326665357774 0.9001062033534567
5.3840098938963896 -0.0168635340419088 0.0000707061474043 0.3997366847007462 0.8462990678886488 0.8991870456401178
5.3910111208726628 -0.0169033554008924 0.0000706128349544 0.4011975343690042 0.8459485405126527 0.8989453068289024
5.3951730711748036 -0.0169270440198688 0.0000705573357396 0.4020674640830679 0.8457400608531269 0.8988015016999178
5.3993350214769444 -0.0169507346610921 0.0000705018160519 0.4029385222098227 0.8455315029456230 0.8986576213129980
5.4040448239482508 -0.0169775475950655 0.0000704389633475 0.4039256021469284 0.8452953976306040 0.8984947107437904
5.4308749837364090 -0.0171305881323056 0.0000700803952253 0.4095762552701722 0.8439484895229974 0.8975648322001553
5.4577539668956412 -0.0172844109890336 0.0000697202997555 0.4152843166942108 0.8425959269839415 0.8966301506893513
5.4847060024955807 -0.0174391560307258 0.0000693583572796 0.4210553288777039 0.8412365111694904 0.8956898223278162
5.5117309644760635 -0.0175948244150705 0.0000689945734025 0.4268897258628489 0.8398702651039022 0.8947438462665861
5.5388288211272183 -0.0177514178330115 0.0000686289526258 0.4327879619565775 0.8384972076970053 0.8937922186880579
5.5659994607026277 -0.0179089375055217 0.0000682615006946 0.4387504741062846 0.8371173625572400 0.8928349389080984
5.5932428282558888 -0.0180673849738852 0.0000678922227531 0.4447777115424388 0.8357307510659595 0.8918720045792861
5.6205588792500238 -0.0182267618344995 0.0000675211239671 0.4508701258599253 0.8343373947153842 0.8909034133082746
5.6479475142542155 -0.0183870693576440 0.0000671482104128 0.4570281563327807 0.8329373184458881 0.8899291649786036
5.6754086500348704 -0.0185483089011225 0.0000667734881140 0.4632522455562946 0.8315305470312615 0.8889492592427610
5.7029422046132030 -0.0187104818242812 0.0000663969632443 0.4695428361260538 0.8301171058383350 0.8879636960506673
5.7305480938859601 -0.0188734424108832 0.0000660186546881 0.4759003698228072 0.8286970193922162 0.8869724751595320
5.7583724801614755 -0.0190382029486995 0.0000656365459800 0.4823593712429163 0.8272627686566935 0.8859703212262957
5.7861237701206427 -0.0192030387238035 0.0000652546470691 0.4888526157073605 0.8258294073582184 0.8849677345164479
5.8139473749559736 -0.0193688112442140 0.0000648709688331 0.4954141859217685 0.8243894713330594 0.8839594840829010
5.8418429487600605 -0.0195355202365301 0.0000644855219126 0.5020444607620301 0.8229430028495990 0.8829455811375289
5.8698103549171785 -0.0197031666628546 0.0000640983142438 0.5087438669546304 0.8214900340572432 0.8819260297185580
5.8978495652297056 -0.0198717521331820 0.0000637093524304 0.5155128565304962 0.8200305921363426 0.8809008302717020
5.9259604060066140 -0.0200412773824579 0.0000633186452606 0.5223518457876235 0.8185647124980564 0.8798699889180468
5.9541427980502473 -0.0202117437119716 0.0000629262003819 0.5292612729466071 0.8170924263048698 0.8788335086946587
5.9823966016475421 -0.0203831520569039 0.0000625320264526 0.5362415605555846 0.8156137685445657 0.8777913952310551
5.9889653962597196 -0.0204230553825182 0.0000624402817537 0.5378720834879352 0.8152696179751002 0.8775486829185203
5.9955341908718971 -0.0204629690256080 0.0000623484996015 0.5395054973138146 0.8149253274920849 0.8773058093728060
6.0239322682880543 -0.0206358363669220 0.0000619512646424 0.5466003173805958 0.8134353040197453 0.8762539753344358
6.0523624761535153 -0.0208094078235118 0.0000615528667906 0.5537573474612452 0.8119410376541557 0.8751979621035715
6.0808637155073937 -0.0209839215888480 0.0000611527696784 0.5609867231029095 0.8104405190101472 0.8741363326359244
6.1094357753900690 -0.0211593781160306 0.0000607509837221 0.5682888436440907 0.8089337897961373 0.8730690969082090
6.1380784815941594 -0.0213357780813729 0.0000603475189962 0.5756641160174705 0.8074208904722247 0.8719962639372786
6.1667917154381220 -0.0215131225046877 0.0000599423849635 0.5831129599458461 0.8059018592378669 0.8709178410557862
6.1955752867821570 -0.0216914119674327 0.0000595355922636 0.5906357751238611 0.8043767387400984 0.8698338386733743
6.2244290222435250 -0.0218706471560478 0.0000591271514712 0.5982329637943634 0.8028455714153707 0.8687442669781807
6.2342787844418881 -0.0219319492531544 0.0000589875744116 0.6008392579113416 0.8023223539653547 0.8683716548889524
6.2441285466402512 -0.0219933106800461 0.0000588479227932 0.6034520957174273 0.8017988726867279 0.8679987052589210
6.2517556901629083 -0.0220408403146775 0.0000587397352589 0.6054798376929807 0.8013933358265589 0.8677096812025579
6.2593828336855655 -0.0220883844723337 0.0000586315053974 0.6075115048381021 0.8009876426515936 0.8674204557285458
6.2884271096769639 -0.0222697555568254 0.0000582189644498 0.6152840675137190 0.7994413439331011 0.8663172451368947
6.3175058901923231 -0.0224518519726199 0.0000578053086236 0.6231229266943236 0.7978910048035507 0.8652098305189664
6.3466541348165064 -0.0226348934639272 0.0000573900505583 0.6310378445099806 0.7963348013641017 0.8640968910293159
6.3758715756550695 -0.0228188801011426 0.0000569732030503 0.6390291876005740 0.7947727845368540 0.8629784425795490
6.4051579942417449 -0.0230038122683092 0.0000565547783620 0.6470973334994110 0.7932050032765304 0.8618544996267327
6.4345131452526685 -0.0231896901847215 0.0000561347893076 0.6552426498328949 0.7916315086399827 0.8607250780879238
6.4639367847956928 -0.0233765140834593 0.0000557132488489 0.6634655019420953 0.7900523522713718 0.8595901942604546
6.4741770262314260 -0.0234416539617415 0.0000555664093633 0.6663410324968065 0.7895023043385655 0.8591945642306312
6.4844172676671592 -0.0235068556750846 0.0000554195027865 0.6692236644782477 0.7889520236491878 0.8587985957578244
6.4913943895559241 -0.0235513158190077 0.0000553193708093 0.6711917950621124 0.7885769613009165 0.8585286119412717
6.4983715114446889 -0.0235957622300461 0.0000552192119073 0.6731632229883845 0.7882017922422673 0.8582584718562766
6.5053291323183684 -0.0236401097214810 0.0000551193028204 0.6751324245682230 0.7878275664865985 0.8579889315038208
6.5349429649275299 -0.0238291824342561 0.0000546937227943 0.6835506561185470 0.7862335837846472 0.8568399560457576
6.5645991887817061 -0.0240190370066124 0.0000542669995071 0.6920404941751854 0.7846354773059155 0.8556865542393083
6.5943228381496937 -0.0242098348330337 0.0000538387836016 0.7006094522292323 0.7830319417161317 0.8545277647141541
6.6241136001790748 -0.0244015757007229 0.0000534090899168 0.7092578603574726 0.7814230358552721 0.8533636087961927
6.6539711816797809 -0.0245942595305432 0.0000529779331706 0.7179860508839805 0.7798088181438563 0.8521941074970014
6.6838952509295648 -0.0247878860027202 0.0000525453287981 0.7267943413448247 0.7781893497214284 0.8510192837910363
6.7138854411351261 -0.0249824545770933 0.0000521112929025 0.7356830350811513 0.7765646942621476 0.8498391624953723
6.7183284410753172 -0.0250113232987715 0.0000520469515202 0.7370050701490465 0.7763238704671840 0.8496641010787850
6.7227714410155084 -0.0250401869347967 0.0000519826015154 0.7383284443467973 0.7760830125579544 0.8494889810148178
6.7277138796435105 -0.0250722929301547 0.0000519110074873 0.7398021527590882 0.7758150398872603 0.8492941068351290
6.7578164125935007 -0.0252681367745248 0.0000514746902326 0.7488137394096577 0.7741820296557380 0.8481056435359934
6.7879694186869388 -0.0254648216736317 0.0000510371952609 0.7579020659169762 0.7725447892227221 0.8469125251199866
6.8181874468932469 -0.0256624439920372 0.0000505983231315 0.7670718723014344 0.7709025755943745 0.8457141897564006
6.8484700383915280 -0.0258610025865533 0.0000501580919769 0.7763234161178907 0.7692554601658236 0.8445106679609842
6.8788168133808272 -0.0260604968388814 0.0000497165189350 0.7856569742548517 0.7676035106407230 0.8433019875936855
6.9092273275862421 -0.0262609257164592 0.0000492736222311 0.7950727991258452 0.7659467988242853 0.8420881795556651
6.9299938765787950 -0.0263980892803697 0.0000489709590688 0.8015386604857351 0.7648147587490245 0.8412578277350299
6.9354878200744476 -0.0264344108093876 0.0000488908586228 0.8032541437272950 0.7645151748448925 0.8410379534040919
6.9404543313583709 -0.0264672305154876 0.0000488184402895 0.8048066977923252 0.7642443180077299 0.8408391162781422
6.9709768008541033 -0.0266692275898484 0.0000483731691212 0.8143848849766993 0.7625790417865871 0.8396156530206320
7.0015791382157424 -0.0268722677089976 0.0000479263754030 0.8240515436054051 0.7609082689018349 0.8383864566434457
7.0322433844496137 -0.0270762340713710 0.0000474783333499 0.8338014272330513 0.7592330286946893 0.8371522613110450
7.0629690209796507 -0.0272811251564403 0.0000470290629955 0.8436347384842126 0.7575533998636041 0.8359131033277694
7.0937555428874690 -0.0274869395436260 0.0000465785843111 0.8535516785445157 0.7558694609014258 0.8346690189367271
7.1246024136363832 -0.0276936756107013 0.0000461269178643 0.8635524325364575 0.7541812925590602 0.8334200461452195
7.1306474656349002 -0.0277342503150784 0.0000460383704332 0.8655198265416545 0.7538503587089437 0.8331750006261363
7.1342339512973991 -0.0277583323877529 0.0000459858306552 0.8666882363239512 0.7536540023906416 0.8330295730391821
7.1378204369598981 -0.0277824075842280 0.0000459332882886 0.8678575167590429 0.7534576343803221 0.8328841128501457
7.1419355338742134 -0.0278100260684183 0.0000458729982445 0.8692002096997752 0.7532323094568081 0.8327171731935983
7.1728959420479050 -0.0280181098115107 0.0000454192403746 0.8793388600991028 0.7515365801134211 0.8314598157203090
7.2038965304727896 -0.0282269809470533 0.0000449646232724 0.8895556424624738 0.7498378575438372 0.8301984297116156
7.2349553891773866 -0.0284367628783414 0.0000445088950533 0.8998567991712554 0.7481352043300833 0.8289322991926248
7.2660717867203033 -0.0286474526677232 0.0000440520797209 0.9102424209616394 0.7464287141575532 0.8276614723594321
7.2972450867033496 -0.0288590480248843 0.0000435942000027 0.9207126226972944 0.7447184759655603 0.8263859940397429
7.3060607868036964 -0.0289189807973603 0.0000434646736736 0.9236854617144654 0.7442347206611094 0.8260248750681463
7.3148764869040432 -0.0289789551355525 0.0000433351305200 0.9266635471341563 0.7437509210559712 0.8256635730535405
7.3212202393356520 -0.0290221382043929 0.0000432419014156 0.9288098143503726 0.7434027535723212 0.8254034683169899
7.3252730863150930 -0.0290497379264509 0.0000431823355196 0.9301824266262302 0.7431803076174905 0.8252372453339131
7.3293259332945340 -0.0290773172170552 0.0000431227689306 0.9315561473436421 0.7429578525768280 0.8250709839792123
7.3354959152156223 -0.0291193193647923 0.0000430320794265 0.9336496032814139 0.7426191743728844 0.8248177971088483
7.3668123011784354 -0.0293328168755535 0.0000425716589568 0.9443147529552798 0.7408998840690981 0.8235313603934693
7.3981660696816531 -0.0295470896797960 0.0000421105047949 0.9550588793448157 0.7391780921974132 0.8222411347090077
7.4295735097376925 -0.0297622507174065 0.0000416483913376 0.9658878097775520 0.7374529603852236 0.8209464723578421
7.4610338024755460 -0.0299782964392904 0.0000411853445507 0.9768015545448326 0.7357245897417012 0.8196474283042441
7.4925460458180293 -0.0301952227247814 0.0000407213917181 0.9878000859663116 0.7339930863092832 0.8183440614607358
7.5021025828118511 -0.0302611122365516 0.0000405806656775 0.9911487445982858 0.7334679368939194 0.8179483711500685
7.5067036516987065 -0.0302928316479051 0.0000405129099419 0.9927631718472241 0.7332150926287010 0.8177577928291321
7.5113047205855619 -0.0303245487814248 0.0000404451528945 0.9943790220490126 0.7329622440200110 0.8175671690137047
7.5428959683683070 -0.0305426199923070 0.0000399798628336 1.0055119710650289 0.7312260693866571 0.8162571125725594
7.5745409777997068 -0.0307615857646740 0.0000395136766564 1.0167310580032933 0.7294868082867639 0.8149427141280285
7.6062344992483890 -0.0309814119586591 0.0000390466859687 1.0280346918770824 0.7277448068043555 0.8136242145908611
7.6379755154432338 -0.0312020936079043 0.0000385789201178 1.0394227580712594 0.7260001787008818 0.8123016800169834
7.6697629604474296 -0.0314236254001634 0.0000381104092326 1.0508951136894917 0.7242530406547443 0.8109751789982086
7.6724687773418667 -0.0314425064769611 0.0000380705262752 1.0518747895079057 0.7241043242372239 0.8108621714873191
7.6750343943614467 -0.0314603941375679 0.0000380327112822 1.0528041566527713 0.7239633139321454 0.8107550060019527
7.7006905645572470 -0.0316394584704158 0.0000376545469048 1.0621220459852636 0.7225532543821305 0.8096826386330098
7.7325766628966006 -0.0318624795195491 0.0000371845269726 1.0737638721857155 0.7208009420487772 0.8083480884841475
7.7644975425428031 -0.0320862717681919 0.0000367139767343 1.0854864179596848 0.7190469315347877 0.8070101309083141
7.7964601308384278 -0.0323108856662917 0.0000362428086911 1.0972924029922084 0.7172909009180769 0.8056685022203391
7.8284630528327108 -0.0325363136371659 0.0000357710577537 1.1091815108095846 0.7155329846597676 0.8043232864907347
7.8311275925062667 -0.0325551065509517 0.0000357317811029 1.1101744654645083 0.7153866385608663 0.8042112004122959
7.8337921321798225 -0.0325738862349318 0.0000356925062518 1.1111678928109638 0.7152402949812301 0.8040991014439116
7.8368178472186560 -0.0325952124866114 0.0000356479083060 1.1122965512091096 0.7150741179798226 0.8039717919699327
7.8670749976069914 -0.0328087344257589 0.0000352019455816 1.1236166419536724 0.7134125531041773 0.8026977900215019
7.8991666501967446 -0.0330357178416855 0.0000347289868474 1.1356895974991044 0.7116506925736592 0.8013447647597209
7.9312919817992658 -0.0332634712650175 0.0000342555902433 1.1478437354632880 0.7098874989667999 0.7999885175249825
7.9634515254512914 -0.0334920004574362 0.0000337817626093 1.1600793949428272 0.7081230020675059 0.7986290541252902
7.9746271271839975 -0.0335715404659228 0.0000336171249201 1.1643473975356700 0.7075099756425586 0.7981562249868165
7.9800653513810085 -0.0336102692132567 0.0000335370136292 1.1664272673939877 0.7072116956264682 0.7979260633446168
7.9844956497407589 -0.0336418122731786 0.0000334717540655 1.1681230997834231 0.7069687128500075 0.7977385236931229
7.9889259481005093 -0.0336733513205922 0.0000334064976915 1.1698202317415798 0.7067257425627121 0.7975509514274757
8.0210894707779445 -0.0339026237496755 0.0000329328015164 1.1821801844988920 0.7049621958123126 0.7961882257685784
8.0533387014175499 -0.0341330406505230 0.0000324579566452 1.1946417457123502 0.7031946841144453 0.7948201814899689
8.0856157543827827 -0.0343641917825261 0.0000319828303197 1.2071828230716959 0.7014264406894082 0.7934492993819819
8.1179188133281031 -0.0345960660697200 0.0000315074638697 1.2198027936081510 0.6996576236152897 0.7920756866162599
8.1217468383072848 -0.0346235796076943 0.0000314511414154 1.2213028605084888 0.6994480716945136 0.7919128025062163
8.1238459035260604 -0.0346386696306037 0.0000314202584166 1.2221258191909912 0.6993331711107009 0.7918234769040261
8.1259449687448360 -0.0346537492355938 0.0000313893773162 1.2229490679919197 0.6992182742401702 0.7917341446002960
8.1284239805135332 -0.0346715578959911 0.0000313529077028 1.2239217046078406 0.6990825851331802 0.7916286338535039
8.1532140982005057 -0.0348498177527420 0.0000309882648943 1.2336703153998172 0.6977259974587864 0.7905730159156218
8.1855749623329235 -0.0350829914476777 0.0000305124160177 1.2464568980174795 0.6959559768974386 0.7891936408682163
8.2179491739856783 -0.0353167996124656 0.0000300365578622 1.2593175717370233 0.6941862528897171 0.7878121668916277
8.2503412188991838 -0.0355512762682896 0.0000295606387712 1.2722541211517604 0.6924166373561856 0.7864284345267744
8.2556338232667361 -0.0355896392734888 0.0000294828974323 1.2743743845033033 0.6921276029403247 0.7862022035637269
8.2579395762380745 -0.0356063568489901 0.0000294490307909 1.2752986627575242 0.6920016930355577 0.7861036325850359
8.2602453292094129 -0.0356230671040058 0.0000294151662338 1.2762232890558856 0.6918757888349040 0.7860050542282655
8.2637126446526530 -0.0356481902930432 0.0000293642449188 1.2776143667848305 0.6916864691198351 0.7858568014607605
8.2963432579521292 -0.0358849246273263 0.0000288851549379 1.2907442106065103 0.6899054573572667 0.7844607979541582
8.3287721633911467 -0.0361207374358002 0.0000284092623172 1.3038618310901917 0.6881366761975117 0.7830719985800608
8.3612112982903763 -0.0363571661267201 0.0000279334685692 1.3170522449399915 0.6863686098567933 0.7816813736534610
8.3705047220275510 -0.0364250000757795 0.0000277972071676 1.3208437799450052 0.6858623222449476 0.7812827253119692
8.3797981457647257 -0.0364928785946966 0.0000276609676452 1.3246409397672037 0.6853561448462565 0.7808839666626413
8.3843435205443164 -0.0365260939338687 0.0000275943415268 1.3265001623537385 0.6851086161106505 0.7806888955424750
8.3888888953239071 -0.0365593015181761 0.0000275277225561 1.3283607295957283 0.6848611139391410 0.7804937983118989
8.3941199751843971 -0.0365975152708850 0.0000274510618821 1.3305036417077114 0.6845763072575198 0.7802692369147116
8.4265453515406179 -0.0368347010426220 0.0000269760354196 1.3438263971561273 0.6828117136110605 0.7788765092154069
8.4590030342692799 -0.0370726655515249 0.0000265008255546 1.3572308188319271 0.6810467962749972 0.7774811053509384
8.4914605049082592 -0.0373111725000344 0.0000260259221807 1.3707034701811269 0.6792833788950154 0.7760844551896294
8.5046243381647084 -0.0374080595470106 0.0000258334042965 1.3761870443484854 0.6785686229743290 0.7755176632072166
8.5068615905153067 -0.0374245348593261 0.0000258006902626 1.3771201171958032 0.6784471724678692 0.7754213145563006
8.5090988428659049 -0.0374409982501199 0.0000257679791897 1.3780535138574630 0.6783257292007353 0.7753249601722286
8.5120244947523087 -0.0374625294901751 0.0000257252054625 1.3792746039535395 0.6781669292221971 0.7751989490326502
8.5412810136163468 -0.0376780848499188 0.0000252976149395 1.3915159395756300 0.6765796385381689 0.7739383042917642
8.5737297263009378 -0.0379176771695457 0.0000248236901211 1.4051575845005086 0.6748206986725662 0.7725389968945592
8.6061673669442893 -0.0381577333115144 0.0000243502763009 1.4188624259617497 0.6730640289944996 0.7711390292215703
8.6197547320074968 -0.0382584496624395 0.0000241520812513 1.4246231942423939 0.6723287099098605 0.7705522856147624
8.6236439006526879 -0.0382872802397861 0.0000240953644157 1.4262743094284116 0.6721182923358499 0.7703843041962219
8.6275330692978791 -0.0383161071341227 0.0000240386540220 1.4279263972924767 0.6719078997142451 0.7702163071334444
8.6598104249980157 -0.0385556527810823 0.0000235682052888 1.4416750689190352 0.6701627700567615 0.7688214538126029
8.6922093543151391 -0.0387966453395476 0.0000230963660061 1.4555427714519398 0.6684128632605751 0.7674202997085510
8.7245865843574268 -0.0390380233553345 0.0000226252370159 1.4694683741838528 0.6666659761789722 0.7660190689173070
8.7279878934179127 -0.0390634125242527 0.0000225757671217 1.4709351873941003 0.6664825705655159 0.7658718085482685
8.7300894611667310 -0.0390791004850384 0.0000225452036202 1.4718418574441354 0.6663692601456545 0.7657808153439163
8.7321910289155493 -0.0390947787114219 0.0000225146430367 1.4727488098917554 0.6662559575755865 0.7656898180198697
8.7532067064037324 -0.0392516876257561 0.0000222091326109 1.4818338590770772 0.6651233759236370 0.7647796199947631
8.7855346967183934 -0.0394935078627099 0.0000217395165643 1.4958642567245461 0.6633827479195840 0.7633786982501716
8.8178341710793902 -0.0397356617062066 0.0000212707424327 1.5099488098607916 0.6616456343649115 0.7619780935074674
8.8274033597362838 -0.0398075085573918 0.0000211319451439 1.5141343154032951 0.6611313762059358 0.7615629724028284
8.8302793996313138 -0.0398291116994708 0.0000210902369121 1.5153934162246008 0.6609768497817543 0.7614381918014765
8.8324269790508456 -0.0398452458966674 0.0000210590950866 1.5163339475095030 0.6608614733013899 0.7613450118534543
8.8345745584703774 -0.0398613682541728 0.0000210279566524 1.5172747720187676 0.6607461056636861 0.7612518280478598
8.8560503526656955 -0.0400227249489341 0.0000207166812330 1.5266991365961069 0.6595929299787638 0.7603197796563473
8.8882667933172304 -0.0402652355011156 0.0000202501053145 1.5408917920919201 0.6578647487852430 0.7589208859061585
8.9204458013703700 -0.0405080109995442 0.0000197845336163 1.5551336192387946 0.6561406898182691 0.7575228049136905
8.9279481956349080 -0.0405646918107822 0.0000196760552538 1.5584634591354269 0.6557390417984648 0.7571967351042769
8.9321118575992191 -0.0405961458255292 0.0000196158648820 1.5603129819659030 0.6555161867152458 0.7570157554438259
8.9362755195635302 -0.0406275974909645 0.0000195556836586 1.5621636006845088 0.6552933678716311 0.7568347628756442
8.9683760709522868 -0.0408703880462651 0.0000190919760418 1.5764680660005204 0.6535767364810886 0.7554389398332223
9.0004352040259761 -0.0411134109322618 0.0000186293537431 1.5908189496188263 0.6518645314556901 0.7540441869339283
9.0099660945584557 -0.0411857649102376 0.0000184919158267 1.5950978216746514 0.6513559412352955 0.7536294032282347
9.0194969850909352 -0.0412581673338488 0.0000183545222105 1.5993824097070977 0.6508475515204539 0.7532145585140303
9.0213667583984893 -0.0412723769550830 0.0000183275735076 1.6002236320241456 0.6507478390826225 0.7531331670497643
9.0232365317060435 -0.0412865803184445 0.0000183006273416 1.6010650741809032 0.6506481342911314 0.7530517732733030
9.0252623395094620 -0.0413019671243544 0.0000182714348291 1.6019769836419897 0.6505401177474546 0.7529635844949144
9.0455204175436474 -0.0414559553908466 0.0000179796213718 1.6111102632076966 0.6494604566925420 0.7520815492093430
9.0774275037142012 -0.0416989358434722 0.0000175204230965 1.6255476988922417 0.6477618378305420 0.7506917870951799
9.1092817476529344 -0.0419420580624182 0.0000170625033263 1.6400248683932623 0.6460683643908630 0.7493037064955355
9.1410656872278668 -0.0421849933805199 0.0000166061402128 1.6545333441022267 0.6443809903039139 0.7479181008763507
9.1736515390853395 -0.0424346222651453 0.0000161388198695 1.6694733411877891 0.6426535394129518 0.7464969559962861
9.1838495038094710 -0.0425128632074607 0.0000159926863596 1.6741625129009106 0.6421134481360175 0.7460520832933581
9.1889678487068149 -0.0425521534606384 0.0000159193634740 1.6765184426917246 0.6418424724187344 0.7458287820603962
9.1922212237311793 -0.0425771347589679 0.0000158727646805 1.6780167906783359 0.6416702652892738 0.7456868380875501
9.1954745987555437 -0.0426021027209956 0.0000158261736160 1.6795157973345740 0.6414980837446256 0.7455448887439433
9.2270739408840843 -0.0428449093397546 0.0000153739480406 1.6941095717689922 0.6398270761280292 0.7441658913660582
9.2585671628064219 -0.0430874401100242 0.0000149237958364 1.7087160264247461 0.6381641536534061 0.7427910517179270
9.2635361643632557 -0.0431257559884994 0.0000148528220328 1.7110262504553537 0.6379020058588768 0.7425740881835328
9.2685051659200894 -0.0431640853497853 0.0000147818622981 1.7133380041405186 0.6376399206872400 0.7423571137049144
9.2707091953497027 -0.0431810908791909 0.0000147503922108 1.7143638854728969 0.6375236913802133 0.7422608699430856
9.2729132247793160 -0.0431980864904919 0.0000147189261831 1.7153900676154217 0.6374074742341543 0.7421646240556412
9.2789181302551977 -0.0432444046128891 0.0000146332107300 1.7181874394670065 0.6370909019854548 0.7419023902154683
9.3101372487668090 -0.0434855268704293 0.0000141879168985 1.7327667392678567 0.6354465534691351 0.7405388073013393
9.3413852003258793 -0.0437274066730650 0.0000137427819288 1.7474197892252274 0.6338032175547220 0.7391735719562260
9.3451505730265154 -0.0437565892849375 0.0000136891822090 1.7491895451661208 0.6336053686491849 0.7390090360995397
9.3489159457271516 -0.0437857590362939 0.0000136355930356 1.7509601749018353 0.6334075567910957 0.7388444949682647
9.3801722670251859 -0.0440281980330312 0.0000131910775284 1.7656918583346899 0.6317669739281421 0.7374784429699458
9.4111885793744836 -0.0442693086900124 0.0000127505599674 1.7803698053410673 0.6301415758098785 0.7361225507115757
9.4150686031365858 -0.0442995082404812 0.0000126954943140 1.7822101181551395 0.6299384278254118 0.7359529119145535
9.4185390331421353 -0.0443265115315057 0.0000126462510797 1.7838569413243186 0.6297567595643410 0.7358011770298316
9.4217130219676495 -0.0443512112026981 0.0000126012209578 1.7853637410498322 0.6295906379331249 0.7356623999534884
9.4534529102227918 -0.0445985154432747 0.0000121512635802 1.8004656963177941 0.6279309397636799 0.7342744643640957
9.4621627203094718 -0.0446664767278833 0.0000120278998952 1.8046206416379122 0.6274759842127371 0.7338935478854418
9.4708725303961518 -0.0447344803314213 0.0000119045839802 1.8087802268311790 0.6270212393435659 0.7335126109203240
9.4754251265893679 -0.0447700425082791 0.0000118401461315 1.8109562772976520 0.6267836294319235 0.7333134881535359
9.4799777227825839 -0.0448056162726405 0.0000117757214149 1.8131335943311693 0.6265460774103855 0.7331143600325627
9.4824844500222571 -0.0448252086667351 0.0000117402538229 1.8143329980584659 0.6264153024847743 0.7330047148692393
9.4849911772619304 -0.0448447917747402 0.0000117047915418 1.8155327856006991 0.6262845449469452 0.7328950681171061
9.4908130073629113 -0.0448902866477893 0.0000116224464576 1.8183207516321949 0.6259809308446566 0.7326404093850380
9.5213023140813924 -0.0451288560666030 0.0000111915543057 1.8329552874999959 0.6243924447546507 0.7313066125650731
9.5298757972090478 -0.0451960348736150 0.0000110704969390 1.8370806731101592 0.6239462433421379 0.7309315158867339
9.5384492803367031 -0.0452632550302953 0.0000109494872958 1.8412105344078067 0.6235002518764298 0.7305564036308861
9.5432473063136012 -0.0453008918879307 0.0000108817868918 1.8435237039236607 0.6232507510947519 0.7303464708832488
9.5455633807978995 -0.0453190643717620 0.0000108491123350 1.8446408045332288 0.6231303372174948 0.7302451317439248
9.5478794552821977 -0.0453372297545586 0.0000108164423297 1.8457582314275971 0.6230099385880827 0.7301437915383829
9.5505642615744382 -0.0453582894555755 0.0000107785756258 1.8470539671077835 0.6228703911174547 0.7300263160884406
9.5774123244968425 -0.0455691099591145 0.0000104001691943 1.8600354175268772 0.6214760615712451 0.7288514869645072
9.5858726762802000 -0.0456356280233773 0.0000102810246173 1.8641351969260975 0.6210371145862471 0.7284812487754657
9.5943330280635575 -0.0457021866289548 0.0000101619276445 1.8682393184136625 0.6205983766184592 0.7281109988132823
9.5988313634667310 -0.0457375921037480 0.0000100986237007 1.8704232307347926 0.6203651867370403 0.7279141337674649
9.6033296988699046 -0.0457730090654710 0.0000100353332884 1.8726083695006606 0.6201320562471773 0.7277172656212176
9.6058285226460765 -0.0457926881417112 0.0000100001813417 1.8738227430734360 0.6200025780379086 0.7276079041229503
9.6083273464222483 -0.0458123589542453 0.0000099650348043 1.8750374949243320 0.6198731180021613 0.7274985417015210
9.6151075651080422 -0.0458657508313577 0.0000098696905849 1.8783354641732493 0.6195219384735727 0.7272017970694535
9.6450560688199545 -0.0461018976449688 0.0000094489226668 1.8929360102529991 0.6179723927800688 0.7258909902731993
9.6546511237894155 -0.0461776637289737 0.0000093142438120 1.8976252758593262 0.6174765065240281 0.7254710044240151
9.6610226120502638 -0.0462280044225728 0.0000092248466167 1.9007422014955728 0.6171473712413289 0.7251921120910841
9.6651662167159635 -0.0462607439568291 0.0000091667245578 1.9027705636607155 0.6169333881423157 0.7250107363056064
9.6693098213816633 -0.0462934857545309 0.0000091086150756 1.9047999618180995 0.6167194565633327 0.7248293588283731
9.6987173741834685 -0.0465261399190745 0.0000086965471573 1.9192325335042328 0.6152026549260499 0.7235420624396037
9.7081032579697037 -0.0466004996973262 0.0000085651555744 1.9238498811902056 0.6147190969099467 0.7231311877558265
9.7118425365457952 -0.0466301383038416 0.0000085128271028 1.9256908807677029 0.6145265253034647 0.7229674962429640
9.7155818151218867 -0.0466597849677245 0.0000084605084129 1.9275327213477693 0.6143339964861473 0.7228038039100760
9.7184700182124129 -0.0466826810579780 0.0000084201052525 1.9289559268143259 0.6141853172140317 0.7226773681032945
9.7211325709293455 -0.0467037887060915 0.0000083828643055 1.9302683839395338 0.6140482765923033 0.7225608101089990
9.7477580980986716 -0.0469150900559166 0.0000080107293692 1.9434163795704105 0.6126790705786819 0.7213952125417967
9.7564616744965384 -0.0469842508938626 0.0000078891915419 1.9477235355774891 0.6122319683924672 0.7210141869065939
9.7651652508944053 -0.0470534556396558 0.0000077677076042 1.9520352340502585 0.6117851016607019 0.7206331596077814
9.7675895668140438 -0.0470727398177408 0.0000077338787959 1.9532370338015046 0.6116606723059496 0.7205270270911566
9.7700138827336822 -0.0470920174061503 0.0000077000552280 1.9544391857150234 0.6115362611131572 0.7204208944971935
9.7942570419300665 -0.0472849809642042 0.0000073620512510 1.9664800608656030 0.6102931608923085 0.7193595667602053
9.8024888242875150 -0.0473505796511428 0.0000072473779709 1.9705765460206401 0.6098714853280162 0.7189991927245187
9.8107206066449635 -0.0474162178644501 0.0000071327537095 1.9746770816813126 0.6094500236906842 0.7186388197532347
9.8141047948520388 -0.0474432140304077 0.0000070856445011 1.9763640373059945 0.6092768177567827 0.7184906663565569
9.8158520193929029 -0.0474571545172918 0.0000070613257156 1.9772352643880544 0.6091874073680524 0.7184141762635067
9.8175992439337669 -0.0474710899424457 0.0000070370098641 1.9781066737834461 0.6090980065391908 0.7183376862509906
9.8208026992331963 -0.0474966442895491 0.0000069924336686 1.9797048360499798 0.6089341194128973 0.7181974455737536
9.8501100225084119 -0.0477307110462593 0.0000065849691268 1.9943543031742750 0.6074362891090112 0.7169144490389642
9.8555096054692495 -0.0477738904711490 0.0000065099665702 1.9970589075571368 0.6071606284547635 0.7166780741624782
9.8609091884300870 -0.0478170870377783 0.0000064349855007 1.9997652483398958 0.6068850614629281 0.7164417010060804
9.8634933474218176 -0.0478377592878483 0.0000063991090426 2.0010610764060228 0.6067532123170577 0.7163285770225966
9.8658364176881648 -0.0478565037562239 0.0000063665842065 2.0022363539838630 0.6066336825586230 0.7162260072964672
9.8892671203516365 -0.0480441262088508 0.0000060415596790 2.0140070911230543 0.6054393602025920 0.7152003318785022
9.8989385418538749 -0.0481216650246363 0.0000059075194110 2.0188751773622262 0.6049469022944519 0.7147769800380609
9.9035672315580143 -0.0481587942555577 0.0000058433932057 2.0212069822832648 0.6047113223550079 0.7145743692161963
9.9068899132379524 -0.0481854481584987 0.0000057973711532 2.0228816408842443 0.6045422554350720 0.7144289273401569
9.9102125949178905 -0.0482121034181700 0.0000057513579213 2.0245569546571285 0.6043732244631658 0.7142834865640387
9.9376448718659844 -0.0484324210483641 0.0000053717871597 2.0384134684457575 0.6029790757164967 0.7130827639662292
9.9419854394974969 -0.0484673225428661 0.0000053117803519 2.0406100491982726 0.6027587084131265 0.7128927836255999
9.9444831863393208 -0.0484874114294308 0.0000052772563645 2.0418745605848279 0.6026319278959157 0.7127834619675015
9.9458565419588982 -0.0484984586422341 0.0000052582757890 2.0425699940785527 0.6025622279550900 0.7127233531341791
9.9472298975784756 -0.0485095027603174 0.0000052392970891 2.0432655391975443 0.6024925341706374 0.7126632445484995
9.9491339192092330 -0.0485248154066240 0.0000052129874535 2.0442300282959152 0.6023959209353180 0.7125799103557625
9.9681741355168061 -0.0486780607049348 0.0000049500429535 2.0538867124242013 0.6014304491280854 0.7117465959570650
9.9771319332900124 -0.0487502324783219 0.0000048264319953 2.0584372775447140 0.6009766429850917 0.7113545671821206
9.9811057238711385 -0.0487822641502435 0.0000047716163340 2.0604574823478434 0.6007754145896103 0.7111806623205942
9.9836109902914476 -0.0488024632997974 0.0000047370641685 2.0617315946114596 0.6006485777455611 0.7110710257238465
9.9861162567117567 -0.0488226620633945 0.0000047025172636 2.0630060773474552 0.6005217618017268 0.7109613901408581
