0.0001015294843025 -0.0000000000006346 0.0001262945686278 0.0000000000000023 0.9999999999608230 0.9999999999739977
0.0001409007703316 -0.0000000000012222 0.0001262945686165 0.0000000000000060 0.9999999999241916 0.9999999999499175
0.0001893968712807 -0.0000000000022085 0.0001262945685975 0.0000000000000146 0.9999999998627168 0.9999999999095054
0.0002478771475197 -0.0000000000037829 0.0001262945685671 0.0000000000000328 0.9999999997645765 0.9999999998449900
0.0003171598102469 -0.0000000000061933 0.0001262945685206 0.0000000000000686 0.9999999996143365 0.9999999997462249
0.0003980535020365 -0.0000000000097555 0.0001262945684519 0.0000000000001357 0.9999999993922946 0.9999999996002586
0.0004913136668926 -0.0000000000148623 0.0001262945683533 0.0000000000002551 0.9999999990739761 0.9999999993910016
0.0005976819393320 -0.0000000000219943 0.0001262945682157 0.0000000000004592 0.9999999986294239 0.9999999990987605
0.0007178690975973 -0.0000000000317294 0.0001262945680279 0.0000000000007957 0.9999999980226173 0.9999999986998560
0.0008525613826312 -0.0000000000447531 0.0001262945677767 0.0000000000013328 0.9999999972108229 0.9999999981661960
0.0010024283591549 -0.0000000000618698 0.0001262945674464 0.0000000000021665 0.9999999961439026 0.9999999974648203
0.0011681025244887 -0.0000000000840107 0.0001262945670193 0.0000000000034280 0.9999999947638192 0.9999999965575763
0.0013502211753252 -0.0000000001122490 0.0001262945664745 0.0000000000052943 0.9999999930036655 0.9999999954004805
0.0015493991255645 -0.0000000001478086 0.0001262945657884 0.0000000000080000 0.9999999907871696 0.9999999939433925
0.0017662214504791 -0.0000000001920717 0.0001262945649344 0.0000000000118504 0.9999999880281587 0.9999999921296642
0.0020012637033853 -0.0000000002465936 0.0001262945638825 0.0000000000172390 0.9999999846296996 0.9999999898955731
0.0022550824304018 -0.0000000003131109 0.0001262945625992 0.0000000000246652 0.9999999804835480 0.9999999871699614
0.0025282408911300 -0.0000000003935594 0.0001262945610471 0.0000000000347579 0.9999999754690329 0.9999999838735015
0.0028212695876612 -0.0000000004900750 0.0001262945591850 0.0000000000482983 0.9999999694530201 0.9999999799186736
0.0031347024890982 -0.0000000006050149 0.0001262945569675 0.0000000000662501 0.9999999622885876 0.9999999752088935
0.0034690554922407 -0.0000000007409620 0.0001262945543447 0.0000000000897908 0.9999999538147346 0.9999999696383217
0.0038248157791071 -0.0000000009007298 0.0001262945512623 0.0000000001203454 0.9999999438560930 0.9999999630916743
0.0042024943757947 -0.0000000010873961 0.0001262945476609 0.0000000001596318 0.9999999322208101 0.9999999554428302
0.0046025676524452 -0.0000000013042891 0.0001262945434764 0.0000000002097000 0.9999999187014391 0.9999999465554174
0.0050255223351127 -0.0000000015550198 0.0001262945386390 0.0000000002729867 0.9999999030728960 0.9999999362814694
0.0054718111904638 -0.0000000018434685 0.0001262945330740 0.0000000003523637 0.9999998850933159 0.9999999244619883
0.0059419021106116 -0.0000000021738246 0.0001262945267004 0.0000000004512054 0.9999998645015634 0.9999999109253074
0.0064362407616615 -0.0000000025505748 0.0001262945194317 0.0000000005734489 0.9999998410179708 0.9999998954875781
0.0069552773786734 -0.0000000029785330 0.0001262945111751 0.0000000007236711 0.9999998143424892 0.9999998779515528
0.0074994642939731 -0.0000000034628525 0.0001262945018311 0.0000000009071697 0.9999997841538965 0.9999998581060653
0.0080692064918319 -0.0000000040089917 0.0001262944912945 0.0000000011300309 0.9999997501119533 0.9999998357274479
0.0086649577222465 -0.0000000046228137 0.0001262944794520 0.0000000013992559 0.9999997118512131 0.9999998105754614
0.0092871145139695 -0.0000000053104960 0.0001262944661845 0.0000000017228212 0.9999996689866106 0.9999997823969703
0.0099361051282022 -0.0000000060786318 0.0001262944513648 0.0000000021098245 0.9999996211071910 0.9999997509218189
0.0106123055504305 -0.0000000069341456 0.0001262944348594 0.0000000025705557 0.9999995677813178 0.9999997158662566
0.0113161498635890 -0.0000000078844397 0.0001262944165253 0.0000000031166916 0.9999995085476110 0.9999996769269789
0.0120480368262600 -0.0000000089372934 0.0001262943962126 0.0000000037613747 0.9999994429211631 0.9999996337852149
0.0128083339344264 -0.0000000101008683 0.0001262943737637 0.0000000045193466 0.9999993703932418 0.9999995861065319
0.0135974555439009 -0.0000000113838379 0.0001262943490113 0.0000000054071777 0.9999992904232200 0.9999995335355296
0.0144157780265472 -0.0000000127952732 0.0001262943217805 0.0000000064433532 0.9999992024456851 0.9999994757005138
0.0152636582003445 -0.0000000143446723 0.0001262942918879 0.0000000076484521 0.9999991058685920 0.9999994122122831
0.0161414897777371 -0.0000000160420762 0.0001262942591398 0.0000000090454145 0.9999990000660806 0.9999993426594055
0.0170496293106913 -0.0000000178979462 0.0001262942233344 0.0000000106596371 0.9999988843860659 0.9999992666132095
0.0179884408257504 -0.0000000199232568 0.0001262941842601 0.0000000125192447 0.9999987581445033 0.9999991836240135
0.0189582847878565 -0.0000000221294868 0.0001262941416952 0.0000000146552981 0.9999986206258827 0.9999990932214505
0.0199595334943557 -0.0000000245286697 0.0001262940954077 0.0000000171020688 0.9999984710801439 0.9999989949124409
0.0209925305372354 -0.0000000271333097 0.0001262940451564 0.0000000198971937 0.9999983087278772 0.9999988881846104
0.0220576118475364 -0.0000000299564347 0.0001262939906898 0.0000000230819699 0.9999981327570301 0.9999987725041256
0.0231551579099997 -0.0000000330117535 0.0001262939317434 0.0000000267018033 0.9999979423131097 0.9999986473092528
0.0242854908810382 -0.0000000363133925 0.0001262938680449 0.0000000308061876 0.9999977365155958 0.9999985120211474
0.0254489464286061 -0.0000000398760943 0.0001262937993096 0.0000000354492182 0.9999975144455574 0.9999983660357148
0.0266458602659045 -0.0000000437151966 0.0001262937252418 0.0000000406898806 0.9999972751469749 0.9999982087244768
0.0278765754541573 -0.0000000478466709 0.0001262936455332 0.0000000465924313 0.9999970176243158 0.9999980394329797
0.0291414085581804 -0.0000000522870209 0.0001262935598655 0.0000000532265917 0.9999967408488827 0.9999978574849671
0.0304407072490779 -0.0000000570534914 0.0001262934679059 0.0000000606682093 0.9999964437457820 0.9999976621738121
0.0317747875296627 -0.0000000621638617 0.0001262933693116 0.0000000689993252 0.9999961252068073 0.9999974527709886
0.0331439623698956 -0.0000000676365504 0.0001262932637270 0.0000000783087101 0.9999957840838974 0.9999972285217680
0.0345485417357169 -0.0000000734906268 0.0001262931507843 0.0000000886922876 0.9999954191884424 0.9999969886447651
0.0359888857697292 -0.0000000797460573 0.0001262930300983 0.0000001002540197 0.9999950292759149 0.9999967323218332
0.0374652709828578 -0.0000000864231472 0.0001262929012773 0.0000001131053422 0.9999946130806601 0.9999964587209353
0.0389780155913755 -0.0000000935430804 0.0001262927639126 0.0000001273665963 0.9999941692822597 0.9999961669740318
0.0405274306205225 -0.0000001011277276 0.0001262926175821 0.0000001431671758 0.9999936965174955 0.9999958561849449
0.0421138121656709 -0.0000001091996133 0.0001262924618514 0.0000001606459500 0.9999931933823971 0.9999955254307048
0.0437374683290609 -0.0000001177820599 0.0001262922962705 0.0000001799520910 0.9999926584232522 0.9999951737556388
0.0453987015525632 -0.0000001268991152 0.0001262921203755 0.0000002012454739 0.9999920901411532 0.9999948001743616
0.0470978234528911 -0.0000001365756462 0.0001262919336866 0.0000002246974694 0.9999914869861205 0.9999944036679100
0.0488351071174328 -0.0000001468370764 0.0001262917357133 0.0000002504908903 0.9999908473734961 0.9999939831945210
0.0506108738349184 -0.0000001577098985 0.0001262915259445 0.0000002788218685 0.9999901696519697 0.9999935376686112
0.0524253832426901 -0.0000001692210325 0.0001262913038608 0.0000003098988615 0.9999894521436242 0.9999930659871021
0.0542789477899108 -0.0000001813985350 0.0001262910689211 0.0000003439451593 0.9999886930996811 0.9999925670003280
0.0561718599872593 -0.0000001942711703 0.0001262908205702 0.0000003811984675 0.9999878907272584 0.9999920395296250
0.0581044109573295 -0.0000002078685345 0.0001262905582374 0.0000004219119435 0.9999870431816370 0.9999914823622468
0.0600768645794256 -0.0000002222208766 0.0001262902813389 0.0000004663543737 0.9999861485774026 0.9999908942586888
0.0620895005753571 -0.0000002373594085 0.0001262899892727 0.0000005148118462 0.9999852049691288 0.9999902739399900
0.0641426109856426 -0.0000002533163103 0.0001262896814178 0.0000005675886155 0.9999842103510564 0.9999896200875196
0.0662364715710030 -0.0000002701245264 0.0001262893571389 0.0000006250072689 0.9999831626697778 0.9999889313513166
0.0683713755514576 -0.0000002878180432 0.0001262890157800 0.0000006874105054 0.9999820598069572 0.9999882063387291
0.0705475957515092 -0.0000003064315971 0.0001262886566713 0.0000007551610180 0.9999808995975070 0.9999874436263626
0.0727653849564444 -0.0000003260006652 0.0001262882791281 0.0000008286422754 0.9999796798302005 0.9999866417604819
0.0750250404206194 -0.0000003465620466 0.0001262878824406 0.0000009082616406 0.9999783982113960 0.9999857992331637
0.0773267855163520 -0.0000003681528120 0.0001262874658936 0.0000009944473124 0.9999770524305468 0.9999849145253604
0.0796709251832928 -0.0000003908117371 0.0001262870287391 0.0000010876549009 0.9999756400708334 0.9999839860481506
0.0820577324282811 -0.0000004145782877 0.0001262865702157 0.0000011883645512 0.9999741586724565 0.9999830121843462
0.0844874696798555 -0.0000004394928092 0.0001262860895451 0.0000012970826787 0.9999726057207750 0.9999819912806930
0.0869603832712239 -0.0000004655964666 0.0001262855859331 0.0000014143427241 0.9999709786500990 0.9999809216503635
0.0894767515385971 -0.0000004929317628 0.0001262850585598 0.0000015407086004 0.9999692748113473 0.9999798015516944
0.0920368172869959 -0.0000005215418371 0.0001262845065929 0.0000016767726913 0.9999674915157959 0.9999786292169454
0.0946408537770760 -0.0000005514711920 0.0001262839291741 0.0000018231603981 0.9999656259897690 0.9999774028225116
0.0972891088288212 -0.0000005827650862 0.0001262833254301 0.0000019805285061 0.9999636754124708 0.9999761205137930
0.0999818352760852 -0.0000006154698823 0.0001262826944665 0.0000021495680779 0.9999616368943227 0.9999747803909526
0.1027192918588564 -0.0000006496330801 0.0001262820353672 0.0000023310059709 0.9999595074748965 0.9999733805075547
0.1055017423819011 -0.0000006853033291 0.0001262813471935 0.0000025256063037 0.9999572841221022 0.9999719188700318
0.1083294405265788 -0.0000007225302497 0.0001262806289883 0.0000027341708724 0.9999549637433837 0.9999703934450408
0.1112026197761346 -0.0000007613642912 0.0001262798797783 0.0000029575396601 0.9999525431945242 0.9999688021652514
0.1141215313060082 -0.0000008018572428 0.0001262790985646 0.0000031965951389 0.9999500192478435 0.9999671429084370
0.1170864444066531 -0.0000008440622842 0.0001262782843212 0.0000034522642532 0.9999473885889960 0.9999654134953668
0.1200975802435255 -0.0000008880330545 0.0001262774360135 0.0000037255143037 0.9999446478750543 0.9999636117279902
0.1231551911556202 -0.0000009338247790 0.0001262765525761 0.0000040173612637 0.9999417936642585 0.9999617353432492
0.1262595164925983 -0.0000009814936544 0.0001262756329251 0.0000043288676810 0.9999388224543161 0.9999597820382569
0.1294108196181598 -0.0000010310974283 0.0001262746759465 0.0000046611481112 0.9999357306463291 0.9999577494465786
0.1326093536898447 -0.0000010826949010 0.0001262736805060 0.0000050153676791 0.9999325145758196 0.9999556351586278
0.1358553256941127 -0.0000011363453188 0.0001262726454609 0.0000053927394032 0.9999291705505591 0.9999534367465320
0.1391489584468820 -0.0000011921093572 0.0001262715696407 0.0000057945325153 0.9999256947892776 0.9999511517238375
0.1424905188805363 -0.0000012500496618 0.0001262704518371 0.0000062220785170 0.9999220833879582 0.9999487775233460
0.1458802442468293 -0.0000013102296281 0.0001262692908272 0.0000066767643911 0.9999183323959099 0.9999463115471263
0.1493183764110590 -0.0000013727139844 0.0001262680853626 0.0000071600386731 0.9999144377794138 0.9999437511426089
0.1528051391730707 -0.0000014375683894 0.0001262668341767 0.0000076734102832 0.9999103954468310 0.9999410936190906
0.1563407688296349 -0.0000015048599950 0.0001262655359744 0.0000082184548659 0.9999062012134950 0.9999383362246502
0.1599254871019135 -0.0000015746569548 0.0001262641894411 0.0000087968129443 0.9999018508323962 0.9999354761663176
0.1635595285789323 -0.0000016470289576 0.0001262627932326 0.0000094101963543 0.9998973399608891 0.9999325105881829
0.1672431606193351 -0.0000017220476802 0.0001262613459665 0.0000100603946090 0.9998926641325083 0.9999294365528627
0.1709765857734424 -0.0000017997848222 0.0001262598462599 0.0000107492601871 0.9998878188794328 0.9999262511220087
0.1747599975825574 -0.0000018803131724 0.0001262582927090 0.0000114787193040 0.9998827996660522 0.9999229513126272
0.1785936539720661 -0.0000019637082132 0.0001262566838578 0.0000122507890007 0.9998776017889401 0.9999195340313145
0.1824777910395276 -0.0000020500463497 0.0001262550182329 0.0000130675639415 0.9998722204872643 0.9999159961468379
0.1864126338118711 -0.0000021394051193 0.0001262532943389 0.0000139312204674 0.9998666509297096 0.9999123344815354
0.1903983900841785 -0.0000022318630349 0.0001262515106615 0.0000148440172762 0.9998608882242743 0.9999085458177506
0.1944352863473384 -0.0000023275004155 0.0001262496656517 0.0000158083060050 0.9998549273664733 0.9999046268637736
0.1985235700198215 -0.0000024263995014 0.0001262477577236 0.0000168265354518 0.9998487632322111 0.9999005742491499
0.2026634238305402 -0.0000025286423846 0.0001262457852940 0.0000179012328213 0.9998423907067397 0.9998963846094580
0.2068550652232543 -0.0000026343133893 0.0001262437467367 0.0000190350305333 0.9998358045363126 0.9998920544887731
0.2110987351940548 -0.0000027434988839 0.0001262416403863 0.0000202306677790 0.9998289993399136 0.9998875803473719
0.2153946573735242 -0.0000028562862715 0.0001262394645572 0.0000214909826344 0.9998219696721651 0.9998829586030850
0.2197430600281777 -0.0000029727645544 0.0001262372175332 0.0000228189209792 0.9998147099881837 0.9998781856081842
0.2241441413375821 -0.0000030930234020 0.0001262348975852 0.0000242175286600 0.9998072147016459 0.9998732576875518
0.2285980997858681 -0.0000032171539384 0.0001262325029561 0.0000256899629927 0.9997994781357211 0.9998681711064135
0.2331051497619468 -0.0000033452492038 0.0001262300318519 0.0000272395014093 0.9997914944943401 0.9998629220514405
0.2376655474480115 -0.0000034774049689 0.0001262274824259 0.0000288695552157 0.9997832578114234 0.9998575065973596
0.2422795019786164 -0.0000036137172175 0.0001262248528274 0.0000305836422958 0.9997747621077984 0.9998519208101140
0.2469472116449173 -0.0000037542831284 0.0001262221411828 0.0000323854015042 0.9997660013299972 0.9998461607066165
0.2516688580553866 -0.0000038992008771 0.0001262193455992 0.0000342785929388 0.9997569693626664 0.9998402222628999
0.2564446986335285 -0.0000040485725188 0.0001262164641091 0.0000362671393766 0.9997476598488358 0.9998341012959354
0.2612748752791628 -0.0000042024980718 0.0001262134947840 0.0000383550516222 0.9997380665587235 0.9998277937061106
0.2661596513247577 -0.0000043610829509 0.0001262104355918 0.0000405465311204 0.9997281829264478 0.9998212951726081
0.2710992509464178 -0.0000045244329861 0.0001262072844922 0.0000428459076520 0.9997180023604958 0.9998146013575265
0.2760938602513417 -0.0000046926543567 0.0001262040394383 0.0000452576405339 0.9997075182478465 0.9998077079085836
0.2811436884555742 -0.0000048658556050 0.0001262006983378 0.0000477863503570 0.9996967238284805 0.9998006103765918
0.2862489100901899 -0.0000050441456842 0.0001261972590904 0.0000504367944759 0.9996856123170285 0.9997933042954341
0.2914097841981863 -0.0000052276381388 0.0001261937195074 0.0000532139330422 0.9996741766423076 0.9997857850107900
0.2966264655679844 -0.0000054164444936 0.0001261900774392 0.0000561228341933 0.9996624098592841 0.9997780479509989
0.3018992034660132 -0.0000056106813190 0.0001261863306389 0.0000591687847907 0.9996503047088103 0.9997700883375613
0.3072281626221078 -0.0000058104637805 0.0001261824768867 0.0000623571953224 0.9996378540196242 0.9997619014494534
0.3126135664851948 -0.0000060159108879 0.0001261785138891 0.0000656936857361 0.9996250503812267 0.9997534824080174
0.3180556028577811 -0.0000062271420087 0.0001261744393454 0.0000691840345773 0.9996118863612091 0.9997448263198494
0.3235544989231194 -0.0000064442797497 0.0001261702508928 0.0000728342302422 0.9995983543256353 0.9997359281586752
0.3291104462005068 -0.0000066674470652 0.0001261659461619 0.0000766504276673 0.9995844466193464 0.9997267828838955
0.3347236067556021 -0.0000068967674040 0.0001261615227736 0.0000806389533791 0.9995701555567474 0.9997173854345139
0.3403942213197083 -0.0000071323691502 0.0001261569782542 0.0000848063873594 0.9995554731451313 0.9997077305471844
0.3461224689910741 -0.0000073743799337 0.0001261523101443 0.0000891594692053 0.9995403914392329 0.9996978129893395
0.3519085509550197 -0.0000076229300534 0.0001261475159334 0.0000937051621752 0.9995249023279171 0.9996876274189029
0.3577526557422566 -0.0000078781510392 0.0001261425930872 0.0000984506323381 0.9995089976238321 0.9996771684432268
0.3636549865806362 -0.0000081401768437 0.0001261375390251 0.0001034032752768 0.9994926689891561 0.9996664305702434
0.3696157309184466 -0.0000084091425223 0.0001261323511450 0.0001085706964191 0.9994759080178658 0.9996554082625440
0.3756351036827281 -0.0000086851861886 0.0001261270267863 0.0001139607534269 0.9994587061139142 0.9996440958572476
0.3817132512656020 -0.0000089684446191 0.0001261215633144 0.0001195814753378 0.9994410547651337 0.9996324877461054
0.3878504067126385 -0.0000092590604172 0.0001261159579822 0.0001254412082583 0.9994229450968661 0.9996205780819323
0.3940467550168352 -0.0000095571758200 0.0001261102080500 0.0001315484991560 0.9994043682578742 0.9996083610323716
0.4003025182848718 -0.0000098629367256 0.0001261043107078 0.0001379121820832 0.9993853151694441 0.9995958306148709
0.4066178441139366 -0.0000101764872639 0.0001260982631797 0.0001445412708933 0.9993657768636943 0.9995829809191489
0.4129929497360912 -0.0000104979768462 0.0001260920625884 0.0001514451112590 0.9993457440443572 0.9995698058183151
0.4194279969762366 -0.0000108275539959 0.0001260857060737 0.0001586332563550 0.9993252074711787 0.9995562992216510
0.4259232152849072 -0.0000111653725915 0.0001260791906724 0.0001661156071569 0.9993041575709979 0.9995424548187971
0.4324787665335247 -0.0000115115849540 0.0001260725134517 0.0001739022674547 0.9992825848684505 0.9995282663629954
0.4390948258308996 -0.0000118663459551 0.0001260656714298 0.0001820036382633 0.9992604797300485 0.9995137275027454
0.4457715611410019 -0.0000122298119645 0.0001260586615961 0.0001904304002258 0.9992378324298035 0.9994988318249370
0.4525092039281447 -0.0000126021447650 0.0001260514808361 0.0001991936116938 0.9992146329052873 0.9994835726943734
0.4593079377628822 -0.0000129835055346 0.0001260441260472 0.0002083045761377 0.9991908711326705 0.9994679435004090
0.4661679185807538 -0.0000133740558224 0.0001260365941197 0.0002177748676784 0.9991665370659171 0.9994519376169327
0.4730894018500186 -0.0000137739648457 0.0001260288817966 0.0002276165153828 0.9991416201821919 0.9994355481033197
0.4800724957797068 -0.0000141833953510 0.0001260209859459 0.0002378416643440 0.9991161103628118 0.9994187682838551
0.4871173827492000 -0.0000146025162649 0.0001260129033166 0.0002484628895983 0.9990899971050808 0.9994015912292770
0.4942242778958456 -0.0000150315005066 0.0001260046305813 0.0002594931537072 0.9990632696586208 0.9993840098464047
0.5013933730056422 -0.0000154705216834 0.0001259961643993 0.0002709457303470 0.9990359172312739 0.9993660170135417
0.5086248184136694 -0.0000159197528706 0.0001259875014409 0.0002828341760772 0.9990079290652154 0.9993476056305111
0.5159187983564451 -0.0000163793712200 0.0001259786382979 0.0002951724569550 0.9989792941498021 0.9993287684297261
0.5232755307020877 -0.0000168495581063 0.0001259695714812 0.0003079749633635 0.9989500012125475 0.9993094979702035
0.5306951493092444 -0.0000173304916137 0.0001259602975654 0.0003212563123658 0.9989200391872444 0.9992897869454797
0.5381778431571376 -0.0000178223553748 0.0001259508130185 0.0003350315937285 0.9988893966633394 0.9992696278213399
0.5457238119215763 -0.0000183253358527 0.0001259411142546 0.0003493163062454 0.9988580620553066 0.9992490129471912
0.5533332530128513 -0.0000188396215220 0.0001259311976492 0.0003641263428612 0.9988260236537325 0.9992279345896237
0.5610062715387135 -0.0000193653966600 0.0001259210596592 0.0003794778154935 0.9987932700121496 0.9992063851868738
0.5687431244074815 -0.0000199028579950 0.0001259106965019 0.0003953875460710 0.9987597889099326 0.9991843566664472
0.5765439513527871 -0.0000204521963696 0.0001259001045088 0.0004118725411513 0.9987255684947058 0.9991618411966823
0.5844089081789409 -0.0000210136057686 0.0001258892799508 0.0004289502598728 0.9986905967199456 0.9991388308166920
0.5923382263761428 -0.0000215872877487 0.0001258782189539 0.0004466387613379 0.9986548610691340 0.9991153172548028
0.6003320278704267 -0.0000221734381453 0.0001258669177546 0.0004649563057233 0.9986183493838792 0.9990912924733860
0.6083904924387699 -0.0000227722590706 0.0001258553724689 0.0004839217284063 0.9985810491165708 0.9990667481770701
0.6165138047722026 -0.0000233839551969 0.0001258435791641 0.0005035543367043 0.9985429475619859 0.9990416759650704
0.6247021534841781 -0.0000240087337170 0.0001258315338596 0.0005238739177323 0.9985040318598069 0.9990160673327864
0.6329556835912484 -0.0000246468006791 0.0001258192325973 0.0005449006259945 0.9984642892229849 0.9989899138220222
0.6412745974237096 -0.0000252983687323 0.0001258066712924 0.0005666552449682 0.9984237064553527 0.9989632067034855
0.6496590493616380 -0.0000259636490240 0.0001257938458901 0.0005891589294675 0.9983822704563817 0.9989359373088906
0.6581091929510833 -0.0000266428547768 0.0001257807522957 0.0006124333296063 0.9983399679984397 0.9989080968843204
0.6666252170625369 -0.0000273362042574 0.0001257673863184 0.0006365007029768 0.9982967855419872 0.9988796764685320
0.6752072920365971 -0.0000280439165023 0.0001257537437529 0.0006613837786607 0.9982527095018385 0.9988506670681206
0.6838555874111751 -0.0000287662127226 0.0001257398203531 0.0006871058133528 0.9982077261597604 0.9988210595999301
0.6925702564351019 -0.0000295033149926 0.0001257256118566 0.0007136905527838 0.9981618217462072 0.9987908449447833
0.7013514785138057 -0.0000302554498319 0.0001257111139164 0.0007411623694585 0.9981149822173278 0.9987600138006363
0.7101994390281232 -0.0000310228465953 0.0001256963221316 0.0007695462171493 0.9980671933553185 0.9987285567485470
0.7191142888222766 -0.0000318057339376 0.0001256812321155 0.0007988675085214 0.9980184409886689 0.9986964643975791
0.7280962123161729 -0.0000326043457293 0.0001256658393817 0.0008291523435294 0.9979687106238357 0.9986637271422732
0.7371453550577496 -0.0000334189146908 0.0001256501394670 0.0008604272801129 0.9979179878417751 0.9986303354235956
0.7462618910573228 -0.0000342496783607 0.0001256341278161 0.0008927195693052 0.9978662579263422 0.9985962794842352
0.7554459936417705 -0.0000350968765599 0.0001256177998308 0.0009260570707777 0.9978135060223228 0.9985615494725468
0.7646977983130242 -0.0000359607479099 0.0001256011509368 0.0009604681233428 0.9977597173523163 0.9985261355852600
0.7740174752377034 -0.0000368415365206 0.0001255841764551 0.0009959818178641 0.9977048768004076 0.9984900277932980
0.7834052143410914 -0.0000377394907626 0.0001255668716255 0.0010326279648533 0.9976489689887239 0.9984532158920695
0.7928611560797751 -0.0000386548566507 0.0001255492317345 0.0010704368347590 0.9975919786894906 0.9984156897726926
0.8023854751590702 -0.0000395878858182 0.0001255312519612 0.0011094394922044 0.9975338903286396 0.9983774390950606
0.8119783197063558 -0.0000405388296608 0.0001255129274904 0.0011496675655709 0.9974746883505484 0.9983384535279101
0.8216398637639434 -0.0000415079444863 0.0001254942534134 0.0011911534730322 0.9974143568974949 0.9982987225376457
0.8313702609266793 -0.0000424954869448 0.0001254752248161 0.0012339302407745 0.9973528800942981 0.9982582355756779
0.8411696655452754 -0.0000435017161073 0.0001254558367390 0.0012780316004708 0.9972902419190405 0.9982169819931914
0.8510382443065171 -0.0000445268946886 0.0001254360841537 0.0013234920550734 0.9972264261270252 0.9981749509909541
0.8609761982104618 -0.0000455712914546 0.0001254159619162 0.0013703470019298 0.9971614161011019 0.9981321315206093
0.8709836219202438 -0.0000466351664035 0.0001253954650531 0.0014186320773396 0.9970951957741973 0.9980885128922058
0.8810607165795489 -0.0000477187931406 0.0001253745883301 0.0014683841719097 0.9970277482366789 0.9980440838568098
0.8912076462642046 -0.0000488224438389 0.0001253533265417 0.0015196407692609 0.9969590566726442 0.9979988332230776
0.9014245177791739 -0.0000499463867863 0.0001253316745588 0.0015724398317345 0.9968891045127051 0.9979527499578273
0.9117115295184262 -0.0000510909026904 0.0001253096270147 0.0016268205744220 0.9968178744192766 0.9979058225174571
0.9220688111828091 -0.0000522562671264 0.0001252871786429 0.0016828226558251 0.9967453493791861 0.9978580395676007
0.9324965480602151 -0.0000534427643325 0.0001252643240115 0.0017404868436968 0.9966715118452232 0.9978093894174461
0.9429948729595594 -0.0000546506750689 0.0001252410577574 0.0017998544442458 0.9965963444918713 0.9977598605175172
0.9535639514732620 -0.0000558802862654 0.0001252173744003 0.0018609677803753 0.9965198296150667 0.9977094410640626
0.9642039288351435 -0.0000571318849546 0.0001251932684595 0.0019238699078607 0.9964419495098885 0.9976581192477804
0.9749149880519465 -0.0000584057651001 0.0001251687343225 0.0019886049702910 0.9963626860458477 0.9976058829738025
0.9856972654723166 -0.0000597022176439 0.0001251437664371 0.0020552177102426 0.9962820212863079 0.9975527202697481
0.9965508721467927 -0.0000610215328200 0.0001251183592662 0.0021237535874597 0.9961999373446841 0.9974986191908589
1.0074760071429782 -0.0000623640139919 0.0001250925070220 0.0021942595133625 0.9961164155236732 0.9974435672525129
1.0184727834594807 -0.0000637299565052 0.0001250662040730 0.0022667827657946 0.9960314376311586 0.9973875522973782
1.0295413982073327 -0.0000651196686014 0.0001250394445411 0.0023413721005613 0.9959449846792368 0.9973305616377431
1.0406819651993948 -0.0000665334506337 0.0001250122227026 0.0024180766612804 0.9958570381774563 0.9972725829078267
1.0518946939701488 -0.0000679716175939 0.0001249845325537 0.0024969472045886 0.9957675787316204 0.9972136031399196
1.0631796889772291 -0.0000694344736054 0.0001249563683022 0.0025780347281146 0.9956765876306505 0.9971536098103688
1.0745370900114473 -0.0000709223297023 0.0001249277240249 0.0026613914460108 0.9955840457408280 0.9970925901104514
1.0859671002745277 -0.0000724355078138 0.0001248985935913 0.0027470710426264 0.9954899332582259 0.9970305307828889
1.0974697846375439 -0.0000739743140836 0.0001248689711770 0.0028351271769371 0.9953942313683379 0.9969674192160566
1.1090453078114404 -0.0000755390702726 0.0001248388506594 0.0029256152668846 0.9952969202931560 0.9969032421560492
1.1206938797916044 -0.0000771301069730 0.0001248082257484 0.0030185921446222 0.9951979797135272 0.9968379859848955
1.1324155965166867 -0.0000787477418357 0.0001247770904055 0.0031141147979558 0.9950973901233690 0.9967716376135451
1.1442106300556665 -0.0000803923054196 0.0001247454383464 0.0032122418876998 0.9949951312223571 0.9967041834216143
1.1560791046601215 -0.0000820641241920 0.0001247132633680 0.0033130327641926 0.9948911829732696 0.9966356099545836
1.1680211892249377 -0.0000837635334156 0.0001246805591009 0.0034165482504368 0.9947855248009224 0.9965659033951898
1.1800370373010483 -0.0000854908688098 0.0001246473191697 0.0035228501608139 0.9946781361109007 0.9964950499053935
1.1921267602747980 -0.0000872464625318 0.0001246135372702 0.0036320010584767 0.9945689965396118 0.9964230357912056
1.2042905184840051 -0.0000890306563043 0.0001245792069173 0.0037440650798061 0.9944580851383740 0.9963498469641460
1.2165284512957331 -0.0000908437913695 0.0001245443216380 0.0038591073313704 0.9943453809982634 0.9962754693532943
1.2288406608158353 -0.0000926862058891 0.0001245088750218 0.0039771937281908 0.9942308634118853 0.9961998890118946
1.2412273825247186 -0.0000945582605871 0.0001244728602273 0.0040983926593781 0.9941145102798506 0.9961230910653919
1.2536886583018561 -0.0000964602896004 0.0001244362709276 0.0042227718389251 0.9939963011658717 0.9960450617276110
1.2662246912491635 -0.0000983926539892 0.0001243991002815 0.0043504017780216 0.9938762139712217 0.9959657861055711
1.2788356077886562 -0.0001003557057459 0.0001243613416255 0.0044813534682213 0.9937542271719094 0.9958852496758935
1.2915215707063623 -0.0001023498050740 0.0001243229881417 0.0046156995289725 0.9936303187451435 0.9958034375759188
1.3042827074000540 -0.0001043753092261 0.0001242840330726 0.0047535134794673 0.9935044668632131 0.9957203350615653
1.3171190641853634 -0.0001064325648779 0.0001242444698676 0.0048948692099086 0.9933766503675051 0.9956359278202274
1.3300309250222879 -0.0001085219593239 0.0001242042911989 0.0050398445229547 0.9932468455880696 0.9955501998701928
1.3430183291963413 -0.0001106438431534 0.0001241634904483 0.0051885158352662 0.9931150311480231 0.9954631367331219
1.3560814536396679 -0.0001127985917059 0.0001241220605259 0.0053409624294554 0.9929811841457492 0.9953747229125256
1.3692204283967118 -0.0001149865752788 0.0001240799944423 0.0054972644081846 0.9928452820061289 0.9952849431160966
1.3824353881320994 -0.0001172081674605 0.0001240372851495 0.0056575032889221 0.9927073019631451 0.9951937819137344
1.3957264409893606 -0.0001194637398604 0.0001239939256415 0.0058217616377993 0.9925672213875588 0.9951012239537771
1.4090937503200089 -0.0001217536759640 0.0001239499086883 0.0059901240943906 0.9924250169267390 0.9950072533943740
1.4225374877310080 -0.0001240783634224 0.0001239052269846 0.0061626768465677 0.9922806649840301 0.9949118542198306
1.4360577444927092 -0.0001264381785890 0.0001238598734464 0.0063395064895787 0.9921341426792355 0.9948150108751422
1.4496546684085694 -0.0001288335100924 0.0001238138407589 0.0065207017859625 0.9919854263851657 0.9947167072985762
1.4633283668971271 -0.0001312647419866 0.0001237671216996 0.0067063524250264 0.9918344927742695 0.9946169276131138
1.4770789812621359 -0.0001337322668093 0.0001237197088882 0.0068965500262277 0.9916813180082487 0.9945156555904804
1.4909066648143545 -0.0001362364818822 0.0001236715948572 0.0070913878891230 0.9915258779682675 0.9944128748029351
1.5048115565690403 -0.0001387777845830 0.0001236227721434 0.0072909606465924 0.9913681485487997 0.9943085688172325
1.5187937644353282 -0.0001413565691147 0.0001235732333497 0.0074953640166168 0.9912081058585158 0.9942027213272253
1.5328534238629909 -0.0001439732372087 0.0001235229709397 0.0077046956596731 0.9910457255563440 0.9940953157144844
1.5469906513712655 -0.0001466281895903 0.0001234719774021 0.0079190545230979 0.9908809833816110 0.9939863353985713
1.5612055501227591 -0.0001493218268792 0.0001234202452329 0.0081385409200617 0.9907138550984936 0.9938757638000311
1.5754983422165445 -0.0001520545748812 0.0001233677664504 0.0083632586273631 0.9905443149273380 0.9937635833020962
1.5898690910006117 -0.0001548268318004 0.0001233145336088 0.0085933105888401 0.9903723388203107 0.9936497774175884
1.6043178896471935 -0.0001576390037417 0.0001232605391165 0.0088288018071121 0.9901979022588762 0.9935343293315099
1.6188449518691639 -0.0001604915228556 0.0001232057748882 0.0090698409225250 0.9900209791291056 0.9934172211560601
1.6334503618481959 -0.0001633847986276 0.0001231502332798 0.0093165361501072 0.9898415447435831 0.9932984359302887
1.6481342415377038 -0.0001663192503318 0.0001230939064660 0.0095689980068855 0.9896595738287658 0.9931779562877510
1.6628967285341625 -0.0001692953028774 0.0001230367865196 0.0098273389967947 0.9894750407832044 0.9930557646269401
1.6777379103438146 -0.0001723133735198 0.0001229788656675 0.0100916724730513 0.9892879205020290 0.9929318436568723
1.6926579658949132 -0.0001753739005694 0.0001229201357389 0.0103621151659354 0.9890981865974902 0.9928061752182852
1.7076569722323633 -0.0001784773040321 0.0001228605889218 0.0106387837507463 0.9889058138396821 0.9926787418996502
1.7227350612756469 -0.0001816240175549 0.0001228002171493 0.0109217976712862 0.9887107761765582 0.9925495257254753
1.7378923669444117 -0.0001848144777360 0.0001227390123054 0.0112112782294003 0.9885130473972794 0.9924185085951598
1.7531289789625926 -0.0001880491142919 0.0001226769664137 0.0115073477028183 0.9883126017420764 0.9922856726867489
1.7684450322703043 -0.0001913283688789 0.0001226140712765 0.0118101310729457 0.9881094127363539 0.9921509996839781
1.7838406669502371 -0.0001946526868106 0.0001225503186335 0.0121197553080629 0.9879034537047194 0.9920144711163381
1.7993160493572031 -0.0001980225217229 0.0001224857000734 0.0124363498285905 0.9876946974826226 0.9918760681674100
1.8148712404144800 -0.0002014383067717 0.0001224202075856 0.0127600438102347 0.9874831182011321 0.9917357728577898
1.8305063373583312 -0.0002049004851766 0.0001223538329748 0.0130909690425568 0.9872686893951521 0.9915935667906445
1.8462214980473763 -0.0002084095159996 0.0001222865677508 0.0134292605397663 0.9870513836464532 0.9914494309142380
1.8620168412697178 -0.0002119658521655 0.0001222184035498 0.0137750544703370 0.9868311739456906 0.9913033464246661
1.8778924808421429 -0.0002155699478681 0.0001221493319924 0.0141284888715656 0.9866080332342612 0.9911552944616577
1.8938485112836236 -0.0002192222552254 0.0001220793447486 0.0144897033332562 0.9863819346119367 0.9910052562459357
1.9098850694231002 -0.0002229232383684 0.0001220084332673 0.0148588404106529 0.9861528504653615 0.9908532125004185
1.9260022758932207 -0.0002266733601670 0.0001219365890311 0.0152360443449138 0.9859207532905977 0.9906991439954728
1.9422002047513367 -0.0002304730749163 0.0001218638036967 0.0156214603237225 0.9856856161462361 0.9905430318493933
1.9584789676026173 -0.0002343228478604 0.0001217900687211 0.0160152364607892 0.9854474114457256 0.9903848567262806
1.9748387438814354 -0.0002382231627925 0.0001217153752161 0.0164175246404572 0.9852061104882707 0.9902245985236632
1.9912795436294484 -0.0002421744654611 0.0001216397150328 0.0168284746983101 0.9849616869608097 0.9900622386978213
2.0078015504227413 -0.0002461772453402 0.0001215630791952 0.0172482428783545 0.9847141118799092 0.9898977569039445
2.0244049171622107 -0.0002502319872344 0.0001214854588281 0.0176769868952745 0.9844633565869149 0.9897311329845386
2.0410896464816917 -0.0002543391414214 0.0001214068457281 0.0181148627295868 0.9842093945945004 0.9895623481964697
2.0578559455234053 -0.0002584992105490 0.0001213272307006 0.0185620338660834 0.9839521962138222 0.9893913816399874
2.0747038787380303 -0.0002627126644616 0.0001212466051908 0.0190186622673459 0.9836917338222718 0.9892182137588835
2.0916335137270887 -0.0002669799756940 0.0001211649606037 0.0194849121340710 0.9834279796691159 0.9890428248819328
2.1086450302796127 -0.0002713016472994 0.0001210822877728 0.0199609530056634 0.9831609041567139 0.9888651940790582
2.1257384854367745 -0.0002756781535711 0.0001209985780941 0.0204469532988234 0.9828904795052008 0.9886853015977206
2.1429140188573874 -0.0002801099920069 0.0001209138225321 0.0209430860307842 0.9826166765417522 0.9885031267270834
2.1601717323575667 -0.0002845976526816 0.0001208280122064 0.0214495254651432 0.9823394665942135 0.9883186490568895
2.1775116921063109 -0.0002891416184364 0.0001207411383878 0.0219664471115939 0.9820588214798571 0.9881318484697668
2.1949340498994174 -0.0002937423966557 0.0001206531918913 0.0224940313628997 0.9817747115436576 0.9879427038348785
2.2124388941259663 -0.0002984004803162 0.0001205641638210 0.0230324590985920 0.9814871080651030 0.9877511946091969
2.2300263153743365 -0.0003031163649916 0.0001204740452453 0.0235819136198171 0.9811959822086281 0.9875573001384769
2.2476964462782894 -0.0003078905596707 0.0001203828269905 0.0241425819483900 0.9809013043569330 0.9873609992124568
2.2654493367821398 -0.0003127235530927 0.0001202905002842 0.0247146509005054 0.9806030461899011 0.9871622714490583
2.2832851397470746 -0.0003176158639887 0.0001201970557958 0.0252983130214640 0.9803011775846907 0.9869610952286109
2.3012039076371660 -0.0003225676120389 0.0001201024847257 0.0258937600569429 0.9799956700302116 0.9867574499682590
2.3192411568399502 -0.0003275895121842 0.0001200065889661 0.0265023919391699 0.9796858836555123 0.9865509073930372
2.3373262729835016 -0.0003326624329344 0.0001199097353332 0.0271220210714955 0.9793730034749258 0.9863422559303919
2.3554947597824176 -0.0003377967070272 0.0001198117271295 0.0277540338946387 0.9790563940878145 0.9861310702970528
2.3737466294828251 -0.0003429928238848 0.0001197125556525 0.0283986307464888 0.9787360274021639 0.9859173300346769
2.3920819451789357 -0.0003482512888177 0.0001196122119126 0.0290560161723828 0.9784118743993014 0.9857010140269231
2.4105008653336566 -0.0003535726364529 0.0001195106863775 0.0297264007113503 0.9780839043081797 0.9854820999469053
2.4290034830020915 -0.0003589573847711 0.0001194079698497 0.0304099951930256 0.9777520874401233 0.9852605661479825
2.4475898229847060 -0.0003644060335635 0.0001193040534963 0.0311070104713129 0.9774163952839668 0.9850363917274876
2.4662599863932320 -0.0003699191065322 0.0001191989280459 0.0318176627949032 0.9770767979129825 0.9848095547947407
2.4850141410989943 -0.0003754971492392 0.0001190925838285 0.0325421736690821 0.9767332641136389 0.9845800325552777
2.5038523418999641 -0.0003811406757447 0.0001189850117935 0.0332807629662580 0.9763857646734497 0.9843478035065942
2.5227746481644480 -0.0003868502030015 0.0001188762028537 0.0340336533352781 0.9760342702629767 0.9841128460231467
2.5417811581854055 -0.0003926262613654 0.0001187661476860 0.0348010716294281 0.9756787507902726 0.9838751379238773
2.5608720239562404 -0.0003984693995409 0.0001186548366371 0.0355832496500714 0.9753191750985690 0.9836346562686490
2.5800472696692984 -0.0004043801290072 0.0001185422607832 0.0363804167285468 0.9749555143874501 0.9833913796455441
2.5993069620446083 -0.0004103589756718 0.0001184284109459 0.0371928065957271 0.9745877390346871 0.9831452860452654
2.6186511885754329 -0.0004164064734936 0.0001183132778140 0.0380206565906518 0.9742158189905258 0.9828963531236296
2.6380801034759900 -0.0004225231792104 0.0001181968516644 0.0388642097524501 0.9738397228739428 0.9826445575953066
2.6575937672104759 -0.0004287096220104 0.0001180791233197 0.0397237079313566 0.9734594210690205 0.9823898773057091
2.6771922494300027 -0.0004349663354580 0.0001179600835416 0.0405993961451059 0.9730748837624282 0.9821322899170284
2.6968756371529339 -0.0004412938602178 0.0001178397229789 0.0414915229990719 0.9726860807776799 0.9818717727962120
2.7166440116209603 -0.0004476927367140 0.0001177180323081 0.0424003396890131 0.9722929820278383 0.9816083033173038
2.7364974194848086 -0.0004541634956266 0.0001175950024140 0.0433260986476397 0.9718955581005050 0.9813418592529821
2.7564359981351796 -0.0004607066987575 0.0001174706236139 0.0442690594166595 0.9714937777494603 0.9810724170920082
2.7764598123551258 -0.0004673228858765 0.0001173448866679 0.0452294810784694 0.9710876111610156 0.9807999542280682
2.7965689218531393 -0.0004740125964316 0.0001172177823670 0.0462076253388424 0.9706770286215529 0.9805244480661153
2.8167633798774374 -0.0004807763690084 0.0001170893015439 0.0472037564574369 0.9702620005521270 0.9802458760448693
2.8370433210691095 -0.0004876147709622 0.0001169594345101 0.0482181456666088 0.9698424956922748 0.9799642144165179
2.8574087986539531 -0.0004945283438723 0.0001168281720931 0.0492510631586068 0.9694184844486169 0.9796794404934734
2.8778598917680096 -0.0005015176394006 0.0001166955049556 0.0503027833753746 0.9689899366960513 0.9793915311717705
2.8983966755939718 -0.0005085832092605 0.0001165614237865 0.0513735835492632 0.9685568223948705 0.9791004633444319
2.9190192389813694 -0.0005157256112782 0.0001164259191862 0.0524637446438426 0.9681191112210044 0.9788062136520657
2.9397276300923703 -0.0005229453905193 0.0001162889820256 0.0535735484880020 0.9676767737242522 0.9785087592606512
2.9605219323775454 -0.0005302431055542 0.0001161506029478 0.0547032817989035 0.9672297797203639 0.9782080767797940
2.9814022089137286 -0.0005376193091196 0.0001160107727361 0.0558532332422520 0.9667780994778197 0.9779041430597222
3.0023685078492672 -0.0005450745498075 0.0001158694822819 0.0570236936784514 0.9663217036156704 0.9775969351220818
3.0234209163634747 -0.0005526093912484 0.0001157267222217 0.0582149591949824 0.9658605619310383 0.9772864293697738
3.0445595280937856 -0.0005602244007761 0.0001155824831532 0.0594273293903446 0.9653946440956046 0.9769726020542947
3.0657843892880234 -0.0005679201298990 0.0001154367560050 0.0606611042651021 0.9649239208520566 0.9766554300809228
3.0870955691862738 -0.0005756971394942 0.0001152895315606 0.0619165882267867 0.9644483624741621 0.9763348899708505
3.1084931064589676 -0.0005835559803236 0.0001151408008272 0.0631940869756476 0.9639679399603425 0.9760109586645863
3.1299771222564092 -0.0005914972345761 0.0001149905542507 0.0644939142821958 0.9634826224962545 0.9756836118100365
3.1515476251959749 -0.0005995214440478 0.0001148387830751 0.0658163802989476 0.9629923818467090 0.9753528267232665
3.1732047209695704 -0.0006076291875121 0.0001146854778791 0.0671618042261019 0.9624971876291626 0.9750185791997140
3.1949483932799354 -0.0006158209990606 0.0001145306301217 0.0685305008426068 0.9619970123042646 0.9746808468809240
3.2167787756274553 -0.0006240974699989 0.0001143742302154 0.0699227974617334 0.9614918249550244 0.9743396050542350
3.2386959068903347 -0.0006324591570727 0.0001142162692629 0.0713390186730516 0.9609815968934540 0.9739948304367925
3.2606998595772536 -0.0006409066307103 0.0001140567381449 0.0727794944094979 0.9604662987169589 0.9736464991870916
3.2827906668481961 -0.0006494404471280 0.0001138956280483 0.0742445552318752 0.9599459020125892 0.9732945880557007
3.3049683916653319 -0.0006580611748014 0.0001137329299669 0.0757345368478212 0.9594203777442967 0.9729390732942418
3.3272330930535814 -0.0006667693815686 0.0001135686349454 0.0772497779418171 0.9588896970421450 0.9725799311877074
3.3495847564729768 -0.0006755650001217 0.0001134027346523 0.0787906153397383 0.9583538328798413 0.9722171391902863
3.3708367927949565 -0.0006839771106357 0.0001132441033076 0.0802740342515637 0.9578414491496960 0.9718701104097793
3.3933607355593023 -0.0006929458566949 0.0001130750307786 0.0818659034571316 0.9572953419336806 0.9715000973677155
3.4159692645231012 -0.0007020032319288 0.0001129043458429 0.0834842164821240 0.9567440285418155 0.9711264060794336
3.4386650007720312 -0.0007111508234727 0.0001127320205043 0.0851295079324374 0.9561874186069662 0.9707489707667853
3.4614480249578108 -0.0007203892109279 0.0001125580458062 0.0868021373920303 0.9556254832619246 0.9703677672267402
3.4843183241062974 -0.0007297189365210 0.0001123824135393 0.0885024608317733 0.9550581960547001 0.9699827728089572
3.5072760175284281 -0.0007391405969282 0.0001122051145136 0.0902308472947572 0.9544855273665946 0.9695939626274387
3.5303210773927494 -0.0007486547291764 0.0001120261407067 0.0919876580953895 0.9539074513521063 0.9692013142696148
3.5534536219504593 -0.0007582619309573 0.0001118454830008 0.0937732689028921 0.9533239386285972 0.9688048028320029
3.5766736900878926 -0.0007679627679446 0.0001116631329273 0.0955880527224750 0.9527349619118578 0.9684044047458186
3.5999813048071574 -0.0007777577995551 0.0001114790821827 0.0974323845760973 0.9521404944519110 0.9680000967147729
3.6233764591228304 -0.0007876475727554 0.0001112933227451 0.0993066402947646 0.9515405104105843 0.9675918559716203
3.6468592466267120 -0.0007976326773511 0.0001111058458371 0.1012112070295194 0.9509349815104240 0.9671796579966550
3.6704296986617253 -0.0008077136773769 0.0001109166432154 0.1031464703089576 0.9503238812008046 0.9667634793506231
3.6940878047082815 -0.0008178911191027 0.0001107257070208 0.1051128154398781 0.9497071841726094 0.9663432973453744
3.7178336601181310 -0.0008281655946005 0.0001105330285862 0.1071106398038283 0.9490848625093645 0.9659190874203419
3.7416672682109469 -0.0008385376566790 0.0001103386000336 0.1091403364491052 0.9484568908449830 0.9654908266554149
3.7655887294510850 -0.0008490079007557 0.0001101424127398 0.1112023100276431 0.9478232414079840 0.9650584903916002
3.7895980119240407 -0.0008595768647352 0.0001099444592141 0.1132969571622581 0.9471838900852891 0.9646220563660851
3.8136950945006101 -0.0008702450908929 0.0001097447319377 0.1154246784731948 0.9465388126766527 0.9641815021582427
3.8378800961031669 -0.0008810131837104 0.0001095432222840 0.1175858902545735 0.9458879814033155 0.9637368028020756
3.8621529727210020 -0.0008918816755808 0.0001093399230324 0.1197809976641533 0.9452313730308746 0.9632879363331829
3.8865138390375584 -0.0009028511699697 0.0001091348256910 0.1220104234585806 0.9445689602196107 0.9628348778776247
3.9109626668010122 -0.0009139222064429 0.0001089279230219 0.1242745807603305 0.9439007196823473 0.9623776052273572
3.9354994660755405 -0.0009250953416067 0.0001087192075281 0.1265738893632467 0.9432266272967089 0.9619160954986278
3.9601242967011472 -0.0009363711548431 0.0001085086713482 0.1289087770358265 0.9425466577649826 0.9614503248961371
3.9848371638871778 -0.0009477502007236 0.0001082963071463 0.1312796697256488 0.9418607874881981 0.9609802706798165
4.0096380654265777 -0.0009592330302226 0.0001080821077161 0.1336869958637513 0.9411689932882413 0.9605059102899628
4.0345269980243250 -0.0009708201935648 0.0001078660659288 0.1361311869461126 0.9404712522392658 0.9600272212309191
4.0595040545094259 -0.0009825122858299 0.0001076481738847 0.1386126872392192 0.9397675389268354 0.9595441791882642
4.0845692396557007 -0.0009943098612496 0.0001074284245118 0.1411319357169353 0.9390578306125198 0.9590567615707440
4.1097225597650375 -0.0010062134745793 0.0001072068107954 0.1436893747116447 0.9383421047443952 0.9585649458026033
4.1349640238263623 -0.0010182217709920 0.0001069833259367 0.1462854500403086 0.9376203389146932 0.9580687092971917
4.1603129524388445 -0.0010303452862026 0.0001067577907333 0.1489226313217640 0.9368919546906525 0.9575676467438019
4.1857307393755976 -0.0010425671981622 0.0001065305418348 0.1515973536413847 0.9361580397347100 0.9570624989426233
4.2112367506942885 -0.0010548972933656 0.0001063014006839 0.1543120749571613 0.9354180174900336 0.9565528618545519
4.2368309169086693 -0.0010673360869300 0.0001060703613143 0.1570672456308169 0.9346718688001157 0.9560387146611067
4.2625132463676891 -0.0010798841310543 0.0001058374171433 0.1598633273644122 0.9339195725194126 0.9555200350561518
4.2882837927172055 -0.0010925419999944 0.0001056025612532 0.1627007900668769 0.9331611064231978 0.9549967998683597
4.3141425408031369 -0.0011053102341605 0.0001053657874301 0.1655800993555536 0.9323964505621045 0.9544689873737084
4.3400895171158416 -0.0011181893941845 0.0001051270891620 0.1685017286278098 0.9316255840252355 0.9539365750622691
4.3661246824005779 -0.0011311800077340 0.0001048864606255 0.1714661470206730 0.9308484881282615 0.9533995418385979
4.3922480053594191 -0.0011442826057161 0.0001046438960154 0.1744738275189347 0.9300651442479905 0.9528578665269721
4.4184595015010144 -0.0011574977420154 0.0001043993891810 0.1775252515423275 0.9292755326479694 0.9523115270571982
4.4447592096203081 -0.0011708259821520 0.0001041529338385 0.1806209064537301 0.9284796331637359 0.9517605009353000
4.4711470788263989 -0.0011842678458902 0.0001039045246331 0.1837612721855546 0.9276774286331910 0.9512047676181697
4.4976231090829515 -0.0011978238782090 0.0001036541558273 0.1869468376464557 0.9268689006610445 0.9506443055814856
4.5241873674222068 -0.0012114946583330 0.0001034018211370 0.1901781030267555 0.9260540290895075 0.9500790919482419
4.5508397591493361 -0.0012252806819689 0.0001031475159066 0.1934555519482418 0.9252327990219928 0.9495091073597005
4.5775803081782334 -0.0012391825052949 0.0001028912344520 0.1967796854097042 0.9244051922426586 0.9489343300243313
4.6044089948686588 -0.0012532006615771 0.0001026329716009 0.2001510020827846 0.9235711921914811 0.9483547391674191
4.6313257734605768 -0.0012673356697801 0.0001023727225345 0.2035700002319988 0.9227307834526408 0.9477703146772735
4.6583306671760756 -0.0012815880845452 0.0001021104818691 0.2070371897969364 0.9218839487876880 0.9471810350410590
4.6854236557522437 -0.0012959584373041 0.0001018462447414 0.2105530781800742 0.9210306726425022 0.9465868797817837
4.7126046938569637 -0.0013104472455543 0.0001015800066386 0.2141181723612053 0.9201709405972271 0.9459878290771451
4.7398737915347251 -0.0013250550557361 0.0001013117626121 0.2177329894265076 0.9193047368265099 0.9453838619891090
4.7617000797497573 -0.0013367984660060 0.0001010962382193 0.2206539508063028 0.9186087773915657 0.9448983025077800
4.7835263679647895 -0.0013485847830781 0.0001008799877075 0.2235995767462205 0.9179104760716819 0.9444108430927772
4.8110348124353806 -0.0013635048625620 0.0001006064098868 0.2273473011140456 0.9170270627714187 0.9437937810215606
4.8386201796133381 -0.0013785397130291 0.0001003309201174 0.2311451167001728 0.9161374817364276 0.9431719781334756
4.8662935036031216 -0.0013936958407864 0.0001000534045400 0.2349950477335964 0.9152413654677668 0.9425451672906217
4.8940547058873349 -0.0014089737384515 0.0000997738597035 0.2388976148503074 0.9143387029914553 0.9419133301628018
4.9219037978861762 -0.0014243739473951 0.0000994922813692 0.2428533539388630 0.9134294807926711 0.9412764464999299
4.9498407054900451 -0.0014398969612212 0.0000992086662782 0.2468627914687917 0.9125136885235674 0.9406344981264720
4.9778654141753256 -0.0014555433058607 0.0000989230106881 0.2509264649873301 0.9115913142780728 0.9399874656319381
5.0059778418263718 -0.0014713134688704 0.0000986353116661 0.2550449048142884 0.9106623487673625 0.9393353312974949
5.0341779915718163 -0.0014872079849006 0.0000983455655304 0.2592186562476648 0.9097267802876453 0.9386780755645294
5.0624658269033294 -0.0015032273659661 0.0000980537691252 0.2634482614174455 0.9087845988356826 0.9380156799211454
5.0908412867917141 -0.0015193721095618 0.0000977599196726 0.2677342612580331 0.9078357956321919 0.9373481265694737
5.1193043769114306 -0.0015356427506293 0.0000974640138286 0.2720772092854010 0.9068803600734840 0.9366753962800561
5.1478549674738261 -0.0015520397460967 0.0000971660497850 0.2764776407716062 0.9059182865175002 0.9359974731688356
5.1764930388303201 -0.0015685636151329 0.0000968660247195 0.2809361100955451 0.9049495660514318 0.9353143389012752
5.2052185602472862 -0.0015852148702170 0.0000965639360522 0.2854531724159625 0.9039741905482580 0.9346259755457529
5.2340314852647483 -0.0016019940143117 0.0000962597814979 0.2900293828193379 0.9029921528361133 0.9339323656936667
5.2629317230621604 -0.0016189015238934 0.0000959535593745 0.2946652915535142 0.9020034476934475 0.9332334931640930
5.2919192197261076 -0.0016359378962615 0.0000956452677468 0.2993614568763112 0.9010080690850518 0.9325293410515225
5.3114684325003276 -0.0016474703920058 0.0000954367120486 0.3025547914996007 0.9003347115997387 0.9320526728685095
5.3310176452745477 -0.0016590345712986 0.0000952276412102 0.3057693114164922 0.8996596937005423 0.9315745690082329
5.3602276038016186 -0.0016763790321960 0.0000949142974411 0.3106119434520167 0.8986480216393878 0.9308575296930347
5.3895065723255815 -0.0016938431223483 0.0000945990721575 0.3155137343096518 0.8976302837413074 0.9301355979271608
5.4188725332101564 -0.0017114380191115 0.0000942817708958 0.3204782270041596 0.8966058523798129 0.9294083157596817
5.4483254502787437 -0.0017291642247163 0.0000939623922679 0.3255059941278394 0.8955747233035468 0.9286756667308936
5.4778652070964879 -0.0017470221926447 0.0000936409358986 0.3305975965351785 0.8945368955358682 0.9279376365535785
5.5074917826038181 -0.0017650124334806 0.0000933174005210 0.3357536133545943 0.8934923652245843 0.9271942087419569
5.5372050643493500 -0.0017831354020745 0.0000929917860092 0.3409746097787414 0.8924411322055561 0.9264453692788241
5.5670049535496933 -0.0018013915608637 0.0000926640922396 0.3462611549881834 0.8913831963256079 0.9256911040023982
5.5968914286193252 -0.0018197814192822 0.0000923343183870 0.3516138336616317 0.8903185551700946 0.9249313969824617
5.6268643340636784 -0.0018383054041004 0.0000920024652521 0.3570332082487402 0.8892472115776601 0.9241662358810563
5.6569236206806277 -0.0018569640070931 0.0000916685326147 0.3625198618361904 0.8881691650948493 0.9233956058560692
5.6870692104886844 -0.0018757577021401 0.0000913325207226 0.3680743740199043 0.8870844167834995 0.9226194929902723
5.7173010399620621 -0.0018946869720232 0.0000909944298137 0.3736973286993600 0.8859929676773547 0.9218378831887258
5.7476189860640430 -0.0019137522620672 0.0000906542609455 0.3793893002154662 0.8848948214598078 0.9210507640971977
5.7780229403505281 -0.0019329540262944 0.0000903120151709 0.3851508668977658 0.8837899818044620 0.9202581232003416
5.7973850142118755 -0.0019452243081987 0.0000900934877063 0.3888479534444755 0.8830845359710878 0.9197516369850497
5.8167470880732228 -0.0019575234759157 0.0000898745153207 0.3925668426512713 0.8823776571701489 0.9192438235402056
5.8473662991222559 -0.0019770411799179 0.0000895273290294 0.3984924910008797 0.8812568924526603 0.9184380656473853
5.8780509073779363 -0.0019966837290884 0.0000891782996960 0.4044857328867484 0.8801301900961955 0.9176272784028738
5.9088211235110855 -0.0020164644979111 0.0000888271990209 0.4105510662918187 0.8789968134060864 0.9168109165940478
5.9396768222685337 -0.0020363839253738 0.0000884740290883 0.4166890727613773 0.8778567694053826 0.9159889692903171
5.9706179429228632 -0.0020564424922055 0.0000881187914052 0.4229003477824846 0.8767100632587753 0.9151614240642166
6.0016443338534708 -0.0020766406204382 0.0000877614886833 0.4291854697041350 0.8755567040245086 0.9143282711403510
6.0327558010834217 -0.0020969787040437 0.0000874021242942 0.4355450088268124 0.8743967028949791 0.9134895021346759
6.0639523336503860 -0.0021174572566828 0.0000870406996621 0.4419795736555664 0.8732300647812733 0.9126451039666165
6.0952337345162864 -0.0021380766704842 0.0000866772185280 0.4484897353938063 0.8720568020774048 0.9117950688122655
6.1265999053944187 -0.0021588374025040 0.0000863116836578 0.4550760862421384 0.8708769240347644 0.9109393864199590
6.1580507580915729 -0.0021797399171110 0.0000859440978639 0.4617392214072141 0.8696904400590625 0.9100780464920427
6.1895861026641521 -0.0022007846114213 0.0000855744653163 0.4684797151410099 0.8684973639440259 0.9092110417620337
6.2212058218648973 -0.0022219719311274 0.0000852027895074 0.4752981575139307 0.8672977072996246 0.9083383632263651
6.2474773981541238 -0.0022396362038054 0.0000848931839298 0.4810090604732210 0.8662984041653837 0.9076107451885057
6.2737489744433503 -0.0022573565084019 0.0000845828633814 0.4867615492149117 0.8652968025810763 0.9068808273132727
6.3056019849734355 -0.0022789209210589 0.0000842056642266 0.4937920478294487 0.8640793551557692 0.9059927649273507
6.3375290174693735 -0.0023006226236354 0.0000838265533815 0.5009004754857778 0.8628557530502383 0.9050992740200943
6.3695397815513957 -0.0023224687001934 0.0000834454189263 0.5080895834636943 0.8616256353900076 0.9042000733113958
6.4016341141598092 -0.0023444595650554 0.0000830622658671 0.5153599534634693 0.8603890186975565 0.9032951565205098
6.4338117886612691 -0.0023665955893907 0.0000826771001476 0.5227121525378180 0.8591459225275179 0.9023845194404632
6.4660727065723025 -0.0023888772331297 0.0000822899263559 0.5301467767853310 0.8578963620634481 0.9014681545166883
6.4984166434076851 -0.0024113048702459 0.0000819007507661 0.5376643932366534 0.8566403579360308 0.9005460580402685
6.5308434653543719 -0.0024338789382732 0.0000815095787411 0.5452655895611600 0.8553779278398972 0.8996182240038502
6.5633530341536463 -0.0024565998730532 0.0000811164158700 0.5529509523325398 0.8541090902061402 0.8986846467921280
6.5959451391249591 -0.0024794680609991 0.0000807212687947 0.5607210506596388 0.8528338668678502 0.8977453231480349
6.6286195772003138 -0.0025024838947021 0.0000803241442464 0.5685764547279335 0.8515522799520622 0.8968002498923049
6.6613761781754377 -0.0025256363094353 0.0000799250498200 0.5765177419655781 0.8502643507302954 0.8958494231435322
6.6943555278165165 -0.0025490366451018 0.0000795222700310 0.5845800422208463 0.8489645470880213 0.8948887318431531
6.7272760659700888 -0.0025724859960731 0.0000791192483807 0.5926951432558284 0.8476639820158212 0.8939263696398587
6.7602784662235154 -0.0025960845229906 0.0000787142738193 0.6008979103177022 0.8463571341999561 0.8929582379320038
6.7933621976880394 -0.0026198323875687 0.0000783073579892 0.6091888288503198 0.8450440416421950 0.8919843445938219
6.8265271035930546 -0.0026437300196002 0.0000778985081329 0.6175684754760877 0.8437247281509644 0.8910046868641486
6.8597729200641702 -0.0026677777734998 0.0000774877329922 0.6260373987076790 0.8423992223783574 0.8900192654447617
6.8930994680611537 -0.0026919760665873 0.0000770750404430 0.6345961672718119 0.8410675501886723 0.8890280788371604
6.9265065235085430 -0.0027163252855603 0.0000766604390971 0.6432453371747556 0.8397297398260886 0.8880311271825575
6.9599938416311220 -0.0027408258038460 0.0000762439380047 0.6519854575515025 0.8383858209552923 0.8870284115553649
6.9935611538257447 -0.0027654779791523 0.0000758255466956 0.6608170695625095 0.8370358247946015 0.8860199340682893
7.0272082673492546 -0.0027902693723289 0.0000754052751640 0.6697407326244504 0.8356797799206925 0.8850056948268861
7.0607323983146957 -0.0028150623251754 0.0000749856695216 0.6787026315595259 0.8343259057449761 0.8839918312255222
7.0945382607750238 -0.0028401572110735 0.0000745616707674 0.6878115630555264 0.8329578798486791 0.8829660984990713
7.1284228092621396 -0.0028654047057828 0.0000741358246130 0.6970140662475557 0.8315839166293137 0.8819346225958601
7.1623860948473403 -0.0028908054101918 0.0000737081374896 0.7063107583233936 0.8302040373350872 0.8808973975768234
7.1964278603908642 -0.0029163596993533 0.0000732786198694 0.7157021716035460 0.8288182762587701 0.8798544271675324
7.2305478107793375 -0.0029420679223386 0.0000728472828837 0.7251888256002338 0.8274266698254653 0.8788057165909903
7.2647456789176585 -0.0029679304518621 0.0000724141374899 0.7347712451080900 0.8260292539051889 0.8777512705482916
7.2990211012946951 -0.0029939475902027 0.0000719791960475 0.7444499251733612 0.8246260688978148 0.8766910970598805
7.3216599410367635 -0.0030111844980581 0.0000716914779607 0.7508836315022017 0.8236978621270246 0.8759890328662998
7.3442987807788320 -0.0030284581489292 0.0000714034146642 0.7573499524096177 0.8227685512916149 0.8752855258570021
7.3668140658653005 -0.0030456744176840 0.0000711165848838 0.7638133547807747 0.8218432296358918 0.8745844328989391
7.4013378649836064 -0.0030721530690315 0.0000706761265266 0.7737867662502479 0.8204223194718001 0.8735066642355171
7.4359185600707685 -0.0030987725061850 0.0000702341679123 0.7838528451017384 0.8189965964785929 0.8724238022697585
7.4705753280408356 -0.0031255480007727 0.0000697904732103 0.7940176948337151 0.8175653004215366 0.8713352476864742
7.5053077523111273 -0.0031524798264948 0.0000693450565285 0.8042817761205451 0.8161284773750491 0.8702410122888978
7.5401154592417097 -0.0031795682928621 0.0000688979316046 0.8146455582963492 0.8146861722262694 0.8691411069086165
7.5749981610833030 -0.0032068137795761 0.0000684491112472 0.8251095326983229 0.8132384268712931 0.8680355400212103
7.6099554457909173 -0.0032342165728575 0.0000679986100362 0.8356741498081047 0.8117852889259943 0.8669243243963624
7.6449869167864266 -0.0032617769740116 0.0000675464425282 0.8463398605053201 0.8103268059381428 0.8658074726929991
7.6800922114902868 -0.0032894795606934 0.0000670926245543 0.8571071218794631 0.8088630243501369 0.8646849967964819
7.7156305864107031 -0.0033176251318273 0.0000666325095998 0.8680879103962537 0.8073789629969438 0.8635453601433193
7.7508825853003263 -0.0033456447804878 0.0000661754224668 0.8790604893529149 0.8059046989323790 0.8624116352317733
7.7862077097728877 -0.0033738233416467 0.0000657167222664 0.8901360914957328 0.8044252638304465 0.8612723116117454
7.8216049477331522 -0.0034021606413715 0.0000652564323868 0.9013149542750107 0.8029407337528907 0.8601274236052444
7.8570739120186355 -0.0034306570057904 0.0000647945682823 0.9125975044626486 0.8014511591783133 0.8589769858312924
7.8926140634896740 -0.0034593126426899 0.0000643311475517 0.9239841154179154 0.7999565975072938 0.8578210182239615
7.9282249192234984 -0.0034881278082747 0.0000638661872289 0.9354751727009983 0.7984571043250351 0.8566595392995207
7.9530242282821817 -0.0035082478669729 0.0000635420332850 0.9435259042591354 0.7974117282526461 0.8558488011626649
7.9764026127845522 -0.0035272564243371 0.0000632361890585 0.9511517493726841 0.7964254137417183 0.8550831047101549
8.0121967635502145 -0.0035564455489761 0.0000627674309759 0.9628959917026192 0.7949137486677829 0.8539081239655012
8.0480411402877081 -0.0035857793703063 0.0000622974383754 0.9747397656480683 0.7933981379988105 0.8527283149187833
8.0839540402469261 -0.0036152734447127 0.0000618259831969 0.9866895717479647 0.7918778469487634 0.8515430821714768
8.1199349363706350 -0.0036449280090325 0.0000613530839034 0.9987457497318374 0.7903529357424529 0.8503524478171247
8.1559832040744986 -0.0036747432234296 0.0000608787603945 1.0109086000156375 0.7888234692421101 0.8491564375889359
8.1920982677718577 -0.0037047192919828 0.0000604030320789 1.0231784324526814 0.7872895107336521 0.8479550760189790
8.2078801461799884 -0.0037178517125985 0.0000601949826438 1.0285667579873565 0.7866186793325742 0.8474291150690003
8.2236620245881191 -0.0037309978122125 0.0000599868374158 1.0339712324845813 0.7859475441938178 0.8469025611902770
8.2399547615055067 -0.0037445892947352 0.0000597718547937 1.0395675935572162 0.7852543701224810 0.8463583427851040
8.2762518368105464 -0.0037749458008179 0.0000592925569737 1.0520971110021160 0.7837089861214652 0.8451436750676480
8.3125846164877917 -0.0038054391352766 0.0000588123050013 1.0647245519774469 0.7821605654024181 0.8439247155524945
8.3489815213459035 -0.0038360937231387 0.0000583307362183 1.0774601701799438 0.7806079393719857 0.8427005214591277
8.3854418015874366 -0.0038669096385342 0.0000578478731072 1.0903041753421352 0.7790511812538721 0.8414711253984232
8.4219647699068023 -0.0038978870114985 0.0000573637374620 1.1032567906014712 0.7774903620581659 0.8402365583182589
8.4585497010702007 -0.0039290259434488 0.0000568783517143 1.1163182172114414 0.7759255548544832 0.8389968528803433
8.4775911702730902 -0.0039452703626565 0.0000566255573385 1.1231507303308450 0.7751106005115757 0.8383504221549318
8.4966326394759797 -0.0039615404272606 0.0000563726533155 1.1300067916258976 0.7742953029792915 0.8377031759534265
8.5333663340923405 -0.0039930112263516 0.0000558844624961 1.1432996429091993 0.7727215344325157 0.8364522546356261
8.5701350520077302 -0.0040246223848186 0.0000553954191439 1.1566929416418861 0.7711450617143780 0.8351971380734270
8.6069626155317067 -0.0040563950076007 0.0000549052201003 1.1701957059622752 0.7695649083006488 0.8339370257761477
8.6438481838616230 -0.0040883291096851 0.0000544138899665 1.1838080485120890 0.7679811542780358 0.8326719565689636
8.6807907803995850 -0.0041204245907378 0.0000539214552706 1.1975300212383633 0.7663938859477394 0.8314019744003235
8.7006523816497214 -0.0041377266312928 0.0000536565681882 1.2049440650197472 0.7655400927687788 0.8307179739292404
8.7168571464283069 -0.0041518617548719 0.0000534403825538 1.2110120465657905 0.7648432839635615 0.8301592830064470
8.7329956017353751 -0.0041659575235285 0.0000532250215604 1.2170721494409225 0.7641491411199955 0.8296023214924410
8.7700996765779102 -0.0041984465769332 0.0000527296617162 1.2310691414986208 0.7625525516712127 0.8283197099416993
8.8072301845370902 -0.0042310724779473 0.0000522336525012 1.2451656059471383 0.7609539176581428 0.8270332800856355
8.8444136147679799 -0.0042638591395725 0.0000517366543449 1.2593718733120816 0.7593521454100295 0.8257421295740878
8.8816489169230337 -0.0042968064037913 0.0000512386953277 1.2736879060113766 0.7577473262483607 0.8244463074422612
8.9189349806041935 -0.0043299140603381 0.0000507398044251 1.2881136307382786 0.7561395543821500 0.8231458652986520
8.9291563256877904 -0.0043390101868921 0.0000506029996958 1.2920839560380204 0.7556986837513809 0.8227888756501737
8.9393776707713872 -0.0043481113390210 0.0000504661777738 1.2960610604999032 0.7552577602844570 0.8224316737965726
8.9503019127177517 -0.0043578461661640 0.0000503199280533 1.3003191546134047 0.7547864583555539 0.8220496740184751
8.9877062814378590 -0.0043912533348997 0.0000498190280204 1.3149574126799255 0.7531722998225115 0.8207398920542982
9.0251307567364059 -0.0044247954157426 0.0000493176470561 1.3296943554905647 0.7515566440435371 0.8194266010693300
9.0626016462902594 -0.0044584966427777 0.0000488154473557 1.3445405556899757 0.7499384032592371 0.8181088954622476
9.1001176734074498 -0.0044923566553125 0.0000483124604979 1.3594958093763247 0.7483176800739172 0.8167868350179395
9.1376775393804781 -0.0045263750715671 0.0000478087184196 1.3745598889551736 0.7466945782470729 0.8154604807990968
9.1559699071552672 -0.0045429801294025 0.0000475633309286 1.3819294681651910 0.7459039359383405 0.8148135326877782
9.1742622749300562 -0.0045596094814864 0.0000473179094359 1.3893207138889176 0.7451131958834648 0.8141659410180793
9.2119258507234303 -0.0045939381333637 0.0000468124910890 1.4046073352699795 0.7434847963496920 0.8128305499144369
9.2496083977899826 -0.0046284045707595 0.0000463066946345 1.4199935164524691 0.7418552356181677 0.8114917933662132
9.2873293534168155 -0.0046630272687723 0.0000458002739752 1.4354873587056320 0.7402237216365185 0.8101489999498388
9.3250871891263838 -0.0046978056224586 0.0000452932643563 1.4510884619934434 0.7385903688186083 0.8088022413712594
9.3381009788457980 -0.0047098208104923 0.0000451184970474 1.4564869567423642 0.7380273622880564 0.8083374510134682
9.3475481254237067 -0.0047185512492832 0.0000449916221676 1.4604127585492701 0.7376186435844596 0.8079998490899034
9.3569952720016154 -0.0047272852348523 0.0000448647433383 1.4643443245091359 0.7372099144253292 0.8076620835612967
9.3948488749442767 -0.0047623582020888 0.0000443563155447 1.4801554492189677 0.7355720959580414 0.8063070636687545
9.4327032219705416 -0.0047975553280726 0.0000438478261012 1.4960593626802465 0.7339341396588878 0.8049494220176538
9.4705882647934860 -0.0048329051035580 0.0000433388875183 1.5120687060990732 0.7322947981330793 0.8035881065067362
9.5085022423853172 -0.0048684066804067 0.0000428295382274 1.5281828935343855 0.7306541960415245 0.8022231996764407
9.5276596104616118 -0.0048863927421171 0.0000425721679477 1.5363603680981583 0.7298252363790928 0.8015325698785521
9.5468169785379065 -0.0049044047328957 0.0000423147983757 1.5445614736543638 0.7289962929975443 0.8008412980827718
9.5674684453536774 -0.0049238530792757 0.0000420373590406 1.5534286477169814 0.7281027250131781 0.8000953980847268
9.6054619527654062 -0.0049597307622934 0.0000415269542427 1.5698136900108730 0.7264588788942229 0.7987212041540116
9.6434643108032461 -0.0049957437974437 0.0000410164609200 1.5862953878593555 0.7248148128312437 0.7973442158611816
9.6814870051633353 -0.0050319037822157 0.0000405057394374 1.6028787579306285 0.7231700779519179 0.7959640394495748
9.7006853229613501 -0.0050502102909195 0.0000402478890298 1.6112872524566773 0.7223397180733953 0.7952662408947185
9.7133664689773909 -0.0050623203406560 0.0000400775792473 1.6168543214478279 0.7217912760829880 0.7948049833543075
9.7260476149934316 -0.0050744384278214 0.0000399072781094 1.6224317060734557 0.7212428671535818 0.7943434582256251
9.7421191242736125 -0.0050898163962820 0.0000396914585217 1.6295150470816211 0.7205478889322739 0.7937581591905696
9.7801977321573066 -0.0051263438085665 0.0000391801729246 1.6463638565970329 0.7189015050673849 0.7923696976871071
9.8182765070062139 -0.0051630013107369 0.0000386689822962 1.6633056135805655 0.7172554958599667 0.7909788614074189
9.8563658437277670 -0.0051997995979532 0.0000381577614376 1.6803448996632382 0.7156094589861233 0.7895852947553955
9.8752507247466195 -0.0052180930110160 0.0000379043413784 1.6888274631216127 0.7147935192245926 0.7888934957248940
9.8941356057654719 -0.0052364130658360 0.0000376509545800 1.6973328181527143 0.7139777018984627 0.7882011294436793
9.9329562862492455 -0.0052741658692014 0.0000371301910919 1.7148883753471158 0.7123010766084941 0.7867760988622048
9.9710627666132581 -0.0053113577956926 0.0000366191639171 1.7322144894584144 0.7106558706085404 0.7853749916475758
10.0091702296180483 -0.0053486838181688 0.0000361082918021 1.7496336275915432 0.7090112366883765 0.7839716009653138
10.0252698099119684 -0.0053644934335377 0.0000358925132903 1.7570206330467386 0.7083166100729471 0.7833780294120674
10.0413693902058885 -0.0053803269925569 0.0000356767683294 1.7644241388837114 0.7076221046850365 0.7827840630065847
10.0755883367057137 -0.0054140434712727 0.0000352183299301 1.7802147365641019 0.7061463819891293 0.7815203105738796
10.1065320613907179 -0.0054446256092295 0.0000348039132659 1.7945580522293261 0.7048124179682267 0.7803760026575186
10.1446221000289079 -0.0054823931997977 0.0000342939863380 1.8122973952029831 0.7031710849951082 0.7789654677844425
10.1826993562631021 -0.0055202841003621 0.0000337844609446 1.8301227920729131 0.7015311209627222 0.7775532737145783
10.1942757447205441 -0.0055318309007072 0.0000336296008625 1.8355603549641337 0.7010327018948451 0.7771235142857377
10.2058521331779861 -0.0055433845079965 0.0000334747643255 1.8410064083469806 0.7005343636203151 0.7766935606965770
10.2343597550326368 -0.0055718899944761 0.0000330935691789 1.8544538546320533 0.6993075254009796 0.7756339480563692
10.2723981235109871 -0.0056100456167135 0.0000325851614004 1.8724771706776600 0.6976713346398246 0.7742182729923860
10.3104149428546314 -0.0056483175490209 0.0000320773159401 1.8905816532377531 0.6960370326332995 0.7728013546416655
10.3287903206838330 -0.0056668659085526 0.0000318319517163 1.8993651464819421 0.6952474524384316 0.7721157631772126
10.3471656985130345 -0.0056854419203933 0.0000315866566074 1.9081699442249769 0.6944581116321284 0.7714297022795945
10.3642034393179081 -0.0057026907911365 0.0000313592807603 1.9163528198787889 0.6937264490026963 0.7707931661333245
10.4021512161432454 -0.0057412097085295 0.0000308530739649 1.9346440927003610 0.6920976073127213 0.7693739920301212
10.4400703616567938 -0.0057798393665828 0.0000303475660095 1.9530121081945468 0.6904710959058709 0.7679539342566972
10.4575811234423810 -0.0057977256454245 0.0000301142368626 1.9615248302448975 0.6897203689020008 0.7672975098636540
10.4681220182772847 -0.0058085070835123 0.0000299738148884 1.9666584952332509 0.6892685754531372 0.7669021667434163
10.4786629131121884 -0.0058192966232518 0.0000298334193989 1.9717991390522056 0.6888168725921603 0.7665066757890355
10.4921328599402042 -0.0058330972541869 0.0000296540503490 1.9783783928769094 0.6882397860224921 0.7660010733740280
10.5299475242828890 -0.0058719358574702 0.0000291507367628 1.9969094056714130 0.6866205246651242 0.7645804006302337
10.5677316265169186 -0.0059108845817344 0.0000286481865948 2.0155149592427954 0.6850038033595300 0.7631590132131638
10.5835768070875158 -0.0059272604753715 0.0000284375456618 2.0233440063672852 0.6843261893889616 0.7625623899903312
10.5994219876581131 -0.0059436614731070 0.0000282269704664 2.0311887607496248 0.6836488018900714 0.7619654449777186
10.6262231818621338 -0.0059714481827876 0.0000278709483020 2.0444934313989127 0.6825035640594344 0.7609550196690968
10.6505734826067986 -0.0059967557630076 0.0000275476523217 2.0566203316411107 0.6814636358396623 0.7600362075767787
10.6881813183689438 -0.0060359598046956 0.0000270486612547 2.0754224319893919 0.6798586299468317 0.7586156892613507
10.7044753262195069 -0.0060529899672023 0.0000268325923952 2.0835960259308495 0.6791636709224218 0.7579996891479437
10.7207693340700700 -0.0060700471940888 0.0000266166001715 2.0917861576363865 0.6784689747931100 0.7573833621495527
10.7464341649626185 -0.0060969581827780 0.0000262765478972 2.1047200192598834 0.6773752934005703 0.7564119216014880
10.7695551861664516 -0.0061212589362876 0.0000259703683654 2.1164069988266099 0.6763905889898976 0.7555360820382172
10.8069551747705628 -0.0061606838594123 0.0000254754438359 2.1353818802736195 0.6747989327908214 0.7541179848713180
10.8266469795495013 -0.0061815000402371 0.0000252150306937 2.1454074047646703 0.6739614908903924 0.7533706600085426
10.8362879674646297 -0.0061917062176773 0.0000250875784523 2.1503246092999642 0.6735516364017304 0.7530046071143925
10.8459289553797582 -0.0062019183046865 0.0000249601561060 2.1552475750899238 0.6731418825742007 0.7526384448113042
10.8570655122869653 -0.0062137259810261 0.0000248130042359 2.1609413897984950 0.6726686914301691 0.7522153454610045
10.8942642557329155 -0.0062532604841169 0.0000243217727817 2.1800157424956930 0.6710891135997257 0.7508010457328053
10.9314250657698455 -0.0062928999978332 0.0000238314973578 2.1991560902028420 0.6695126998680656 0.7493865944263131
10.9685002885872773 -0.0063325843334020 0.0000233428161878 2.2183373384106351 0.6679414991104583 0.7479738339752786
11.0019372564686631 -0.0063684940490972 0.0000229024970533 2.2357089939434394 0.6665258673346540 0.7466983848554190
11.0388324391549393 -0.0064082568287616 0.0000224170946715 2.2549572061175400 0.6649653793753576 0.7452895825459647
11.0486712990869851 -0.0064188851681836 0.0000222877343205 2.2601042799330768 0.6645495228992365 0.7449136436988517
11.0585101590190309 -0.0064295201939062 0.0000221584093679 2.2652573037062029 0.6641337853531902 0.7445375991676149
11.0705319842690280 -0.0064425286084911 0.0000220004386672 2.2715617111238711 0.6636259698507475 0.7440779780544652
11.1072032597128683 -0.0064823063662777 0.0000215188941791 2.2908474320060392 0.6620780492885449 0.7426749895051852
11.1438139161738228 -0.0065221649222171 0.0000210386462141 2.3101835262399599 0.6605343890098241 0.7412728865866877
11.1544540964295305 -0.0065337737046412 0.0000208991669463 2.3158185844199362 0.6600860773847186 0.7408651265741744
11.1646153878121872 -0.0065448703223561 0.0000207660058766 2.3212064897593234 0.6596580804771244 0.7404756078606838
11.2009740050428945 -0.0065846691636061 0.0000202898623581 2.3405369316880251 0.6581277530544558 0.7390809698500987
11.2372932640627319 -0.0066245716257500 0.0000198147512221 2.3599270568742670 0.6566008372209308 0.7376864793981120
11.2523086683477196 -0.0066411065618764 0.0000196184806186 2.3679669903690974 0.6559700868690164 0.7371095643756057
11.2659302857026020 -0.0066561276738949 0.0000194405070249 2.3752725131835439 0.6553981508779326 0.7365860033268063
11.3019741600920582 -0.0066959755554293 0.0000189699380370 2.3946580010948000 0.6538859949290017 0.7351997206767781
11.3190563945232991 -0.0067149119689949 0.0000187471078411 2.4038729457152508 0.6531699713809808 0.7345422694632929
11.3276452288246539 -0.0067244454827680 0.0000186351159448 2.4085128586907025 0.6528101141936098 0.7342115984552793
11.3353842263332716 -0.0067330400536092 0.0000185342318839 2.4126975054688047 0.6524859527240610 0.7339135841096898
11.3711275278779436 -0.0067728236334310 0.0000180686150725 2.4320718662837790 0.6509898863313048 0.7325364170715079
11.4068349322877669 -0.0068127137136816 0.0000176040071985 2.4515041098171628 0.6494971564313511 0.7311593995758783
11.4180623669389849 -0.0068252838931675 0.0000174580346097 2.4576301206055930 0.6490281824630578 0.7307261736408329
11.4282498679136300 -0.0068367012508868 0.0000173256300027 2.4631953134845048 0.6486028068333513 0.7303329713973248
11.4636237348283032 -0.0068764392155570 0.0000168662357819 2.4825679417196569 0.6471269741765798 0.7289669032636568
11.4802938099232978 -0.0068952165431015 0.0000166499354628 2.4917235683666208 0.6464321288548522 0.7283227328011086
11.4873990757412781 -0.0069032298847720 0.0000165577795430 2.4956310567301951 0.6461360927091451 0.7280480904853646
11.4945043415592583 -0.0069112471871258 0.0000164656463563 2.4995415900138069 0.6458401326936112 0.7277734015475597
11.5026541037580579 -0.0069204497682884 0.0000163599971705 2.5040307319408361 0.6455007596891915 0.7274582752359494
11.5376819137952467 -0.0069600918451985 0.0000159062557534 2.5233706962633637 0.6440432811061106 0.7261031656360033
11.5540290615497465 -0.0069786421887935 0.0000156946895055 2.5324217508031523 0.6433637343783689 0.7254703678322149
11.5624665628951480 -0.0069882293025855 0.0000155855384390 2.5370996969404609 0.6430131514060657 0.7251436582089352
11.5709040642405494 -0.0069978223430352 0.0000154764203708 2.5417819222244455 0.6426626789912423 0.7248168848077157
11.5813770336612212 -0.0070097410909726 0.0000153410242865 2.5475996400762502 0.6422278127867705 0.7244111920016103
11.6160624898002993 -0.0070493087068928 0.0000148929691912 2.5669143718392458 0.6407888076271850 0.7230668829641144
11.6277670074280071 -0.0070626933745618 0.0000147419010982 2.5734483620609838 0.6403036482557032 0.7226130106779102
11.6394715250557148 -0.0070760927525536 0.0000145908977400 2.5799905619684109 0.6398187069719787 0.7221590189171645
11.6502887005223901 -0.0070884892553385 0.0000144514000586 2.5860440808403111 0.6393707247405732 0.7217393394168496
11.6846323041800098 -0.0071279413625288 0.0000140088762616 2.6053098905366543 0.6379496680486799 0.7204062251793411
11.6979017100909708 -0.0071432231180550 0.0000138380490014 2.6127725461427440 0.6374011236819711 0.7198908773683045
11.7111711160019318 -0.0071585231441992 0.0000136673071995 2.6202457188971651 0.6368528667239842 0.7193753804348837
11.7231229043654217 -0.0071723217187734 0.0000135135928562 2.6269858220737907 0.6363592974304989 0.7189109440465035
11.7570818386645133 -0.0072116241810180 0.0000130772212231 2.6461831472591477 0.6349581931297498 0.7175906773976704
11.7718448184718927 -0.0072287522980659 0.0000128876945266 2.6545502352991268 0.6343496884871832 0.7170164195598289
11.7866077982792721 -0.0072459055934748 0.0000126982761108 2.6629302958012424 0.6337415487783045 0.7164419828495904
11.8202047650154309 -0.0072850439178949 0.0000122676113225 2.6820495892342668 0.6323589401062303 0.7151340433029294
11.8299273369910054 -0.0072963946939423 0.0000121430879845 2.6875950010823271 0.6319591865850156 0.7147553709459901
11.8395408396530186 -0.0073076289365910 0.0000120200086574 2.6930837204482971 0.6315640761895561 0.7143808722026322
11.8727670988513996 -0.0073465468285126 0.0000115949828173 2.7120960814960759 0.6301997144543885 0.7130859615746177
11.8888034156816289 -0.0073653779521838 0.0000113900507823 2.7212956081434250 0.6295419013694539 0.7124606750545212
11.9046569353402578 -0.0073840247181441 0.0000111875852169 2.7304052315418668 0.6288920262613860 0.7118423189733635
11.9186224894578316 -0.0074004775337064 0.0000110093386855 2.7384423221429288 0.6283199074190581 0.7112974404284784
11.9325880435754055 -0.0074169554020026 0.0000108311935853 2.7464909397895574 0.6277481309532349 0.7107524117615990
11.9652360867935652 -0.0074555665598484 0.0000104151331433 2.7653515631101881 0.6264128014721803 0.7094776878451355
11.9836687661775620 -0.0074774268012299 0.0000101804786084 2.7760278035321999 0.6256597280241095 0.7087576389182155
12.0021014455615589 -0.0074993268926008 0.0000099460048199 2.7867240607760722 0.6249072626961661 0.7080373359839255
12.0225821863035875 -0.0075237122433319 0.0000096856911846 2.7986322372449477 0.6240719080662932 0.7072367045981622
12.0319824435850045 -0.0075349230765954 0.0000095662876287 2.8041061158740974 0.6236887507458803 0.7068691272057236
12.0413827008664214 -0.0075461433997505 0.0000094469318687 2.8095851880252809 0.6233057538011632 0.7065014851872479
12.0547171168404024 -0.0075620794871430 0.0000092777056349 2.8173662438857630 0.6227627425239363 0.7059798687612068
12.0698896858857072 -0.0075802409827019 0.0000090852686717 2.8262326163280118 0.6221452722562798 0.7053861908811692
12.0770442806325686 -0.0075888155968543 0.0000089945688203 2.8304182227127996 0.6218542518557694 0.7051061857829783
12.0841988753794300 -0.0075973955609725 0.0000089038970395 2.8346068308890837 0.6215633255487376 0.7048261440161721
12.0934777680393797 -0.0076085329795730 0.0000087863452307 2.8400435639004500 0.6211861597148524 0.7044628995650075
12.1079082235873443 -0.0076258766320679 0.0000086036233751 2.8485087479428879 0.6205999107770495 0.7038978633410446
12.1161063439451357 -0.0076357421869123 0.0000084998677982 2.8533233553476349 0.6202670274471269 0.7035767937072934
12.1243044643029272 -0.0076456159863733 0.0000083961493481 2.8581418963671110 0.6199342690375476 0.7032556767953594
12.1321253796325514 -0.0076550429461554 0.0000082972378114 2.8627423955353466 0.6196169379086716 0.7029492909441447
12.1469672409618248 -0.0076729552640076 0.0000081096251419 2.8714826618040434 0.6190150483588454 0.7023677408963700
12.1579231875208915 -0.0076861968334993 0.0000079712119689 2.8779427994781197 0.6185710111179162 0.7019383549683619
12.1688791340799582 -0.0076994531164320 0.0000078328658813 2.8844099476930092 0.6181271995159795 0.7015088862447200
12.1787418388238553 -0.0077113999050875 0.0000077083821550 2.8902377628599765 0.6177278673156634 0.7011222016991265
12.1939089929576525 -0.0077297978468582 0.0000075170539082 2.8992110201080101 0.6171141216809399 0.7005274174214919
12.2090761470914497 -0.0077482253819281 0.0000073258553354 2.9081976886850351 0.6165008126578875 0.6999324771502859
12.2246418869519946 -0.0077671687389701 0.0000071297674477 2.9174344565531998 0.6158718419669282 0.6993217411064102
12.2349404909773263 -0.0077797203349326 0.0000070001073144 2.9235534395657714 0.6154559571289396 0.6989175768854685
12.2452390950026579 -0.0077922848692087 0.0000068705077078 2.9296785930414044 0.6150402757205587 0.6985133421425209
12.2561492725868053 -0.0078056112479390 0.0000067332779636 2.9361742107729478 0.6146001319847871 0.6980850257328715
12.2672415485181592 -0.0078191769403511 0.0000065938275561 2.9427853365679004 0.6141528773302480 0.6976494801180873
12.2770238855927989 -0.0078311536402526 0.0000064709041862 2.9486216539888011 0.6137586385147529 0.6972653032754005
12.2868062226674386 -0.0078431430354276 0.0000063480359093 2.9544635268213306 0.6133645852361456 0.6968810640852434
12.2987228766864334 -0.0078577663043678 0.0000061984346833 2.9615874851798436 0.6128848085017801 0.6964129075226596
12.3106395307054282 -0.0078724081745360 0.0000060489156975 2.9687196784411420 0.6124053085812587 0.6959446594153027
12.3230559421589270 -0.0078876844636270 0.0000058932139103 2.9761597344681889 0.6119059948842683 0.6954566772331908
12.3329358385762493 -0.0078998554744485 0.0000057693840640 2.9820862610663097 0.6115089006004466 0.6950683134178802
12.3428157349935717 -0.0079120388309978 0.0000056456112888 2.9880184382529396 0.6111119981787759 0.6946798877251574
12.3536905478217864 -0.0079254647978950 0.0000055094404377 2.9945545215383413 0.6106753496524726 0.6942522759600449
12.3628848541325951 -0.0079368290770088 0.0000053943663916 3.0000859060992755 0.6103063595617786 0.6938906859905691
12.3720791604434037 -0.0079482039914215 0.0000052793421450 3.0056221767177584 0.6099375368279190 0.6935290432223520
12.3855162571169348 -0.0079648495036192 0.0000051113285100 3.0137219897648073 0.6093988195723795 0.6930004228744008
12.3991392892937942 -0.0079817504080657 0.0000049410989570 3.0219445248828554 0.6088530147547739 0.6924643739288315
12.4127455743690582 -0.0079986562728498 0.0000047711884789 3.0301676388447012 0.6083082508610442 0.6919288703360877
12.4244506055747479 -0.0080132200162362 0.0000046251083165 3.0372502486335935 0.6078399054600566 0.6914681042661208
