0.0001024926412339 -0.0000000000084448 0.0000438241702618 0.0000000000000019 0.9999999999692926 0.9999999999778532
0.0001424272267082 -0.0000000000163089 0.0000438241702570 0.0000000000000050 0.9999999999404267 0.9999999999572291
0.0001916378074263 -0.0000000000295272 0.0000438241702490 0.0000000000000122 0.9999999998919087 0.9999999999225635
0.0002510213782145 -0.0000000000506632 0.0000438241702362 0.0000000000000274 0.9999999998143289 0.9999999998671332
0.0003214209862558 -0.0000000000830667 0.0000438241702165 0.0000000000000576 0.9999999996953925 0.9999999997821536
0.0004036474626334 -0.0000000001310047 0.0000438241701874 0.0000000000001141 0.9999999995194369 0.9999999996564337
0.0004984793597079 -0.0000000001997926 0.0000438241701457 0.0000000000002149 0.9999999992669526 0.9999999994760340
0.0006066707694156 -0.0000000002959327 0.0000438241700873 0.0000000000003873 0.9999999989140728 0.9999999992239019
0.0007289483239705 -0.0000000004272494 0.0000438241700076 0.0000000000006719 0.9999999984320785 0.9999999988795174
0.0008660224933129 -0.0000000006030413 0.0000438241699009 0.0000000000011267 0.9999999977868390 0.9999999984184944
0.0010185566368557 -0.0000000008341797 0.0000438241697606 0.0000000000018331 0.9999999969384521 0.9999999978123225
0.0011872216206072 -0.0000000011333217 0.0000438241695790 0.0000000000029028 0.9999999958404597 0.9999999970278077
0.0013726483506753 -0.0000000015149855 0.0000438241693473 0.0000000000044865 0.9999999944395737 0.9999999960268755
0.0015754686293743 -0.0000000019957660 0.0000438241690555 0.0000000000067836 0.9999999926748826 0.9999999947660050
0.0017962752054985 -0.0000000025943944 0.0000438241686921 0.0000000000100542 0.9999999904776344 0.9999999931960724
0.0020356676527849 -0.0000000033319933 0.0000438241682444 0.0000000000146336 0.9999999877702993 0.9999999912616829
0.0022942116238534 -0.0000000042321144 0.0000438241676980 0.0000000000209474 0.9999999844664307 0.9999999889010708
0.0025724713806307 -0.0000000053209798 0.0000438241670370 0.0000000000295312 0.9999999804697816 0.9999999860454672
0.0028709998890189 -0.0000000066276095 0.0000438241662439 0.0000000000410515 0.9999999756738354 0.9999999826187664
0.0031903232580183 -0.0000000081838937 0.0000438241652992 0.0000000000563291 0.9999999699615396 0.9999999785373341
0.0035309809146825 -0.0000000100249305 0.0000438241641817 0.0000000000763687 0.9999999632040678 0.9999999737091241
0.0038934685837478 -0.0000000121888856 0.0000438241628681 0.0000000001023857 0.9999999552613336 0.9999999680340447
0.0042783072964231 -0.0000000147175195 0.0000438241613332 0.0000000001358454 0.9999999459800566 0.9999999614025772
0.0046859926866909 -0.0000000176560641 0.0000438241595495 0.0000000001784982 0.9999999351942145 0.9999999536960987
0.0051170016056306 -0.0000000210533786 0.0000438241574872 0.0000000002324212 0.9999999227244710 0.9999999447864734
0.0055718103956563 -0.0000000249622289 0.0000438241551145 0.0000000003000669 0.9999999083771505 0.9999999345353202
0.0060508982016481 -0.0000000294394980 0.0000438241523968 0.0000000003843161 0.9999998919434655 0.9999999227934603
0.0065547175543863 -0.0000000345460722 0.0000438241492970 0.0000000004885298 0.9999998731999349 0.9999999094012170
0.0070837232733523 -0.0000000403472451 0.0000438241457756 0.0000000006166147 0.9999998519069002 0.9999998941873539
0.0076383625777437 -0.0000000469127888 0.0000438241417902 0.0000000007730897 0.9999998278082652 0.9999998769688905
0.0082190738532854 -0.0000000543170876 0.0000438241372957 0.0000000009631584 0.9999998006310048 0.9999998575507504
0.0088262854672220 -0.0000000626392640 0.0000438241322441 0.0000000011927872 0.9999997700847023 0.9999998357254307
0.0094604357503697 -0.0000000719636170 0.0000438241265841 0.0000000014687994 0.9999997358599407 0.9999998112718533
0.0101219420993881 -0.0000000823793562 0.0000438241202616 0.0000000017989562 0.9999996976292790 0.9999997839560614
0.0108112125282496 -0.0000000939808781 0.0000438241132193 0.0000000021920590 0.9999996550462380 0.9999997535304954
0.0115286643377931 -0.0000001068682430 0.0000438241053965 0.0000000026580675 0.9999996077435497 0.9999997197327423
0.0122747076945915 -0.0000001211470901 0.0000438240967290 0.0000000032082077 0.9999995553334686 0.9999996822857579
0.0130497376504042 -0.0000001369286162 0.0000438240871494 0.0000000038550883 0.9999994974078511 0.9999996408979230
0.0138541574953036 -0.0000001543301880 0.0000438240765865 0.0000000046128500 0.9999994335359069 0.9999995952614378
0.0146883340639700 -0.0000001734745270 0.0000438240649656 0.0000000054972638 0.9999993632671903 0.9999995450544585
0.0155526679105828 -0.0000001944914035 0.0000438240522081 0.0000000065259483 0.9999992861253848 0.9999994899366565
0.0164475458317016 -0.0000002175167996 0.0000438240382314 0.0000000077184879 0.9999992016113726 0.9999994295514115
0.0173733185322368 -0.0000002426923787 0.0000438240229495 0.0000000090965610 0.9999991092051835 0.9999993635272040
0.0183303847229238 -0.0000002701678779 0.0000438240062715 0.0000000106842392 0.9999990083572139 0.9999992914713409
0.0193191082467135 -0.0000003000990899 0.0000438239881028 0.0000000125080630 0.9999988984956322 0.9999992129752480
0.0203398386035771 -0.0000003326484503 0.0000438239683449 0.0000000145972588 0.9999987790242252 0.9999991276129293
0.0213929456299025 -0.0000003679862955 0.0000438239468944 0.0000000169840214 0.9999986493177807 0.9999990349376691
0.0224787822762550 -0.0000004062898755 0.0000438239236437 0.0000000197036676 0.9999985087257105 0.9999989344846201
0.0235977168864473 -0.0000004477446203 0.0000438238984801 0.0000000227949503 0.9999983565674014 0.9999988257674821
0.0247500941492167 -0.0000004925429157 0.0000438238712869 0.0000000263002099 0.9999981921367110 0.9999987082817139
0.0259362423039395 -0.0000005408843746 0.0000438238419431 0.0000000302656333 0.9999980147009698 0.9999985815038197
0.0271565195362991 -0.0000005929778887 0.0000438238103216 0.0000000347416850 0.9999978234934511 0.9999984448859702
0.0284112637609671 -0.0000006490398148 0.0000438237762913 0.0000000397832404 0.9999976177200287 0.9999982978607579
0.0297007935333980 -0.0000007092940063 0.0000438237397163 0.0000000454498651 0.9999973965590612 0.9999981398411156
0.0310254655898949 -0.0000007739746655 0.0000438237004543 0.0000000518063865 0.9999971591509220 0.9999979702128351
0.0323856044350492 -0.0000008433232732 0.0000438236583588 0.0000000589229299 0.9999969046092707 0.9999977883426195
0.0337815363800683 -0.0000009175902789 0.0000438236132779 0.0000000668754063 0.9999966320148483 0.9999975935736519
0.0352135814492535 -0.0000009970348485 0.0000438235650540 0.0000000757458353 0.9999963404164030 0.9999973852262547
0.0366820687414694 -0.0000010819258857 0.0000438235135241 0.0000000856228236 0.9999960288269424 0.9999971625952135
0.0381873187410593 -0.0000011725412413 0.0000438234585195 0.0000000966018617 0.9999956962266354 0.9999969249518487
0.0397296582686598 -0.0000012691687558 0.0000438233998654 0.0000001087858460 0.9999953415589846 0.9999966715412819
0.0413093870899350 -0.0000013721043119 0.0000438233373823 0.0000001222852458 0.9999949637379772 0.9999964015875443
0.0429268110138396 -0.0000014816539626 0.0000438232708844 0.0000001372187886 0.9999945616402706 0.9999961142879935
0.0445822563504133 -0.0000015981352299 0.0000438232001789 0.0000001537141064 0.9999941341004289 0.9999958088099099
0.0462760088469820 -0.0000017218730249 0.0000438231250686 0.0000001719076321 0.9999936799258956 0.9999954843011942
0.0480083909440130 -0.0000018532052483 0.0000438230453484 0.0000001919458812 0.9999931978764401 0.9999951398756819
0.0497797010839544 -0.0000019924786303 0.0000438229608079 0.0000002139853624 0.9999926866794242 0.9999947746240513
0.0515902241055324 -0.0000021400494454 0.0000438228712308 0.0000002381931761 0.9999921450271819 0.9999943876119507
0.0534402821658536 -0.0000022962878729 0.0000438227763923 0.0000002647482819 0.9999915715610123 0.9999939778685614
0.0553301678196363 -0.0000024615727901 0.0000438226760626 0.0000002938412257 0.9999909648902923 0.9999935444002533
0.0572601616585774 -0.0000026362931424 0.0000438225700055 0.0000003256749138 0.9999903235874477 0.9999930861869918
0.0592305394206626 -0.0000028208486190 0.0000438224579784 0.0000003604653171 0.9999896461854730 0.9999926021805652
0.0612416461769888 -0.0000030156570621 0.0000438223397276 0.0000003984435517 0.9999889311507388 0.9999920912851546
0.0632937328816769 -0.0000032211391532 0.0000438222149979 0.0000004398536171 0.9999881769391959 0.9999915523974933
0.0653870986429939 -0.0000034377320163 0.0000438220835239 0.0000004849556604 0.9999873819464504 0.9999909843711929
0.0675220147985683 -0.0000036658819657 0.0000438219450347 0.0000005340252489 0.9999865445343814 0.9999903860357628
0.0696987635844203 -0.0000039060485525 0.0000438217992513 0.0000005873549121 0.9999856630162867 0.9999897561859958
0.0719176445898377 -0.0000041587056883 0.0000438216458861 0.0000006452551907 0.9999847356527630 0.9999890935790242
0.0741789292429333 -0.0000044243367207 0.0000438214846457 0.0000007080543049 0.9999837606697780 0.9999883969472316
0.0764828782926708 -0.0000047034362655 0.0000438213152299 0.0000007760992982 0.9999827362519468 0.9999876649934494
0.0788297883395561 -0.0000049965160893 0.0000438211373280 0.0000008497583122 0.9999816605209424 0.9999868963755290
0.0812199110485560 -0.0000053040954257 0.0000438209506249 0.0000009294190599 0.9999805315710388 0.9999860897317380
0.0836535343224393 -0.0000056267112208 0.0000438207547946 0.0000010154922670 0.9999793474315047 0.9999852436538900
0.0861309270559250 -0.0000059649113786 0.0000438205495047 0.0000011084108770 0.9999781060913998 0.9999843567050598
0.0886523376144023 -0.0000063192543601 0.0000438203344160 0.0000012086307797 0.9999768055010445 0.9999834274206342
0.0912180703803949 -0.0000066903201776 0.0000438201091766 0.0000013166349006 0.9999754435316679 0.9999824542794787
0.0938283469607976 -0.0000070786908047 0.0000438198734332 0.0000014329285771 0.9999740180473120 0.9999814357553136
0.0964834708254942 -0.0000074849741704 0.0000438196268169 0.0000015580475731 0.9999725268167641 0.9999803702537873
0.0991836904871189 -0.0000079097842729 0.0000438193689548 0.0000016925532650 0.9999709675865484 0.9999792561646289
0.1019292538336431 -0.0000083537490913 0.0000438190994660 0.0000018370359868 0.9999693380518884 0.9999780918409005
0.1047204408413786 -0.0000088175162601 0.0000438188179573 0.0000019921180516 0.9999676358358783 0.9999768755841131
0.1075575018287363 -0.0000093017433026 0.0000438185240295 0.0000021584517360 0.9999658585253342 0.9999756056698420
0.1104406959130199 -0.0000098071039782 0.0000438182172739 0.0000023367225125 0.9999640036474960 0.9999742803310792
0.1133702681484785 -0.0000103342845064 0.0000438178972737 0.0000025276489445 0.9999620686838887 0.9999728977681361
0.1163464716030813 -0.0000108839875528 0.0000438175636027 0.0000027319853136 0.9999600510556943 0.9999714561381907
0.1193695613729194 -0.0000114569314573 0.0000438172158247 0.0000029505226650 0.9999579481265848 0.9999699535573102
0.1224398190046722 -0.0000120538552820 0.0000438168534912 0.0000031840921412 0.9999557571841954 0.9999683880872129
0.1255574645813636 -0.0000126755019166 0.0000438164761514 0.0000034335597343 0.9999534755021389 0.9999667577795757
0.1287227557531996 -0.0000133226372255 0.0000438160833403 0.0000036998350539 0.9999511002697258 0.9999650606258179
0.1319359247150571 -0.0000139960378151 0.0000438156745867 0.0000039838678908 0.9999486286368674 0.9999632945891836
0.1351972533060388 -0.0000146965068900 0.0000438152494030 0.0000042866563424 0.9999460576558791 0.9999614575631566
0.1385069302015801 -0.0000154248439454 0.0000438148073040 0.0000046092352809 0.9999433843927215 0.9999595474509435
0.1418652532531877 -0.0000161818886280 0.0000438143477801 0.0000049526969496 0.9999406057660172 0.9999575620504463
0.1452724358296904 -0.0000169684786334 0.0000438138703230 0.0000053181740311 0.9999377187015851 0.9999554991646783
0.1487287391335382 -0.0000177854792354 0.0000438133744074 0.0000057068544524 0.9999347200240589 0.9999533565243209
0.1522344056554820 -0.0000186337685111 0.0000438128595004 0.0000061199763608 0.9999316065111185 0.9999511318264719
0.1557896577163307 -0.0000195142366464 0.0000438123250619 0.0000065588292353 0.9999283748960416 0.9999488227364665
0.1593947198402500 -0.0000204277912771 0.0000438117705409 0.0000070247580845 0.9999250218481025 0.9999464268738689
0.1630498603913297 -0.0000213753686467 0.0000438111953692 0.0000075191711132 0.9999215439316217 0.9999439417832110
0.1667552830573394 -0.0000223579059932 0.0000438105989781 0.0000080435273013 0.9999179377073191 0.9999413650064084
0.1705112643327117 -0.0000233763775060 0.0000438099807764 0.0000085993571084 0.9999141996003410 0.9999386939884604
0.1743179958602896 -0.0000244317525265 0.0000438093401757 0.0000091882419640 0.9999103260536837 0.9999359261870726
0.1781757420282482 -0.0000255250382912 0.0000438086765649 0.0000098118394570 0.9999063133713126 0.9999330589605581
0.1820847238531838 -0.0000266572483756 0.0000438079893288 0.0000104718679650 0.9999021578339885 0.9999300896505958
0.1860451544649724 -0.0000278294121444 0.0000438072778427 0.0000111701136303 0.9998978556645851 0.9999270155574468
0.1900572920523407 -0.0000290425908576 0.0000438065414626 0.0000119084421722 0.9998934029689783 0.9999238338977129
0.1941213427655322 -0.0000302978490096 0.0000438057795426 0.0000126887838760 0.9998887958412440 0.9999205418795023
0.1982375554208440 -0.0000315962830079 0.0000438049914174 0.0000135131531463 0.9998840302584029 0.9999171366272167
0.2024061383142460 -0.0000329389956993 0.0000438041764176 0.0000143836349085 0.9998791021739198 0.9999136152483574
0.2066273363219414 -0.0000343271208183 0.0000438033338553 0.0000153024023748 0.9998740074279788 0.9999099747694080
0.2109013601646978 -0.0000357618004289 0.0000438024630376 0.0000162717047621 0.9998687418302766 0.9999062121949921
0.2152284264747443 -0.0000372441978085 0.0000438015632584 0.0000172938778692 0.9998633011127455 0.9999023244740857
0.2196087589477493 -0.0000387754982389 0.0000438006337987 0.0000183713471651 0.9998576809266515 0.9998983084979406
0.2240425998821956 -0.0000403569135975 0.0000437996739231 0.0000195066337455 0.9998518768257507 0.9998941610880437
0.2285301431557973 -0.0000419896585896 0.0000437986828945 0.0000207023397601 0.9998458843535262 0.9998898790584487
0.2330716148264768 -0.0000436749793918 0.0000437976599568 0.0000219611713361 0.9998396989380657 0.9998854591406549
0.2376672781853933 -0.0000454141569361 0.0000437966043328 0.0000232859445461 0.9998333158800160 0.9998808979749936
0.2423172927803659 -0.0000472084535692 0.0000437955152566 0.0000246795473408 0.9998267305483571 0.9998761922505190
0.2470219118686434 -0.0000490591877782 0.0000437943919282 0.0000261449990665 0.9998199381061526 0.9998713385090310
0.2517813353804206 -0.0000509676783885 0.0000437932335475 0.0000276854104699 0.9998129337153598 0.9998663332914213
0.2565957867694757 -0.0000529352744242 0.0000437920392960 0.0000293040097591 0.9998057124272433 0.9998611730593596
0.2614654513218059 -0.0000549633302680 0.0000437908083520 0.0000310041251898 0.9997982692735479 0.9998558542604397
0.2663906057405207 -0.0000570532598449 0.0000437895398577 0.0000327892334718 0.9997905990676468 0.9998503731860738
0.2713714039169381 -0.0000592064469739 0.0000437882329736 0.0000346628871015 0.9997826967335661 0.9998447262066058
0.2764080970045219 -0.0000614243384402 0.0000437868868220 0.0000366287965215 0.9997745569644110 0.9998389095272167
0.2815008831986948 -0.0000637083801223 0.0000437855005258 0.0000386907784128 0.9997661744567904 0.9998329193554377
0.2866499520453161 -0.0000660600354419 0.0000437840731971 0.0000408527741280 0.9997575438431130 0.9998267518527616
0.2918555617352669 -0.0000684808214448 0.0000437826039159 0.0000431188866241 0.9997486595591796 0.9998204030400153
0.2971178768995920 -0.0000709722343891 0.0000437810917743 0.0000454933148765 0.9997395161172842 0.9998138689925128
0.3024371426164670 -0.0000735358305818 0.0000437795358285 0.0000479804326899 0.9997301078095508 0.9998071456280480
0.3078135454726872 -0.0000761731612448 0.0000437779351374 0.0000505847304677 0.9997204289469876 0.9998002288777179
0.3132472854722031 -0.0000788858063920 0.0000437762887427 0.0000533108506357 0.9997104737351651 0.9997931145970715
0.3187385648420383 -0.0000816753698521 0.0000437745956717 0.0000561635865680 0.9997002362924947 0.9997857985791639
0.3242876069177193 -0.0000845434893913 0.0000437728549310 0.0000591478968929 0.9996897106130901 0.9997782765280044
0.3298946299366831 -0.0000874918239473 0.0000437710655145 0.0000622688965154 0.9996788906136288 0.9997705440920366
0.3355598040657292 -0.0000905220304178 0.0000437692264172 0.0000655318349743 0.9996677702185467 0.9997625969250117
0.3412833513337157 -0.0000936358164734 0.0000437673366036 0.0000689421562311 0.9996563431662325 0.9997544305474771
0.3470654677870680 -0.0000968348996883 0.0000437653950320 0.0000725054591465 0.9996446031590264 0.9997460404539608
0.3529063505436665 -0.0001001210218704 0.0000437634006462 0.0000762275164930 0.9996325438106418 0.9997374220753857
0.3588062020205005 -0.0001034959517282 0.0000437613523736 0.0000801142820802 0.9996201586363930 0.9997285707720743
0.3647652453847174 -0.0001069614943630 0.0000437592491196 0.0000841719062996 0.9996074410183753 0.9997194818088507
0.3707836874077452 -0.0001105194703167 0.0000437570897803 0.0000884067163097 0.9995943842823685 0.9997101504099895
0.3768616728530567 -0.0001141716873455 0.0000437548732596 0.0000928251849661 0.9995809818014321 0.9997005718332416
0.3829994170871861 -0.0001179200191925 0.0000437525984214 0.0000974340290398 0.9995672267068478 0.9996907411632381
0.3891971606355275 -0.0001217663808024 0.0000437502641047 0.0001022401864275 0.9995531119790942 0.9996806533764901
0.3954550531546578 -0.0001257126560333 0.0000437478691674 0.0001072507297330 0.9995386307131335 0.9996703035309773
0.4017733049937711 -0.0001297607911442 0.0000437454124295 0.0001124729866328 0.9995237757753598 0.9996596865209543
0.4081521163002737 -0.0001339127515316 0.0000437428926996 0.0001179144910810 0.9995085399623814 0.9996487971904172
0.4145917190125381 -0.0001381705493784 0.0000437403087579 0.0001235830244176 0.9994929158995790 0.9996376302605849
0.4210922528688912 -0.0001425361615810 0.0000437376594061 0.0001294865104824 0.9994768963422909 0.9996261805451484
0.4276539264977298 -0.0001470116358319 0.0000437349434029 0.0001356331607997 0.9994604737865589 0.9996144426720460
0.4342769351833027 -0.0001515990370120 0.0000437321594969 0.0001420314088511 0.9994436406658661 0.9996024112240578
0.4409614851630328 -0.0001563004638877 0.0000437293064159 0.0001486899379144 0.9994263892898841 0.9995900806950088
0.4477077002111772 -0.0001611179826710 0.0000437263829078 0.0001556175906648 0.9994087120882894 0.9995774456640222
0.4545158519329279 -0.0001660537909234 0.0000437233876407 0.0001628236089014 0.9993906010093586 0.9995645003656387
0.4613860976415299 -0.0001711100314605 0.0000437203193161 0.0001703173724128 0.9993720482028452 0.9995512391778925
0.4683186292223356 -0.0001762888982864 0.0000437171766046 0.0001781085557742 0.9993530456312900 0.9995376563444693
0.4753136489788468 -0.0001815926202293 0.0000437139581555 0.0001862071112249 0.9993335851300925 0.9995237460176232
0.4823713344786756 -0.0001870234344608 0.0000437106626134 0.0001946232336480 0.9993136585046998 0.9995095023276241
0.4894918771901308 -0.0001925836156631 0.0000437072886001 0.0002033674101309 0.9992932574236092 0.9994949193062572
0.4966754657897475 -0.0001982754636726 0.0000437038347223 0.0002124504068579 0.9992723734637339 0.9994799909192256
0.5039223028229548 -0.0002041013169877 0.0000437002995634 0.0002218832965406 0.9992509980608687 0.9994647110307193
0.5112325348523376 -0.0002100634963779 0.0000436966817175 0.0002316773721789 0.9992291227166169 0.9994490735513120
0.5186063911779756 -0.0002161644173572 0.0000436929797214 0.0002418443362626 0.9992067385857504 0.9994330721429635
0.5260440112806785 -0.0002224064494057 0.0000436891921400 0.0002523960750002 0.9991838369927563 0.9994167005882473
0.5335455842660449 -0.0002287920303223 0.0000436853174969 0.0002633448528539 0.9991604090123061 0.9993999524904237
0.5411113230565494 -0.0002353236469249 0.0000436813542861 0.0002747032896610 0.9991364455401031 0.9993828213240533
0.5487414140665123 -0.0002420037923179 0.0000436773009976 0.0002864842934746 0.9991119374496955 0.9993653005470724
0.5564360144671262 -0.0002488349620129 0.0000436731561206 0.0002987010571223 0.9990868756067351 0.9993473836109620
0.5641953213613311 -0.0002558197149850 0.0000436689181055 0.0003113671727457 0.9990612506450107 0.9993290638006054
0.5720195179971955 -0.0002629606268944 0.0000436645853929 0.0003244965559805 0.9990350531381014 0.9993103343569724
0.5799087726318189 -0.0002702602883384 0.0000436601564145 0.0003381034476584 0.9990082736058253 0.9992911884817013
0.5878632753238945 -0.0002777213388110 0.0000436556295726 0.0003522024832112 0.9989809023896878 0.9992716192480213
0.5958831890663380 -0.0002853464214851 0.0000436510032671 0.0003668086146955 0.9989529298188075 0.9992516197193482
0.6039687324634038 -0.0002931382618463 0.0000436462758484 0.0003819372679435 0.9989243459214848 0.9992311827430322
0.6121200776344305 -0.0003010995710924 0.0000436414456757 0.0003976041650057 0.9988951407796218 0.9992103012037220
0.6203373632446442 -0.0003092330562656 0.0000436365111108 0.0004138253457004 0.9988653044915859 0.9991889679967866
0.6286207882189310 -0.0003175415128098 0.0000436314704622 0.0004306173584205 0.9988348268327163 0.9991671757855403
0.6369705401631047 -0.0003260277554985 0.0000436263220268 0.0004479971327168 0.9988036975087552 0.9991449171824056
0.6453867865681813 -0.0003346946087421 0.0000436210640958 0.0004659819648849 0.9987719061914431 0.9991221847743302
0.6538696873436740 -0.0003435449185580 0.0000436156949476 0.0004845895478389 0.9987394424746517 0.9990989710913849
0.6624194309491879 -0.0003525815906422 0.0000436102128244 0.0005038380589412 0.9987062957347810 0.9990752685068980
0.6710362220630993 -0.0003618075791968 0.0000436046159395 0.0005237461473076 0.9986724551717965 0.9990510692667522
0.6797202066274065 -0.0003712258064199 0.0000435989025256 0.0005443327668680 0.9986379101045871 0.9990263657005525
0.6884715655192115 -0.0003808392621385 0.0000435930707747 0.0005656173972744 0.9986026496055602 0.9990011499602871
0.6972904578875847 -0.0003906509429631 0.0000435871188750 0.0005876199195895 0.9985666627238710 0.9989754141799160
0.7061770666507966 -0.0004006639024968 0.0000435810449801 0.0006103607354907 0.9985299383013186 0.9989491503436663
0.7151315417397548 -0.0004108811880151 0.0000435748472481 0.0006338606324451 0.9984924652046421 0.9989223504521129
0.7241540877038742 -0.0004213059401065 0.0000435685237803 0.0006581410198835 0.9984542319601314 0.9988950062608148
0.7332448619898199 -0.0004319412770341 0.0000435620726923 0.0006832236720448 0.9984152271778027 0.9988671095836257
0.7424040279730575 -0.0004427903546809 0.0000435554920767 0.0007091308724215 0.9983754393315992 0.9988386521354512
0.7516317674631964 -0.0004538563822163 0.0000435487799944 0.0007358854611401 0.9983348567019984 0.9988096254911456
0.7609282349339426 -0.0004651425677078 0.0000435419345072 0.0007635107127456 0.9982934675755396 0.9987800212281682
0.7702936217264801 -0.0004766521956226 0.0000435349536307 0.0007920305330599 0.9982512599606637 0.9987498307232825
0.7797280864171673 -0.0004883885425989 0.0000435278353858 0.0008214692620721 0.9982082218966697 0.9987190453734860
0.7892318213345569 -0.0005003549593906 0.0000435205777486 0.0008518518859825 0.9981643411532779 0.9986876563810543
0.7988049521261934 -0.0005125547448314 0.0000435131787270 0.0008832037267357 0.9981196056928715 0.9986556550841351
0.8084476823929406 -0.0005249913285273 0.0000435056362502 0.0009155509159756 0.9980740030006425 0.9986230324775215
0.8181601217134966 -0.0005376680512115 0.0000434979483013 0.0009489198378851 0.9980275208900745 0.9985897797887945
0.8279425007901593 -0.0005505884434253 0.0000434901127489 0.0009833378660526 0.9979801464811536 0.9985558877473001
0.8377949361385338 -0.0005637559187991 0.0000434821275327 0.0010188325660028 0.9979318673251031 0.9985213473887040
0.8477176422361129 -0.0005771740537809 0.0000434739904944 0.0010554324482578 0.9978826703787924 0.9984861493212142
0.8577107614297630 -0.0005908463614721 0.0000434656995140 0.0010931663709009 0.9978325428340693 0.9984502843188349
0.8677744471764423 -0.0006047764019183 0.0000434572524439 0.0011320638434345 0.9977814717134433 0.9984137430320473
0.8779088684198570 -0.0006189677892907 0.0000434486471037 0.0011721550591312 0.9977294438438535 0.9983765159689616
0.8881141906070787 -0.0006334241662307 0.0000434398812966 0.0012134708345613 0.9976764459508130 0.9983385935626035
0.8983905486208795 -0.0006481491647022 0.0000434309528325 0.0012560425049277 0.9976224648020092 0.9982999662735998
0.9087381551836383 -0.0006631465616204 0.0000434218594337 0.0012999023844894 0.9975674866368678 0.9982606241819151
0.9191571483816162 -0.0006784200606435 0.0000434125988677 0.0013450831462730 0.9975114979665887 0.9982205575592553
0.9296476908320330 -0.0006939734339746 0.0000434031688608 0.0013916182410414 0.9974544850543953 0.9981797564970747
0.9402099401035254 -0.0007098104799371 0.0000433935671238 0.0014395417844518 0.9973964340711585 0.9981382110178567
0.9508440436211341 -0.0007259350149133 0.0000433837913575 0.0014888885414216 0.9973373311250404 0.9980959110962516
0.9615501819011892 -0.0007423509392691 0.0000433738392118 0.0015396941391464 0.9972771620199548 0.9980528464861212
0.9723285212635639 -0.0007590621665913 0.0000433637083295 0.0015919948637881 0.9972159125150564 0.9980090069061615
0.9831791945414484 -0.0007760725922051 0.0000433533963648 0.0016458275675208 0.9971535684402174 0.9979643821224825
0.9941023958993337 -0.0007933862415116 0.0000433429008938 0.0017012301475029 0.9970901151524679 0.9979189615594530
1.0050982313630890 -0.0008110070346235 0.0000433322195569 0.0017582408081949 0.9970255383987151 0.9978727349171390
1.0161668754762798 -0.0008289390339375 0.0000433213499090 0.0018168988618914 0.9969598234085140 0.9978256915218138
1.0273085001868940 -0.0008471863331815 0.0000433102894863 0.0018772443903136 0.9968929553008352 0.9977778206170150
1.0385232758038456 -0.0008657530589179 0.0000432990358062 0.0019393182605165 0.9968249190786761 0.9977291113595901
1.0498113319853559 -0.0008846433048998 0.0000432875864062 0.0020031619130516 0.9967556998697162 0.9976795529919001
1.0611728616565839 -0.0009038613052468 0.0000432759387397 0.0020688179560214 0.9966852822918633 0.9976291343874824
1.0726079644698379 -0.0009234111712407 0.0000432640903352 0.0021363292824455 0.9966136514178215 0.9975778447415561
1.0841167916372214 -0.0009432971345267 0.0000432520386489 0.0022057399062549 0.9965407918840722 0.9975256729329716
1.0956995664771061 -0.0009635235879841 0.0000432397810399 0.0022770951349726 0.9964666877413282 0.9974726074169613
1.1073563662458719 -0.0009840947054891 0.0000432273150011 0.0023504402426888 0.9963913238477666 0.9974186372227046
1.1190873876287151 -0.0010050149044182 0.0000432146378783 0.0024258221095630 0.9963146841746663 0.9973637507399068
1.1308927663651047 -0.0010262885301441 0.0000432017470617 0.0025032881186997 0.9962367529624613 0.9973079365465346
1.1427726856899871 -0.0010479200489209 0.0000431886398695 0.0025828868615699 0.9961575140142592 0.9972511829027478
1.1547272706504734 -0.0010699138570448 0.0000431753136626 0.0026646674537127 0.9960769513950786 0.9971934782515791
1.1667566246627530 -0.0010922743437398 0.0000431617658073 0.0027486797644704 0.9959950492015871 0.9971348110539389
1.1788609770783329 -0.0011150061676986 0.0000431479935075 0.0028349754765039 0.9959117905493704 0.9970751690630364
1.1910404414562106 -0.0011381138083463 0.0000431339940765 0.0029236064145646 0.9958271592167373 0.9970145405017152
1.2032951634527078 -0.0011616018396631 0.0000431197647714 0.0030146255827102 0.9957411386419004 0.9969529133440124
1.2156252954289952 -0.0011854748839693 0.0000431053028209 0.0031080870071258 0.9956537120924353 0.9968902754363982
1.2280310090146858 -0.0012097376373724 0.0000430906054098 0.0032040458529921 0.9955648625722766 0.9968266144309919
1.2405124121541062 -0.0012343947070762 0.0000430756697780 0.0033025577922157 0.9954745734176506 0.9967619182124192
1.2530696892830513 -0.0012594508862598 0.0000430604930537 0.0034036801065480 0.9953828272906652 0.9966961741765659
1.2657029562665005 -0.0012849108679820 0.0000430450724267 0.0035074705594910 0.9952896072271221 0.9966293699812327
1.2784123522022535 -0.0013107794261899 0.0000430294050389 0.0036139881311860 0.9951948959738736 0.9965614930711838
1.2911980651734967 -0.0013370614713206 0.0000430134879507 0.0037232932737194 0.9950986757854975 0.9964925305322320
1.3040602344614614 -0.0013637618513747 0.0000429973182614 0.0038354471061749 0.9950009291528114 0.9964224696131905
1.3169989711218892 -0.0013908853903970 0.0000429808930860 0.0039505115722568 0.9949016386621140 0.9963512976248993
1.3300144634190076 -0.0014184371099170 0.0000429642094209 0.0040685503950876 0.9948007861847701 0.9962790013591510
1.3431068379754496 -0.0014464219387552 0.0000429472643202 0.0041896278637900 0.9946983539397352 0.9962055678501417
1.3562762011654812 -0.0014748447965019 0.0000429300548446 0.0043138091870735 0.9945943241881093 0.9961309841554198
1.3695227389855000 -0.0015037108101291 0.0000429125779305 0.0044411614581550 0.9944886784405497 0.9960552367874627
1.3828465514558972 -0.0015330249563227 0.0000428948306066 0.0045717521049837 0.9943813987665754 0.9959783126522137
1.3962478099849016 -0.0015627924037112 0.0000428768097868 0.0047056504114869 0.9942724665422593 0.9959001981510252
1.4097267010192276 -0.0015930183483437 0.0000428585123438 0.0048429270214864 0.9941618628872606 0.9958208794937610
1.4230129048390889 -0.0016230924644117 0.0000428403075279 0.0049808195740762 0.9940518197727157 0.9957419572373574
1.4366466596222984 -0.0016542428766766 0.0000428214522077 0.0051250051799485 0.9939378452813539 0.9956602095446171
1.4503575592811380 -0.0016858652709699 0.0000428023122511 0.0052727758854512 0.9938221510262963 0.9955772222418282
1.4641466360023156 -0.0017179669581325 0.0000427828832818 0.0054242160770184 0.9937047105900334 0.9954929761012583
1.4780139688293954 -0.0017505531125944 0.0000427631622182 0.0055794013649928 0.9935855053822882 0.9954074575006654
1.4919597432869767 -0.0017836291935680 0.0000427431458080 0.0057384098076360 0.9934645157815117 0.9953206520693709
1.5059840661445438 -0.0018172005113283 0.0000427228308905 0.0059013198682585 0.9933417227217943 0.9952325458264887
1.5200871160202061 -0.0018512725840964 0.0000427022141809 0.0060682121450988 0.9932171063876722 0.9951431242443027
1.5342689737616946 -0.0018858507306113 0.0000426812925167 0.0062391674026788 0.9930906477045977 0.9950523733175333
1.5485297774201545 -0.0019209404423196 0.0000426600626328 0.0064142683993420 0.9929623269778947 0.9949602785865284
1.5628697097928044 -0.0019565473587301 0.0000426385211760 0.0065935998099088 0.9928321239833257 0.9948668252019128
1.5772888545853863 -0.0019926769104879 0.0000426166649214 0.0067772464453331 0.9927000192725473 0.9947719988613566
1.5917873839556451 -0.0020293347845002 0.0000425944904909 0.0069652956085859 0.9925659924725739 0.9946757845888056
1.6063654238773835 -0.0020665265890094 0.0000425719945559 0.0071578354208224 0.9924300235107734 0.9945781676135153
1.6210230773928420 -0.0021042579084800 0.0000425491738040 0.0073549550988298 0.9922920924143812 0.9944791332259978
1.6357605656737952 -0.0021425346689682 0.0000425260247183 0.0075567468921101 0.9921521779752263 0.9943786658190074
1.6505779334441462 -0.0021813623765017 0.0000425025440378 0.0077633021027227 0.9920102605341320 0.9942767508865885
1.6654753322592328 -0.0022207468488205 0.0000424787283151 0.0079747149381071 0.9918663193063532 0.9941733731034383
1.6804529108936779 -0.0022606939341988 0.0000424545740865 0.0081910810644591 0.9917203334098141 0.9940685170629090
1.6955107842671699 -0.0023012094271838 0.0000424300779228 0.0084124971599322 0.9915722821733332 0.9939621674981814
1.7106490763920368 -0.0023422991817021 0.0000424052363613 0.0086390615362385 0.9914221447235652 0.9938543089853731
1.7258679065349434 -0.0023839690740844 0.0000423800459278 0.0088708739548606 0.9912699001204731 0.9937449260405884
1.7411674280285976 -0.0024262251101615 0.0000423545030722 0.0091080362446430 0.9911155269664234 0.9936340028387837
1.7565477831789591 -0.0024690733031903 0.0000423286042423 0.0093506516481576 0.9909590038526059 0.9935215235341982
1.7720090770141819 -0.0025125195984738 0.0000423023459294 0.0095988243997496 0.9908003096346847 0.9934074724582379
1.7875514378392259 -0.0025565700412158 0.0000422757245667 0.0098526606885479 0.9906394228199712 0.9932918336788454
1.8031750389109005 -0.0026012308415574 0.0000422487364905 0.0101122690718885 0.9904763213304084 0.9931745908297518
1.8188799457903977 -0.0026465079381315 0.0000422213782035 0.0103777579557144 0.9903109840968567 0.9930557282562246
1.8346663174879414 -0.0026924075721693 0.0000421936460283 0.0106492389445396 0.9901433889628185 0.9929352295079354
1.8505342552091295 -0.0027389358535991 0.0000421655363695 0.0109268243278174 0.9899735142693898 0.9928130784780398
1.8664839206908124 -0.0027860991052827 0.0000421370455059 0.0112106291354612 0.9898013375987580 0.9926892584994638
1.8825153792289309 -0.0028339034004936 0.0000421081698696 0.0115007683827127 0.9896268374631946 0.9925637535591811
1.8986287689103236 -0.0028823550618408 0.0000420789057453 0.0117973600813900 0.9894499914840204 0.9924365469883740
1.9148242814231582 -0.0029314606119236 0.0000420492492996 0.0121005250079729 0.9892707765725017 0.9923076215919497
1.9311019594064176 -0.0029812261579822 0.0000420191969530 0.0124103829179916 0.9890891711760331 0.9921769612641356
1.9474619666507884 -0.0030316582093776 0.0000419887448863 0.0127270576004626 0.9889051522950458 0.9920445488422207
1.9639044163312416 -0.0030827631568716 0.0000419578893549 0.0130506736823678 0.9887186973838891 0.9919103674737038
1.9804294079470282 -0.0031345473823860 0.0000419266266228 0.0133813573103961 0.9885297839506149 0.9917744003281429
1.9970371096722583 -0.0031870175184372 0.0000418949528060 0.0137192378354650 0.9883383886110846 0.9916366299159793
2.0137275975011124 -0.0032401799425214 0.0000418628641778 0.0140644445929267 0.9881444889339053 0.9914970394161221
2.0305009706909662 -0.0032940411373572 0.0000418303569512 0.0144171092116822 0.9879480621266559 0.9913556117301034
2.0473574025374064 -0.0033486078588561 0.0000417974271781 0.0147773667656644 0.9877490844240542 0.9912123290410146
2.0642969979153101 -0.0034038866790024 0.0000417640710246 0.0151453528027369 0.9875475327555671 0.9910671740138183
2.0813198459739044 -0.0034598841509004 0.0000417302846720 0.0155212044164513 0.9873433841438128 0.9909201293620151
2.0984260670280572 -0.0035166069627367 0.0000416960642238 0.0159050612966114 0.9871366151437774 0.9907711774433757
2.1156158022322331 -0.0035740619071779 0.0000416614057242 0.0162970655668100 0.9869272019551020 0.9906203003403038
2.1328891473918281 -0.0036322556602222 0.0000416263052917 0.0166973602961795 0.9867151212286911 0.9904674804405992
2.1502462278982368 -0.0036911950305574 0.0000415907589686 0.0171060912129711 0.9865003491583526 0.9903126997826759
2.1676871539723215 -0.0037508868096686 0.0000415547628116 0.0175234056997059 0.9862828620276870 0.9901559404492132
2.1852120185252173 -0.0038113377623273 0.0000415183128978 0.0179494527311260 0.9860626362452006 0.9899971845921766
2.2028209564630639 -0.0038725548311464 0.0000414814052010 0.0183843843357690 0.9858396475996957 0.9898364138956536
2.2205140641530083 -0.0039345448589388 0.0000414440357595 0.0188283536605120 0.9856138722723449 0.9896736103050284
2.2382914989513605 -0.0039973149361830 0.0000414062004669 0.0192815174707315 0.9853852855717280 0.9895087551144859
2.2561533180612456 -0.0040608718336932 0.0000413678954136 0.0197440320871396 0.9851538640005788 0.9893418304570408
2.2740996275681074 -0.0041252225252512 0.0000413291165725 0.0202160571523689 0.9849195833529572 0.9891728179320003
2.2921306028249022 -0.0041903742681567 0.0000412898597501 0.0206977562980285 0.9846824184221049 0.9890016983934047
2.3102462752331898 -0.0042563338334523 0.0000412501210506 0.0211892914793194 0.9844423458032868 0.9888284539718722
2.3284467755417726 -0.0043231083818577 0.0000412098963485 0.0216908294476249 0.9841993407056862 0.9886530657740502
2.3467322454858635 -0.0043907051496007 0.0000411691814776 0.0222025394881544 0.9839533780970686 0.9884755147077987
2.3651027995145530 -0.0044591313067903 0.0000411279723164 0.0227245923684790 0.9837044332198162 0.9882957818542497
2.3835584827805998 -0.0045283937952530 0.0000410862648864 0.0232571590779915 0.9834524821812286 0.9881138488938572
2.4020994417844186 -0.0045984999662758 0.0000410440549673 0.0238004157311215 0.9831974996341855 0.9879296964313119
2.4207257617695581 -0.0046694569730730 0.0000410013384639 0.0243545389383057 0.9829394609880471 0.9877433055914103
2.4394375654725735 -0.0047412721423919 0.0000409581111815 0.0249197086928268 0.9826783410577196 0.9875546570430213
2.4582349494443596 -0.0048139527326141 0.0000409143689725 0.0254961065085371 0.9824141149441403 0.9873637316345792
2.4771179807388655 -0.0048875059169514 0.0000408701077459 0.0260839152751815 0.9821467580958503 0.9871705104383380
2.4960868064332482 -0.0049619392103970 0.0000408253232111 0.0266833226943809 0.9818762447578846 0.9869749736288684
2.5151415307569218 -0.0050372599936723 0.0000407800111641 0.0272945175180697 0.9816025497031761 0.9867771017337046
2.5342822480245104 -0.0051134756385366 0.0000407341674121 0.0279176905467959 0.9813256477776571 0.9865768753042734
2.5535089786047998 -0.0051905932484553 0.0000406877879302 0.0285530324933863 0.9810455148429206 0.9863742755973141
2.5728219745628107 -0.0052686208869558 0.0000406408681220 0.0292007441450338 0.9807621233152086 0.9861692813478866
2.5922212135968010 -0.0053475655445848 0.0000405934040430 0.0298610196075257 0.9804754495511148 0.9859618741106140
2.6117068260229583 -0.0054274348549565 0.0000405453913683 0.0305340604942198 0.9801854676151261 0.9857520337514512
2.6312788825249807 -0.0055082362376553 0.0000404968259084 0.0312200688358237 0.9798921523934617 0.9855397406995670
2.6509375212261759 -0.0055899774195302 0.0000404477032959 0.0319192514993331 0.9795954777023578 0.9853249745778682
2.6706828401771108 -0.0056726659927234 0.0000403980192512 0.0326318164744678 0.9792954178935485 0.9851077153643247
2.6857506647914331 -0.0057361617672069 0.0000403598727487 0.0331825685028230 0.9790650413020917 0.9849408814262248
2.7008184894057554 -0.0057999968125494 0.0000403215255964 0.0337394036980770 0.9788334558173649 0.9847731465686040
2.7176865914331709 -0.0058718632142784 0.0000402783589630 0.0343700239004192 0.9785727684820364 0.9845843029908304
2.7377314698024753 -0.0059578205376360 0.0000402267364680 0.0351294328117512 0.9782610210326982 0.9843584286089572
2.7578560654093982 -0.0060447269367141 0.0000401745527228 0.0359028831743501 0.9779458904399604 0.9841300558830363
2.7780678195591717 -0.0061326215258238 0.0000401217845517 0.0366908728227759 0.9776272369649588 0.9838990819539368
2.7983668192419766 -0.0062215120194356 0.0000400684276454 0.0374936255633985 0.9773050348112707 0.9836654864745018
2.8187531627278699 -0.0063114062082473 0.0000400144776571 0.0383113682699217 0.9769792579590447 0.9834292488992600
2.8392269406559074 -0.0064023118764764 0.0000399599302515 0.0391443301595237 0.9766498804658532 0.9831903487019438
2.8597882479169878 -0.0064942368538270 0.0000399047810747 0.0399927432836466 0.9763168762793933 0.9829487652391063
2.8804371844052992 -0.0065871890193606 0.0000398490257511 0.0408568425908555 0.9759802192246089 0.9827044777401310
2.9011737812666700 -0.0066811759666803 0.0000397926600851 0.0417368628088307 0.9756398842171414 0.9824574661873754
2.9219981213391408 -0.0067762055445791 0.0000397356797364 0.0426330434765915 0.9752958453061349 0.9822077098955037
2.9429103783784902 -0.0068722860456707 0.0000396780801078 0.0435456308397935 0.9749480749935255 0.9819551870158703
2.9639105554943228 -0.0069694250064082 0.0000396198570641 0.0444748664933415 0.9745965485788328 0.9816998776905658
2.9849987587162961 -0.0070676304585099 0.0000395610061825 0.0454209992350028 0.9742412396300947 0.9814417607636268
3.0061750627979533 -0.0071669103135970 0.0000395015231216 0.0463842792540157 0.9738821222125442 0.9811808153985832
3.0274395635451032 -0.0072672726058887 0.0000394414034758 0.0473649604813893 0.9735191700116392 0.9809170204408180
3.0487923676493995 -0.0073687254468582 0.0000393806428033 0.0483633001959432 0.9731523564986077 0.9806503545369848
3.0702335190823811 -0.0074712766735512 0.0000393192368362 0.0493795555655756 0.9727816562030145 0.9803807970596615
3.0917631265703824 -0.0075749344542101 0.0000392571811185 0.0504139896282554 0.9724070425243377 0.9801083265157512
3.1133812285988460 -0.0076797066419488 0.0000391944713930 0.0514668649013265 0.9720284900694980 0.9798329222456378
3.1350878696591957 -0.0077856011365244 0.0000391311033850 0.0525384469562220 0.9716459733460592 0.9795545634725676
3.1568832043256174 -0.0078926263977864 0.0000390670724953 0.0536290096958690 0.9712594649095917 0.9792732279532328
3.1787672817910875 -0.0080007903947250 0.0000390023744292 0.0547388247436254 0.9708689391613611 0.9789888947406511
3.2007401536921791 -0.0081101011264763 0.0000389370048850 0.0558681666824324 0.9704743704670368 0.9787015428149749
3.2228019210298764 -0.0082205668581737 0.0000388709594129 0.0570173155385096 0.9700757323070842 0.9784111504638050
3.2449526542943103 -0.0083321957248884 0.0000388042336526 0.0581865527251030 0.9696729987079880 0.9781176963236632
3.2671924144351876 -0.0084449958331746 0.0000387368232724 0.0593761620819147 0.9692661438767745 0.9778211591134179
3.2895212945163701 -0.0085589754725976 0.0000386687238431 0.0605864321297412 0.9688551414395606 0.9775215170785586
3.3119393103107724 -0.0086741425569232 0.0000385999311718 0.0618176501535896 0.9684399664580234 0.9772187494606283
3.3344465631263112 -0.0087905054557183 0.0000385304408059 0.0630701110584164 0.9680205924322822 0.9769128343113996
3.3570431832488992 -0.0089080727129562 0.0000384602482011 0.0643441144865221 0.9675969923182481 0.9766037492329900
3.3797291172117450 -0.0090268519342730 0.0000383893493860 0.0656399527126532 0.9671691425375621 0.9762914743037068
3.4025045060215744 -0.0091468517554732 0.0000383177397871 0.0669579320031297 0.9667370158866582 0.9759759869032452
3.4253693501334821 -0.0092680800925974 0.0000382454152739 0.0682983535923311 0.9663005878423625 0.9756572663137340
3.4483238219680064 -0.0093905457909142 0.0000381723711746 0.0696615318437223 0.9658598306258260 0.9753352893848605
3.4713678790569853 -0.0095142565700417 0.0000380986035027 0.0710477715035381 0.9654147206012155 0.9750100359368085
3.4945016556311401 -0.0096392211097305 0.0000380241077130 0.0724573908979699 0.9649652307700674 0.9746814832769701
3.5070466905473885 -0.0097073102960249 0.0000379835255984 0.0732293733530213 0.9647203737366632 0.9745024642819173
3.5195917254636369 -0.0097756209019265 0.0000379428142051 0.0740067008857045 0.9644747397548100 0.9743228476067182
3.5361848991942773 -0.0098663221836051 0.0000378887671705 0.0750431014945668 0.9641486507901236 0.9740843533618714
3.5595841571395206 -0.0099949002130522 0.0000378121678331 0.0765206194201810 0.9636865064752481 0.9737462614835648
3.5830586972527181 -0.0101246828256245 0.0000377348719462 0.0780218156571676 0.9632201744318093 0.9734049991828555
3.6066232313979567 -0.0102557586352816 0.0000376568274021 0.0795479382941938 0.9627493407447111 0.9730603336191181
3.6302778046546291 -0.0103881359221370 0.0000375780299736 0.0810993182732171 0.9622739803857828 0.9727122432001365
3.6540224658883411 -0.0105218230002636 0.0000374984754285 0.0826762898941688 0.9617940683083744 0.9723607062590290
3.6778572860446550 -0.0106568283220228 0.0000374181594682 0.0842791920806102 0.9613095790749530 0.9720057007804840
3.7017823163575470 -0.0107931602427377 0.0000373370778680 0.0859083656217514 0.9608204877037883 0.9716472050201593
3.7257975643711854 -0.0109308268792338 0.0000372552265612 0.0875641514379876 0.9603267701774342 0.9712851978772836
3.7499030819805439 -0.0110698366113258 0.0000371726013416 0.0892468965877967 0.9598284016455386 0.9709196575765837
3.7740989574873596 -0.0112101980429482 0.0000370891978865 0.0909569539042521 0.9593253565675495 0.9705505617711281
3.7983852008805861 -0.0113519193367762 0.0000370050121527 0.0926946739076693 0.9588176110994342 0.9701778892926785
3.8227619385256357 -0.0114950093466776 0.0000369200397040 0.0944604186609012 0.9583051390377566 0.9698016171744633
3.8472291199429183 -0.0116394759011853 0.0000368342767311 0.0962545406655818 0.9577879179704043 0.9694217251656866
3.8717868136128950 -0.0117853275346193 0.0000367477190235 0.0980774041701954 0.9572659230776144 0.9690381911800554
3.8964351241622732 -0.0119325730112975 0.0000366603622528 0.0999293794548124 0.9567391288403637 0.9686509925476635
3.9211740787326734 -0.0120812206468694 0.0000365722023756 0.1018108343148007 0.9562075114706461 0.9682601078003801
3.9460036608292657 -0.0122312784997673 0.0000364832355203 0.1037221363367364 0.9556710482263137 0.9678655161691719
3.9709239198190716 -0.0123827550308322 0.0000363934575954 0.1056636612841237 0.9551297150545753 0.9674671958503419
3.9959349650794413 -0.0125356590787129 0.0000363028643060 0.1076357929484219 0.9545834866846710 0.9670651240710556
4.0210367782557981 -0.0126899987125511 0.0000362114518328 0.1096389083729189 0.9540323407289117 0.9666592801071271
4.0462294142615303 -0.0128457824557955 0.0000361192161078 0.1116733935813642 0.9534762533119091 0.9662496420657596
4.0715129157881114 -0.0130030187656995 0.0000360261531231 0.1137396369083717 0.9529152009328432 0.9658361882551270
4.0968872583262206 -0.0131617156861386 0.0000359322591363 0.1158380243749949 0.9523491617053558 0.9654188980981718
4.1223525739388576 -0.0133218822469097 0.0000358375298432 0.1179689582005586 0.9517781103688782 0.9649977484540989
4.1479088419836945 -0.0134835265295752 0.0000357419615222 0.1201328312426468 0.9512020251898367 0.9645727187051438
4.1735560689240634 -0.0136466377707517 0.0000356455509436 0.1223300417400757 0.9506208838912327 0.9641437877638986
4.1990242314631798 -0.0138095103897601 0.0000355493167573 0.1245374499446553 0.9500408302946622 0.9637154882693113
4.2248532425779075 -0.0139756059347854 0.0000354512151027 0.1268022535419204 0.9494495458180413 0.9632787196680626
4.2507727407441633 -0.0141432083677588 0.0000353522612341 0.1291015618000169 0.9488531508085524 0.9628379953094075
4.2767833723084179 -0.0143123300541257 0.0000352524490049 0.1314358418193823 0.9482516089822507 0.9623932834351229
4.3028851155350063 -0.0144829790721913 0.0000351517748248 0.1338055055204919 0.9476448994768768 0.9619445635957975
4.3290779835546838 -0.0146551637269741 0.0000350502349935 0.1362109711038511 0.9470330007838241 0.9614918147821617
4.3553620468425462 -0.0148288927052423 0.0000349478256106 0.1386526653350932 0.9464158902019069 0.9610350150186275
4.3817372703301380 -0.0150041740002284 0.0000348445432095 0.1411310084616323 0.9457935476600411 0.9605741441917988
4.4082036904124227 -0.0151810160783446 0.0000347403840701 0.1436464305677345 0.9451659515746846 0.9601091809838805
4.4347613793978855 -0.0153594276524407 0.0000346353443531 0.1461993685247691 0.9445330796605237 0.9596401034701831
4.4614102881460385 -0.0155394166224673 0.0000345294207242 0.1487902508061481 0.9438949126903871 0.9591668919055329
4.4881504631638753 -0.0157209915314130 0.0000344226094970 0.1514195182873591 0.9432514293327371 0.9586895248975762
4.5149818636546817 -0.0159041603302262 0.0000343149073607 0.1540876064805250 0.9426026105337453 0.9582079826552351
4.5419045779936313 -0.0160889318514141 0.0000342063105134 0.1567949669370566 0.9419484342991001 0.9577222431159450
4.5689185830727919 -0.0162753141676436 0.0000340968156280 0.1595420433667023 0.9412888815115744 0.9572322862621940
4.5960238704440775 -0.0164633154485187 0.0000339864193488 0.1623292840498500 0.9406239328976839 0.9567380918704007
4.6232204598166318 -0.0166529440574722 0.0000338751182350 0.1651571433293068 0.9399535686890418 0.9562396392576816
4.6505084282799265 -0.0168442087621553 0.0000337629086378 0.1680260848602686 0.9392777678839197 0.9557369067304005
4.6778876797058784 -0.0170371171158850 0.0000336497876510 0.1709365572973140 0.9385965139684509 0.9552298758399090
4.6946838776325270 -0.0171559462001193 0.0000335801274327 0.1727379199891202 0.9381770119904390 0.9549175358540007
4.7114800755591757 -0.0172751453729214 0.0000335102666339 0.1745514061669162 0.9377563145480563 0.9546042131012528
4.7390834149906897 -0.0174718584583549 0.0000333950205779 0.1775581590286401 0.9370623400635965 0.9540871587484554
4.7667571162383551 -0.0176700921343667 0.0000332789398508 0.1806056764574870 0.9363633775880663 0.9535661320131804
4.7945222229300546 -0.0178700041878354 0.0000331619336299 0.1836967104693828 0.9356588812628113 0.9530407197473560
4.8223786519381706 -0.0180716022211921 0.0000330439991315 0.1868317271148192 0.9349488354067853 0.9525109036274804
4.8503264069479481 -0.0182748944548844 0.0000329251332427 0.1900112051005165 0.9342332223748325 0.9519766637679636
4.8783654594505776 -0.0184798888710886 0.0000328053330229 0.1932356225543707 0.9335120255787259 0.9514379809733366
4.9064958431586447 -0.0186865939032171 0.0000326845953013 0.1965054678532650 0.9327852270644350 0.9508948349280787
4.9347175143043183 -0.0188950174130981 0.0000325629172749 0.1998212235037950 0.9320528111133224 0.9503472068860949
4.9630304712604838 -0.0191051675666533 0.0000324402959978 0.2031833799298161 0.9313147611652365 0.9497950773714477
4.9914347265024972 -0.0193170526320289 0.0000323167284995 0.2065924323471274 0.9305710605334456 0.9492384267107653
5.0199302522253211 -0.0195306805735000 0.0000321922120221 0.2100488742153008 0.9298216938333258 0.9486772361019679
5.0485170052889039 -0.0197460592323682 0.0000320667439157 0.2135532000451311 0.9290666463487176 0.9481114871407396
5.0771949811210684 -0.0199631967332320 0.0000319403214014 0.2171059120011315 0.9283059026112183 0.9475411607552845
5.1059641199249199 -0.0201821007757892 0.0000318129419849 0.2207075083387443 0.9275394488857241 0.9469662390684974
5.1348244997523587 -0.0204027801044648 0.0000316846026019 0.2243585075830657 0.9267672680286401 0.9463867015402219
5.1466796103208967 -0.0204937428053129 0.0000316317232923 0.2258693027678058 0.9264491229324503 0.9461478335983923
5.1585347208894348 -0.0205848759573268 0.0000315787509994 0.2273865525162793 0.9261304246216300 0.9459084955157303
5.1697781730559118 -0.0206714720399305 0.0000315284257999 0.2288314935626234 0.9258276592816869 0.9456810720378888
5.1988725005440530 -0.0208963125803302 0.0000313978129618 0.2325975769697580 0.9250419048347150 0.9450906178379344
5.2280253487988935 -0.0211227012289135 0.0000312663782878 0.2364105022567386 0.9242512583436283 0.9444961497974211
5.2572693024284378 -0.0213508972946429 0.0000311339732678 0.2402749865702530 0.9234548277419781 0.9438969896474797
5.2866043298129100 -0.0215809086336873 0.0000310005955472 0.2441915497738788 0.9226526002721824 0.9432931195789713
5.3160303635010537 -0.0218127428117520 0.0000308662429805 0.2481607096855525 0.9218445644589376 0.9426845226385009
5.3455473327637577 -0.0220464073557425 0.0000307309134858 0.2521829862729750 0.9210307092334089 0.9420711820697650
5.3751552442411601 -0.0222819103962517 0.0000305946046737 0.2562589127709678 0.9202110217012166 0.9414530796296201
5.4048540802039575 -0.0225192598673136 0.0000304573143115 0.2603890219869208 0.9193854899361853 0.9408301976912761
5.4346437645042958 -0.0227584632279072 0.0000303190404845 0.2645738413087003 0.9185541039496473 0.9402025199771930
5.4645242994603631 -0.0229995285579833 0.0000301797809630 0.2688139117948412 0.9177168518833170 0.9395700286853086
5.4944955164888745 -0.0232424625475231 0.0000300395343643 0.2731097527956596 0.9168737269978525 0.9389327097677141
5.5245574515187545 -0.0234872735286123 0.0000298982984023 0.2774619153255110 0.9160247171477814 0.9382905449780152
5.5547100546376580 -0.0237339691334277 0.0000297560712407 0.2818709408525220 0.9151698129198715 0.9376435180187346
5.5686305652203423 -0.0238482353107214 0.0000296902196563 0.2839212717583208 0.9147740093245026 0.9373438199810842
5.5825510758030266 -0.0239627364578704 0.0000296242486513 0.2859809870180783 0.9143775001298896 0.9370435003023917
5.6129084782420335 -0.0242132811160461 0.0000294799675288 0.2905053685369883 0.9135103677825289 0.9363864211370430
5.6433258213454529 -0.0244654796026319 0.0000293348351957 0.2950836746970282 0.9126381870544260 0.9357250931713265
5.6738335828162612 -0.0247195908561897 0.0000291887052176 0.2997209838981791 0.9117600795603057 0.9350588413920261
5.7044317691732482 -0.0249756229123870 0.0000290415757464 0.3044178584457591 0.9108760359460660 0.9343876489733773
5.7351202802332102 -0.0252335829088651 0.0000288934455000 0.3091748468146679 0.9099860502844646 0.9337115015717674
5.7658989972586694 -0.0254934778111747 0.0000287443133441 0.3139924966856117 0.9090901175655827 0.9330303854245211
5.7967678435329226 -0.0257553149245137 0.0000285941779994 0.3188713643962955 0.9081882319368031 0.9323442860115994
5.8277267939863586 -0.0260191019843124 0.0000284430379910 0.3238120167794098 0.9072803864004242 0.9316531878219105
5.8587757104825808 -0.0262848457535753 0.0000282908924530 0.3288150048687088 0.9063665776456764 0.9309570780311563
5.8899145766657890 -0.0265525540251246 0.0000281377399819 0.3338809013860518 0.9054467991627981 0.9302559412592334
5.9211432949898288 -0.0268222338886881 0.0000279835796298 0.3390102681668353 0.9045210472089106 0.9295497641129841
5.9288269867733829 -0.0268887712591978 0.0000279455626587 0.3402798443161865 0.9042927629089423 0.9293755502962044
5.9365106785569370 -0.0269553696774650 0.0000279075120028 0.3415523940161799 0.9040642790145368 0.9292011543511971
5.9456070897501396 -0.0270343044399331 0.0000278624214963 0.3430627610839999 0.9037935286575850 0.9289944588309917
5.9770319010790240 -0.0273077754871379 0.0000277062847089 0.3483126790660024 0.9028560431680979 0.9282784417365760
6.0085102810380517 -0.0275829237042754 0.0000275493163220 0.3536216537231738 0.9019136479723676 0.9275581664489797
6.0400781666342418 -0.0278600690088313 0.0000273913369009 0.3589962458035796 0.9009652677108883 0.9268328009478287
6.0717354234366967 -0.0281392180872461 0.0000272323459748 0.3644370200817989 0.9000109016481191 0.9261023335646158
6.1034819893697785 -0.0284203782520244 0.0000270723427727 0.3699445555407581 0.8990505472782524 0.9253667511548725
6.1353177045893936 -0.0287035559396795 0.0000269113270793 0.3755194159981631 0.8980842054632013 0.9246260430317038
6.1672424543801467 -0.0289887579717487 0.0000267492985174 0.3811621746499143 0.8971118761261572 0.9238801976693910
6.1992561191081919 -0.0292759911140588 0.0000265862567998 0.3868734054354801 0.8961335597629005 0.9231292038600741
6.2313585767096402 -0.0295652620988236 0.0000264222017172 0.3926536834133059 0.8951492573704636 0.9223730506592963
6.2635496999716382 -0.0298565776001150 0.0000262571331529 0.3985035842094765 0.8941589705346611 0.9216117274535049
6.2846286192979441 -0.0300479692023040 0.0000261487444344 0.4023633164862164 0.8935087654000561 0.9211115428074860
6.3039146081886246 -0.0302235458652706 0.0000260493667377 0.4059150257298881 0.8929126522511680 0.9206527510633516
6.3363282509071155 -0.0305196373216227 0.0000258818981344 0.4119280693673197 0.8919081785528642 0.9198791953275265
6.3688069545188464 -0.0308175819797564 0.0000257135357454 0.4180083349872182 0.8908984457048887 0.9191009885577612
6.4013737447799972 -0.0311175974876569 0.0000255441603190 0.4241606793966143 0.8898827408288351 0.9183175696227175
6.4340284406356210 -0.0314196899364658 0.0000253737723762 0.4303856748603140 0.8888610695105020 0.9175289303576518
6.4667709218866758 -0.0317238659672411 0.0000252023721910 0.4366839062715798 0.8878334358904739 0.9167350613622340
6.4996009634080192 -0.0320301312337543 0.0000250299606575 0.4430559393175278 0.8867998478637479 0.9159359560165475
6.5325183938331914 -0.0323384918724551 0.0000248565384618 0.4495023507391666 0.8857603121137509 0.9151316066475158
6.5655230509917866 -0.0326489540936565 0.0000246821063136 0.4560237199122474 0.8847148355017360 0.9143220056003711
6.5789886460246496 -0.0327759717787397 0.0000246107828369 0.4587010586954605 0.8842873805699811 0.9139908015107429
6.5924542410575127 -0.0329031919801875 0.0000245393689677 0.4613880796792967 0.8838594008859141 0.9136590804112030
6.6256511070279069 -0.0332177391927830 0.0000243629258914 0.4680538421568625 0.8828020687550667 0.9128390823924006
6.6589005800188996 -0.0335340807363095 0.0000241856565392 0.4747893686920277 0.8817399036709488 0.9120146543360365
6.6922365721953243 -0.0338525449466775 0.0000240073810749 0.4816020528583686 0.8806718306511475 0.9111849494773093
6.7256588027440900 -0.0341731368141915 0.0000238281011978 0.4884924526014230 0.8795978626604892 0.9103499643363456
6.7591670496448577 -0.0344958618714647 0.0000236478183714 0.4954611379089406 0.8785180112859432 0.9095096942509587
6.7927610637317821 -0.0348207253730949 0.0000234665342823 0.5025086731851514 0.8774322894916889 0.9086641355176730
6.8264406527444565 -0.0351477331090344 0.0000232842503879 0.5096356348164992 0.8763407089046148 0.9078132832785309
6.8407710232945211 -0.0352872712761488 0.0000232065279358 0.5126867977416808 0.8758753188710425 0.9074503032803194
6.8491916942776934 -0.0353693763762157 0.0000231608124716 0.5144849069609612 0.8756015928215225 0.9072367487532954
6.8576123652608656 -0.0354515515304250 0.0000231150642042 0.5162868793480713 0.8753276761989094 0.9070229992230749
6.8659241231602550 -0.0355327380544890 0.0000230698753629 0.5180693357634478 0.8750571159762063 0.9068118233001867
6.8998368140895119 -0.0358648136798322 0.0000228851679620 0.5253809881786340 0.8739512967526998 0.9059482449535194
6.9337861745619884 -0.0361985781178423 0.0000226997285463 0.5327635267908872 0.8728412311261738 0.9050805867361255
6.9678200519019287 -0.0365345065410631 0.0000225132976272 0.5402278403423977 0.8717253685351929 0.9042076238893006
7.0019380155277542 -0.0368726022843069 0.0000223258783745 0.5477744516439376 0.8706037310548664 0.9033293591594411
7.0361397829100838 -0.0372128701176896 0.0000221374732317 0.5554039148742634 0.8694763364507778 0.9024457918218994
7.0704250299209654 -0.0375553143787897 0.0000219480849537 0.5631167740699166 0.8683432043901015 0.9015569225394731
7.1047933977823128 -0.0378999390354124 0.0000217577165707 0.5709135642572254 0.8672043562290204 0.9006627532014158
7.1112061448117636 -0.0379643915485618 0.0000217221386464 0.5723755982383665 0.8669915335655310 0.9004955640307258
7.1176188918412144 -0.0380288776552252 0.0000216865432015 0.5738399118868955 0.8667786086542137 0.9003282658698127
7.1256626364121551 -0.0381098295432964 0.0000216418692407 0.5756798788797388 0.8665113849044205 0.9001182636793964
7.1602191430283604 -0.0384584435094575 0.0000214496273290 0.5836253719738220 0.8653615563046325 0.8992141348072733
7.1948028595325164 -0.0388086927969172 0.0000212567190291 0.5916435976812189 0.8642078963060235 0.8983061477946614
7.2294685120343916 -0.0391611358988289 0.0000210628416426 0.5997476989480339 0.8630485976687633 0.8973928669978539
7.2642154885280821 -0.0395157740708362 0.0000208680000097 0.6079381443548671 0.8618836927461835 0.8964743025385574
7.2990434042963219 -0.0398726108412982 0.0000206721977905 0.6162154530268339 0.8607132068742668 0.8955504589309828
7.3339517994368668 -0.0402316489403509 0.0000204754391554 0.6245801240024745 0.8595371684787688 0.8946213430439803
7.3517574234950622 -0.0404153126219134 0.0000203748863911 0.6288730200173385 0.8589362226171123 0.8941462272427796
7.3695630475532576 -0.0405992931424649 0.0000202742057165 0.6331837420370651 0.8583345477616880 0.8936703006989213
7.3868997892487727 -0.0407787702955997 0.0000201760528148 0.6373980929465578 0.8577480208592824 0.8932061299612483
7.4220382751793181 -0.0411435759494424 0.0000199767430724 0.6459917863245812 0.8565571451744576 0.8922629956251150
7.4572259483586301 -0.0415102829048944 0.0000197766603870 0.6546673459941587 0.8553618254814987 0.8913154108798502
7.4924918268399088 -0.0418791991562753 0.0000195756423460 0.6634324374365174 0.8541610949660808 0.8903625944611159
7.5278352707566443 -0.0422503253200969 0.0000193736946487 0.6722874977423324 0.8529549913919112 0.8894045602576522
7.5632557277429102 -0.0426236628813971 0.0000191708225902 0.6812329816981050 0.8517435501444955 0.8884413202160514
7.5742092688917229 -0.0427393990247976 0.0000191079884362 0.6840137478295888 0.8513683762501965 0.8881428154171774
7.5826728090735012 -0.0428289013566300 0.0000190594072103 0.6861670537578277 0.8510783135084460 0.8879119648952434
7.5903939376472787 -0.0429106180314893 0.0000190150638793 0.6881350301884067 0.8508135622475335 0.8877012101654489
7.6259892532709124 -0.0432882011499959 0.0000188103446204 0.6972515460322346 0.8495914036653358 0.8867277093691918
7.6616197279413036 -0.0436675707219524 0.0000186049477794 0.7064494352243675 0.8483653909565732 0.8857501386082042
7.6973247387437738 -0.0440491507834339 0.0000183986496322 0.7157393212956222 0.8471341923025066 0.8847674211811893
7.7331034436973400 -0.0444329394561682 0.0000181914576014 0.7251215612544489 0.8458978559503251 0.8837795790928663
7.7689550786988422 -0.0448189356220347 0.0000179833787605 0.7345965261540283 0.8446564280977569 0.8827866326939947
7.7827370381381327 -0.0449676981921124 0.0000179032672744 0.7382584888820298 0.8441785254149411 0.8824041083485723
7.7915136480354983 -0.0450625251705644 0.0000178522161243 0.7405961819073137 0.8438739934003806 0.8821602732838435
7.7994957011761290 -0.0451488373059554 0.0000178057631028 0.7427260846605273 0.8435969000676240 0.8819383534278753
7.8355292624742443 -0.0455393552228143 0.0000175957795403 0.7523867620679976 0.8423444697850373 0.8809346505183563
7.8715845548975256 -0.0459315449185662 0.0000173852152258 0.7621280967845191 0.8410887847516954 0.8799272668476855
7.9077094248989361 -0.0463259308119980 0.0000171737946553 0.7719634157498902 0.8398282057263284 0.8789148727472439
7.9439027700038318 -0.0467225076913913 0.0000169615273732 0.7818929640168969 0.8385627937788617 0.8778975004973226
7.9599011788499494 -0.0468982651901048 0.0000168675588696 0.7863062268427428 0.8380026785400337 0.8774468242966975
7.9758995876960670 -0.0470743045979392 0.0000167735047494 0.7907343036652639 0.8374420958073990 0.8769955551812000
7.9841740102903200 -0.0471654502298664 0.0000167248266966 0.7930303329977888 0.8371519783839850 0.8767619254175723
7.9924484328845731 -0.0472566631845730 0.0000166761262070 0.7953303288808526 0.8368617371381444 0.8765281376964711
8.0288498339416741 -0.0476588270546621 0.0000164616117881 0.8054957677341990 0.8355834291643053 0.8754977726937755
8.0652645745646296 -0.0480625944534780 0.0000162465862062 0.8157418743228173 0.8343023017169956 0.8744639952389450
8.1017429305209774 -0.0484685262593047 0.0000160307570073 0.8260831456854797 0.8330166161679436 0.8734253879843624
8.1382835600293060 -0.0488766139628759 0.0000158141357260 0.8365197067534356 0.8317264455553866 0.8723819931398850
8.1537887389125654 -0.0490502188217081 0.0000157220907431 0.8409717283018748 0.8311783077799221 0.8719383455198665
8.1596545003249545 -0.0491159639091561 0.0000156872496840 0.8426596257320026 0.8309708366499365 0.8717703688767604
8.1655202617373437 -0.0491817349633911 0.0000156523983315 0.8443495296428802 0.8307633079375770 0.8716023152884802
8.1715766666640732 -0.0492496797873993 0.0000156164031962 0.8460964630366997 0.8305489741001676 0.8714287191200403
8.2082544616050992 -0.0496620130459706 0.0000153981740394 0.8567216887292076 0.8292496640221212 0.8703756690418137
8.2449688988505763 -0.0500762309929690 0.0000151793161340 0.8674362296996189 0.8279468537409546 0.8693185802289314
8.2817398788885388 -0.0504925628637592 0.0000149597151872 0.8782462915009076 0.8266398671013926 0.8682568884710749
8.3185657420175616 -0.0509109957539927 0.0000147393851835 0.8891518418712824 0.8253287917659007 0.8671906484122445
8.3282739954343565 -0.0510215520608570 0.0000146812343304 0.8920400671194723 0.8249828067593719 0.8669090684064523
8.3359684350981400 -0.0511092363141181 0.0000146351268394 0.8943331050061780 0.8247084871990560 0.8666857522552193
8.3436628747619235 -0.0511969775112675 0.0000145890024538 0.8966296158047887 0.8244340766567944 0.8664623079117509
8.3806103066227369 -0.0516191948982380 0.0000143672835363 0.9077054853915563 0.8231151466916746 0.8653875851366593
8.4175751879037684 -0.0520430997298273 0.0000141450713662 0.9188668300964503 0.8217935424169989 0.8643094217151205
8.4545881792627409 -0.0524690470024075 0.0000139221865778 0.9301232105815336 0.8204682011872344 0.8632269362045475
8.4718817736415843 -0.0526685736738980 0.0000138179182125 0.9354101721237142 0.8198482807229110 0.8627201707726827
8.4891753680204278 -0.0528684258342775 0.0000137135680088 0.9407147483537240 0.8192279321816621 0.8622127743593996
8.4963474813251398 -0.0529513915024730 0.0000136702678108 0.9429198666503359 0.8189705324318910 0.8620021589665907
8.5029117338825806 -0.0530273704987371 0.0000136306253800 0.9449407509743026 0.8187348844494395 0.8618092992487892
8.5400638682573753 -0.0534582764704436 0.0000134060402050 0.9564263690788340 0.8174000350437012 0.8607160584088523
8.5772209986700894 -0.0538907406439141 0.0000131810581080 0.9679949982269548 0.8160631018937456 0.8596197958311269
8.6144165288512653 -0.0543251541763676 0.0000129554822236 0.9796572619164028 0.8147229192147012 0.8585195419929644
8.6286043304906723 -0.0544912521644168 0.0000128693449568 0.9841272438401627 0.8142112380120752 0.8580991139260137
8.6366406893589751 -0.0545854316205861 0.0000128205316376 0.9866644453736415 0.8139212905321549 0.8578607891839729
8.6402698029232692 -0.0546279848150638 0.0000127984828003 0.9878114642818270 0.8137903264245205 0.8577531216243227
8.6438989164875633 -0.0546705444248022 0.0000127764308890 0.9889592624005716 0.8136593451180831 0.8576454271788144
8.6487460804476086 -0.0547274090543362 0.0000127469724795 0.9904935149985933 0.8134843754481412 0.8575015450135984
8.6857897771374244 -0.0551628301393164 0.0000125216459105 1.0022647283171782 0.8121461974695573 0.8564003699930601
8.7230831711638892 -0.0556026904599709 0.0000122944559468 1.0141973870211487 0.8107972417173470 0.8552889683683089
8.7604038511086255 -0.0560443836077870 0.0000120667597063 1.0262213150962878 0.8094455730867434 0.8541739583342399
8.7765741742299817 -0.0562362300196261 0.0000119679992596 1.0314567047261769 0.8088593952961166 0.8536899833363087
8.7815769294409982 -0.0562956405815310 0.0000119374322469 1.0330795665069263 0.8086779806701262 0.8535401464860723
8.7865796846520148 -0.0563550659724772 0.0000119068597153 1.0347039139211358 0.8084965360631761 0.8533902599869919
8.8241466991829789 -0.0568021740873116 0.0000116770940824 1.0469490502503083 0.8071330742558942 0.8522631413860898
8.8615269782504864 -0.0572485789856219 0.0000114481448489 1.0592165454283369 0.8057747606962505 0.8511388708122358
8.8989228969813201 -0.0576966874333532 0.0000112187807849 1.0715723088899418 0.8044142924681716 0.8500114019410633
8.9101526162216462 -0.0578315473583867 0.0000111498430474 1.0752988974674471 0.8040054500286373 0.8496723018613523
8.9186384986917133 -0.0579335349855883 0.0000110977311343 1.0781199210519650 0.8036964109973076 0.8494158949301943
8.9271243811617804 -0.0580355916882949 0.0000110456035745 1.0809452312859824 0.8033872933061154 0.8491593491721742
8.9645567293143529 -0.0584867093216572 0.0000108154733659 1.0934592250405371 0.8020228079487749 0.8480260414966299
9.0019769091650605 -0.0589391996241909 0.0000105851150003 1.1060525923288960 0.8006572858863765 0.8468904286589261
9.0175246872691996 -0.0591276525010778 0.0000104893153341 1.1113095797478900 0.8000894968040413 0.8464178098680361
9.0330724653733387 -0.0593163677945453 0.0000103934648424 1.1165809833488063 0.7995214618798705 0.8459447348757380
9.0444471850186456 -0.0594545828682943 0.0000103233094057 1.1204466641062978 0.7991057346201287 0.8455983461912480
9.0547975054557295 -0.0595804609922137 0.0000102594492146 1.1239709124421347 0.7987273352728076 0.8452829420452173
9.0922309602824551 -0.0600366883610684 0.0000100283061304 1.1367702528544141 0.7973579197376356 0.8441405655285392
9.1296377216309246 -0.0604941102529814 0.0000097970454889 1.1496440478589254 0.7959881353271790 0.8429964045876170
9.1436951137992768 -0.0606664015208172 0.0000097100664112 1.1545036055810158 0.7954730332281427 0.8425657637817527
9.1577525059676290 -0.0608389020023067 0.0000096230488179 1.1593749723389555 0.7949577487867754 0.8421347602484868
9.1723453209663521 -0.0610181712549370 0.0000095326772508 1.1644443763468697 0.7944226471667248 0.8416869579709458
9.2097206915198999 -0.0614783740369696 0.0000093010297724 1.1774862887891311 0.7930512656765591 0.8405382705745870
9.2470673191691315 -0.0619397400042678 0.0000090692975362 1.1906016337091687 0.7916797199443920 0.8393879428815785
9.2649145605526098 -0.0621607538938924 0.0000089584660315 1.1968986807047401 0.7910238654628275 0.8388373386363801
9.2787283484649787 -0.0623320269147644 0.0000088726434741 1.2017856932906326 0.7905160507806513 0.8384107795415607
9.2913291718457796 -0.0624884402375326 0.0000087943268288 1.2062535497545439 0.7900526894787053 0.8380213795002031
9.3285918864796287 -0.0629519916499151 0.0000085625659250 1.2195213750993319 0.7886817038925383 0.8368682130844335
9.3658248058159721 -0.0634166833726811 0.0000083307475582 1.2328616740549863 0.7873107252059197 0.8357135278584551
9.3742112956086583 -0.0635215505128119 0.0000082784993422 1.2358779592704412 0.7870017741397763 0.8354531074902087
9.3825977854013445 -0.0636264859735684 0.0000082262394641 1.2388984601766542 0.7866927701322516 0.8351925646366984
9.4197516420383760 -0.0640922940371957 0.0000079945754716 1.2523306120051323 0.7853231945194633 0.8340368396964040
9.4568576012456340 -0.0645590053647463 0.0000077629829466 1.2658280674140012 0.7839543947214223 0.8328802311240773
9.4655436006712232 -0.0646684733810231 0.0000077087381093 1.2689995671262324 0.7836338385153753 0.8326091444636494
9.4716910211188736 -0.0647459887490382 0.0000076703399567 1.2712468964773651 0.7834069370825048 0.8324172081582452
9.4772385136934698 -0.0648159710930160 0.0000076356840545 1.2732768548090436 0.7832021568995622 0.8322439477487000
9.5143217346968036 -0.0652846447391149 0.0000074038959981 1.2868939117016975 0.7818327380422863 0.8310844172333776
9.5512557853642335 -0.0657529284928103 0.0000071728292328 1.3005382340906733 0.7804679403527987 0.8299272489776663
9.5575037285546340 -0.0658322933662088 0.0000071337204222 1.3028544724536937 0.7802369796148327 0.8297312710739845
9.5637516717450346 -0.0659116924790269 0.0000070946060691 1.3051730546763785 0.7800059947097365 0.8295352281179563
9.5699081193275966 -0.0659899660982830 0.0000070560589832 1.3074599760475014 0.7797783689255688 0.8293419924971468
9.6066468690051430 -0.0664579292714663 0.0000068259123270 1.3211545535755695 0.7784195326875242 0.8281875483260999
9.6433701011276831 -0.0669271744293767 0.0000065956682425 1.3349243663176724 0.7770604852682973 0.8270313708907030
9.6518930697692475 -0.0670362810555840 0.0000065422048126 1.3381317383153557 0.7767449601579915 0.8267627223450698
9.6604160384108120 -0.0671454606492524 0.0000064887314999 1.3413434747655770 0.7764293950937955 0.8264939555318763
9.6969260713356427 -0.0676140591643794 0.0000062595536979 1.3551510605307895 0.7750771608936324 0.8253413006519410
9.7091599061431495 -0.0677714057662317 0.0000061827201142 1.3597956447051394 0.7746238964644571 0.8249545864589667
9.7213937409506563 -0.0679289171218320 0.0000061058666050 1.3644492242454773 0.7741705560149686 0.8245676321087820
9.7384779184999886 -0.0681491335462582 0.0000059985107346 1.3709628593129126 0.7735373550504075 0.8240268617054000
9.7554514715928295 -0.0683682279887608 0.0000058918129651 1.3774516916262869 0.7729081133606197 0.8234891325372208
9.7917020775608776 -0.0688372141645315 0.0000056638144120 1.3913679593441100 0.7715637813348984 0.8223391710160144
9.8020275189534942 -0.0689710632473310 0.0000055988423491 1.3953462568355846 0.7711807591350542 0.8220112431084916
9.8123529603461108 -0.0691050182628934 0.0000055338575804 1.3993309649300070 0.7707976898035745 0.8216831481542559
9.8225265256833332 -0.0692371104168435 0.0000054698162175 1.4032633323903430 0.7704202096863118 0.8213597161619111
9.8585021696898139 -0.0697051309280482 0.0000052432542777 1.4172188442835700 0.7690850196744584 0.8202147087622017
9.8733103903804889 -0.0698981926942869 0.0000051499530151 1.4229857963140333 0.7685352788074236 0.8197428215627802
9.8774691880218839 -0.0699524565909659 0.0000051237453601 1.4246077813201021 0.7683808719684283 0.8196102342377174
9.8816279856632789 -0.0700067351065925 0.0000050975358770 1.4262308065503173 0.7682264583952548 0.8194776203436176
9.8878558634458482 -0.0700880494142007 0.0000050582831425 1.4286632626829692 0.7679952087014186 0.8192789789130391
9.9234249824496139 -0.0705532818179544 0.0000048340160817 1.4426003968841632 0.7666742007181199 0.8181433472797962
9.9365805477790232 -0.0707257079478347 0.0000047510332899 1.4477744519193165 0.7661854983078771 0.8177228361292836
9.9431649944649365 -0.0708120805431460 0.0000047094927755 1.4503680095623508 0.7659408769853563 0.8175122692085736
9.9477680089798710 -0.0708724899786335 0.0000046804501039 1.4521826467116572 0.7657698598242282 0.8173650285063953
9.9523710234948055 -0.0709329153212363 0.0000046514054252 1.4539985583738451 0.7655988354527994 0.8172177558589852
9.9585659771652448 -0.0710142751004225 0.0000046123121726 1.4564445097244987 0.7653686516165888 0.8170194990335833
