0.0001002471791859 -0.0000000000180396 0.0000340806237161 0.0000000000000020 0.9999999999718765 0.9999999999774724
0.0001388856811462 -0.0000000000346285 0.0000340806237111 0.0000000000000053 0.9999999999457591 0.9999999999567563
0.0001864181330662 -0.0000000000623902 0.0000340806237026 0.0000000000000128 0.9999999999020522 0.9999999999220878
0.0002436896390381 -0.0000000001066168 0.0000340806236891 0.0000000000000286 0.9999999998324240 0.9999999998668581
0.0003114998840248 -0.0000000001742104 0.0000340806236684 0.0000000000000598 0.9999999997260082 0.9999999997824478
0.0003906331873243 -0.0000000002739685 0.0000340806236380 0.0000000000001179 0.9999999995689544 0.9999999996578709
0.0004818153419777 -0.0000000004167986 0.0000340806235943 0.0000000000002213 0.9999999993440907 0.9999999994795060
0.0005857826612114 -0.0000000006160838 0.0000340806235335 0.0000000000003977 0.9999999990303475 0.9999999992306406
0.0007032188314970 -0.0000000008878690 0.0000340806234505 0.0000000000006881 0.9999999986024645 0.9999999988912380
0.0008347857483849 -0.0000000012511769 0.0000340806233395 0.0000000000011511 0.9999999980304934 0.9999999984375427
0.0009811363946381 -0.0000000017283353 0.0000340806231938 0.0000000000018689 0.9999999972792831 0.9999999978416720
0.0011428989253295 -0.0000000023452291 0.0000340806230054 0.0000000000029540 0.9999999963080816 0.9999999970713013
0.0013206909640774 -0.0000000031316435 0.0000340806227652 0.0000000000045582 0.9999999950699966 0.9999999960892348
0.0015150892525605 -0.0000000041214169 0.0000340806224629 0.0000000000068818 0.9999999935117553 0.9999999948532157
0.0017266840873996 -0.0000000053529852 0.0000340806220868 0.0000000000101865 0.9999999915728462 0.9999999933152455
0.0019560314928509 -0.0000000068694516 0.0000340806216236 0.0000000000148086 0.9999999891854103 0.9999999914214973
0.0022036744812584 -0.0000000087189734 0.0000340806210588 0.0000000000211753 0.9999999862736315 0.9999999891118329
0.0024701649063307 -0.0000000109552535 0.0000340806203758 0.0000000000298240 0.9999999827529633 0.9999999863191885
0.0027560208636142 -0.0000000136375260 0.0000340806195566 0.0000000000414224 0.9999999785301509 0.9999999829695934
0.0030617450518686 -0.0000000168309519 0.0000340806185813 0.0000000000567930 0.9999999735026084 0.9999999789816749
0.0033878408515319 -0.0000000206070898 0.0000340806174280 0.0000000000769408 0.9999999675576785 0.9999999742660716
0.0037348028138934 -0.0000000250441354 0.0000340806160729 0.0000000001030839 0.9999999605722545 0.9999999687251332
0.0041031190514456 -0.0000000302272713 0.0000340806144899 0.0000000001366879 0.9999999524122296 0.9999999622524847
0.0044932518690624 -0.0000000362486844 0.0000340806126509 0.0000000001795023 0.9999999429324703 0.9999999547330038
0.0049056759279536 -0.0000000432084257 0.0000340806105253 0.0000000002336061 0.9999999319754622 0.9999999460417481
0.0053408429324231 -0.0000000512141954 0.0000340806080803 0.0000000003014512 0.9999999193716488 0.9999999360442225
0.0057991924472896 -0.0000000603817632 0.0000340806052804 0.0000000003859137 0.9999999049387687 0.9999999245958551
0.0062811715441231 -0.0000000708356790 0.0000340806020877 0.0000000004903538 0.9999998884807378 0.9999999115411089
0.0067872140236094 -0.0000000827092043 0.0000340805984614 0.0000000006186745 0.9999998697877576 0.9999998967135685
0.0073177482345323 -0.0000000961447738 0.0000340805943580 0.0000000007753896 0.9999998486355869 0.9999998799353627
0.0078732039485992 -0.0000001112945139 0.0000340805897311 0.0000000009656997 0.9999998247847270 0.9999998610165176
0.0084539766690208 -0.0000001283195538 0.0000340805845315 0.0000000011955582 0.9999997979815056 0.9999998397558165
0.0090604839772151 -0.0000001473918739 0.0000340805787066 0.0000000014717762 0.9999997679551674 0.9999998159384922
0.0096931206627104 -0.0000001686933565 0.0000340805722009 0.0000000018020981 0.9999997344193672 0.9999997893374115
0.0103523020299090 -0.0000001924175158 0.0000340805649553 0.0000000021953226 0.9999996970694485 0.9999997597109161
0.0110383884189024 -0.0000002187671309 0.0000340805569078 0.0000000026613657 0.9999996555861674 0.9999997268057772
0.0117518017495426 -0.0000002479588598 0.0000340805479923 0.0000000032114481 0.9999996096284308 0.9999996903514342
0.0124928922442345 -0.0000002802184298 0.0000340805381399 0.0000000038581268 0.9999995588408673 0.9999996500660011
0.0132620609888629 -0.0000003157859013 0.0000340805272772 0.0000000046155193 0.9999995028455403 0.9999996056496928
0.0140596631171576 -0.0000003549118585 0.0000340805153277 0.0000000054993610 0.9999994412479453 0.9999995567895820
0.0148860866041343 -0.0000003978613467 0.0000340805022105 0.0000000065272327 0.9999993736308110 0.9999995031546824
0.0157416785126377 -0.0000004449105725 0.0000340804878412 0.0000000077186361 0.9999992995592953 0.9999994444000700
0.0166268060871646 -0.0000004963503052 0.0000340804721309 0.0000000090952350 0.9999992185756278 0.9999993801626343
0.0175418157287464 -0.0000005524839908 0.0000340804549871 0.0000000106809785 0.9999991302020832 0.9999993100634350
0.0184870631337735 -0.0000006136297896 0.0000340804363125 0.0000000125023357 0.9999990339377691 0.9999992337051562
0.0194629073201887 -0.0000006801206960 0.0000340804160055 0.0000000145884953 0.9999989292584400 0.9999991506719572
0.0204696726003455 -0.0000007523021919 0.0000340803939605 0.0000000169714917 0.9999988156201914 0.9999990605324032
0.0215077256437903 -0.0000008305379482 0.0000340803700664 0.0000000196866018 0.9999986924504828 0.9999989628323449
0.0225773863385046 -0.0000009152037732 0.0000340803442086 0.0000000227723711 0.9999985591576656 0.9999988571024758
0.0236789844731679 -0.0000010066919220 0.0000340803162671 0.0000000262709900 0.9999984151241995 0.9999987428529512
0.0248128598696135 -0.0000011054116734 0.0000340802861171 0.0000000302285732 0.9999982597057421 0.9999986195726664
0.0259793220485213 -0.0000012117861588 0.0000340802536292 0.0000000346952945 0.9999980922361436 0.9999984867332185
0.0271787336134105 -0.0000013262602425 0.0000340802186676 0.0000000397259911 0.9999979120150393 0.9999983437790637
0.0284113806342975 -0.0000014492888369 0.0000340801810934 0.0000000453799544 0.9999977183262462 0.9999981901421108
0.0296776116400167 -0.0000015813504062 0.0000340801407604 0.0000000517218235 0.9999975104165026 0.9999980252248567
0.0309777219663133 -0.0000017229359021 0.0000340800975187 0.0000000588214004 0.9999972875128887 0.9999978484142040
0.0323120179990056 -0.0000018745553662 0.0000340800512125 0.0000000667542793 0.9999970488124311 0.9999976590732160
0.0336808412641450 -0.0000020367414750 0.0000340800016792 0.0000000756024014 0.9999967934765215 0.9999974565366890
0.0350844770403363 -0.0000022100392909 0.0000340799487522 0.0000000854538728 0.9999965206470534 0.9999972401239521
0.0365232213742606 -0.0000023950140230 0.0000340798922590 0.0000000964037391 0.9999962294342035 0.9999970091291747
0.0379973872266726 -0.0000025922525087 0.0000340798320203 0.0000001085544859 0.9999959189140991 0.9999967628195169
0.0395073041283092 -0.0000028023639980 0.0000340797678501 0.0000001220165304 0.9999955881275832 0.9999965004341496
0.0410532192554448 -0.0000030259664305 0.0000340796995596 0.0000001369077550 0.9999952361018203 0.9999962212013920
0.0426354531335258 -0.0000032637083577 0.0000340796269508 0.0000001533553546 0.9999948618157823 0.9999959243113348
0.0442543131173684 -0.0000035162576471 0.0000340795498197 0.0000001714956090 0.9999944642180328 0.9999956089299467
0.0459100641382718 -0.0000037842966869 0.0000340794679579 0.0000001914739869 0.9999940422342762 0.9999952742050621
0.0476030124891660 -0.0000040685358253 0.0000340793811484 0.0000002134466176 0.9999935947462010 0.9999949192495994
0.0493334538639162 -0.0000043697058013 0.0000340792891681 0.0000002375802893 0.9999931206033945 0.9999945431510117
0.0511016446092922 -0.0000046885525446 0.0000340791917891 0.0000002640525359 0.9999926186315318 0.9999941449777818
0.0529079150582512 -0.0000050258578298 0.0000340790887727 0.0000002930539067 0.9999920875998574 0.9999937237536288
0.0547525039429394 -0.0000053824095197 0.0000340789798783 0.0000003247860606 0.9999915262680342 0.9999932784946680
0.0566356969927461 -0.0000057590271081 0.0000340788648557 0.0000003594645113 0.9999909333459301 0.9999928081775135
0.0585577720376876 -0.0000061565521271 0.0000340787434477 0.0000003973184591 0.9999903075087191 0.9999923117512566
0.0605190028102871 -0.0000065758490928 0.0000340786153904 0.0000004385915163 0.9999896473953949 0.9999917881362858
0.0625196775245857 -0.0000070178099178 0.0000340784804113 0.0000004835428246 0.9999889516018232 0.9999912362187756
0.0645600703964632 -0.0000074833482252 0.0000340783382315 0.0000005324472031 0.9999882186896940 0.9999906548577877
0.0666404461479583 -0.0000079734003126 0.0000340781885651 0.0000005855959320 0.9999874471850037 0.9999900428840661
0.0687610328900871 -0.0000084889184872 0.0000340780311210 0.0000006432967053 0.9999866355885483 0.9999893991083608
0.0709221331584546 -0.0000090308983040 0.0000340778655955 0.0000007058774339 0.9999857823330432 0.9999887222874130
0.0731240227940383 -0.0000096003552854 0.0000340776916782 0.0000007736845456 0.9999848858197733 0.9999880111530266
0.0753669402453648 -0.0000101983213926 0.0000340775090540 0.0000008470832667 0.9999839444241478 0.9999872644164752
0.0776511774749127 -0.0000108258692443 0.0000340773173953 0.0000009264614005 0.9999829564575748 0.9999864807382574
0.0799769694674408 -0.0000114840829716 0.0000340771163712 0.0000010122266185 0.9999819202133435 0.9999856587644929
0.0823445698023018 -0.0000121740785758 0.0000340769056406 0.0000011048098432 0.9999808339345764 0.9999847971015000
0.0847542346040647 -0.0000128970001988 0.0000340766848543 0.0000012046657472 0.9999796958201004 0.9999838943204526
0.0872062270143108 -0.0000136540220167 0.0000340764536536 0.0000013122739996 0.9999785040214669 0.9999829489550154
0.0897008053365810 -0.0000144463451228 0.0000340762116716 0.0000014281398390 0.9999772566478591 0.9999819595052359
0.0922382344554322 -0.0000152752014894 0.0000340759585323 0.0000015527956730 0.9999759517598552 0.9999809244325972
0.0948187442702784 -0.0000161418405158 0.0000340756938540 0.0000016868000708 0.9999745873906084 0.9999798421768161
0.0974425937039576 -0.0000170475501846 0.0000340754172434 0.0000018307420076 0.9999731615125389 0.9999787111294236
0.1001100204492363 -0.0000179936407418 0.0000340751283003 0.0000019852394775 0.9999716720630283 0.9999775296541441
0.1028212798728134 -0.0000189814584303 0.0000340748266136 0.0000021509428115 0.9999701169227992 0.9999762960697450
0.1055766275792603 -0.0000200123801261 0.0000340745117628 0.0000023285350537 0.9999684939243612 0.9999750086567354
0.1083762794611360 -0.0000210877982052 0.0000340741833227 0.0000025187304711 0.9999668008758346 0.9999736656762630
0.1112205030833286 -0.0000222091554159 0.0000340738408528 0.0000027222818566 0.9999650355060524 0.9999722653265658
0.1141095396123454 -0.0000233779159134 0.0000340734839058 0.0000029399767989 0.9999631955101620 0.9999708057791439
0.1170436110266082 -0.0000245955673273 0.0000340731120275 0.0000031726391613 0.9999612785463704 0.9999692851761768
0.1200229739914430 -0.0000258636433415 0.0000340727247495 0.0000034211347091 0.9999592822003982 0.9999677016023256
0.1230478611834687 -0.0000271837000112 0.0000340723215966 0.0000036863680211 0.9999572040227653 0.9999660531143079
0.1261185006341411 -0.0000285573236173 0.0000340719020845 0.0000039692852998 0.9999550415164263 0.9999643377310885
0.1292351421427878 -0.0000299861430424 0.0000340714657156 0.0000042708784072 0.9999527921172880 0.9999625534184242
0.1323980329806936 -0.0000314718198307 0.0000340710119826 0.0000045921844311 0.9999504532098610 0.9999606981012766
0.1356073573724035 -0.0000330160189855 0.0000340705403771 0.0000049342806566 0.9999480221732323 0.9999587697002792
0.1388634045523583 -0.0000346204894892 0.0000340700503648 0.0000052983038122 0.9999454962543060 0.9999567660311840
0.1421663630814329 -0.0000362869658393 0.0000340695414163 0.0000056854298836 0.9999428727228156 0.9999546849278225
0.1455164585046746 -0.0000380172344047 0.0000340690129859 0.0000060968903942 0.9999401487668619 0.9999525241592399
0.1489139415987441 -0.0000398131297123 0.0000340684645135 0.0000065339736460 0.9999373214987594 0.9999502814343310
0.1523590534227701 -0.0000416765172687 0.0000340678954293 0.0000069980224939 0.9999343879820833 0.9999479544232927
0.1558519868289254 -0.0000436092718363 0.0000340673051610 0.0000074904304022 0.9999313452658700 0.9999455407847514
0.1593930022306391 -0.0000456133410366 0.0000340666931138 0.0000080126592483 0.9999281902844895 0.9999430380863352
0.1629823044367134 -0.0000476906779542 0.0000340660586912 0.0000085662240972 0.9999249199637482 0.9999404438888371
0.1666201177449564 -0.0000498432828796 0.0000340654012826 0.0000091527056841 0.9999215311551760 0.9999377556940857
0.1703066488023829 -0.0000520731822399 0.0000340647202690 0.0000097737467358 0.9999180206691966 0.9999349709712558
0.1740421427523803 -0.0000543824628909 0.0000340640150133 0.0000104310634868 0.9999143852211455 0.9999320871140438
0.1778268123392963 -0.0000567732298245 0.0000340632848728 0.0000111264359908 0.9999106214978535 0.9999291014934818
0.1816608797040780 -0.0000592476316282 0.0000340625291913 0.0000118617172348 0.9999067261175666 0.9999260114261426
0.1855445676537868 -0.0000618078556974 0.0000340617473009 0.0000126388339669 0.9999026956374883 0.9999228141801181
0.1894780699931677 -0.0000644561084886 0.0000340609385280 0.0000134597826959 0.9998985265848678 0.9999195069996785
0.1934616204386426 -0.0000671946617084 0.0000340601021789 0.0000143266460355 0.9998942153842895 0.9999160870475893
0.1974954238141924 -0.0000700258067567 0.0000340592375539 0.0000152415809555 0.9998897584293934 0.9999125514620023
0.2015797048068699 -0.0000729518883132 0.0000340583439371 0.0000162068316316 0.9998851520300071 0.9999088973145122
0.2057146972391837 -0.0000759752982525 0.0000340574205982 0.0000172247301955 0.9998803924217253 0.9999051216177527
0.2099006084909618 -0.0000790984499216 0.0000340564668005 0.0000182976904740 0.9998754758064095 0.9999012213575196
0.2141375904232208 -0.0000823237541957 0.0000340554818077 0.0000194282013250 0.9998703983898833 0.9998971935226709
0.2184259163407641 -0.0000856537543578 0.0000340544648433 0.0000206188763211 0.9998651561696036 0.9998930349366849
0.2227657939991333 -0.0000890909862740 0.0000340534151332 0.0000218724080599 0.9998597451547840 0.9998887424322755
0.2271574088963332 -0.0000926380090328 0.0000340523318961 0.0000231915805554 0.9998541613181626 0.9998843128131275
0.2316009803319216 -0.0000962974501636 0.0000340512143296 0.0000245792885405 0.9998484005248235 0.9998797427974252
0.2360967115523834 -0.0001000719664430 0.0000340500616227 0.0000260385258575 0.9998424585939001 0.9998750290667969
0.2406448275571326 -0.0001039642756515 0.0000340488729457 0.0000275724003829 0.9998363312485886 0.9998701682266553
0.2452455173820620 -0.0001079771079252 0.0000340476474650 0.0000291841178282 0.9998300141927350 0.9998651568669483
0.2498989823071094 -0.0001121132464208 0.0000340463843310 0.0000308770002605 0.9998235030468247 0.9998599915113749
0.2546054331729164 -0.0001163755262465 0.0000340450826782 0.0000326544889588 0.9998167933496711 0.9998546686187175
0.2593650753616139 -0.0001207668216677 0.0000340437416292 0.0000345201422502 0.9998098805785608 0.9998491845988186
0.2641781220693534 -0.0001252900586175 0.0000340423602906 0.0000364776438413 0.9998027601295665 0.9998435357969548
0.2690447780315773 -0.0001299482000441 0.0000340409377581 0.0000385307997122 0.9997954273406183 0.9998377185121348
0.2739652199941668 -0.0001347442263567 0.0000340394731218 0.0000406835321307 0.9997878775222906 0.9998317290215157
0.2789396565256269 -0.0001396811932095 0.0000340379654489 0.0000429399084013 0.9997801058668472 0.9998255635082398
0.2839682754266531 -0.0001447621810915 0.0000340364137991 0.0000453041217151 0.9997721075276000 0.9998192181243848
0.2890512985543219 -0.0001499903507190 0.0000340348172077 0.0000477805201036 0.9997638775317217 0.9998126889217867
0.2941889382153598 -0.0001553689004757 0.0000340331746983 0.0000503735905971 0.9997554108472463 0.9998059719051867
0.2993813628619204 -0.0001609010290795 0.0000340314852945 0.0000530879438721 0.9997467024418468 0.9997990630788537
0.3046287532407020 -0.0001665899932626 0.0000340297480024 0.0000559283448432 0.9997377471920426 0.9997919583745473
0.3099313406447003 -0.0001724391518208 0.0000340279617967 0.0000588997392905 0.9997285398138698 0.9997846535965043
0.3152893020884845 -0.0001784518521746 0.0000340261256558 0.0000620072008064 0.9997190750414562 0.9997771445631042
0.3207028555783308 -0.0001846315352245 0.0000340242385295 0.0000652559875116 0.9997093474619752 0.9997694269759183
0.3261721702513627 -0.0001909816344979 0.0000340222993697 0.0000686514935072 0.9996993516744082 0.9997614965456572
0.3316974285088272 -0.0001975056457093 0.0000340203071098 0.0000721992883626 0.9996890821800569 0.9997533489052971
0.3372788676000000 -0.0002042071787600 0.0000340182606480 0.0000759051506364 0.9996785333007017 0.9997449795451363
0.3429166441711443 -0.0002110897969075 0.0000340161588968 0.0000797749837240 0.9996676994317732 0.9997363840136477
0.3486109836353093 -0.0002181571959118 0.0000340140007284 0.0000838149187001 0.9996565747603696 0.9997275576937455
0.3543620290753494 -0.0002254130192399 0.0000340117850309 0.0000880312140935 0.9996451535561506 0.9997184960335680
0.3601700040614711 -0.0002328610604241 0.0000340095106468 0.0000924303757105 0.9996334298528191 0.9997091942937534
0.3660350730181287 -0.0002405050883486 0.0000340071764260 0.0000970190599643 0.9996213977231448 0.9996996477656324
0.3719574496024175 -0.0002483489861026 0.0000340047811835 0.0001018041599573 0.9996090510604114 0.9996898515978130
0.3779373177197243 -0.0002563966494367 0.0000340023237308 0.0001067927495463 0.9995963837382642 0.9996798009229931
0.3839748804318026 -0.0002646520513678 0.0000339998028555 0.0001119921269440 0.9995833895090299 0.9996694907772720
0.3900702657383451 -0.0002731191127276 0.0000339972173613 0.0001174097370867 0.9995700622074903 0.9996589162618184
0.3962237054086215 -0.0002818019485976 0.0000339945659928 0.0001230533324189 0.9995563953629990 0.9996480722350933
0.4024353783840968 -0.0002907046539300 0.0000339918475007 0.0001289308421840 0.9995423825369332 0.9996369535805842
0.4087054781580968 -0.0002998313969082 0.0000339890606132 0.0001350504365795 0.9995280171757572 0.9996255550902020
0.4150341520462610 -0.0003091863304939 0.0000339862040634 0.0001414204719779 0.9995132927502584 0.9996138715747465
0.4214216334009057 -0.0003187737874893 0.0000339832765297 0.0001480496281590 0.9994982024485383 0.9996018976202856
0.4278680581557554 -0.0003285980090658 0.0000339802767182 0.0001549467279681 0.9994827396033176 0.9995896279271956
0.4343736445960643 -0.0003386634141105 0.0000339772032809 0.0001621209280737 0.9994668972680074 0.9995770569737641
0.4409385551809843 -0.0003489743905308 0.0000339740548796 0.0001695815786336 0.9994506685452050 0.9995641792768287
0.4475629810360643 -0.0003595354247726 0.0000339708301457 0.0001773383197456 0.9994340463828536 0.9995509892300135
0.4542470939623340 -0.0003703510273474 0.0000339675277036 0.0001854010332288 0.9994170236914757 0.9995374811967354
0.4609910659339791 -0.0003814257631340 0.0000339641461610 0.0001937798694048 0.9993995932964966 0.9995236494723527
0.4677950920101671 -0.0003927642902037 0.0000339606840973 0.0002024852825323 0.9993817478771575 0.9995094882356700
0.4746593657441572 -0.0004043713211183 0.0000339571400753 0.0002115280081129 0.9993634800274472 0.9994949915972673
0.4815840155800947 -0.0004162515132279 0.0000339535126749 0.0002209189811286 0.9993447824287760 0.9994801537365082
0.4885692681041811 -0.0004284097471041 0.0000339498004077 0.0002306695602527 0.9993256474117804 0.9994649685537822
0.4956152809139547 -0.0004408508419675 0.0000339460018043 0.0002407913101032 0.9993060674042213 0.9994494300259172
0.5027222417272277 -0.0004535797261377 0.0000339421153619 0.0002512961419360 0.9992860346627408 0.9994335319932880
0.5098903113709313 -0.0004666013369150 0.0000339381395754 0.0002621962382631 0.9992655414304530 0.9994172682848532
0.5171196488718236 -0.0004799206640298 0.0000339340729233 0.0002735040931790 0.9992445798685825 0.9994006326638825
0.5244104281777281 -0.0004935427811887 0.0000339299138589 0.0002852325455042 0.9992231420068426 0.9993836187885478
0.5317628823220373 -0.0005074729326129 0.0000339256607836 0.0002973948626385 0.9992012196072715 0.9993662201038300
0.5391771300392046 -0.0005217162058463 0.0000339213121465 0.0003100044620833 0.9991788046791727 0.9993484302501712
0.5466533507534733 -0.0005362778601082 0.0000339168663446 0.0003230752014055 0.9991558889623946 0.9993302426533566
0.5541917411519627 -0.0005511632483761 0.0000339123217462 0.0003366213202554 0.9991324640499826 0.9993116506218249
0.5617924717719092 -0.0005663777326046 0.0000339076767171 0.0003506573703806 0.9991085215216247 0.9992926474525509
0.5694556883449130 -0.0005819266832851 0.0000339029296207 0.0003651982187245 0.9990840529443669 0.9992732264315881
0.5771815759855280 -0.0005978156092554 0.0000338980787782 0.0003802591747779 0.9990590496683665 0.9992533806719269
0.5849702737915367 -0.0006140499842825 0.0000338931225216 0.0003958558346927 0.9990335030998158 0.9992331033300863
0.5928219859013135 -0.0006306354771231 0.0000338880591236 0.0004120043075415 0.9990074043389446 0.9992123873187521
0.6007368975387336 -0.0006475777801082 0.0000338828868498 0.0004287210608157 0.9989807444497969 0.9991912255208706
0.6087151491774765 -0.0006648825504533 0.0000338776039767 0.0004460228660896 0.9989535145526074 0.9991696108629466
0.6167569043275480 -0.0006825555541423 0.0000338722087476 0.0004639269465845 0.9989257055974218 0.9991475361353168
0.6248623593194559 -0.0007006026914676 0.0000338666993653 0.0004824510139671 0.9988973083239452 0.9991249939602354
0.6330316616596775 -0.0007190298167979 0.0000338610740464 0.0005016130920016 0.9988683135451761 0.9991019770169870
0.6412649782736507 -0.0007378428887272 0.0000338553309761 0.0005214316759559 0.9988387119111770 0.9990784778543303
0.6495624847955920 -0.0007570479482970 0.0000338494683145 0.0005419257196323 0.9988084939433796 0.9990544889176878
0.6579242990934937 -0.0007766509637962 0.0000338434842441 0.0005631144756016 0.9987776502788165 0.9990300027429950
0.6663506377976436 -0.0007966581964249 0.0000338373768583 0.0005850178964206 0.9987461710948154 0.9990050114999397
0.6748416333141881 -0.0008170757727168 0.0000338311442916 0.0006076561814469 0.9987140467817961 0.9989795075260366
0.6833974971643377 -0.0008379100723460 0.0000338247846015 0.0006310502091214 0.9986812673331383 0.9989534828422028
0.6920183396633145 -0.0008591672931570 0.0000338182959013 0.0006552210607839 0.9986478230295855 0.9989269296960755
0.7007043524243923 -0.0008808538943820 0.0000338116762246 0.0006801905248048 0.9986137037419518 0.9988998400083662
0.7094556892910233 -0.0009029763067028 0.0000338049236140 0.0007059807788851 0.9985788993873365 0.9988722057350173
0.7182724984552794 -0.0009255410093922 0.0000337980360975 0.0007326144833374 0.9985433998077935 0.9988440187708311
0.7271549791995631 -0.0009485546776293 0.0000337910116435 0.0007601149654658 0.9985071945386201 0.9988152707654340
0.7361032340098299 -0.0009720238007154 0.0000337838482773 0.0007885057731235 0.9984702734090296 0.9987859536001762
0.7451174901839859 -0.0009959552587960 0.0000337765439054 0.0008178113752978 0.9984326256349028 0.9987560586676917
0.7541978742720170 -0.0010203557335045 0.0000337690964949 0.0008480564602135 0.9983942407460017 0.9987255776080946
0.7633445369660782 -0.0010452320336785 0.0000337615039743 0.0008792663355195 0.9983551080736059 0.9986945019020878
0.7725576490178045 -0.0010705910882584 0.0000337537642361 0.0009114669327691 0.9983152167617430 0.9986628228798171
0.7818373655933004 -0.0010964398500167 0.0000337458751652 0.0009446846961621 0.9982745559186839 0.9986305318411176
0.7911838298717775 -0.0011227853034949 0.0000337378346377 0.0009789465988573 0.9982331146045059 0.9985976200455852
0.8005972282455023 -0.0011496346216562 0.0000337296404721 0.0010142803569096 0.9981908815847362 0.9985640785168634
0.8100777017871101 -0.0011769949164630 0.0000337212905059 0.0010507141140584 0.9981478457227471 0.9985298983542162
0.8196254096620332 -0.0012048734177629 0.0000337127825410 0.0010882766836360 0.9981039956984277 0.9984950705090405
0.8292404728300027 -0.0012332773093743 0.0000337041143937 0.0011269973373919 0.9980593202660630 0.9984595859896219
0.8389231067721769 -0.0012622141217404 0.0000336952837747 0.0011669063507927 0.9980138076368055 0.9984234353705829
0.8486734005078309 -0.0012916910766586 0.0000336862884893 0.0012080341156707 0.9979674465093780 0.9983866096114856
0.8584915502773353 -0.0013217157842859 0.0000336771262246 0.0012504121091876 0.9979202249738646 0.9983490991860513
0.8683777148982830 -0.0013522958122048 0.0000336677946812 0.0012940723110460 0.9978721311895637 0.9983108946205045
0.8783320261399862 -0.0013834387118094 0.0000336582915649 0.0013390472429510 0.9978231533435391 0.9982719864605957
0.8883546245257781 -0.0014151521276935 0.0000336486145534 0.0013853701325273 0.9977732794786448 0.9982323651349231
0.8984456965019684 -0.0014474439190639 0.0000336387612594 0.0014330751060086 0.9977224973026679 0.9981920208032209
0.9086053866511508 -0.0014803218826247 0.0000336287293150 0.0014821967945360 0.9976707946242057 0.9981509437025556
0.9188338542624784 -0.0015137939314601 0.0000336185163172 0.0015327706054942 0.9976181590714196 0.9981091239238186
0.9291312429664327 -0.0015478679969511 0.0000336081198579 0.0015848325864718 0.9975645782463509 0.9980665515342486
0.9394976633257950 -0.0015825519676068 0.0000335975375425 0.0016384193366499 0.9975100398211725 0.9980232166538422
0.9499332943336913 -0.0016178540284078 0.0000335867668864 0.0016935685409997 0.9974545310046665 0.9979791090313496
0.9604382783802254 -0.0016537823125813 0.0000335758054211 0.0017503184477690 0.9973980390898781 0.9979342184793298
0.9710127796708784 -0.0016903450981340 0.0000335646506347 0.0018087081846201 0.9973405511451674 0.9978885346285761
0.9816569512997813 -0.0017275506965111 0.0000335533000054 0.0018687775956462 0.9972820541893644 0.9978420470672068
0.9923709057242256 -0.0017654073458838 0.0000335417510342 0.0019305670743687 0.9972225353596201 0.9977947454739834
1.0031547943863257 -0.0018039234895278 0.0000335300011601 0.0019941180241648 0.9971619814738105 0.9977466192704608
1.0140087939121083 -0.0018431077334234 0.0000335180477732 0.0020594728106470 0.9971003790973141 0.9976976576739340
1.0249330334742670 -0.0018829685849522 0.0000335058882938 0.0021266743387520 0.9970377149539090 0.9976478500239180
1.0359276393343824 -0.0019235146090740 0.0000334935201255 0.0021957663167591 0.9969739756803163 0.9975971855869846
1.0469927956713707 -0.0019647546558596 0.0000334809405855 0.0022667936608184 0.9969091474686239 0.9975456532724202
1.0581286136874071 -0.0020066973765434 0.0000334681470521 0.0023398016797236 0.9968432168271545 0.9974932422369212
1.0693352696382188 -0.0020493517374389 0.0000334551368082 0.0024148369709385 0.9967761697727022 0.9974399412423973
1.0806128602267833 -0.0020927264740531 0.0000334419072077 0.0024919464798585 0.9967079926887188 0.9973857393380802
1.0919615525996114 -0.0021368306613131 0.0000334284555015 0.0025711785136216 0.9966386714290917 0.9973306251479427
1.1033815192290266 -0.0021816734709394 0.0000334147789119 0.0026525823358961 0.9965681916996576 0.9972745871738513
1.1148728410427915 -0.0022272637865177 0.0000334008747493 0.0027362074721882 0.9964965396632817 0.9972176142765753
1.1264356967858571 -0.0022736109479084 0.0000333867401862 0.0028221050749489 0.9964237007699808 0.9971596947455046
1.1380702253012251 -0.0023207242109742 0.0000333723724209 0.0029103269561701 0.9963496606061915 0.9971008169737764
1.1497765658483803 -0.0023686129053717 0.0000333577686302 0.0030009258853598 0.9962744046468807 0.9970409692610637
1.1615548569123013 -0.0024172864298951 0.0000333429259706 0.0030939555937294 0.9961979182629844 0.9969801398193671
1.1734052134675226 -0.0024667541571301 0.0000333278416071 0.0031894706019448 0.9961201868713505 0.9969183168921488
1.1853278193904713 -0.0025170258202921 0.0000333125125958 0.0032875269819549 0.9960411953270075 0.9968554882708458
1.1973227927415924 -0.0025681109513975 0.0000332969360548 0.0033881812862435 0.9959609288061307 0.9967916419969943
1.2093902447254334 -0.0026200191223768 0.0000332811090908 0.0034914910164287 0.9958793724272650 0.9967267660608762
1.2215303498526886 -0.0026727602500596 0.0000332650287063 0.0035975152495848 0.9957965107722957 0.9966608480203077
1.2337432030320843 -0.0027263439798848 0.0000332486919873 0.0037063134217245 0.9957123288548675 0.9965938757708662
1.2460289786070022 -0.0027807803769918 0.0000332320958929 0.0038179467310098 0.9956268110347521 0.9965258366821053
1.2583877995930595 -0.0028360793557150 0.0000332152374288 0.0039324769994924 0.9955399419142953 0.9964567183105717
1.2708197957548419 -0.0028922509322515 0.0000331981135709 0.0040499671953741 0.9954517059415974 0.9963865080839803
1.2833250921558153 -0.0029493051737993 0.0000331807212802 0.0041704813420806 0.9953620874905629 0.9963151933647553
1.2959038325846068 -0.0030072523061057 0.0000331630574707 0.0042940847606824 0.9952710706921237 0.9962427613155690
1.3085561540296518 -0.0030661025984941 0.0000331451190437 0.0044208438442812 0.9951786396150003 0.9961691990430178
1.3212821930850962 -0.0031258663927446 0.0000331269028798 0.0045508261325137 0.9950847782204927 0.9960944935614924
1.3340820911985092 -0.0031865541281671 0.0000331084058307 0.0046841003813798 0.9949894703232679 0.9960186317618037
1.3469559605787897 -0.0032481761789028 0.0000330896247692 0.0048207362180411 0.9948926998470288 0.9959416006145331
1.3599039234429453 -0.0033107430379546 0.0000330705565328 0.0049608045547766 0.9947944505356519 0.9958633869399603
1.3729261172909248 -0.0033742653454310 0.0000330511979154 0.0051043776728182 0.9946947059090296 0.9957839773727192
1.3860226907801807 -0.0034387538717806 0.0000330315456724 0.0052515292068658 0.9945934492895994 0.9957033583827144
1.3991937302524065 -0.0035042191536347 0.0000330115966315 0.0054023333236316 0.9944906643742840 0.9956215167303394
1.4124393935240758 -0.0035706721537782 0.0000329913474918 0.0055568662454460 0.9943863341984328 0.9955384386413920
1.4257598270883385 -0.0036381238567259 0.0000329707949471 0.0057152053504257 0.9942804417710432 0.9954541103126149
1.4391551443103641 -0.0037065851542854 0.0000329499357208 0.0058774289099383 0.9941729702545719 0.9953685180547416
1.4526254855194958 -0.0037760671492490 0.0000329287664729 0.0060436168155048 0.9940639024883592 0.9952816479127897
1.4661709320279008 -0.0038465807122512 0.0000329072839360 0.0062138495350257 0.9939532216844422 0.9951934862200670
1.4797916736923686 -0.0039181373520645 0.0000328854846494 0.0063882102246184 0.9938409100616888 0.9951040185100298
1.4934877745990016 -0.0039907479938531 0.0000328633653314 0.0065667817897874 0.9937269507636847 0.9950132310437823
1.5072594184341639 -0.0040644242676133 0.0000328409224875 0.0067496500395610 0.9936113258366697 0.9949211091990975
1.5211066618549949 -0.0041391771998097 0.0000328181528080 0.0069369004822796 0.9934940182831644 0.9948276391062780
1.5350296800649206 -0.0042150185262391 0.0000327950527691 0.0071286215980918 0.9933750100018190 0.9947328060065731
1.5490285442444789 -0.0042919594923213 0.0000327716189975 0.0073249018541588 0.9932542836703229 0.9946365957522407
1.5631034342710739 -0.0043700120124972 0.0000327478479180 0.0075258326538666 0.9931318209263434 0.9945389933567833
1.5772544151377932 -0.0044491874406597 0.0000327237361275 0.0077315052144177 0.9930076042970410 0.9944399845324227
1.5914816498692208 -0.0045294977488792 0.0000326992800365 0.0079420136127240 0.9928816153498893 0.9943395542161110
1.6057852406845019 -0.0046109546433678 0.0000326744761381 0.0081574525177579 0.9927538360799155 0.9942376876749686
1.6201653249059893 -0.0046935701027386 0.0000326493208439 0.0083779186101191 0.9926242480655068 0.9941343698331527
1.6346220483561040 -0.0047773562320409 0.0000326238105293 0.0086035102279894 0.9924928326976983 0.9940295854543428
1.6491554616210768 -0.0048623246558845 0.0000325979417172 0.0088343257348943 0.9923595721322283 0.9939233199006959
1.6637656935991074 -0.0049484875221173 0.0000325717107735 0.0090704662329350 0.9922244477155394 0.9938155578776057
1.6784529205914376 -0.0050358573371477 0.0000325451139567 0.0093120351770413 0.9920874402435230 0.9937062836395673
1.6932172288711034 -0.0051244461500731 0.0000325181476662 0.0095591361417023 0.9919485312412117 0.9935954820105569
1.7080586950071481 -0.0052142660176956 0.0000324908083014 0.0098118740879065 0.9918077022336850 0.9934831378024467
1.7229774872586570 -0.0053053296234806 0.0000324630920727 0.0100703571370147 0.9916649337759528 0.9933692350407780
1.7379736677739175 -0.0053976490785980 0.0000324349953670 0.0103346932091592 0.9915202073330730 0.9932537584643628
1.7530474043773621 -0.0054912372146318 0.0000324065143538 0.0106049937106239 0.9913735032537536 0.9931366919083250
1.7681987776656671 -0.0055861063984284 0.0000323776453463 0.0108813701651841 0.9912248026286147 0.9930180197864928
1.7834279343146806 -0.0056822694811733 0.0000323483845126 0.0111639369654840 0.9910740858027339 0.9928977259042084
1.7987349429590955 -0.0057797388943743 0.0000323187281507 0.0114528087524345 0.9909213337929161 0.9927757945891418
1.8141199385240236 -0.0058785275596491 0.0000322886724118 0.0117481031020469 0.9907665268620758 0.9926522095531825
1.8295830589539288 -0.0059786484950675 0.0000322582134200 0.0120499394051314 0.9906096451366360 0.9925269543848276
1.8451243922461629 -0.0060801144687568 0.0000322273473781 0.0123584378313898 0.9904506691495834 0.9924000129825218
1.8607440171850491 -0.0061829382546228 0.0000321960704894 0.0126737200938781 0.9902895794399859 0.9922713692347462
1.8764420950303129 -0.0062871332408178 0.0000321643787729 0.0129959113482254 0.9901263556001512 0.9921410062587136
1.8922186853822476 -0.0063927122149226 0.0000321322684329 0.0133251364779867 0.9899609781791404 0.9920089079202240
1.9080739316483162 -0.0064996885924950 0.0000320997354853 0.0136615239048341 0.9897934267585369 0.9918750572965590
1.9207429183513549 -0.0065857938764201 0.0000320735513322 0.0139343189600503 0.9896585747530995 0.9917673174972186
1.9321645698365386 -0.0066638973012664 0.0000320498013755 0.0141833277985494 0.9895362604344198 0.9916695857679725
1.9482303219784163 -0.0067745237238506 0.0000320161638964 0.0145385482257184 0.9893630268615838 0.9915311539924547
1.9643624996647799 -0.0068865077711118 0.0000319821162217 0.0149011173340247 0.9891876835670730 0.9913910190300727
1.9805738358799161 -0.0069999495240898 0.0000319476280259 0.0152714481117993 0.9890100744846029 0.9912490554928369
1.9968644150387533 -0.0071148623847831 0.0000319126953433 0.0156496780507934 0.9888301793057512 0.9911052464534040
2.0132343033563860 -0.0072312596902385 0.0000318773142310 0.0160359461099012 0.9886479778421615 0.9909595750626774
2.0296835907546269 -0.0073491550087740 0.0000318414806788 0.0164303937110966 0.9884634495622250 0.9908120241790762
2.0462124530798880 -0.0074685625978019 0.0000318051904702 0.0168331663312459 0.9882765728751445 0.9906625757954726
2.0628209390504102 -0.0075894958708910 0.0000317684396484 0.0172444083729134 0.9880873275305830 0.9905112129577412
2.0795091527820464 -0.0077119687060109 0.0000317312241187 0.0176642675612991 0.9878956925714498 0.9903579181274224
2.0962771916658878 -0.0078359950000096 0.0000316935397839 0.0180928934725278 0.9877016470316603 0.9902026737392997
2.1131251723784272 -0.0079615888611883 0.0000316553824862 0.0185304382200496 0.9875051696352996 0.9900454619603406
2.1300531845716879 -0.0080887642655182 0.0000316167481114 0.0189770552823849 0.9873062393349220 0.9898862651200080
2.1470613239637624 -0.0082175353001311 0.0000315776325148 0.0194329003602742 0.9871048349310381 0.9897250654054799
2.1641496928992470 -0.0083479161692252 0.0000315380315202 0.0198981314238256 0.9869009350633885 0.9895618448542413
2.1813183668295375 -0.0084799209371490 0.0000314979409974 0.0203729078118490 0.9866945186131880 0.9893965856757125
2.1985674846505741 -0.0086135642228835 0.0000314573566515 0.0208573927499021 0.9864855636176536 0.9892292693818128
2.2158971260800233 -0.0087488602577086 0.0000314162743092 0.0213517499835775 0.9862740487440504 0.9890598779666797
2.2333073639915555 -0.0088858232807270 0.0000313746897988 0.0218561451958050 0.9860599526715621 0.9888883934115482
2.2507982959577939 -0.0090244677875730 0.0000313325988749 0.0223707469451557 0.9858432537030468 0.9887147973733553
2.2683700152358326 -0.0091648083050070 0.0000312899972865 0.0228957258671941 0.9856239301179825 0.9885390714669490
2.2860226486618411 -0.0093068596955137 0.0000312468806851 0.0234312558425621 0.9854019596970339 0.9883611968836846
2.3037562120287949 -0.0094506359903686 0.0000312032449785 0.0239775096064118 0.9851773215459834 0.9881811558526721
2.3215708364302268 -0.0095961522114538 0.0000311590857786 0.0245346656390373 0.9849499932495184 0.9879989293595363
2.3394665921475055 -0.0097434229514342 0.0000311143988318 0.0251029028236077 0.9847199530903591 0.9878144989243323
2.3574436123154356 -0.0098924633840367 0.0000310691797126 0.0256824043367168 0.9844871784715727 0.9876278453364137
2.3755019722790367 -0.0100432882718022 0.0000310234241253 0.0262733538435813 0.9842516474670975 0.9874389498970652
2.3936417424211265 -0.0101959123942100 0.0000309771277735 0.0268759371443705 0.9840133381534245 0.9872477938834192
2.4118630172623705 -0.0103503507934223 0.0000309302862862 0.0274903431690208 0.9837722282265248 0.9870543582406942
2.4301658671565138 -0.0105066183675972 0.0000308828953407 0.0281167623915895 0.9835282956374704 0.9868586240915882
2.4485503897072305 -0.0106647303069140 0.0000308349505311 0.0287553885872802 0.9832815179123514 0.9866605721901855
2.4670166887176244 -0.0108247019188166 0.0000307864474210 0.0294064181742949 0.9830318724258684 0.9864601831408565
2.4855648078196015 -0.0109865480485136 0.0000307373817192 0.0300700478581575 0.9827793373062009 0.9862574381242402
2.5041948364965894 -0.0111502839949133 0.0000306877490027 0.0307464783697973 0.9825238900062278 0.9860523177499592
2.5229068577324045 -0.0113159250597253 0.0000306375448528 0.0314359126630772 0.9822655080079433 0.9858448026214717
2.5417009484859312 -0.0114834865493801 0.0000305867648550 0.0321385559347020 0.9820041688200861 0.9856348733337350
2.5605771881151784 -0.0116529838487403 0.0000305354045768 0.0328546159488665 0.9817398498638384 0.9854225103809248
2.5795356917573136 -0.0118244327245122 0.0000304834594759 0.0335843043570157 0.9814725280005190 0.9852076937763268
2.5985764915763330 -0.0119978482510942 0.0000304309252254 0.0343278321471499 0.9812021812071199 0.9849904043982619
2.6176996771800392 -0.0121732460760214 0.0000303777973311 0.0350854150316236 0.9809287866038321 0.9847706224046515
2.6369053135218961 -0.0123506416771905 0.0000303240713562 0.0358572703057296 0.9806523216129175 0.9845483281637551
2.6561935013916425 -0.0125300509191877 0.0000302697427531 0.0366436192794539 0.9803727630923803 0.9843235015571343
2.6755642881492392 -0.0127114892256037 0.0000302148071141 0.0374446836834240 0.9800900886265601 0.9840961230169326
2.6950177621267919 -0.0128949724547714 0.0000301592599065 0.0382606895183478 0.9798042751622581 0.9838661724285538
2.7122751882948788 -0.0130588023385906 0.0000301096675159 0.0389943057053612 0.9795491077768422 0.9836608380394869
2.7295326144629657 -0.0132236289735410 0.0000300597786112 0.0397371230202050 0.9792924207062287 0.9834542426171413
2.7492206868211766 -0.0134128909393783 0.0000300025013187 0.0405958684014850 0.9789977269690682 0.9832170102086482
2.7689860489303681 -0.0136042027497481 0.0000299446119224 0.0414701815241307 0.9786998924988020 0.9829771981708122
2.7888344252292252 -0.0137976344985965 0.0000298860895048 0.0423605451425746 0.9783988099702966 0.9827347183873179
2.8087659132845091 -0.0139932024323406 0.0000298269294528 0.0432672010737565 0.9780944559543747 0.9824895502345696
2.8287805714739034 -0.0141909224666738 0.0000297671272609 0.0441903921029753 0.9777868075817989 0.9822416735021482
2.8488783867341048 -0.0143908098512749 0.0000297066786327 0.0451303603584762 0.9774758430652006 0.9819910688134221
2.8690595274389414 -0.0145928816859402 0.0000296455787197 0.0460873591697557 0.9771615377856931 0.9817377144711319
2.8893239717242287 -0.0147971532221398 0.0000295838232404 0.0470616356875006 0.9768438700473867 0.9814815910943993
2.9096718678955136 -0.0150036414680384 0.0000295214073899 0.0480534479610081 0.9765228154709011 0.9812226770989937
2.9301032177422339 -0.0152123619997997 0.0000294583268047 0.0490630497686103 0.9761983519533015 0.9809609526955720
2.9506181053558262 -0.0154233312723702 0.0000293945768638 0.0500907016819632 0.9758704560757142 0.9806963969924645
2.9712165381048088 -0.0156365649954351 0.0000293301531797 0.0511366632330907 0.9755391056289664 0.9804289900323127
2.9918986127448339 -0.0158520798434037 0.0000292650510824 0.0522012012741860 0.9752042769569642 0.9801587106479159
3.0126643650095719 -0.0160698919028170 0.0000291992660881 0.0532845824055930 0.9748659473705478 0.9798855384094246
3.0335139100192707 -0.0162900181382423 0.0000291327934566 0.0543870802534249 0.9745240928712452 0.9796094517861229
3.0544472641486808 -0.0165124745201245 0.0000290656287575 0.0555089661593538 0.9741786910601919 0.9793304304946512
3.0754644880827611 -0.0167372775253627 0.0000289977674165 0.0566505166656202 0.9738297188083602 0.9790484536172541
3.0965655968838335 -0.0169644431809235 0.0000289292050046 0.0578120087079966 0.9734771537425679 0.9787635008015849
3.1177506894917588 -0.0171939884552095 0.0000288599368184 0.0589937267355527 0.9731209720870293 0.9784755505156553
3.1390197998867548 -0.0174259296586178 0.0000287899583629 0.0601959545691272 0.9727611511470063 0.9781845820543701
3.1603729850652047 -0.0176602833890614 0.0000287192650665 0.0614189802479348 0.9723976678424244 0.9778905743537494
3.1818103005648668 -0.0178970662684155 0.0000286478523604 0.0626630947023878 0.9720304991180898 0.9775935063217912
3.2033317659019032 -0.0181362945561798 0.0000285757157956 0.0639285897192170 0.9716596225437178 0.9772933573234860
3.2249374159881321 -0.0183779847133199 0.0000285028508732 0.0652157609008077 0.9712850154405895 0.9769901064737414
3.2466273320696097 -0.0186221537566255 0.0000284292529370 0.0665249096185722 0.9709066543340067 0.9766837321929931
3.2684015574192529 -0.0188688183166790 0.0000283549174588 0.0678563380225444 0.9705245164147165 0.9763742133894783
3.2791263062323819 -0.0189908802629945 0.0000283181380150 0.0685184863809710 0.9703354490956321 0.9762210431574357
3.2898510550455109 -0.0191133110631961 0.0000282812492979 0.0691848501526834 0.9701458229553818 0.9760673988536052
3.3004381787639341 -0.0192345360725474 0.0000282447267883 0.0698468092872464 0.9699580826293037 0.9759152614497287
3.3224460529970323 -0.0194876994134178 0.0000281684655488 0.0712360836167364 0.9695660809442735 0.9755975309809959
3.3445127929275564 -0.0197431220456490 0.0000280915395037 0.0726471029042306 0.9691706779562854 0.9752769508656287
3.3666640371282219 -0.0200011142482151 0.0000280138557061 0.0740817882132017 0.9687713963977356 0.9749531314773529
3.3888997652452284 -0.0202616920695049 0.0000279354098618 0.0755404541382023 0.9683682147193305 0.9746260524582528
3.4112200663170698 -0.0205248728648102 0.0000278561972958 0.0770234254647215 0.9679611094237622 0.9742956918152391
3.4336249695453853 -0.0207906733216472 0.0000277762135466 0.0785310261850242 0.9675500581229968 0.9739620283989966
3.4561144806789423 -0.0210591098732720 0.0000276954542417 0.0800635817534535 0.9671350388990482 0.9736250413854578
3.4786886535825059 -0.0213301995517512 0.0000276139148419 0.0816214239673650 0.9667160289864396 0.9732847092053158
3.5013475009936954 -0.0216039589235664 0.0000275315909610 0.0832048849130108 0.9662930064193410 0.9729410108806610
3.5240910728739663 -0.0218804050293734 0.0000274484780837 0.0848143023770680 0.9658659485804503 0.9725939248456438
3.5469194098697385 -0.0221595548263942 0.0000273645717338 0.0864500166683398 0.9654348330644705 0.9722434296469603
3.5698325092037475 -0.0224414247637401 0.0000272798676015 0.0881123680995781 0.9649996383349884 0.9718895044776129
3.5928303723069939 -0.0227260313572020 0.0000271943613714 0.0898017003233285 0.9645603428377689 0.9715321284557739
3.6159130892538736 -0.0230133922445856 0.0000271080484054 0.0915183666785836 0.9641169233741577 0.9711712793000360
3.6390806326553600 -0.0233035236293272 0.0000270209245110 0.0932627149968178 0.9636693590480945 0.9708069365399987
3.6623330776544170 -0.0235964430160876 0.0000269329851202 0.0950351039410760 0.9632176270462981 0.9704390780816539
3.6856703659036549 -0.0238921662488078 0.0000268442261785 0.0968358851724679 0.9627617072085987 0.9700676839275614
3.7090925884600625 -0.0241907110769694 0.0000267546430753 0.0986654249615798 0.9623015765300369 0.9696927316987671
3.7325997268279307 -0.0244920938811492 0.0000266642316265 0.1005240843098862 0.9618372142113580 0.9693142007476596
3.7468016346259465 -0.0246750264575328 0.0000266093653328 0.1016579658775986 0.9615554267052249 0.9690844340649275
3.7547525464778286 -0.0247777206439952 0.0000265785684335 0.1022963867667746 0.9613972608241035 0.9689554460223968
3.7627034583297108 -0.0248806069162816 0.0000265477142940 0.1029374116124518 0.9612388026283545 0.9688262043138710
3.7736972428092104 -0.0250231978798082 0.0000265049575327 0.1038280595087616 0.9610192202690054 0.9686470832042605
3.7974638972387718 -0.0253327636647301 0.0000264121504044 0.1057705888906466 0.9605426162777277 0.9682581992479463
3.8212889009420934 -0.0256448837862558 0.0000263186025772 0.1077414633086047 0.9600622333376962 0.9678660915104080
3.8451989363973103 -0.0259599214597227 0.0000262242059457 0.1097432280589246 0.9595775170210016 0.9674703036895967
3.8691940026329927 -0.0262778933557951 0.0000261289563291 0.1117762637792613 0.9590884466248735 0.9670708148283257
3.8932740654237663 -0.0265988157098819 0.0000260328496946 0.1138409513910827 0.9585950022216558 0.9666676045325365
3.9174391241265396 -0.0269227052074520 0.0000259358818925 0.1159376777687587 0.9580971632989371 0.9662606518597520
3.9416891913055228 -0.0272495787209523 0.0000258380487354 0.1180668341176313 0.9575949091667263 0.9658499356502983
3.9660242914010211 -0.0275794532963592 0.0000257393460029 0.1202288159302518 0.9570882189804828 0.9654354345449401
3.9904444146746507 -0.0279123455277835 0.0000256397696284 0.1224240188917543 0.9565770727036137 0.9650171277715162
4.0149495589418507 -0.0282482721177301 0.0000255393155327 0.1246528425237309 0.9560614502483943 0.9645949944418052
4.0395397249046123 -0.0285872498151022 0.0000254379796420 0.1269156897973162 0.9555413315733378 0.9641690136302512
4.0642149161050014 -0.0289292954153107 0.0000253357578886 0.1292129671494252 0.9550166966851564 0.9637391643746785
4.0889751424195770 -0.0292744258098712 0.0000252326461966 0.1315450848342695 0.9544875255648968 0.9633054256148359
4.1138203632994603 -0.0296226571907851 0.0000251286407197 0.1339124515235799 0.9539537993894814 0.9628677771932145
4.1387505890127958 -0.0299740064614887 0.0000250237374201 0.1363154838470004 0.9534154983704749 0.9624261980827808
4.1513137399491180 -0.0301517931027292 0.0000249706680046 0.1375369565202257 0.9531431903332973 0.9622027496461857
4.1587880765266787 -0.0302577973324342 0.0000249390296891 0.1382670113964536 0.9529808528010361 0.9620695179823059
4.1657573073804404 -0.0303567837577135 0.0000249094859510 0.1389499859479960 0.9528292640963657 0.9619450931392700
4.1908948016073646 -0.0307150682464700 0.0000248025737731 0.1414315571973734 0.9522807202348537 0.9614947255147087
4.2160868999972392 -0.0310760890411519 0.0000246948805584 0.1439471108433645 0.9517282035735970 0.9610409061348535
4.2413639867923987 -0.0314402947815257 0.0000245862735001 0.1465000580180036 0.9511710336882746 0.9605830713603198
4.2667260395883666 -0.0318077018989154 0.0000244767488061 0.1490908283962130 0.9506091921423321 0.9601212008642798
4.2921730002771827 -0.0321783263000144 0.0000243663028639 0.1517198510684805 0.9500426614388051 0.9596552750097085
4.3177048680005878 -0.0325521847173802 0.0000242549318384 0.1543875640981388 0.9494714229578918 0.9591852731527405
4.3433215522508197 -0.0329292925632996 0.0000241426323113 0.1570943992479278 0.9488954602390336 0.9587111763418087
4.3690231245485149 -0.0333096676290051 0.0000240294001805 0.1598408084901257 0.9483147533327397 0.9582329626681997
4.3948094846877499 -0.0336933251692839 0.0000239152321236 0.1626272287096026 0.9477292863100818 0.9577506134468265
4.4206806415930728 -0.0340802820465830 0.0000238001243649 0.1654541115282879 0.9471390409369512 0.9572641080074565
4.4466365549551377 -0.0344705543863947 0.0000236840733733 0.1683219063702573 0.9465440002558623 0.9567734266436332
4.4726772239179997 -0.0348641589016746 0.0000235670754693 0.1712310701220375 0.9459441465680178 0.9562785489488107
4.4988026028246946 -0.0352611116247855 0.0000234491272019 0.1741820578049681 0.9453394633690726 0.9557794554119501
4.5100975265955698 -0.0354333687346008 0.0000233979577793 0.1754679467823481 0.9450771475200406 0.9555628727187402
4.5213924503664451 -0.0356059934858710 0.0000233466826425 0.1767599335628310 0.9448142956264020 0.9553458034691910
4.5335473175093117 -0.0357921901889611 0.0000232913852841 0.1781571116778320 0.9445308335717536 0.9551116644845898
4.5598973297280105 -0.0361973701756980 0.0000231710879289 0.1812103589693823 0.9439142053866262 0.9546021538840613
4.5863042029715846 -0.0366055254463143 0.0000230499550974 0.1843037735165803 0.9432933405130494 0.9540888969489453
4.6127956258726774 -0.0370170973225323 0.0000229278571565 0.1874410195244851 0.9426675757218822 0.9535713395231922
4.6393715528153701 -0.0374321017498330 0.0000228047908198 0.1906225680770047 0.9420368954680742 0.9530494624017802
4.6660318899222508 -0.0378505539009854 0.0000226807530591 0.1938488873579763 0.9414012855520627 0.9525232473995419
4.6927765760010933 -0.0382724694369174 0.0000225557407307 0.1971204522824586 0.9407607312058532 0.9519926757670946
4.7196055799633294 -0.0386978644787070 0.0000224297505842 0.2004377443807301 0.9401152171401164 0.9514577282275845
4.7465188676970103 -0.0391267550904106 0.0000223027794171 0.2038012478282537 0.9394647283329762 0.9509183856286170
4.7735163309779312 -0.0395591561364490 0.0000221748244123 0.2072114403917903 0.9388092517643387 0.9503746303807296
4.8005979171703803 -0.0399950833448242 0.0000220458825285 0.2106688095668220 0.9381487732888949 0.9498264438644631
4.8124952518251218 -0.0401872814616714 0.0000219890508091 0.2121992957003172 0.9378576815460477 0.9495847524207711
4.8243925864798634 -0.0403798995660501 0.0000219321060170 0.2137368900559002 0.9375660211719673 0.9493425335707603
4.8368327805631521 -0.0405817299373529 0.0000218724427999 0.2153522591254907 0.9372604456711361 0.9490886990719318
4.8641393531171149 -0.0410263599217842 0.0000217410486416 0.2189254147447742 0.9365875286412068 0.9485295078673510
4.8915010715637317 -0.0414740990216426 0.0000216087960054 0.2225436443042673 0.9359102720523329 0.9479664120179598
4.9189467009030841 -0.0419254309421952 0.0000214755436577 0.2262111988375272 0.9352279541040907 0.9473988045688033
4.9464760332123685 -0.0423803687298041 0.0000213412895146 0.2299285600977266 0.9345405656893079 0.9468266705586225
4.9740890490804679 -0.0428389285035120 0.0000212060306195 0.2336962376430799 0.9338480932573043 0.9462499912284167
5.0017856707639519 -0.0433011254023615 0.0000210697643397 0.2375147359475980 0.9331505249448145 0.9456687491201077
5.0295657440124248 -0.0437669732564430 0.0000209324884637 0.2413845514285659 0.9324478510710322 0.9450829284920100
5.0574291613075726 -0.0442364866376525 0.0000207942005964 0.2453061893126530 0.9317400610444398 0.9444925127417695
5.0853759119905435 -0.0447096817297524 0.0000206548979047 0.2492801711187096 0.9310271420588032 0.9438974833143859
5.0980703381232244 -0.0449253763329823 0.0000205914233847 0.2510987757065705 0.9307023158975359 0.9436262592203273
5.1040395804359502 -0.0450269637108872 0.0000205615333516 0.2519568467577168 0.9305493605950046 0.9434985199918011
5.1100088227486760 -0.0451286457236773 0.0000205316162626 0.2528167857852749 0.9303962687237621 0.9433706511569688
5.1165267856837167 -0.0452397881409783 0.0000204989180526 0.2537579097000743 0.9302289481164843 0.9432308800663318
5.1446819022633434 -0.0457212996373274 0.0000203573016798 0.2578488659116393 0.9295043223037857 0.9426253496540383
5.1728873495334824 -0.0462059788691470 0.0000202148274136 0.2619890404417586 0.9287753757552424 0.9420158555958104
5.2011757529904488 -0.0466943987196894 0.0000200713287947 0.2661836834974111 0.9280412584964501 0.9414016795246053
5.2295468077678393 -0.0471865701443201 0.0000199268047105 0.2704332860125857 0.9273019666703324 0.9407828098270711
5.2580004727438290 -0.0476825086112524 0.0000197812527615 0.2747383801675912 0.9265574898667520 0.9401592293015064
5.2865366286245088 -0.0481822282085674 0.0000196346709939 0.2790994888508621 0.9258078199851884 0.9395309225704696
5.3151550989601146 -0.0486857419832527 0.0000194870577993 0.2835171283029418 0.9250529507234566 0.9388978756564335
5.3438557240618989 -0.0491930632278169 0.0000193384115375 0.2879918192324727 0.9242928756490530 0.9382600743662796
5.3577716228314047 -0.0494398952642201 0.0000192661195040 0.2901774800333708 0.9239232518317316 0.9379497709659252
5.3678262944115653 -0.0496185684943369 0.0000192137979624 0.2917632235144362 0.9236557451461423 0.9377251383611034
5.3777052981749742 -0.0497943923718525 0.0000191623184522 0.2933266094964256 0.9233925517769486 0.9375040804303175
5.4066203082912683 -0.0503106166387939 0.0000190112313990 0.2979330318705678 0.9226201604484928 0.9368550721272528
5.4355811816374571 -0.0508300510703634 0.0000188592930218 0.3025925009434848 0.9218434985997012 0.9362020664151790
5.4646236543051403 -0.0513533481385679 0.0000187063147199 0.3073112360921496 0.9210616040917453 0.9355442458567761
5.4937474473492660 -0.0518805187364009 0.0000185522957640 0.3120897485368952 0.9202744753097837 0.9348815997489833
5.5229524086503465 -0.0524115759863817 0.0000183972348167 0.3169285716230362 0.9194821075632992 0.9342141146934014
5.5522383098379340 -0.0529465315758290 0.0000182411310039 0.3218282276689955 0.9186844985635966 0.9335417792054976
5.5816049944288411 -0.0534853984504392 0.0000180839831292 0.3267892524610551 0.9178816444079798 0.9328645803316025
5.5924225647376149 -0.0536845103568014 0.0000180259416159 0.3286288157784635 0.9175851383981874 0.9326143683400296
5.5999584304632872 -0.0538233992702402 0.0000179854594523 0.3299141749497398 0.9173783401210834 0.9324398219493271
5.6068296594687776 -0.0539501723286868 0.0000179485128444 0.3310889358649984 0.9171896072865252 0.9322804977729101
5.6363770854404818 -0.0544968324194402 0.0000177892571013 0.3361707200773841 0.9163761449821850 0.9315935085788940
5.6659735654063121 -0.0550468610702472 0.0000176291224841 0.3413100585088798 0.9155582875352680 0.9309023453749521
5.6956500453422327 -0.0556008451381293 0.0000174679407165 0.3465128159663032 0.9147351776961552 0.9302062743526460
5.7254061418040880 -0.0561587930413664 0.0000173057121341 0.3517794949374634 0.9139068195510158 0.9295052887825717
5.7552415684125107 -0.0567207149198381 0.0000171424366181 0.3571106153397748 0.9130732148989916 0.9287993798986379
5.7851561316193827 -0.0572866225961497 0.0000169781136086 0.3625067145256690 0.9122343633232770 0.9280885369506844
5.7972767881895262 -0.0575166249810683 0.0000169113595191 0.3647076132696043 0.9118936198410263 0.9277996499482969
5.8047175089496443 -0.0576580233147073 0.0000168703303416 0.3660628761692651 0.9116841964676803 0.9276220574832218
5.8084466638469818 -0.0577289475960171 0.0000168497530641 0.3667433005598435 0.9115791672014338 0.9275329803373384
5.8121758187443193 -0.0577999009745588 0.0000168291665562 0.3674245206974506 0.9114740911884224 0.9274438557993112
5.8176019600257112 -0.0579032099478097 0.0000167991951036 0.3684171583256107 0.9113211159668180 0.9273140897002501
5.8476925974160459 -0.0584775941308107 0.0000166326258576 0.3739524595847795 0.9104710034629213 0.9265926545223764
5.8778494236628021 -0.0590557628390774 0.0000164650760497 0.3795521403053154 0.9096159930864571 0.9258665486311179
5.9080841236769626 -0.0596379538081398 0.0000162964797726 0.3852189148937014 0.9087557510310752 0.9251354780205530
5.9383963118873000 -0.0602241747656924 0.0000161268378921 0.3909532874369991 0.9078902843339776 0.9243994377362711
5.9687856363635152 -0.0608144339902263 0.0000159561511637 0.3967557681071524 0.9070195995070146 0.9236584222774662
5.9992517218802934 -0.0614087392132969 0.0000157844205512 0.4026268623804909 0.9061437041607214 0.9229124269781021
6.0152683875590895 -0.0617221748755103 0.0000156938939690 0.4057351448879573 0.9056820249095826 0.9225189966937580
6.0312850532378857 -0.0620362954022359 0.0000156031998116 0.4088584302480726 0.9052195206337915 0.9221247103777129
6.0619334228761330 -0.0626393366297519 0.0000154291871827 0.4148768402568463 0.9043322156780953 0.9213678506613969
6.0926313044558960 -0.0632459320948207 0.0000152542820493 0.4209602999500970 0.9034404802621536 0.9206066415766444
6.1234042364428598 -0.0638565978488907 0.0000150783388339 0.4271143771748454 0.9025435748615264 0.9198404410131750
6.1542516399769065 -0.0644713369911582 0.0000149013600798 0.4333395324561463 0.9016415153188408 0.9190692508572391
6.1851730244231948 -0.0650901542301443 0.0000147233479169 0.4396362421691314 0.9007343154032772 0.9182930711383238
6.1928020445535976 -0.0652432170851929 0.0000146793352182 0.4411985245721947 0.9005100322134010 0.9181010873598707
6.2004310646840004 -0.0653964289212447 0.0000146352859233 0.4427642707530406 0.9002855691541329 0.9179089129895679
6.2314999689008390 -0.0660220116724254 0.0000144555175591 0.4491765433409609 0.8993696005923194 0.9171243246475490
6.2626037304215014 -0.0666509199478659 0.0000142749404025 0.4556537641109585 0.8984496433081509 0.9163357030849777
6.2937794589520974 -0.0672839134127441 0.0000140933397157 0.4622041273086121 0.8975246061108403 0.9155421019462989
6.3250264748551208 -0.0679209922363776 0.0000139107191470 0.4688280595496636 0.8965945106598158 0.9147435276669991
6.3563440054550364 -0.0685621544934301 0.0000137270829930 0.4755259640900676 0.8956593819505769 0.9139399894814760
6.3715438822344703 -0.0688742489629773 0.0000136377402386 0.4787981228578106 0.8952044674153681 0.9135488567557026
6.3852505213270110 -0.0691562144262803 0.0000135570537152 0.4817608092727284 0.8947936568807082 0.9131955128217826
6.4167326117027566 -0.0698057600378451 0.0000133712967392 0.4886087646269700 0.8938479900195178 0.9123816559849816
6.4482523591256529 -0.0704587500141151 0.0000131847175912 0.4955252217892296 0.8928982835675624 0.9115636538229210
6.4798395331863876 -0.0711158104085124 0.0000129971410759 0.5025171812216358 0.8919436487973046 0.9107407293085628
6.5114931702558394 -0.0717769342052764 0.0000128085731645 0.5095849816206161 0.8909841193782150 0.9099128988869321
6.5187540181487025 -0.0719289486606901 0.0000127652352243 0.5112148697463123 0.8907636134038251 0.9097225607214715
6.5255898289386085 -0.0720721855220398 0.0000127244059202 0.5127522994203583 0.8905558778578712 0.9095432124732735
6.5573836178679770 -0.0727400287333710 0.0000125341443959 0.5199406589099103 0.8895879399776944 0.9087071167485887
6.5891960628537269 -0.0734109620756246 0.0000123431781356 0.5271954313725571 0.8886165737298453 0.9078673500750745
6.6210714162161155 -0.0740859253769404 0.0000121512433774 0.5345271115653141 0.8876404405198290 0.9070227439593813
6.6530084434467156 -0.0747649045627908 0.0000119583482769 0.5419359456599286 0.8866595852396069 0.9061733244482827
6.6577357301432354 -0.0748656366224427 0.0000119297463030 0.5430379589235653 0.8865141605072114 0.9060473245769667
6.6624630168397552 -0.0749664205375360 0.0000119011317091 0.5441413571993886 0.8863686742180104 0.9059212552850325
6.6674914834275096 -0.0750736823913503 0.0000118706802153 0.5453165747872039 0.8862138513763497 0.9057870778416326
6.6995373141265668 -0.0757588245640389 0.0000116762772904 0.5528429707797619 0.8852255556365330 0.9049301392618420
6.7316206429434873 -0.0764474931712797 0.0000114810626950 0.5604421425104719 0.8842333018469402 0.9040690178876138
6.7637609606601874 -0.0771401150072895 0.0000112849195393 0.5681191498274987 0.8832364992072769 0.9032031888588509
6.7959566647428256 -0.0778366663096021 0.0000110878588610 0.5758741073214608 0.8822352073371981 0.9023326910917311
6.8244202318777463 -0.0784546597928478 0.0000109131642448 0.5827841825278565 0.8813476947418695 0.9015604636396156
6.8502135276302152 -0.0790165187485026 0.0000107544722770 0.5890899231276882 0.8805416010997089 0.9008585508314005
6.8825597404343846 -0.0797235944132663 0.0000105549484704 0.5970568213624158 0.8795282603204055 0.8999754603200710
6.9149450216387667 -0.0804342783915752 0.0000103546133181 0.6050994267477430 0.8785109824201794 0.8990881345602965
6.9211250490993352 -0.0805702098580254 0.0000103163192279 0.6066417093518234 0.8783165506558891 0.8989184485327150
6.9273050765599038 -0.0807062293054480 0.0000102780048621 0.6081864066225734 0.8781220210889706 0.8987486476018361
6.9340780455041218 -0.0808554057822028 0.0000102359910340 0.6098820841182744 0.8779087153049390 0.8985624232811497
6.9665762497966481 -0.0815728595223914 0.0000100340571386 0.6180587261105414 0.8768836034044396 0.8976669629967456
6.9990787992937165 -0.0822931746810825 0.0000098315329757 0.6263034624602516 0.8758556856433228 0.8967682228568066
7.0316222026014543 -0.0830171630610903 0.0000096281943657 0.6346258464793841 0.8748238274550476 0.8958651998230706
7.0394819279062100 -0.0831924321164065 0.0000095790015190 0.6366459391387859 0.8745742236300090 0.8956466345007157
7.0473416532109656 -0.0833678466516074 0.0000095297767287 0.6386699698694392 0.8743244670417490 0.8954278860820545
7.0545993923452457 -0.0835299606066602 0.0000094842936699 0.6405424765732679 0.8740937042757384 0.8952257294266002
7.0872452758293809 -0.0842608605667734 0.0000092793681529 0.6490067480919249 0.8730541161603418 0.8943144879947897
7.1198867149853351 -0.0849944376598016 0.0000090739191126 0.6575380126380201 0.8720120730366790 0.8934002316151830
7.1525587394627141 -0.0857314797140434 0.0000088677299508 0.6661456555527168 0.8709664795375104 0.8924819887054094
7.1608178125073065 -0.0859182115707899 0.0000088155223260 0.6683324092266352 0.8707017620390595 0.8922493743068312
7.1682918914143627 -0.0860873450031614 0.0000087682470553 0.6703150984953368 0.8704620648739438 0.8920386974662832
7.2010301693461853 -0.0868299000569025 0.0000085608369426 0.6790421031431574 0.8694105729720191 0.8911139650520304
7.2337649058730618 -0.0875751561668893 0.0000083529106014 0.6878372086879643 0.8683566743279305 0.8901862221911598
7.2456704528182625 -0.0878468932969815 0.0000082771555990 0.6910531172471588 0.8679727539865778 0.8898480356131419
7.2575759997634632 -0.0881189978806285 0.0000082013301744 0.6942781840408850 0.8675885050086919 0.8895094400559969
7.2903589619418039 -0.0888700577065100 0.0000079921787530 0.7032060712764504 0.8665287534750159 0.8885749792511655
7.3211322354593271 -0.0895776054070151 0.0000077953686809 0.7116500108278141 0.8655317323643710 0.8876949982243656
7.3539189274777845 -0.0903341405748979 0.0000075851744916 0.7207140545648800 0.8644671220501220 0.8867544661590783
7.3590532616063715 -0.0904528533557446 0.0000075522116526 0.7221397948137538 0.8643001875508235 0.8866069034223766
7.3638259910178299 -0.0905632618588905 0.0000075215590670 0.7234666600792889 0.8641449572081520 0.8864696661514109
7.3965394547768026 -0.0913216116667648 0.0000073111642581 0.7326012461694650 0.8630796068957988 0.8855272688053103
7.4293266969199969 -0.0920844421707759 0.0000070997826041 0.7418264480507504 0.8620094853690323 0.8845797099491303
7.4434960467817550 -0.0924149651940663 0.0000070082742351 0.7458349403016983 0.8615462940075174 0.8841692752912119
7.4523204522574886 -0.0926210548070518 0.0000069512371348 0.7483379864701719 0.8612576067296682 0.8839133792056720
7.4611448577332222 -0.0928273340404505 0.0000068941637343 0.7508461263563201 0.8609687509052294 0.8836572646158527
7.4939222330799398 -0.0935952932138774 0.0000066818514218 0.7602070031327326 0.8598943578915610 0.8827040438053653
7.5266724010807744 -0.0943653765573148 0.0000064692170079 0.7696304637062180 0.8588185682612633 0.8817486207546713
7.5420164743824003 -0.0947270985510379 0.0000063694243769 0.7740697622037184 0.8583137609554652 0.8812999614932485
7.5573605476840262 -0.0950894066744474 0.0000062695243805 0.7785245387397169 0.8578084599498704 0.8808506497826251
7.5900611741450952 -0.0958635604554192 0.0000060562640938 0.7880700677581389 0.8567299497420964 0.8798909256692440
7.6017008263939125 -0.0961397801252653 0.0000059802381361 0.7914847614155889 0.8563455254454772 0.8795486048946297
7.6133404786427299 -0.0964163477116081 0.0000059041511638 0.7949083903828714 0.8559608231918787 0.8792059118497013
7.6253111108073908 -0.0967011101727304 0.0000058258380417 0.7984386979626319 0.8555648929295628 0.8788530864751875
7.6361000556885594 -0.0969580755151012 0.0000057552007630 0.8016286166364136 0.8552077973558420 0.8785347541729345
7.6686889182223261 -0.0977360728377012 0.0000055415207882 0.8113107369157444 0.8541277338232501 0.8775712754785627
7.6809540595879771 -0.0980295853169713 0.0000054609784922 0.8149728975529873 0.8537206893085790 0.8772079113457959
7.6873860420820863 -0.0981836608563743 0.0000054187147037 0.8168973587960858 0.8535071105735617 0.8770171955702929
7.6938180245761956 -0.0983378316623017 0.0000053764330318 0.8188245606921221 0.8532934495939348 0.8768263675027312
7.7008188958674788 -0.0985057512701605 0.0000053303912692 0.8209253336118615 0.8530607977293577 0.8766185337718101
7.7333228302450694 -0.0992870203306611 0.0000051163465344 0.8307214685684238 0.8519793667130650 0.8756518574927115
7.7446895491174139 -0.0995608710899831 0.0000050413862379 0.8341637548915759 0.8516006989996574 0.8753131350431712
7.7560562679897584 -0.0998350527886750 0.0000049663701621 0.8376146251083141 0.8512217801090922 0.8749740647979575
7.7602862142121882 -0.0999371696957052 0.0000049384399033 0.8389010048774019 0.8510807074811818 0.8748477964441220
7.7645161604346180 -0.1000393237781712 0.0000049105021856 0.8401885742932064 0.8509396002514704 0.8747214800353601
7.7687655591160567 -0.1001419910281142 0.0000048824283303 0.8414832630317074 0.8507978093376692 0.8745945343691529
7.8012202185342900 -0.1009276336360225 0.0000046677605299 0.8514110467253884 0.8497137423678033 0.8736233949596649
7.8152187602818222 -0.1012673339122686 0.0000045750304664 0.8557148136750302 0.8492455362081138 0.8732036483596782
7.8221018669407218 -0.1014345490182419 0.0000045294045489 0.8578357735977387 0.8490151824251033 0.8729970667176310
7.8262814945362456 -0.1015361461766264 0.0000045016893806 0.8591252253997039 0.8488752611275742 0.8728715626469293
7.8304611221317693 -0.1016377827580843 0.0000044739669962 0.8604158424248136 0.8487353069252329 0.8727460121113522
