0.0000902160955026 -0.0000000000032213 0.0001673947203557 0.0000000000000023 0.9999999999357212 0.9999999999636522
0.0001231980203178 -0.0000000000060075 0.0001673947203396 0.0000000000000058 0.9999999998794392 0.9999999999322139
0.0001633678233779 -0.0000000000105642 0.0001673947203132 0.0000000000000135 0.9999999997873957 0.9999999998807992
0.0002113495039689 -0.0000000000176812 0.0001673947202721 0.0000000000000292 0.9999999996436323 0.9999999998004941
0.0002677533503124 -0.0000000000283781 0.0001673947202101 0.0000000000000594 0.9999999994275560 0.9999999996797957
0.0003331495399227 -0.0000000000439334 0.0001673947201201 0.0000000000001145 0.9999999991133417 0.9999999995042776
0.0004081034050879 -0.0000000000659262 0.0001673947199928 0.0000000000002105 0.9999999986690895 0.9999999992561210
0.0004931458994004 -0.0000000000962653 0.0001673947198172 0.0000000000003714 0.9999999980562451 0.9999999989137899
0.0005887943314109 -0.0000000001372293 0.0001673947195802 0.0000000000006321 0.9999999972287787 0.9999999984515722
0.0006955414088115 -0.0000000001914989 0.0001673947192661 0.0000000000010419 0.9999999961325433 0.9999999978392216
0.0008138918837606 -0.0000000002622129 0.0001673947188568 0.0000000000016694 0.9999999947041325 0.9999999970413195
0.0009443001071643 -0.0000000003529725 0.0001673947183315 0.0000000000026073 0.9999999928708030 0.9999999960172323
0.0010872275397750 -0.0000000004679096 0.0001673947176663 0.0000000000039795 0.9999999905490952 0.9999999947203397
0.0012431236313065 -0.0000000006117160 0.0001673947168341 0.0000000000059485 0.9999999876442310 0.9999999930976993
0.0014124082648461 -0.0000000007896630 0.0001673947158042 0.0000000000087246 0.9999999840497327 0.9999999910898331
0.0015955091230076 -0.0000000010076737 0.0001673947145425 0.0000000000125766 0.9999999796459538 0.9999999886299075
0.0017928393367426 -0.0000000012723429 0.0001673947130107 0.0000000000178438 0.9999999742996838 0.9999999856435117
0.0020048021850634 -0.0000000015909793 0.0001673947111666 0.0000000000249504 0.9999999678632852 0.9999999820481762
0.0022317947495791 -0.0000000019716508 0.0001673947089634 0.0000000000344212 0.9999999601737871 0.9999999777528665
0.0024741893569210 -0.0000000024231896 0.0001673947063501 0.0000000000468989 0.9999999510527835 0.9999999726579261
0.0027323676530870 -0.0000000029552880 0.0001673947032706 0.0000000000631657 0.9999999403044889 0.9999999666539899
0.0030067043943394 -0.0000000035785165 0.0001673946996637 0.0000000000841658 0.9999999277153843 0.9999999596217877
0.0032975460739238 -0.0000000043043078 0.0001673946954632 0.0000000001110290 0.9999999130545294 0.9999999514323177
0.0036052600117040 -0.0000000051451112 0.0001673946905970 0.0000000001451020 0.9999998960704496 0.9999999419451073
0.0039301893136268 -0.0000000061143251 0.0001673946849877 0.0000000001879767 0.9999998764925004 0.9999999310089761
0.0042726833085731 -0.0000000072264166 0.0001673946785514 0.0000000002415270 0.9999998540284492 0.9999999184606845
0.0046330676337618 -0.0000000084968679 0.0001673946711987 0.0000000003079424 0.9999998283655582 0.9999999041255391
0.0050116929731063 -0.0000000099423832 0.0001673946628327 0.0000000003897777 0.9999997991664056 0.9999998878150576
0.0054088813753372 -0.0000000115807449 0.0001673946533507 0.0000000004899886 0.9999997660717919 0.9999998693285932
0.0058249380127589 -0.0000000134308714 0.0001673946426431 0.0000000006119804 0.9999997286995653 0.9999998484526782
0.0062601765773385 -0.0000000155129621 0.0001673946305930 0.0000000007596671 0.9999996866417029 0.9999998249593929
0.0067149292050070 -0.0000000178486113 0.0001673946170754 0.0000000009375359 0.9999996394620055 0.9999997986050787
0.0071894960447004 -0.0000000204606036 0.0001673946019584 0.0000000011506915 0.9999995867002270 0.9999997691326447
0.0076841806992823 -0.0000000233731188 0.0001673945851022 0.0000000014049351 0.9999995278679391 0.9999997362692571
0.0081992791439925 -0.0000000266117146 0.0001673945663588 0.0000000017068311 0.9999994624488837 0.9999996997265367
0.0087350772036769 -0.0000000302033413 0.0001673945455722 0.0000000020637817 0.9999993898986677 0.9999996592003882
0.0092918825146285 -0.0000000341766030 0.0001673945225770 0.0000000024841318 0.9999993096394934 0.9999996143680566
0.0098699662686542 -0.0000000385613995 0.0001673944971999 0.0000000029772169 0.9999992210673914 0.9999995648921675
0.0104696332509284 -0.0000000433894717 0.0001673944692574 0.0000000035535126 0.9999991235412021 0.9999995104145717
0.0110911391143277 -0.0000000486938038 0.0001673944385585 0.0000000042246611 0.9999990163946499 0.9999994505630907
0.0117347889314139 -0.0000000545094663 0.0001673944049003 0.0000000050036767 0.9999988989193184 0.9999993849420058
0.0124008469430440 -0.0000000608729046 0.0001673943680719 0.0000000059049660 0.9999987703790182 0.9999993131400846
0.0130895712004519 -0.0000000678222404 0.0001673943278525 0.0000000069444776 0.9999986300036967 0.9999992347271789
0.0138012394797023 -0.0000000753975848 0.0001673942840102 0.0000000081398716 0.9999984769831193 0.9999991492506940
0.0145361132412164 -0.0000000836407273 0.0001673942363029 0.0000000095106047 0.9999983104731466 0.9999990562390966
0.0152944704228345 -0.0000000925955347 0.0001673941844769 0.0000000110781316 0.9999981295876783 0.9999989551974137
0.0160765441210378 -0.0000001023072700 0.0001673941282701 0.0000000128659313 0.9999979334124123 0.9999988456149184
0.0168826082941630 -0.0000001128236466 0.0001673940674065 0.0000000148998438 0.9999977209835460 0.9999987269532330
0.0177129162009921 -0.0000001241941437 0.0001673940015997 0.0000000172081121 0.9999974913016142 0.9999985986540582
0.0185677205371549 -0.0000001364702840 0.0001673939305514 0.0000000198216011 0.9999972433258673 0.9999984601360328
0.0194472523105153 -0.0000001497053559 0.0001673938539533 0.0000000227739119 0.9999969759798945 0.9999983107978750
0.0203517968210878 -0.0000001639556087 0.0001673937714799 0.0000000261018379 0.9999966881274688 0.9999981500048896
0.0212815701373403 -0.0000001792784175 0.0001673936827990 0.0000000298451478 0.9999963786096326 0.9999979771096829
0.0222368208188456 -0.0000001957338680 0.0001673935875630 0.0000000340471478 0.9999960462126651 0.9999977914342703
0.0232178063081020 -0.0000002133844929 0.0001673934854099 0.0000000387548540 0.9999956896734252 0.9999975922730600
0.0242247463737058 -0.0000002322944641 0.0001673933759683 0.0000000440189998 0.9999953076956541 0.9999973789019599
0.0252578749075148 -0.0000002525305277 0.0001673932588520 0.0000000498945111 0.9999948989311018 0.9999971505678353
0.0263174410995421 -0.0000002741621325 0.0001673931336590 0.0000000564408067 0.9999944619769217 0.9999969064870520
0.0274036664485721 -0.0000002972606120 0.0001673929999764 0.0000000637218140 0.9999939953921967 0.9999966458547087
0.0285167677716071 -0.0000003218996343 0.0001673928573780 0.0000000718063546 0.9999934976888539 0.9999963678395618
0.0296570050365665 -0.0000003481563507 0.0001673927054172 0.0000000807688161 0.9999929673084585 0.9999960715710616
0.0308245893413703 -0.0000003761093962 0.0001673925436388 0.0000000906887875 0.9999924026626108 0.9999957561619187
0.0320197564186550 -0.0000004058405774 0.0001673923715695 0.0000001016519261 0.9999918020988463 0.9999954206890551
0.0332427224255568 -0.0000004374338738 0.0001673921887233 0.0000001137499264 0.9999911639208032 0.9999950642048697
0.0344936985292958 -0.0000004709757915 0.0001673919945994 0.0000001270809603 0.9999904863810923 0.9999946857332551
0.0357729190263076 -0.0000005065561815 0.0001673917886778 0.0000001417503530 0.9999897676647570 0.9999942842603585
0.0370806027461982 -0.0000005442672733 0.0001673915704249 0.0000001578705664 0.9999890059087946 0.9999938587454855
0.0384169399353246 -0.0000005842032471 0.0001673913392955 0.0000001755613484 0.9999881992108051 0.9999934081259312
0.0397821775976491 -0.0000006264628161 0.0001673910947183 0.0000001949512549 0.9999873455768203 0.9999929312878378
0.0411765251386885 -0.0000006711465075 0.0001673908361115 0.0000002161768709 0.9999864429762366 0.9999924270968787
0.0426001790660458 -0.0000007183573401 0.0001673905628790 0.0000002393834764 0.9999854893281206 0.9999918943906094
0.0440533700832998 -0.0000007682024410 0.0001673902744007 0.0000002647262734 0.9999844824685565 0.9999913319602267
0.0455362844377583 -0.0000008207904564 0.0001673899700478 0.0000002923695439 0.9999834202029428 0.9999907385797817
0.0470491592912803 -0.0000008762348920 0.0001673896491635 0.0000003224888232 0.9999823002385227 0.9999901129684906
0.0485921828675103 -0.0000009346506265 0.0001673893110828 0.0000003552695486 0.9999811202548086 0.9999894538300733
0.0501655787537189 -0.0000009961570112 0.0001673889551151 0.0000003909092207 0.9999798778409714 0.9999887598177791
0.0517695227621474 -0.0000010608747321 0.0001673885805619 0.0000004296161287 0.9999785705592266 0.9999880295697927
0.0534042309055693 -0.0000011289292739 0.0001673881866970 0.0000004716118726 0.9999771958748583 0.9999872616701461
0.0550699008624009 -0.0000012004486759 0.0001673877727793 0.0000005171306063 0.9999757512015567 0.9999864546740425
0.0567667477325525 -0.0000012755650680 0.0001673873380442 0.0000005664205523 0.9999742338703840 0.9999856070905205
0.0584949772417112 -0.0000013544135980 0.0001673868817096 0.0000006197439229 0.9999726411514522 0.9999847173945633
0.0602547554290904 -0.0000014371309729 0.0001673864029841 0.0000006773764543 0.9999709702833794 0.9999837840435507
0.0620462925005026 -0.0000015238593479 0.0001673859010452 0.0000007396106626 0.9999692183947418 0.9999828054333828
0.0638697691856637 -0.0000016147429626 0.0001673853750581 0.0000008067541676 0.9999673825720148 0.9999817799364307
0.0657254019403028 -0.0000017099313701 0.0001673848241573 0.0000008791326884 0.9999654597943508 0.9999807058651018
0.0676133789980312 -0.0000018095763269 0.0001673842474644 0.0000009570884458 0.9999634469964070 0.9999795815069353
0.0695338935714283 -0.0000019138334604 0.0001673836440789 0.0000010409820688 0.9999613410346493 0.9999784051057784
0.0714871303134862 -0.0000020228615901 0.0001673830130816 0.0000011311927689 0.9999591387010807 0.9999771748694537
0.0734732832237724 -0.0000021368237510 0.0001673823535290 0.0000012281199064 0.9999568367025597 0.9999758889582057
0.0754925331156497 -0.0000022558859695 0.0001673816644602 0.0000013321827234 0.9999544316855298 0.9999745454985129
0.0775450859866832 -0.0000023802195622 0.0001673809448837 0.0000014438231265 0.9999519201895852 0.9999731425571492
0.0796310998363017 -0.0000025099967777 0.0001673801938028 0.0000015635025985 0.9999492987355059 0.9999716781903583
0.0817507847270253 -0.0000026453969238 0.0001673794101798 0.0000016917085444 0.9999465637014922 0.9999701503747170
0.0839043167336265 -0.0000027866011371 0.0001673785929663 0.0000018289503856 0.9999437114288152 0.9999685570661507
0.0860919041893712 -0.0000029337966598 0.0001673777410788 0.0000019757644885 0.9999407381354345 0.9999668961516776
0.0883136993960823 -0.0000030871709972 0.0001673768534320 0.0000021327092825 0.9999376400340029 0.9999651655153258
0.0905698987812367 -0.0000032469186550 0.0001673759289005 0.0000023003728499 0.9999344131957906 0.9999633629621186
0.0928606543125186 -0.0000034132350680 0.0001673749663532 0.0000024793676418 0.9999310536733169 0.9999614862865759
0.0951861810611472 -0.0000035863243490 0.0001673739646088 0.0000026703396745 0.9999275573438241 0.9999595331852748
0.0975466291593577 -0.0000037663900325 0.0001673729224894 0.0000028739595471 0.9999239200962579 0.9999575013612975
0.0999422107478784 -0.0000039536445614 0.0001673718387657 0.0000030909339280 0.9999201376396420 0.9999553884171841
0.1023730766865713 -0.0000041482999330 0.0001673707122108 0.0000033219960224 0.9999162056920172 0.9999531919604755
0.1048394332431412 -0.0000043505768442 0.0001673695415476 0.0000035679172225 0.9999121197957259 0.9999509095005249
0.1073414265920255 -0.0000045606954671 0.0001673683255018 0.0000038294972234 0.9999078755037318 0.9999485385525780
0.1098792347716111 -0.0000047788829018 0.0001673670627592 0.0000041075740405 0.9999034682290870 0.9999460765536791
0.1124530479894993 -0.0000050053717881 0.0001673657519737 0.0000044030237034 0.9998988932729677 0.9999435208783297
0.1150630278669420 -0.0000052403967697 0.0001673643917872 0.0000047167568314 0.9998941458961088 0.9999408688783916
0.1177093518728276 -0.0000054841983879 0.0001673629808078 0.0000050497248428 0.9998892212401399 0.9999381178391389
0.1203921772547465 -0.0000057370198591 0.0001673615176280 0.0000054029168510 0.9998841143926951 0.9999352650156286
0.1231116899333391 -0.0000059991116719 0.0001673600007983 0.0000057773672732 0.9998788202945470 0.9999323075808183
0.1258680698545757 -0.0000062707284927 0.0001673584288450 0.0000061741529811 0.9998733338021145 0.9999292426604826
0.1286614532597819 -0.0000065521253108 0.0001673568002925 0.0000065943887349 0.9998676497653378 0.9999260673767120
0.1314920338549398 -0.0000068435675301 0.0001673551136050 0.0000070392433907 0.9998617628238221 0.9999227787340301
0.1343599855845942 -0.0000071453234479 0.0001673533672298 0.0000075099303690 0.9998556675587791 0.9999193737042675
0.1372654538532046 -0.0000074576631298 0.0001673515596043 0.0000080077069517 0.9998493585157461 0.9999158492392503
0.1402086304520481 -0.0000077808664433 0.0001673496891088 0.0000085338884247 0.9998428300423143 0.9999122021801452
0.1431896641666081 -0.0000081152135159 0.0001673477541224 0.0000090898343805 0.9998360764808770 0.9999084293651314
0.1462087028916367 -0.0000084609891514 0.0001673457529971 0.0000096769569994 0.9998290920794211 0.9999045275795604
0.1492659354409427 -0.0000088184878025 0.0001673436840290 0.0000102967312487 0.9998218708910890 0.9999004934998431
0.1523615104649194 -0.0000091880043375 0.0001673415455118 0.0000109506807924 0.9998144069606922 0.9998963237976380
0.1554955859343751 -0.0000095698396882 0.0001673393357042 0.0000116403890746 0.9998066942106225 0.9998920150761121
0.1586683589122549 -0.0000099643047500 0.0001673370528072 0.0000123675084043 0.9997987263620823 0.9998875638259302
0.1618799683592454 -0.0000103717084724 0.0001673346950331 0.0000131337399263 0.9997904971756467 0.9998829665596389
0.1651305730849422 -0.0000107923673593 0.0001673322605505 0.0000139408524112 0.9997820002593740 0.9998782197044624
0.1684203294504211 -0.0000112266027963 0.0001673297474997 0.0000147906791679 0.9997732291227912 0.9998733196324548
0.1717494241922219 -0.0000116747455280 0.0001673271539671 0.0000156851287842 0.9997641770864615 0.9998682626099731
0.1751179731174246 -0.0000121371220695 0.0001673244780632 0.0000166261598308 0.9997548375564642 0.9998630449510109
0.1785261660058973 -0.0000126140742805 0.0001673217178102 0.0000176158218346 0.9997452036290220 0.9998576627963132
0.1819741660026787 -0.0000131059459190 0.0001673188712188 0.0000186562304560 0.9997352683621012 0.9998521122651005
0.1854620846830708 -0.0000136130786728 0.0001673159363122 0.0000197495600884 0.9997250248555883 0.9998463894998555
0.1889901239987902 -0.0000141358327193 0.0001673129110064 0.0000208980898758 0.9997144658359916 0.9998404904342992
0.1925584237510084 -0.0000146745647919 0.0001673097932372 0.0000221041588533 0.9997035840994990 0.9998344110409075
0.1961671452512720 -0.0000152296403425 0.0001673065808903 0.0000233701941261 0.9996923722663000 0.9998281471936481
0.1998164313981472 -0.0000158014275820 0.0001673032718353 0.0000246986996472 0.9996808229009728 0.9998216947352301
0.2035064558457964 -0.0000163903051798 0.0001672998638812 0.0000260922761200 0.9996689283569701 0.9998150493902116
0.2072373774262712 -0.0000169966552865 0.0001672963548171 0.0000275536072433 0.9996566809175510 0.9998082068437264
0.2110093159731607 -0.0000176208593304 0.0001672927424362 0.0000290854510358 0.9996440728807006 0.9998011627889192
0.2148224254599278 -0.0000182633099117 0.0001672890244672 0.0000306906706307 0.9996310963188857 0.9997939127927129
0.2186768961905515 -0.0000189244117382 0.0001672851985685 0.0000323722401637 0.9996177430601579 0.9997864522852384
0.2225728445034333 -0.0000196045628077 0.0001672812624376 0.0000341331993955 0.9996040050682525 0.9997787767721866
0.2265104208048765 -0.0000203041726799 0.0001672772137050 0.0000359767017831 0.9995898740735334 0.9997708816286048
0.2304898024905983 -0.0000210236617567 0.0001672730499388 0.0000379060162460 0.9995753415875310 0.9997627621070065
0.2345111319631651 -0.0000217634502569 0.0001672687687077 0.0000399245004430 0.9995603991256439 0.9997544134617846
0.2385745478768692 -0.0000225239636087 0.0001672643675508 0.0000420356169276 0.9995450380982320 0.9997458308883529
0.2426801934273374 -0.0000233056340248 0.0001672598439677 0.0000442429399833 0.9995292497788052 0.9997370095053590
0.2468282375085836 -0.0000241089047520 0.0001672551953942 0.0000465501706929 0.9995130252181978 0.9997279443067175
0.2510188145086851 -0.0000249342185852 0.0001672504192689 0.0000489611069500 0.9994963554765791 0.9997186302912262
0.2552520744734835 -0.0000257820274738 0.0001672455129773 0.0000514796733020 0.9994792314294200 0.9997090623541408
0.2595281555408719 -0.0000266527871689 0.0001672404738832 0.0000541099081100 0.9994616438756301 0.9996992353475792
0.2638472335782106 -0.0000275469674283 0.0001672352992692 0.0000568559973137 0.9994435833314391 0.9996891439653379
0.2682093998637542 -0.0000284650267563 0.0001672299864832 0.0000597221997218 0.9994250405406114 0.9996787830279600
0.2726148464621162 -0.0000294074509668 0.0001672245327151 0.0000627129687474 0.9994060056955675 0.9996681470475164
0.2770636906230140 -0.0000303747164939 0.0001672189352091 0.0000658328414498 0.9993864691784372 0.9996572306416576
0.2815560735321974 -0.0000313673111209 0.0001672131911438 0.0000690865058881 0.9993664211423910 0.9996460282996621
0.2860921679866195 -0.0000323857361823 0.0001672072976195 0.0000724788128130 0.9993458514671765 0.9996345343575693
0.2906721142482444 -0.0000334304924316 0.0001672012517399 0.0000760147324233 0.9993247500445700 0.9996227431576648
0.2952960539318348 -0.0000345020874180 0.0001671950505696 0.0000796993811572 0.9993031066293924 0.9996106489652125
0.2999641152643083 -0.0000356010320587 0.0001671886911536 0.0000835380128551 0.9992809109087578 0.9995982460071315
0.3046764475910559 -0.0000367278487496 0.0001671821704706 0.0000875360500890 0.9992581523382625 0.9995855283804379
0.3094331561341129 -0.0000378830558357 0.0001671754855229 0.0000916990323698 0.9992348204556655 0.9995724902275099
0.3142344501976775 -0.0000390672036547 0.0001671686331277 0.0000960327493831 0.9992109041529086 0.9995591253292622
0.3190804337971238 -0.0000402808237256 0.0001671616102113 0.0001005430612274 0.9991863927023941 0.9995454276786186
0.3239712291738156 -0.0000415244584305 0.0001671544136371 0.0001052360074447 0.9991612751574964 0.9995313911454918
0.3289069928182294 -0.0000427986655691 0.0001671470401794 0.0001101178292132 0.9991355402605954 0.9995170094253607
0.3338878755043077 -0.0000441040085176 0.0001671394865805 0.0001151949368031 0.9991091766418568 0.9995022761503276
0.3389140099701022 -0.0000454410528638 0.0001671317495698 0.0001204738994191 0.9990821728872051 0.9994871849270813
0.3439855325702244 -0.0000468103719838 0.0001671238258320 0.0001259614699739 0.9990545174257068 0.9994717292739360
0.3491025662021576 -0.0000482125424440 0.0001671157120332 0.0001316645701886 0.9990261986224557 0.9994559026727147
0.3542652882801767 -0.0000496481628098 0.0001671074047124 0.0001375903713976 0.9989972043987141 0.9994396983564273
0.3594738087308555 -0.0000511178201281 0.0001670989004756 0.0001437461614973 0.9989675229088760 0.9994231096875787
0.3647282597573938 -0.0000526221144708 0.0001670901958532 0.0001501394482040 0.9989371420447839 0.9994061298811170
0.3700287667712689 -0.0000541616509302 0.0001670812873471 0.0001567779300124 0.9989060495974162 0.9993887520947659
0.3753754818054876 -0.0000557370494327 0.0001670721713731 0.0001636695427387 0.9988742330587105 0.9993709693182303
0.3807685369191812 -0.0000573489313179 0.0001670628443392 0.0001708224059821 0.9988416798926314 0.9993527745246654
0.3862080690622705 -0.0000589979265497 0.0001670533026037 0.0001782448580793 0.9988083773895561 0.9993341605892577
0.3916942150201862 -0.0000606846722980 0.0001670435424833 0.0001859454541706 0.9987743126949427 0.9993151203052140
0.3972271224040931 -0.0000624098164284 0.0001670335602328 0.0001939329866587 0.9987394727388744 0.9992956463443434
0.4028069008629448 -0.0000641740022500 0.0001670233521339 0.0002022164184729 0.9987038445441054 0.9992757314292071
0.4084336910897319 -0.0000659778899963 0.0001670129143702 0.0002108049864651 0.9986674147922746 0.9992553680906134
0.4141076525347737 -0.0000678221535301 0.0001670022430469 0.0002197081929166 0.9986301698904752 0.9992345487047821
0.4198288694914716 -0.0000697074496510 0.0001669913343679 0.0002289356608307 0.9985920965911137 0.9992132658398007
0.4255975197375660 -0.0000716344731566 0.0001669801843176 0.0002384974052520 0.9985531808799741 0.9991915116340228
0.4314137062855073 -0.0000736039016499 0.0001669687889801 0.0002484035686673 0.9985134090908667 0.9991692784191087
0.4372776017812324 -0.0000756164437623 0.0001669571442599 0.0002586646647341 0.9984727669317894 0.9991465581755995
0.4431892863625216 -0.0000776727840263 0.0001669452462016 0.0002692913042732 0.9984312405982336 0.9991233431552371
0.4491489050112363 -0.0000797736365993 0.0001669330906783 0.0002802944722611 0.9983888156882883 0.9990996252744342
0.4551565980318975 -0.0000819197218178 0.0001669206735276 0.0002916854150423 0.9983454776761488 0.9990753963789266
0.4612124970762524 -0.0000841117646819 0.0001669079905606 0.0003034756365057 0.9983012119427452 0.9990506482608515
0.4673167155772995 -0.0000863504911593 0.0001668950375828 0.0003156768816851 0.9982560038504152 0.9990253727004511
0.4734694100555978 -0.0000886366507116 0.0001668818102641 0.0003283012645346 0.9982098382880428 0.9989995612117127
0.4796706738897556 -0.0000909709771304 0.0001668683043654 0.0003413610581678 0.9981627004619524 0.9989732054845056
0.4859206729853505 -0.0000933542391015 0.0001668545154459 0.0003548689798796 0.9981145748748812 0.9989462968136615
0.4922194995958772 -0.0000957871852002 0.0001668404391815 0.0003688378884506 0.9980654464367337 0.9989188267199670
0.4985673221083852 -0.0000982706010794 0.0001668260710339 0.0003832811137927 0.9980152993098182 0.9988907863044376
0.5049642324064654 -0.0001008052505433 0.0001668114065913 0.0003982121238479 0.9979641180987782 0.9988621669136100
0.5114103871490716 -0.0001033919307120 0.0001667964412499 0.0004136448500169 0.9979118867367029 0.9988329595166394
0.5179058717224948 -0.0001060314180658 0.0001667811705251 0.0004295933741593 0.9978585895746737 0.9988031553144935
0.5244508674608914 -0.0001087245358979 0.0001667655896623 0.0004460723385203 0.9978042100197694 0.9987727449782633
0.5310454585335816 -0.0001114720758610 0.0001667496940899 0.0004630964771338 0.9977487321192631 0.9987417195349970
0.5376898001122296 -0.0001142748668666 0.0001667334790215 0.0004806810410870 0.9976921391694412 0.9987100695896608
0.5443840008036757 -0.0001171337264517 0.0001667169397364 0.0004988415048013 0.9976344146976529 0.9986777858742660
0.5511281864065748 -0.0001200494873252 0.0001667000714269 0.0005175937359793 0.9975755419263205 0.9986448589480554
0.5579224698287343 -0.0001230229846091 0.0001666828692716 0.0005369539206731 0.9975155040306234 0.9986112793415476
0.5647670129399845 -0.0001260550830925 0.0001666653282778 0.0005569387476593 0.9974542835882466 0.9985770372487011
0.5716619012241689 -0.0001291466220421 0.0001666474436010 0.0005775650526844 0.9973918636937652 0.9985421231501354
0.5786072840363444 -0.0001322984772015 0.0001666292101861 0.0005988502321045 0.9973282267068708 0.9985065271129120
0.5856032638314935 -0.0001355115113831 0.0001666106230531 0.0006208119208160 0.9972633552500150 0.9984702393484755
0.5926499760842193 -0.0001387866105797 0.0001665916770884 0.0006434682410861 0.9971972314793347 0.9984332498047646
0.5997475570328602 -0.0001421246696474 0.0001665723671279 0.0006668377141782 0.9971298373738026 0.9983955483278611
0.6068961043357125 -0.0001455265735290 0.0001665526880649 0.0006909391331852 0.9970611551143492 0.9983571248740050
0.6140957565454335 -0.0001489932346950 0.0001665326346342 0.0007157918317824 0.9969911663280157 0.9983179690866730
0.6213466391468382 -0.0001525255678835 0.0001665122015580 0.0007414155145384 0.9969198525980013 0.9982780705818201
0.6286488748898653 -0.0001561244948854 0.0001664913835182 0.0007678302962552 0.9968471953671062 0.9982374188937767
0.6360025782397553 -0.0001597909417143 0.0001664701751727 0.0007950566869183 0.9967731759949325 0.9981960035071680
0.6434078593133596 -0.0001635258403932 0.0001664485711455 0.0008231156101060 0.9966977757218757 0.9981538138366798
0.6508648454008461 -0.0001673301398958 0.0001664265659628 0.0008520284923475 0.9966209754482933 0.9981108391033987
0.6583736669081958 -0.0001712047993802 0.0001664041540927 0.0008818172213946 0.9965427558711942 0.9980670684111861
0.6659344164394583 -0.0001751507668350 0.0001663813300684 0.0009125039869450 0.9964630979153701 0.9980224909878453
0.6735472679814460 -0.0001791690412505 0.0001663580881289 0.0009441117707060 0.9963819814784115 0.9979770954827198
0.6812123036955825 -0.0001832605820943 0.0001663344227423 0.0009766636482912 0.9962993872582003 0.9979308709892801
0.6889296361410286 -0.0001874263729374 0.0001663103282380 0.0010101832895897 0.9962152954685556 0.9978838063262873
0.6966994177241408 -0.0001916674275732 0.0001662857987713 0.0010446950230790 0.9961296857158081 0.9978358899685638
0.7045217410962725 -0.0001959847359798 0.0001662608286360 0.0010802234059146 0.9960425380896970 0.9977871106574505
0.7123967231241415 -0.0002003793096399 0.0001662354120022 0.0011167935956607 0.9959538322486029 0.9977374568887167
0.7203244789574310 -0.0002048521675923 0.0001662095429970 0.0011544312456708 0.9958635477012050 0.9976869170700819
0.7283051599279783 -0.0002094043581368 0.0001661832155792 0.0011931626978251 0.9957716633684522 0.9976354792758810
0.7363388647530248 -0.0002140369085074 0.0001661564238300 0.0012330145645784 0.9956781585994973 0.9975831318156586
0.7444256846086224 -0.0002187508496670 0.0001661291618102 0.0012740139394687 0.9955830126712731 0.9975298629539501
0.7525657513901785 -0.0002235472446733 0.0001661014233955 0.0013161886532383 0.9954862042160629 0.9974756605896624
0.7607591787297262 -0.0002284271546704 0.0001660732024736 0.0013595669889454 0.9953877119080224 0.9974205126402877
0.7690061208825829 -0.0002333916739674 0.0001660444927415 0.0014041780017156 0.9952875137552752 0.9973644066453997
0.7773066783297840 -0.0002384418736308 0.0001660152880314 0.0014500510235665 0.9951855882384929 0.9973073304040447
0.7856609440823571 -0.0002435788283959 0.0001659855821551 0.0014972159043218 0.9950819137678152 0.9972492716705617
0.7940690640390760 -0.0002488036541389 0.0001659553686876 0.0015457033668157 0.9949764679266888 0.9971902177309658
0.8025311005754715 -0.0002541174235164 0.0001659246414548 0.0015955442357290 0.9948692291745300 0.9971301563563442
0.8110472299876013 -0.0002595212891741 0.0001658933938211 0.0016467705940927 0.9947601743602942 0.9970690744101770
0.8196175270060378 -0.0002650163486498 0.0001658616194707 0.0016994145263680 0.9946492814490140 0.9970069593752350
0.8282421124975111 -0.0002706037371994 0.0001658293118705 0.0017535089981123 0.9945365276485805 0.9969437983042858
0.8369211159263852 -0.0002762846046514 0.0001657964644046 0.0018090876515472 0.9944218898769707 0.9968795780815940
0.8456546511148126 -0.0002820600996036 0.0001657630704651 0.0018661846601487 0.9943053450812716 0.9968142856014762
0.8544428318728515 -0.0002879313794072 0.0001657291233947 0.0019248348324765 0.9941868700363252 0.9967479076553568
0.8632857564672691 -0.0002938995996444 0.0001656946165478 0.0019850735141893 0.9940664415571678 0.9966804310506377
0.8721835624084312 -0.0002999659511476 0.0001656595430758 0.0020469369708214 0.9939440357521715 0.9966118421920608
0.8811363317737081 -0.0003061315958346 0.0001656238962989 0.0021104617461413 0.9938196293179019 0.9965421278070711
0.8901442050642953 -0.0003123977443983 0.0001655876692564 0.0021756854640327 0.9936931979716437 0.9964712740673203
0.8992073073904077 -0.0003187656062293 0.0001655508549967 0.0022426463295554 0.9935647174619979 0.9963992671547467
0.9083257082317945 -0.0003252363601984 0.0001655134467458 0.0023113828208717 0.9934341641584888 0.9963260935919099
0.9174995512595246 -0.0003318112462036 0.0001654754373783 0.0023819346645803 0.9933015132046248 0.9962517392066648
0.9267289441516529 -0.0003384914876599 0.0001654368198659 0.0024543420289237 0.9931667400819180 0.9961761900085345
0.9360139695267226 -0.0003452782982622 0.0001653975872375 0.0025286455939077 0.9930298204735380 0.9960994321121801
0.9453547580233926 -0.0003521729352935 0.0001653577322719 0.0026048871429833 0.9928907291890003 0.9960214511343887
0.9547514250508827 -0.0003591766539862 0.0001653172477612 0.0026831090795128 0.9927494410850777 0.9959422327100945
0.9642040736894993 -0.0003662907091750 0.0001652761265014 0.0027633544491884 0.9926059310325973 0.9958617624736016
0.9737128260374194 -0.0003735163787872 0.0001652343611567 0.0028456672135311 0.9924601734427337 0.9957800257927638
0.9832778076144081 -0.0003808549525196 0.0001651919443251 0.0029300921368256 0.9923121424956148 0.9956970078969236
0.9928990959445673 -0.0003883076919545 0.0001651488687688 0.0030166743321372 0.9921618129449991 0.9956126943280097
1.0025768071734560 -0.0003958758968426 0.0001651051270309 0.0031054600316448 0.9920091587814095 0.9955270701906019
1.0123110589790516 -0.0004035608771148 0.0001650607115979 0.0031964962802523 0.9918541537968985 0.9954401204683940
1.0221019482288596 -0.0004113639350529 0.0001650156150023 0.0032898307322547 0.9916967719448486 0.9953518302258137
1.0319495678397541 -0.0004192863781338 0.0001649698297483 0.0033855118079052 0.9915369870810581 0.9952621844626011
1.0418540924471291 -0.0004273295887684 0.0001649233479093 0.0034835895559976 0.9913747715574492 0.9951711673245059
1.0518155773805022 -0.0004354948618673 0.0001648761620662 0.0035841136937667 0.9912100994982999 0.9950787639412174
1.0618341586350084 -0.0004437835664988 0.0001648282643737 0.0036871355795628 0.9910429435400783 0.9949849585969555
1.0719098860729346 -0.0004521970090499 0.0001647796473506 0.0037927065368378 0.9908732775913213 0.9948897362789064
1.0820429413054153 -0.0004607366143593 0.0001647303028337 0.0039008801274348 0.9907010731800507 0.9947930806271020
1.0922334115541426 -0.0004694037376035 0.0001646802230642 0.0040117098112116 0.9905263032475567 0.9946949760632838
1.1024813483018108 -0.0004781997111967 0.0001646294004176 0.0041252495179814 0.9903489412026820 0.9945954072601078
1.1127869371914456 -0.0004871259911980 0.0001645778265571 0.0042415555556012 0.9901689579699343 0.9944943574836638
1.1231502339246184 -0.0004961839307022 0.0001645254937432 0.0043606836967939 0.9899863265590749 0.9943918111585057
1.1335713618286998 -0.0005053749497328 0.0001644723938525 0.0044826913875550 0.9898010186396529 0.9942877519443259
1.1440504413036641 -0.0005147004748415 0.0001644185187262 0.0046076369810155 0.9896130057591864 0.9941821634195240
1.1545875689431679 -0.0005241619201545 0.0001643638602799 0.0047355794898902 0.9894222597255092 0.9940750292956919
1.1651828368042489 -0.0005337607039415 0.0001643084104083 0.0048665788117599 0.9892287522729249 0.9939663332299083
1.1758363587033422 -0.0005434982725564 0.0001642521608461 0.0050006960687451 0.9890324545798425 0.9938560585534787
1.1865482411007560 -0.0005533760743356 0.0001641951033199 0.0051379932666894 0.9888333377952716 0.9937441885673414
1.1973185685835734 -0.0005633955457202 0.0001641372296276 0.0052785331069285 0.9886313733187934 0.9936307066991221
1.2081475010869398 -0.0005735582019812 0.0001640785311149 0.0054223802746891 0.9884265309721106 0.9935155954753981
1.2190350986624838 -0.0005838654736857 0.0001640189996198 0.0055695991495894 0.9882187822956561 0.9933988383737848
1.2299814803073923 -0.0005943188548965 0.0001639586266165 0.0057202559027566 0.9880080975616508 0.9932804181442204
1.2409867283380323 -0.0006049198130762 0.0001638974037364 0.0058744172280752 0.9877944475903678 0.9931603178293439
1.2520509603166472 -0.0006156698577234 0.0001638353223711 0.0060321513427286 0.9875778023670897 0.9930385199867993
1.2631742946665085 -0.0006265705079816 0.0001637723738601 0.0061935275394223 0.9873581316953055 0.9929150070559768
1.2743568180068925 -0.0006376232602337 0.0001637085496776 0.0063586157131089 0.9871354058500291 0.9927897617250638
1.2855986461492219 -0.0006488296477983 0.0001636438410883 0.0065274872559494 0.9869095943751127 0.9926627662544810
1.2968998570534431 -0.0006601911744534 0.0001635782395310 0.0067002140733834 0.9866806674231341 0.9925340032300231
1.3082606093862146 -0.0006717094335061 0.0001635117359311 0.0068768704051002 0.9864485933565628 0.9924034542132605
1.3196809368026179 -0.0006833859000034 0.0001634443219009 0.0070575296631434 0.9862133429347931 0.9922711020963872
1.3311609751205975 -0.0006952221605397 0.0001633759884125 0.0072422679609543 0.9859748846842166 0.9921369284974542
1.3427008291893132 -0.0007072197786341 0.0001633067265752 0.0074311620672269 0.9857331876110469 0.9920009152859829
1.3543006098495933 -0.0007193803322736 0.0001632365274188 0.0076242899959389 0.9854882204452742 0.9918630441572693
1.3659603794074646 -0.0007317053562679 0.0001631653822268 0.0078217300958545 0.9852399528022163 0.9917232972858182
1.3776802749791812 -0.0007441964720945 0.0001630932817865 0.0080235631346010 0.9849883525673320 0.9915816558529899
1.3894604070204288 -0.0007568552816560 0.0001630202170027 0.0082298706270637 0.9847333880368238 0.9914381012513339
1.4013008336261561 -0.0007696833381223 0.0001629461790660 0.0084407343476545 0.9844750285051429 0.9912926154152495
1.4132016775585192 -0.0007826822719180 0.0001628711587258 0.0086562384007088 0.9842132417278777 0.9911451793920435
1.4251630735432990 -0.0007958537352809 0.0001627951466101 0.0088764683512802 0.9839479950390185 0.9909957739703422
1.4371850620758857 -0.0008091992844051 0.0001627181339065 0.0091015092523933 0.9836792577246674 0.9908443810168780
1.4492677650448955 -0.0008227205725023 0.0001626401112472 0.0093314488807413 0.9834069971355756 0.9906909812864361
1.4614112767503933 -0.0008364192299797 0.0001625610694014 0.0095663757500429 0.9831311811006013 0.9905355557808100
1.4736157205220566 -0.0008502969277925 0.0001624809989096 0.0098063802023831 0.9828517766515323 0.9903780850298800
1.4858811832689172 -0.0008643553034026 0.0001623998905107 0.0100515531486075 0.9825687515143259 0.9902185499315357
1.4982077431474659 -0.0008785959911703 0.0001623177349670 0.0103019865882765 0.9822820734975479 0.9900569314067741
1.5105955272724567 -0.0008930206893666 0.0001622345226778 0.0105577748081798 0.9819917091439025 0.9898932096389480
1.5230446369564195 -0.0009076310742860 0.0001621502441750 0.0108190128951481 0.9816976254598074 0.9897273650482596
1.5355551466546482 -0.0009224287977635 0.0001620648901373 0.0110857966827966 0.9813997899657018 0.9895593783199267
1.5481271559259671 -0.0009374155480624 0.0001619784510392 0.0113582238524809 0.9810981694709877 0.9893892297128684
1.5607608080465751 -0.0009525930734300 0.0001618909170158 0.0116363944018827 0.9807927296007231 0.9892168987919008
1.5734561058891696 -0.0009679629603163 0.0001618022791412 0.0119204065834005 0.9804834392593221 0.9890423669458225
1.5862132207665651 -0.0009835270050013 0.0001617125272861 0.0122103637413737 0.9801702631524080 0.9888656131675542
1.5990322447910152 -0.0009992869158104 0.0001616216518351 0.0125063688636920 0.9798531677801237 0.9886866174351515
1.6119132810665557 -0.0010152444215040 0.0001615296430615 0.0128085265838974 0.9795321192564446 0.9885053594809191
1.6248563755477705 -0.0010314011863555 0.0001614364916176 0.0131169415775352 0.9792070850182355 0.9883218197559186
1.6378616679717044 -0.0010477589979342 0.0001613421874517 0.0134317221487003 0.9788780300480217 0.9881359772966825
1.6509292542846634 -0.0010643195964975 0.0001612467207924 0.0137529770110735 0.9785449203070435 0.9879478116629555
1.6640592338729454 -0.0010810847333805 0.0001611500818115 0.0140808164061327 0.9782077215611491 0.9877573022742979
1.6772516693928690 -0.0010980561192286 0.0001610522609234 0.0144153510958826 0.9778664004225656 0.9875644289982400
1.6905066901701526 -0.0011152355566743 0.0001609532480196 0.0147566949860026 0.9775209216821549 0.9873691706423317
1.7038243438713963 -0.0011326247490917 0.0001608530335721 0.0151049613618039 0.9771712521562724 0.9871715071274783
1.7172047996045241 -0.0011502255647238 0.0001607516071106 0.0154602681710608 0.9768173553760535 0.9869714164855850
1.7306480726275399 -0.0011680396763737 0.0001606489592994 0.0158227308044582 0.9764591988332041 0.9867688789551738
1.7441543341403332 -0.0011860689688930 0.0001605450795897 0.0161924703371596 0.9760967457874313 0.9865638723487694
1.7577236222538537 -0.0012043151566603 0.0001604399584235 0.0165696057712099 0.9757299629579815 0.9863563764017323
1.7713560603308529 -0.0012227800738026 0.0001603335855618 0.0169542599759614 0.9753588146896462 0.9861463694722605
1.7850517202098242 -0.0012414654910261 0.0001602259511402 0.0173465559338707 0.9749832666357648 0.9859338306241017
1.7988106968962718 -0.0012603732160118 0.0001601170450906 0.0177466188302846 0.9746032837408654 0.9857187384846894
1.8126331331208512 -0.0012795051285962 0.0001600068569389 0.0181545768459450 0.9742188295348337 0.9855010708445205
1.8265190227494772 -0.0012988628214591 0.0001598953773858 0.0185705553426262 0.9738298716139718 0.9852808077599614
1.8396881077317171 -0.0013173455988211 0.0001597889267273 0.0189707917237677 0.9734584604393905 0.9850704384210363
1.8536995949627877 -0.0013371467931247 0.0001596748918049 0.0194027975446357 0.9730605895362919 0.9848450357130837
1.8677730635472096 -0.0013571766251515 0.0001595595497698 0.0198431574502643 0.9726581603089444 0.9846170017221216
1.8819104441116783 -0.0013774395178737 0.0001594428755278 0.0202920624000610 0.9722510852845343 0.9843862851607423
1.8961118016001328 -0.0013979372710887 0.0001593248591024 0.0207496478495989 0.9718393297389915 0.9841528645824545
1.9103772125912977 -0.0014186717055619 0.0001592054904070 0.0212160512435943 0.9714228585661845 0.9839167182842748
1.9247068083862426 -0.0014396447268041 0.0001590847588782 0.0216914134943528 0.9710016349981322 0.9836778235799688
1.9391006635467158 -0.0014608581629258 0.0001589626544092 0.0221758753475347 0.9705756238627677 0.9834361586466100
1.9535588043499243 -0.0014823137742514 0.0001588391672949 0.0226695775474857 0.9701447913910566 0.9831917024155218
1.9680813669006378 -0.0015040134878120 0.0001587142868824 0.0231726662448654 0.9697091005092756 0.9829444319004589
1.9826684397247540 -0.0015259591652531 0.0001585880029069 0.0236852877100332 0.9692685155009139 0.9826943248415010
1.9973201406542080 -0.0015481527171604 0.0001584603048346 0.0242075909867638 0.9688229997121111 0.9824413584022755
2.0120365254241350 -0.0015705959646106 0.0001583311826589 0.0247397246506796 0.9683725183319621 0.9821855107478917
2.0268177139895145 -0.0015932908304676 0.0001582006258007 0.0252818413268357 0.9679170345534973 0.9819267588643922
2.0416637771743789 -0.0016162391668070 0.0001580686241012 0.0258340936218390 0.9674565130388059 0.9816650805258818
2.0565748451792931 -0.0016394429216872 0.0001579351668629 0.0263966381291813 0.9669909165731607 0.9814004523929545
2.0715509557095451 -0.0016629039034322 0.0001578002442056 0.0269696297475435 0.9665202107961591 0.9811328527006766
2.0865922090947557 -0.0016866240211402 0.0001576638456836 0.0275532275044960 0.9660443593766694 0.9808622585158088
2.1016986876365453 -0.0017106051593940 0.0001575259610066 0.0281475915411424 0.9655633265281047 0.9805886471655295
2.1168705247962896 -0.0017348492881360 0.0001573865794081 0.0287528858536299 0.9650770748057036 0.9803119949837112
2.1321077540285196 -0.0017593582213109 0.0001572456910335 0.0293692722897065 0.9645855699486438 0.9800322800649398
2.1474104873137607 -0.0017841339014841 0.0001571032853042 0.0299969176527941 0.9640887751726241 0.9797494790167899
2.1627788072515841 -0.0018091782274602 0.0001569593519086 0.0306359894161186 0.9635866546285575 0.9794635689268126
2.1782127925341843 -0.0018344930945390 0.0001568138805715 0.0312866567315193 0.9630791725963279 0.9791745269032228
2.1937125482411126 -0.0018600804443694 0.0001566668607677 0.0319490917321704 0.9625662924867902 0.9788823295055734
2.2092781287775267 -0.0018859421377975 0.0001565182824528 0.0326234662591234 0.9620479793918548 0.9785869541967238
2.2249096856214114 -0.0019120801998952 0.0001563681346563 0.0333099582548032 0.9615241951749250 0.9782883765443582
2.2406072324784065 -0.0019384964285749 0.0001562164077302 0.0340087415385250 0.9609949063158767 0.9779865746914290
2.2563709174281605 -0.0019651928494530 0.0001560630907362 0.0347199977643027 0.9604600747973998 0.9776815241602450
2.2722007795169450 -0.0019921713067988 0.0001559081737960 0.0354439056330760 0.9599196663026571 0.9773732025256587
2.2880969251263723 -0.0020194337609893 0.0001557516463832 0.0361806487976810 0.9593736442571317 0.9770615860164970
2.3040594422366620 -0.0020469821435885 0.0001555934981559 0.0369304120268214 0.9588219727336339 0.9767466511714570
2.3200883908133418 -0.0020748183394926 0.0001554337190597 0.0376933806974527 0.9582646168108714 0.9764283750435996
2.3361839213662603 -0.0021029443931123 0.0001552722981446 0.0384697464718364 0.9577015384468799 0.9761067328428271
2.3523460524641475 -0.0021313621207624 0.0001551092257900 0.0392596966514047 0.9571327042411121 0.9757817023681925
2.3685749101769309 -0.0021600735282928 0.0001549444913085 0.0400634256971296 0.9565580770748642 0.9754532592322614
2.3848705248398367 -0.0021890804539358 0.0001547780849959 0.0408811253230663 0.9559776232621390 0.9751213809460998
2.4012330195487439 -0.0022183849015823 0.0001546099962190 0.0417129938361054 0.9553913058811501 0.9747860431069135
2.4176624879864304 -0.0022479888249111 0.0001544402146552 0.0425592301187164 0.9547990890966586 0.9744472218674926
2.4341589840457116 -0.0022778941067943 0.0001542687304106 0.0434200329958309 0.9542009385728323 0.9741048941726091
2.4507226415089947 -0.0023081027759193 0.0001540955327783 0.0442956074756042 0.9535968171421612 0.9737590352795561
2.4673534989008679 -0.0023386166887319 0.0001539206120629 0.0451861555924378 0.9529866911686693 0.9734096223992750
2.4840516462745912 -0.0023694377958189 0.0001537439580532 0.0460918840999934 0.9523705252219249 0.9730566316471135
2.5008171894278584 -0.0024005680779752 0.0001535655603899 0.0470130026790786 0.9517482833582837 0.9727000387745256
2.5176501698443361 -0.0024320093969701 0.0001533854094208 0.0479497195185829 0.9511199321054927 0.9723398208788854
2.5345506976487759 -0.0024637637424110 0.0001532034947871 0.0489022486356679 0.9504854355303348 0.9719759535758991
2.5515188372444615 -0.0024958330186372 0.0001530198066447 0.0498708035596863 0.9498447594998797 0.9716084134411691
2.5685547038346863 -0.0025282192260889 0.0001528343346264 0.0508556027896480 0.9491978680596270 0.9712371759321408
2.5856583447454251 -0.0025609242364088 0.0001526470691296 0.0518568629963139 0.9485447279282648 0.9708622179660673
2.6028299033771680 -0.0025939501047808 0.0001524579995292 0.0528748085595114 0.9478853022615625 0.9704835143397570
2.6200693736555460 -0.0026272985987845 0.0001522671168753 0.0539096571012320 0.9472195600626268 0.9701010431320325
2.6373768879312371 -0.0026609717516729 0.0001520744107261 0.0549616365388633 0.9465474651366392 0.9697147793598199
2.6547525004513810 -0.0026949714450633 0.0001518798715379 0.0560309722061703 0.9458689844249719 0.9693246997640084
2.6721963088835672 -0.0027292996442758 0.0001516834893183 0.0571178941811492 0.9451840833096198 0.9689307801106145
2.6897083930801680 -0.0027639582790962 0.0001514852543094 0.0582226335724016 0.9444927279954335 0.9685329965589440
2.7072888508548356 -0.0027989493140570 0.0001512851565866 0.0593454247553051 0.9437948841102772 0.9681313248555282
2.7249377350712676 -0.0028342746230417 0.0001510831867759 0.0604865013564204 0.9430905192082115 0.9677257417740397
2.7426551259473069 -0.0028699361325706 0.0001508793352354 0.0616461008418709 0.9423795999139537 0.9673162234711425
2.7563005920602706 -0.0028975306764121 0.0001507215877329 0.0625488635752930 0.9418294684098312 0.9669992142313210
2.7699460581732342 -0.0029252383710255 0.0001505631925952 0.0634600757269239 0.9412770813915790 0.9666808075034253
2.7878459659056056 -0.0029617626069331 0.0001503544327113 0.0646682542354392 0.9405490598469908 0.9662610117672148
2.8058061706905266 -0.0029986120509125 0.0001501438561547 0.0658952421686279 0.9398147114944077 0.9658373950279424
2.8238352529336672 -0.0030358059069770 0.0001499313546142 0.0671418569695994 0.9390736588804063 0.9654097346932576
2.8419332641495489 -0.0030733460206352 0.0001497169190395 0.0684083459497198 0.9383258707174917 0.9649780076517104
2.8601003047451239 -0.0031112343359610 0.0001495005398539 0.0696949619620923 0.9375713138883490 0.9645421896469515
2.8783364369481252 -0.0031494727151535 0.0001492822079858 0.0710019573341459 0.9368099570431004 0.9641022573533703
2.8966417725638842 -0.0031880631217506 0.0001490619138232 0.0723295901110018 0.9360417669536362 0.9636581862691695
2.9150163618076688 -0.0032270073870575 0.0001488396485485 0.0736781160655687 0.9352667131667404 0.9632099534044344
2.9334603027138244 -0.0032663074402782 0.0001486154028247 0.0750477966073819 0.9344847634255917 0.9627575346338215
2.9519736095683924 -0.0033059650285160 0.0001483891683946 0.0764388890500575 0.9336958892441878 0.9623009079204423
2.9705564159265463 -0.0033459821502359 0.0001481609356085 0.0778516617676732 0.9329000572866527 0.9618400483262236
2.9892088110313386 -0.0033863607068505 0.0001479306954126 0.0792863820710888 0.9320972363028939 0.9613749320234901
3.0079308420775388 -0.0034271025050204 0.0001476984393370 0.0807433161907990 0.9312873970836982 0.9609055362703903
3.0267225802821214 -0.0034682093990438 0.0001474641586837 0.0822227343194019 0.9304705096323054 0.9604318377718297
3.0455841224476723 -0.0035096832955392 0.0001472278445016 0.0837249108462508 0.9296465430758349 0.9599538126257838
3.0645155500034464 -0.0035515260640137 0.0001469894880972 0.0852501211576694 0.9288154674460515 0.9594714373546784
3.0835169084957594 -0.0035937394901836 0.0001467490813008 0.0867986398863193 0.9279772546085462 0.9589846894450360
3.1025882846218318 -0.0036363254462627 0.0001465066154976 0.0883707471294407 0.9271318748839709 0.9584935453852869
3.1217297421550718 -0.0036792857490088 0.0001462620824372 0.0899667232690070 0.9262792998706380 0.9579979823033801
3.1409413678406257 -0.0037226222620876 0.0001460154736519 0.0915868527550126 0.9254195004159381 0.9574979767872942
3.1602232179794520 -0.0037663367758545 0.0001457667811414 0.0932314196330617 0.9245524490053867 0.9569935062730016
3.1795753916032008 -0.0038104311726495 0.0001455159964339 0.0949007137439722 0.9236781164871276 0.9564845471383238
3.1989979623480758 -0.0038549072727216 0.0001452631114633 0.0965950249540233 0.9227964751321012 0.9559710764819205
3.2184909939728565 -0.0038997668684660 0.0001450081183754 0.0983146444065486 0.9219074979576838 0.9554530717298052
3.2380545648309185 -0.0039450117804818 0.0001447510092103 0.1000598666661286 0.9210111576203341 0.9549305099893591
3.2576887497280129 -0.0039906438160221 0.0001444917761395 0.1018309881430431 0.9201074272431393 0.9544033685302657
3.2773935878070337 -0.0040366646934912 0.0001442304118960 0.1036283041275996 0.9191962819140187 0.9538716256584220
3.2971692018109158 -0.0040830763208800 0.0001439669081937 0.1054521196656610 0.9182776931770071 0.9533352575001655
3.3170156345894566 -0.0041298804139228 0.0001437012578972 0.1073027346521670 0.9173516365962670 0.9527942424156022
3.3369329329962545 -0.0041770786907258 0.0001434334539173 0.1091804513715460 0.9164180879051277 0.9522485587518561
3.3569212437151941 -0.0042246731006098 0.0001431634879142 0.1110855836955759 0.9154770184862969 0.9516981821978945
3.3769806098862825 -0.0042726653419627 0.0001428913530345 0.1130184378971515 0.9145284049124247 0.9511430913604739
3.3971110773122364 -0.0043210571121527 0.0001426170424936 0.1149793225061918 0.9135722240048610 0.9505832648771884
3.4173126863286760 -0.0043698500878988 0.0001423405496878 0.1169685475116298 0.9126084532256812 0.9500186816451996
3.4243597437077331 -0.0043869249474441 0.0001422438143440 0.1176675225552010 0.9122712669465172 0.9498210814039554
3.4314068010867902 -0.0044040181320860 0.0001421469334154 0.1183691208333020 0.9119335712925805 0.9496231440239103
3.4408693989906101 -0.0044270131819845 0.0001420166141665 0.1193153400746086 0.9114793233316520 0.9493568294550309
3.4612468514201584 -0.0044767021055324 0.0001417350819947 0.1213691171964880 0.9104980121182981 0.9487812710747958
3.4816742041769428 -0.0045267445900853 0.0001414516419375 0.1234500869248102 0.9095100685822779 0.9482014915792643
3.5021730552155601 -0.0045771947117463 0.0001411659906303 0.1255607290996575 0.9085144358134074 0.9476168628612094
3.5227434756480154 -0.0046280541702276 0.0001408781215867 0.1277013676394768 0.9075110917218849 0.9470273634616058
3.5433854883569431 -0.0046793245381080 0.0001405880291106 0.1298723234320258 0.9065000169820292 0.9464329734234860
3.5640991817580376 -0.0047310075425115 0.0001402957067033 0.1320739262118955 0.9054811894807760 0.9458336710287683
3.5848846090624633 -0.0047831048156751 0.0001400011484766 0.1343065040409093 0.9044545892426658 0.9452294356915321
3.6057418707699944 -0.0048356181010406 0.0001397043479884 0.1365703921019992 0.9034201943725529 0.9446202455700992
3.6266710318454098 -0.0048885490459193 0.0001394052994166 0.1388659238276575 0.9023779851466955 0.9440060799736820
3.6476721487482999 -0.0049418992682273 0.0001391039971829 0.1411934336997498 0.9013279427010218 0.9433869185910547
3.6687452998096179 -0.0049956704336171 0.0001388004355182 0.1435532606093939 0.9002700475180558 0.9427627405975967
3.6898905210931217 -0.0050498640919008 0.0001384946093881 0.1459457406789685 0.8992042826504211 0.9421335265562895
3.7111079017464079 -0.0051044819205936 0.0001381865131188 0.1483712179602356 0.8981306289350383 0.9414992555928181
3.7323975052435991 -0.0051595255237771 0.0001378761415347 0.1508300355920130 0.8970490689552696 0.9408599077328185
3.7537594037288722 -0.0052149965199694 0.0001375634894635 0.1533225396652975 0.8959595853179839 0.9402154628841531
3.7751936531256489 -0.0052708964775047 0.0001372485521024 0.1558490763141290 0.8948621619281916 0.9395659015901121
3.7967003252238003 -0.0053272269977945 0.0001369313245497 0.1584099954460704 0.8937567823591104 0.9389112040646684
3.8182795063073254 -0.0053839897125551 0.0001366118018228 0.1610056506590142 0.8926434299138200 0.9382513502268424
3.8399311920230352 -0.0054411860062659 0.0001362899804215 0.1636363864790149 0.8915220930725015 0.9375863229302460
3.8616555252165106 -0.0054988176433300 0.0001359658548001 0.1663025671265969 0.8903927532002052 0.9369161006743584
3.8834525588048714 -0.0055568861432345 0.0001356394208854 0.1690045478664425 0.8892553968059972 0.9362406648715015
3.9053223289342078 -0.0056153929716072 0.0001353106750025 0.1717426836442947 0.8881100117982659 0.9355599976294520
3.9272648863645894 -0.0056743396237419 0.0001349796134063 0.1745173329544178 0.8869565858542949 0.9348740807828414
3.9492803542346810 -0.0057337277815391 0.0001346462314032 0.1773288653275378 0.8857951033593113 0.9341828940689739
3.9713687518376171 -0.0057935588391985 0.0001343105260158 0.1801776389333215 0.8846255546912951 0.9334864206504883
3.9786841624554388 -0.0058134283279624 0.0001341990769157 0.1811272984696142 0.8842372885814955 0.9332550976458017
3.9838356129856294 -0.0058274347339147 0.0001341205160509 0.1817978886219867 0.8839635996169621 0.9330920055221956
3.9888451960580213 -0.0058410590502833 0.0001340440568862 0.1824514769062706 0.8836972301090444 0.9329332493402465
4.0110931297368291 -0.0059017167705514 0.0001337037493208 0.1853715970933462 0.8825116796813899 0.9322263526966293
4.0333856580861447 -0.0059627426481661 0.0001333615443196 0.1883262594751681 0.8813195485363122 0.9315150228722924
4.0557513518036474 -0.0060242157044410 0.0001330170035472 0.1913195578289911 0.8801193103879372 0.9307983384995212
4.0781903024920325 -0.0060861374641348 0.0001326701236601 0.1943518680593370 0.8789109543920894 0.9300762813420601
4.1007025363151008 -0.0061485092627890 0.0001323209024844 0.1974235589425763 0.8776944737917832 0.9293488354627143
4.1232881490925823 -0.0062113326196560 0.0001319693369279 0.2005350103785243 0.8764698586465187 0.9286159828781140
4.1459471741801286 -0.0062746088718648 0.0001316154250308 0.2036865953672350 0.8752371029743069 0.9278777078288777
4.1686797199282530 -0.0063383395571331 0.0001312591638258 0.2068786989685100 0.8739961972989947 0.9271339923185777
4.1914858470470762 -0.0064025260720770 0.0001309005512518 0.2101117013164503 0.8727471353158360 0.9263848201036652
4.2143655552272241 -0.0064671696317586 0.0001305395863796 0.2133859753568979 0.8714899146772682 0.9256301771709142
4.2373189430250644 -0.0065322717207443 0.0001301762668945 0.2167019096180936 0.8702245282249740 0.9248700464759926
4.2603460143971059 -0.0065978335466549 0.0001298105921491 0.2200598805156344 0.8689509746244622 0.9241044143264736
4.2834468781760355 -0.0066638566062581 0.0001294425600069 0.2234602811830045 0.8676692473696517 0.9233332637759500
4.3066215855369112 -0.0067303422240442 0.0001290721694186 0.2269034979088564 0.8663793437569886 0.9225565800158915
4.3298702230649884 -0.0067972918176654 0.0001286994189438 0.2303899237387860 0.8650812597375830 0.9217743472797258
4.3531928150312060 -0.0068647066169083 0.0001283243083181 0.2339199438395040 0.8637749953741227 0.9209865521303272
4.3765894557651528 -0.0069325880451668 0.0001279468363312 0.2374939553536045 0.8624605474523169 0.9201931790070543
4.4000601529436167 -0.0070009372660897 0.0001275670033514 0.2411123435974585 0.8611379182708133 0.9193942155280470
4.4236049670158772 -0.0070697555872663 0.0001271848090814 0.2447755032154253 0.8598071078282751 0.9185896477769142
4.4472239687886352 -0.0071390443384948 0.0001268002532386 0.2484838318381846 0.8584681161921079 0.9177794617293210
4.4612282047620191 -0.0071802466170943 0.0001265716989261 0.2506985165215792 0.8576723289961360 0.9172976331665881
4.4752324407354029 -0.0072215145775950 0.0001263427466153 0.2529250805096854 0.8568751610295784 0.9168147288439750
4.4966397677570757 -0.0072847422519154 0.0001259919968585 0.2563516691573363 0.8556539354654941 0.9160744746468051
4.5204926449030944 -0.0073554334386198 0.0001256000922850 0.2602025041743148 0.8542894604017065 0.9152467194647599
4.5444155018180261 -0.0074265853092935 0.0001252059006489 0.2640994235890183 0.8529170671660611 0.9144134462593099
4.5684128795198751 -0.0074982123495015 0.0001248093492788 0.2680435501409394 0.8515365038641022 0.9135744874574039
4.5924847804690065 -0.0075703156079361 0.0001244104401674 0.2720352780062470 0.8501477785782372 0.9127298329905337
4.6166312495405553 -0.0076428962508232 0.0001240091748067 0.2760750093131967 0.8487508976659450 0.9118794715958972
4.6408523357237303 -0.0077159554485629 0.0001236055548183 0.2801631479323017 0.8473458679555351 0.9110233921487932
4.6651480972840096 -0.0077894943917400 0.0001231995818680 0.2843001003605169 0.8459326964471751 0.9101615834799932
4.6895186122577721 -0.0078635143236857 0.0001227912574883 0.2884862775719524 0.8445113896977369 0.9092940339990551
4.7139639109783085 -0.0079380163356687 0.0001223805842109 0.2927220833952019 0.8430819577612806 0.9084207341000663
4.7384840591077078 -0.0080130016189217 0.0001219675641781 0.2970079286997108 0.8416444093562078 0.9075416732132292
4.7630790595992085 -0.0080884711653105 0.0001215522007939 0.3013442142733567 0.8401987576129439 0.9066568433192225
4.7877490092723667 -0.0081644262471402 0.0001211344960847 0.3057313582772028 0.8387450108871781 0.9057662333295459
4.8124939591032074 -0.0082408679898832 0.0001207144530545 0.3101697717654398 0.8372831809583030 0.9048698341011259
4.8373139308435356 -0.0083177974215912 0.0001202920754130 0.3146598613226568 0.8358132820825400 0.9039676378632058
4.8622089627886176 -0.0083952156141503 0.0001198673668015 0.3192020371913756 0.8343353282979941 0.9030596365666750
4.8871791373443934 -0.0084731237704896 0.0001194403303177 0.3237967184606377 0.8328493317741843 0.9021458208666272
4.8950990449835059 -0.0084978876610667 0.0001193046686098 0.3252621598834016 0.8323772700245436 0.9018553421113140
4.9030189526226184 -0.0085226626361626 0.0001191689052261 0.3267315170795828 0.8319048539009908 0.9015645565319446
4.9106728266271187 -0.0085466169911832 0.0001190376058570 0.3281552400817404 0.8314479711815953 0.9012832476299728
4.9358225825082060 -0.0086254948797690 0.0001186054983622 0.3328592120563028 0.8299444047028335 0.9003568926909319
4.9610143596047278 -0.0087047596033271 0.0001181716458137 0.3376107133156882 0.8284348266269130 0.8994259234532573
4.9862814815999821 -0.0087845163971075 0.0001177354816907 0.3424163571879505 0.8269172670993342 0.8984891094551413
5.0116239375414899 -0.0088647661090352 0.0001172970117511 0.3472765485279125 0.8253917476348015 0.8975464463951243
5.0370417786820800 -0.0089455097772508 0.0001168562408987 0.3521917044499773 0.8238582868000180 0.8965979280111993
5.0625350771927069 -0.0090267485017122 0.0001164131738911 0.3571622467052561 0.8223169026744612 0.8956435475948439
5.0881038571859927 -0.0091084832246566 0.0001159678165387 0.3621885882002004 0.8207676170243106 0.8946833005764715
5.1137481302149732 -0.0091907148424744 0.0001155201750944 0.3672711396388453 0.8192104531791993 0.8937171832177767
5.1394679793118883 -0.0092734444760968 0.0001150702547857 0.3724103262441562 0.8176454309240705 0.8927451894413729
5.1652633805968318 -0.0093566728983635 0.0001146180629321 0.3776065522216656 0.8160725773455688 0.8917673175650801
5.1911344311461747 -0.0094404012676107 0.0001141636049587 0.3828602463114990 0.8144919129651330 0.8907835616895419
5.2170811217903950 -0.0095246303952698 0.0001137068883783 0.3881718160431236 0.8129034655904658 0.8897939203099848
5.2431035052540320 -0.0096093612892370 0.0001132479198429 0.3935416816616136 0.8113072600589125 0.8887983899387193
5.2692016373789903 -0.0096945949649812 0.0001127867061724 0.3989702643246165 0.8097033218185785 0.8877969673312757
5.2820636941897625 -0.0097366949836826 0.0001125590741557 0.4016615395024876 0.8089117261388487 0.8873023364549588
5.2892318683074464 -0.0097601846424506 0.0001124321185954 0.4031659714311760 0.8084702432988350 0.8870263606195128
5.2948453000198725 -0.0097785760808642 0.0001123326547510 0.4043463750221231 0.8081243581810440 0.8868100869818009
5.2999907513868489 -0.0097954387891860 0.0001122414480110 0.4054301269292612 0.8078071876101792 0.8866117237538860
5.3263143744572252 -0.0098818593505890 0.0001117743132586 0.4110007824522628 0.8061827776621042 0.8855951303868029
5.3526539860990932 -0.0099685869016889 0.0001113060191213 0.4166188620659298 0.8045544150338229 0.8845749469195786
5.3790695397618640 -0.0100558187682390 0.0001108355114337 0.4222974132263609 0.8029184357095270 0.8835488618577140
5.4055609962906752 -0.0101435556054898 0.0001103627998811 0.4280368370934498 0.8012748752121849 0.8825168775881150
5.4321283462318233 -0.0102317981631648 0.0001098878938562 0.4338375407451532 0.7996237680730330 0.8814789957583978
5.4587716607057208 -0.0103205474569580 0.0001094108015427 0.4396999486229444 0.7979651446466973 0.8804352152672551
5.4854909054472607 -0.0104098041506568 0.0001089315332417 0.4456244617842655 0.7962990426758183 0.8793855395387812
5.5122861730089125 -0.0104995693304997 0.0001084500972123 0.4516115090464453 0.7946254928315409 0.8783299674227053
5.5391574445373593 -0.0105898437101353 0.0001079665039436 0.4576614941902391 0.7929445335650782 0.8772685025516334
5.5661047395175878 -0.0106806281309283 0.0001074807634703 0.4637748290661765 0.7912562017743323 0.8762011474645846
5.5931280134132120 -0.0107719232178815 0.0001069928872161 0.4699519103963679 0.7895605392133739 0.8751279076597436
5.6202273874938991 -0.0108637301567213 0.0001065028838438 0.4761931723106703 0.7878575780691724 0.8740487824667688
5.6474027839153811 -0.0109560494606893 0.0001060107658462 0.4824990027472356 0.7861473638675939 0.8729637795510866
5.6555751560484078 -0.0109838403176097 0.0001058626332587 0.4844045538455937 0.7856325806583000 0.8726369360354524
5.6637475281814345 -0.0110116374398990 0.0001057144378520 0.4863143679223940 0.7851175802299919 0.8723098376445062
5.6910790733595258 -0.0111047660849909 0.0001052183497308 0.4927324898361865 0.7833936662477897 0.8712140537189943
5.7184532414652143 -0.0111982926391142 0.0001047207826183 0.4992084217687142 0.7816647122166588 0.8701137416104077
5.7459035365704993 -0.0112923318541215 0.0001042211407521 0.5057504056164160 0.7799286499856091 0.8690075658884675
5.7734299462545584 -0.0113868844354345 0.0001037194365164 0.5123588410442361 0.7781855248118972 0.8678955335835276
5.8010324734176830 -0.0114819511434467 0.0001032156822504 0.5190341304597962 0.7764353818259054 0.8667776515493993
5.8287111155587787 -0.0115775327230317 0.0001027098906250 0.5257766740399683 0.7746782673402165 0.8656539273001914
5.8564658291941134 -0.0116736297804062 0.0001022020752946 0.5325868608792210 0.7729142311131985 0.8645243704649838
5.8842966537255332 -0.0117702432123091 0.0001016922486303 0.5394650993070914 0.7711433184759574 0.8633889877505804
5.9122035739215049 -0.0118673737309822 0.0001011804242341 0.5464117832284642 0.7693655790658549 0.8622477885333213
5.9401865522010233 -0.0119650219749804 0.0001006666163513 0.5534272997186178 0.7675810647842493 0.8611007835627956
5.9682456216785909 -0.0120631888346027 0.0001001508381603 0.5605120523576033 0.7657898238587059 0.8599479811471534
5.9799962530703823 -0.0121043743264217 0.0000999346735195 0.5634939370518333 0.7650391428128683 0.8594644191177939
5.9917468844621737 -0.0121455683111715 0.0000997184175695 0.5664846269340182 0.7642881486100364 0.8589803945534498
6.0056612297739429 -0.0121943739055040 0.0000994622227787 0.5700373951992986 0.7633984709086856 0.8584066484394125
6.0339246250340359 -0.0122936973121816 0.0000989414298764 0.5772919207264242 0.7615900235067302 0.8572392599376005
6.0622378977036266 -0.0123934468425065 0.0000984191969141 0.5846102883064316 0.7597766975180131 0.8560671890417199
6.0906272711050757 -0.0124937153007694 0.0000978950557111 0.5919995952243176 0.7579568697116541 0.8548893654731543
6.1190925897655060 -0.0125945029102736 0.0000973690241426 0.5994601892268867 0.7561306047658918 0.8537058077895230
6.1476338261706722 -0.0126958103521411 0.0000968411179518 0.6069924494166324 0.7542979599870708 0.8525165297295936
6.1762509597059525 -0.0127976383401864 0.0000963113529797 0.6145967550909285 0.7524589930536399 0.8513215452173344
6.2049439950276808 -0.0128999876873677 0.0000957797448232 0.6222734906957458 0.7506137608286517 0.8501208675906092
6.2337127985391199 -0.0130028587219893 0.0000952463118652 0.6300230018177321 0.7487623298773854 0.8489145164555724
6.2625573830068895 -0.0131062523036662 0.0000947110699996 0.6378456713281146 0.7469047581581127 0.8477025057759292
6.2914776974390580 -0.0132101690743293 0.0000941740365230 0.6457418631179674 0.7450411085302258 0.8464848526668785
6.2955297167607291 -0.0132247488990398 0.0000940987630860 0.6468524320563032 0.7447799008781004 0.8463140527455273
6.2995817360824002 -0.0132393169145056 0.0000940234847461 0.6479640415695217 0.7445186709554441 0.8461432052275125
6.3034972461630998 -0.0132533928040905 0.0000939507365247 0.6490391903326922 0.7442662207735731 0.8459780682681048
6.3324565115255345 -0.0133576393683271 0.0000934124864907 0.6570211870928455 0.7423984710978657 0.8447553392334679
6.3615606941657310 -0.0134626566073749 0.0000928711995523 0.6650966208221227 0.7405203272414991 0.8435240852733670
6.3907402534960989 -0.0135681953089307 0.0000923281848975 0.6732467579305643 0.7386363352322208 0.8422872563164771
6.4199953030946411 -0.0136742567180229 0.0000917834577231 0.6814719985059660 0.7367465507623311 0.8410448646681193
6.4493257667256589 -0.0137808414071611 0.0000912370369694 0.6897726877599230 0.7348510425444947 0.8397969311533813
6.4787315041457134 -0.0138879497275931 0.0000906889429816 0.6981491501881967 0.7329498841983290 0.8385434798259335
6.5082124869672047 -0.0139955824499760 0.0000901391942310 0.7066017395233917 0.7310431428744816 0.8372845304760193
6.5377685865866049 -0.0141037399927490 0.0000895878112645 0.7151307783398856 0.7291308929572750 0.8360201076678003
6.5673997679615583 -0.0142124231300346 0.0000890348130899 0.7237366135438303 0.7272132035249639 0.8347502324656479
6.5777343494764144 -0.0142503878597458 0.0000888418949629 0.7267510756020465 0.7265442397604552 0.8343068123674016
6.5880689309912706 -0.0142883829799877 0.0000886489540032 0.7297722417427576 0.7258752168835759 0.8338631254569471
6.5933271578847465 -0.0143077008493660 0.0000885507808105 0.7313119810585355 0.7255347964839701 0.8336372759755910
6.5981175155395455 -0.0143253009606714 0.0000884613388301 0.7327162264603208 0.7252246537453569 0.8334314625877947
6.6279063350574683 -0.0144348914336205 0.0000879050453926 0.7414808114217908 0.7232957864492304 0.8321503459061043
6.6577660511895429 -0.0145449914643018 0.0000873472716909 0.7503220384681835 0.7213619553610675 0.8308640165906950
6.6877003994560997 -0.0146556157050337 0.0000867879671368 0.7592413492515320 0.7194229883410820 0.8295723356955474
6.7177092336167448 -0.0147667645581439 0.0000862271538158 0.7682390436935990 0.7174789652782936 0.8282753315888474
6.7477924150472033 -0.0148784384693348 0.0000856648538631 0.7773154207382549 0.7155299662649081 0.8269730328223627
6.7779498119479529 -0.0149906379256406 0.0000851010894747 0.7864707781472036 0.7135760716371867 0.8256654681618216
6.8081812945099296 -0.0151033634382502 0.0000845358829954 0.7957054110490178 0.7116173622783508 0.8243526667933415
6.8384866918537286 -0.0152166153820755 0.0000839692577204 0.8050195986499484 0.7096539223980296 0.8230346601955220
6.8488861556430942 -0.0152555361382336 0.0000837748123144 0.8082289440679400 0.7089801838452996 0.8225819255687530
6.8592856194324598 -0.0152944863398687 0.0000835803657936 0.8114449929490355 0.7083064637301012 0.8221289618423798
6.8634471697164745 -0.0153100812725179 0.0000835025540602 0.8127338354329856 0.7080368671787758 0.8219476356547296
6.8676087200004892 -0.0153256615865964 0.0000834247450091 0.8140237505597732 0.7077672739439096 0.8217662731213874
6.8714229620071112 -0.0153399389967675 0.0000833534306035 0.8152069558268410 0.7075201832001839 0.8216000145984733
6.9019694141673682 -0.0154544206497254 0.0000827823139309 0.8247151594806271 0.7055414818353603 0.8202674390406749
6.9325035954036958 -0.0155691057096306 0.0000822114529054 0.8342771810233633 0.7035638603982310 0.8189334900627302
6.9631111875350662 -0.0156843159997853 0.0000816392663605 0.8439199282995909 0.7015818440865564 0.8175944586113882
6.9937917962815250 -0.0158000511114933 0.0000810657826486 0.8536435919230488 0.6995955347618538 0.8162503885058198
7.0245451942231485 -0.0159163112798409 0.0000804910271636 0.8634484104187508 0.6976050240673696 0.8149013167965886
7.0553711751352557 -0.0160330968386086 0.0000799150250616 0.8733346249165274 0.6956104028509174 0.8135472801153210
7.0862695448190873 -0.0161504081868428 0.0000793378014280 0.8833024763579868 0.6936117617462570 0.8121883150690357
7.1172400869036618 -0.0162682456596411 0.0000787593819127 0.8933521944553913 0.6916091933717635 0.8108244597406481
7.1239793309164599 -0.0162939206792829 0.0000786335390488 0.8955467896089080 0.6911735365197896 0.8105274588481948
7.1290008133602987 -0.0163130319172800 0.0000785397814672 0.8971838072351382 0.6908489490758838 0.8103061089190942
7.1335229805241829 -0.0163302426532657 0.0000784553516202 0.8986593626658872 0.6905566560740503 0.8101067316580780
7.1646264183372992 -0.0164487613399783 0.0000778747531708 0.9088419831429579 0.6885467705720042 0.8087344649448049
7.1957801167496331 -0.0165677220680374 0.0000772934230172 0.9191000641913122 0.6865345723077667 0.8073583455224872
7.2270051191215323 -0.0166872061350544 0.0000767109903904 0.9294407598163065 0.6845187815983188 0.8059774758289400
7.2583010790888460 -0.0168072134379055 0.0000761274839904 0.9398642364532483 0.6824995017216546 0.8045919019485975
7.2896677196803070 -0.0169277441590595 0.0000755429313468 0.9503706785557241 0.6804768319306889 0.8032016673968410
7.3211047160635063 -0.0170487983178932 0.0000749573610003 0.9609602496264638 0.6784508750034728 0.8018068183034699
7.3526117664626600 -0.0171703760431975 0.0000743708011760 0.9716331158371645 0.6764217326506166 0.8004074002674035
7.3639851905758009 -0.0172143255481703 0.0000741591461783 0.9755004649383858 0.6756895933622673 0.7999018869069442
7.3697658669180575 -0.0172366760668261 0.0000740515871455 0.9774690667786580 0.6753175462132828 0.7996448835166409
7.3742991767112747 -0.0172541908597674 0.0000739672482788 0.9790142821708268 0.6750258138458906 0.7994433039352278
7.3788324865044919 -0.0172716982695261 0.0000738829184456 0.9805607301030730 0.6747341113278429 0.7992416955025820
7.4104402703758501 -0.0173939098085145 0.0000732951485226 0.9913773152349471 0.6727011150435616 0.7978352210970893
7.4421460598443687 -0.0175167529264505 0.0000727059336119 1.0022874768766472 0.6706633671004819 0.7964230251665694
7.4739205104160185 -0.0176401156235140 0.0000721158425606 1.0132814492970204 0.6686228393064700 0.7950064468570802
7.5057632751138454 -0.0177639979253489 0.0000715249049067 1.0243593572071985 0.6665796380015301 0.7935855360949748
7.5376739840401958 -0.0178883997906600 0.0000709331506950 1.0355213118742064 0.6645338712999614 0.7921603442934977
7.5696520528629856 -0.0180133203618024 0.0000703406140174 1.0467673433643765 0.6624856613254615 0.7907309329148702
7.6016971939885520 -0.0181387599595933 0.0000697473235309 1.0580975797292413 0.6604351114313057 0.7892973506249737
7.6051760368551147 -0.0181523932450197 0.0000696829458158 1.0593312428852726 0.6602126232102964 0.7891416511244798
7.6086548797216773 -0.0181660087303494 0.0000696185771230 1.0605656191628190 0.6599901586383956 0.7889859383422904
7.6123087576732074 -0.0181803083513130 0.0000695509768891 1.0618628696811032 0.6597565268083381 0.7888223767365741
7.6445375226026693 -0.0183065800358696 0.0000689550079588 1.0733391993207830 0.6576969616107368 0.7873790704874186
7.6767398387424786 -0.0184330044370775 0.0000683600699330 1.0848670447493729 0.6556412323764856 0.7859358619028513
7.7090077483629047 -0.0185599433024452 0.0000677644835487 1.0964793048402608 0.6535835398341174 0.7844886678858434
7.7413405985185157 -0.0186873955848802 0.0000671682844306 1.1081759505606106 0.6515240114644697 0.7830375553789890
7.7737378083851096 -0.0188153605380770 0.0000665715068930 1.1199569714426478 0.6494627702298603 0.7815825885302470
7.8061988178156865 -0.0189438375158473 0.0000659741848853 1.1318223574189199 0.6473999378427205 0.7801238309843724
7.8166739753720593 -0.0189853525537996 0.0000657815672970 1.1356643519975080 0.6467348015327363 0.7796528999832523
7.8271491329284322 -0.0190268947050222 0.0000655890181928 1.1395126986494948 0.6460699323115875 0.7791818785983811
7.8306570793242631 -0.0190407959991176 0.0000655245546931 1.1408028611638075 0.6458473390802040 0.7790241218522539
7.8341650257200941 -0.0190546913402693 0.0000654601002694 1.1420937351694607 0.6456247759580681 0.7788663551563735
7.8669137425411986 -0.0191845573373070 0.0000648587604443 1.1541790791742765 0.6435484966419924 0.7773930414213627
7.8995571489438392 -0.0193142663424988 0.0000642600508551 1.1662870733845780 0.6414815990042992 0.7759236518948659
7.9322622941690311 -0.0194444817582334 0.0000636609260311 1.1784793768659159 0.6394135715255249 0.7744507134278868
7.9650282392551652 -0.0195752015009435 0.0000630614268453 1.1907558037761736 0.6373445598319070 0.7729743086475462
7.9978543231947077 -0.0197064246075567 0.0000624615890370 1.2031162634129020 0.6352746918282581 0.7714945080434650
8.0307397748845322 -0.0198381496908184 0.0000618614503137 1.2155606156345415 0.6332041022096018 0.7700113874304643
8.0361099695730420 -0.0198596855782695 0.0000617635235035 1.2175986160596775 0.6328662669483599 0.7697691356826014
8.0393728160208990 -0.0198727739013205 0.0000617040352080 1.2188376726637566 0.6326610439412298 0.7696219395770780
8.0426356624687561 -0.0198858483049833 0.0000616445572970 1.2200773332816979 0.6324558512451655 0.7694747376773549
8.0457197350817911 -0.0198982016690803 0.0000615883465952 1.2212496270648174 0.6322619292745371 0.7693355957718494
8.0765604612121411 -0.0200218621460254 0.0000610266351331 1.2330022015807998 0.6303242292520285 0.7679439009773088
8.1095913931862249 -0.0201545605598448 0.0000604258429642 1.2456490400549505 0.6282520297910478 0.7664528460480603
8.1426759022035053 -0.0202877399760044 0.0000598249349883 1.2583780327508145 0.6261797605430979 0.7649588706307545
8.1758164155554596 -0.0204214118878520 0.0000592238903892 1.2711902241971167 0.6241073542887841 0.7634619076458226
8.2090120085779521 -0.0205555743453244 0.0000586227492527 1.2840853691826000 0.6220349538680500 0.7619620416016571
8.2422617963334108 -0.0206902255685789 0.0000580215508296 1.2970632286078827 0.6199626992256766 0.7604593554988842
8.2593510345072509 -0.0207594113566239 0.0000577129400409 1.3037573427186662 0.6188990253007239 0.7596868965442970
8.2747875184229187 -0.0208219653462803 0.0000574343924294 1.3098179925200426 0.6179390466487757 0.7589890746316222
8.3081699510679972 -0.0209574400184303 0.0000568327253492 1.3229697180823281 0.6158657352301899 0.7574797827613517
8.3415792073421642 -0.0210932944049309 0.0000562315632117 1.3361936821033442 0.6137945186877816 0.7559690342962695
8.3750388213289000 -0.0212296257455908 0.0000556305042393 1.3494992055782780 0.6117240169820896 0.7544558092962620
8.4085477956302039 -0.0213664318305797 0.0000550295889869 1.3628859577472707 0.6096543744276963 0.7529401970510702
8.4181806053813570 -0.0214058101806349 0.0000548570375085 1.3667456193661192 0.6090601491333109 0.7525044823388878
8.4278134151325101 -0.0214452112308517 0.0000546845731512 1.3706103528262603 0.6084662543771469 0.7520687595948459
8.4342350938269117 -0.0214714904210519 0.0000545696490015 1.3731895788602031 0.6080705209061066 0.7517782826250757
8.4374172388289175 -0.0214845002359728 0.0000545127173030 1.3744685008945481 0.6078744769253177 0.7516343410371080
8.4404394434070440 -0.0214968512682401 0.0000544586570479 1.3756836534033812 0.6076883199993492 0.7514976335906274
8.4706614891883092 -0.0216204834066296 0.0000539185333861 1.3878625477450837 0.6058285654261663 0.7501305327630318
8.5043132870104028 -0.0217584070278355 0.0000533181493947 1.4014819831910177 0.6037616789586828 0.7486082582826257
8.5380057548918220 -0.0218967736690412 0.0000527181500264 1.4151793355476809 0.6016964965617385 0.7470841578614373
8.5717419879076200 -0.0220355978758177 0.0000521185017453 1.4289558761058418 0.5996329072752878 0.7455581364373562
8.6055207129113018 -0.0221748763037470 0.0000515192487640 1.4428111009264049 0.5975710677730721 0.7440302966493572
8.6124072746582314 -0.0222033057626189 0.0000513972202337 1.4456433152460253 0.5971512544784495 0.7437188285062363
8.6192938364051610 -0.0222317468177712 0.0000512752404185 1.4484780693479076 0.5967316251415128 0.7434073669104253
8.6274036305035988 -0.0222651946056445 0.0000511316654783 1.4518196034512298 0.5962376939045592 0.7430405904445546
8.6612919993158002 -0.0224051362793607 0.0000505324472985 1.4658208743667667 0.5941764899277753 0.7415080582555736
8.6951812005976308 -0.0225453621086931 0.0000499344178529 1.4798836710565375 0.5921197749853647 0.7399757079502086
8.7291081673969799 -0.0226860263371057 0.0000493369440978 1.4940231990880122 0.5900653756830938 0.7384419144687534
8.7630713667985258 -0.0228271245066740 0.0000487400734883 1.5082387934654331 0.5880134595797412 0.7369067923999647
8.7728405662562725 -0.0228677627974769 0.0000485686214742 1.5123390416409852 0.5874241199040380 0.7364652923541097
8.7826097657140192 -0.0229084246819277 0.0000483972739393 1.5164443124968916 0.5868351736838781 0.7360238226333961
8.7876620947065085 -0.0229294630200972 0.0000483086993878 1.5185694008106454 0.5865307436580218 0.7357955203363216
8.7927144236989978 -0.0229505076786706 0.0000482201529354 1.5206958303163713 0.5862264194286722 0.7355672265748526
8.7981358699741889 -0.0229730741946188 0.0000481251721285 1.5229791051868413 0.5858999789911939 0.7353222635798387
8.8035573162493801 -0.0229956306677816 0.0000480302264095 1.5252639225901548 0.5855736603636917 0.7350773106759100
8.8375378116142063 -0.0231371744830663 0.0000474358700408 1.5396197572864230 0.5835311609397394 0.7335422377357812
8.8716111273548712 -0.0232793906780450 0.0000468411893695 1.5540753876014732 0.5814879689096595 0.7320034203003341
8.9057142304766170 -0.0234220188053512 0.0000462473072055 1.5686041686153684 0.5794479473385097 0.7304637513552170
8.9398453933962223 -0.0235650534995615 0.0000456542724834 1.5832052870315263 0.5774112684633422 0.7289233538915024
8.9500932526753960 -0.0236080562223220 0.0000454764773994 1.5876010201997093 0.5768007458367551 0.7284609622032038
8.9603411119545697 -0.0236510851638984 0.0000452988046007 1.5920021719627908 0.5761906825548647 0.7279986241608507
8.9623311313539045 -0.0236594439447710 0.0000452643167482 1.5928574540491298 0.5760722684903261 0.7279088496151128
8.9643211507532392 -0.0236677941141232 0.0000452298349905 1.5937129401839314 0.5759538715890071 0.7278190771424980
8.9666418894954543 -0.0236775275018139 0.0000451896294682 1.5947108563781975 0.5758158202555881 0.7277143880905030
8.9898492769176048 -0.0237749348357172 0.0000447879217010 1.6047052615849187 0.5744366112944762 0.7266676555436422
9.0240565417884699 -0.0239187555723123 0.0000441969709438 1.6194872508525846 0.5724080331665352 0.7251253357563773
9.0582770444736322 -0.0240629241032166 0.0000436071867326 1.6343348647732463 0.5703839052673356 0.7235831072552517
9.0925179669302185 -0.0242074723658149 0.0000430184619460 1.6492510735038410 0.5683638636487102 0.7220406903397055
9.1013153787707406 -0.0242446582859960 0.0000428674324594 1.6530930675648110 0.5678457222138386 0.7216445254427827
9.1101127906112627 -0.0242818637056106 0.0000427164973574 1.6569389865381003 0.5673279346926209 0.7212484124123147
9.1165178502520110 -0.0243089638299998 0.0000426066667849 1.6597415200508410 0.5669511765062845 0.7209600506795062
9.1229229098927593 -0.0243360743106673 0.0000424968864630 1.6625461304138822 0.5665746067211728 0.7206717170989758
9.1277873859389906 -0.0243566401730035 0.0000424135495198 1.6646775456452700 0.5662887370976434 0.7204527542029487
9.1321659833002506 -0.0243751530914983 0.0000423385619723 1.6665970917402457 0.5660315140735480 0.7202556760503428
9.1664895603262355 -0.0245204415371744 0.0000417515581136 1.6816778300119650 0.5640182273865820 0.7187112632458458
9.2007874579440241 -0.0246659176237226 0.0000411664548429 1.6968065158221204 0.5620119222175206 0.7171688715968745
9.2350978208958185 -0.0248117443245345 0.0000405826143068 1.7119997046530733 0.5600104141094011 0.7156268272840073
9.2694185134546014 -0.0249579142332686 0.0000400000878124 1.7272562737986470 0.5580138824011653 0.7140852690013448
9.2753785305022323 -0.0249833282207659 0.0000398990810314 1.7299116549733977 0.5576677435706140 0.7138176670545703
9.2795934483670646 -0.0250012876791441 0.0000398276794458 1.7317906035171158 0.5574230566773418 0.7136284374017869
9.2835646323232019 -0.0250182022887631 0.0000397604291709 1.7335617064527584 0.5571925967324747 0.7134501640464580
9.3180708101745591 -0.0251653443556865 0.0000391769342908 1.7489839901439110 0.5551932870541167 0.7119016952543123
9.3524132131939428 -0.0253120893785041 0.0000385977356834 1.7643915344596781 0.5532091796520452 0.7103616264237325
9.3867588560616859 -0.0254591503487257 0.0000380200186336 1.7798586241272241 0.5512306319739756 0.7088225014772799
9.4211053851065181 -0.0256065187090627 0.0000374438355117 1.7953839743932281 0.5492578263834315 0.7072844667047682
9.4231847842122978 -0.0256154504273159 0.0000374090023705 1.7963257587281001 0.5491385762504526 0.7071913885466576
9.4252641833180775 -0.0256243718207721 0.0000373741767338 1.7972677542323765 0.5490193472348277 0.7070983146827878
9.4275976041838341 -0.0256343810162555 0.0000373351040998 1.7983250763540093 0.5488855784726443 0.7069938759238228
9.4509318128414002 -0.0257345499588275 0.0000369447751710 1.8089129030235409 0.5475493765339479 0.7059497885191203
9.4852819533214632 -0.0258822634613746 0.0000363714950576 1.8245473803134689 0.5455872987335467 0.7044138067303009
9.5196241008605966 -0.0260302480621431 0.0000357999311785 1.8402354009848119 0.5436315934772789 0.7028794234621418
9.5539584257662806 -0.0261785058181639 0.0000352300912155 1.8559767698460121 0.5416822895542937 0.7013466696882210
9.5606929121263722 -0.0262076218767140 0.0000351185082016 1.8590710081931308 0.5413006466530941 0.7010461820843263
9.5629717354403052 -0.0262174768910132 0.0000350807646087 1.8601185336525965 0.5411715581847168 0.7009445142826664
9.5652505587542382 -0.0262273236380325 0.0000350430296047 1.8611663085389569 0.5410424959315454 0.7008428523335336
9.5680472500437581 -0.0262394027362333 0.0000349967300405 1.8624525335318538 0.5408841399628173 0.7007180954665461
9.5960141629389568 -0.0263603057981135 0.0000345343226005 1.8753354122164090 0.5393027773995807 0.6994710161554686
9.6303277296385730 -0.0265089252189099 0.0000339684463776 1.8911929659820734 0.5373680299842201 0.6979421693502059
9.6646258574652837 -0.0266577868074445 0.0000334044507326 1.9070994452702879 0.5354402255609912 0.6964154092715891
9.6754699775084667 -0.0267049172695292 0.0000332264708483 1.9121402591510048 0.5348319765931296 0.6959329870420372
9.6863140975516497 -0.0267520788275156 0.0000330486548624 1.9171866455578150 0.5342243396544373 0.6954507096163444
9.6912493288461707 -0.0267735526768954 0.0000329677839806 1.9194851328166460 0.5339480030144544 0.6952312702159920
9.6961845601406917 -0.0267950329822463 0.0000328869471448 1.9217847720822452 0.5336717935036434 0.6950118611669304
9.7002006446847489 -0.0268125020827665 0.0000328211930868 1.9236569718944827 0.5334471192552791 0.6948333377398094
9.7042167292288060 -0.0268299642316109 0.0000327554633692 1.9255299337455380 0.5332225289968108 0.6946548345042991
9.7385092642733433 -0.0269792435161444 0.0000321951323757 1.9415537581912305 0.5313082391168396 0.6931314621557186
9.7727471593382038 -0.0271285960097697 0.0000316373476607 1.9576072247019032 0.5294031713272953 0.6916120270485138
9.8069589210695511 -0.0272781465917366 0.0000310816488308 1.9737032777046786 0.5275057540123405 0.6900952955946908
9.8182169282597336 -0.0273274274495208 0.0000308991504848 1.9790119282667096 0.5268827346180558 0.6895965310016081
9.8232504229435875 -0.0273494720959713 0.0000308176133926 1.9813873549702727 0.5266043990102022 0.6893735872779199
9.8256901349368455 -0.0273601594842523 0.0000307781057685 1.9825391379166932 0.5264695396499193 0.6892655399004957
9.8281298469301035 -0.0273708346813541 0.0000307386088380 1.9836911978662570 0.5263347116914213 0.6891575006516185
9.8309290612856479 -0.0273830826066115 0.0000306933027097 1.9850133600802533 0.5261800553208356 0.6890335513592728
9.8589212048410921 -0.0275056771652398 0.0000302408591581 1.9982550051495567 0.5246357964591559 0.6877946515312249
9.8930584487222912 -0.0276554695281691 0.0000296906162720 2.0144527237099505 0.5227582184131576 0.6862852567148553
9.9271633108224542 -0.0278054337552372 0.0000291425776526 2.0306887952156818 0.5208886978788622 0.6847789510617031
9.9374851370228665 -0.0278508824926154 0.0000289770467358 2.0356131879429347 0.5203241296623417 0.6843233999834040
9.9478069632232788 -0.0278963601718837 0.0000288116708900 2.0405424724098369 0.5197601399613170 0.6838680048274515
9.9514111662988061 -0.0279122283817614 0.0000287539640358 2.0422648443907034 0.5195633404339530 0.6837090256146472
9.9546994174167587 -0.0279267049613300 0.0000287013329901 2.0438367490898366 0.5193838542968032 0.6835639995428673
9.9875819285962848 -0.0280716320264038 0.0000281758914029 2.0595830119901186 0.5175922336103985 0.6821146216430305
10.0215796114549427 -0.0282217835517888 0.0000276342967439 2.0759151735196952 0.5157460683550390 0.6806178006045267
10.0555327798404885 -0.0283720540995568 0.0000270951103900 2.0922783819951745 0.5139086576017514 0.6791247087927089
10.0602109239271318 -0.0283927835310432 0.0000270209536233 2.0945370368128464 0.5136559930673839 0.6789191277102559
10.0648890680137750 -0.0284135189865092 0.0000269468292638 2.0967966817079802 0.5134034493963434 0.6787135809190639
10.0688292452074588 -0.0284309675587615 0.0000268844262964 2.0987006403252644 0.5131908371688143 0.6785404853326958
10.0724363017978131 -0.0284469415407513 0.0000268273198371 2.1004442447291312 0.5129962752918713 0.6783820454298446
10.1060142575433716 -0.0285958142340720 0.0000262966449295 2.1167035609794209 0.5111885625732465 0.6769081225775953
10.1398477172197587 -0.0287461341566931 0.0000257636305156 2.1331379051929384 0.5093734279023359 0.6754248122940649
10.1736263372516706 -0.0288965269371703 0.0000252331882041 2.1495967790924380 0.5075676045585464 0.6739457689988407
10.1767671123034784 -0.0289105267604037 0.0000251839540471 2.1511297347044249 0.5074000213485517 0.6738083415575307
10.1799078873552862 -0.0289245135545418 0.0000251347372392 2.1526631303684263 0.5072324929555608 0.6736709305001888
10.1830181549661134 -0.0289383644539337 0.0000250860135398 2.1541820651239929 0.5070666462158153 0.6735348703199050
10.2141208310743856 -0.0290770213713918 0.0000245995774010 2.1693951032374388 0.5054111644437572 0.6721751581648038
10.2477709171327298 -0.0292273387123167 0.0000240749448192 2.1859025170784676 0.5036262232293609 0.6707059230132710
10.2813602117656675 -0.0293777011896056 0.0000235529707771 2.2024300581413350 0.5018508845012614 0.6692412812969813
10.2838995051777200 -0.0293890812475227 0.0000235135801017 2.2036815353586801 0.5017169316680691 0.6691306365079212
10.2864387985897725 -0.0294004492190099 0.0000234742014686 2.2049332965506716 0.5015830149933467 0.6690200029713357
10.2899767776022912 -0.0294162903299197 0.0000234193519921 2.2066778396019497 0.5013964908033711 0.6688658768422363
10.3237004289575918 -0.0295674629675127 0.0000228974895961 2.2233342615525955 0.4996221293288114 0.6673978661618042
10.3571404664761939 -0.0297176814213338 0.0000223817310864 2.2398998267870440 0.4978690832004888 0.6659441950152090
10.3662158245971590 -0.0297585042097910 0.0000222420537788 2.2444040190092513 0.4973944217584338 0.6655500266808370
10.3752911827181240 -0.0297993504152582 0.0000221025028124 2.2489118030751571 0.4969202312835270 0.6651560073247654
10.3798582515645226 -0.0298199146627716 0.0000220323232293 2.2511816505579012 0.4966817786971180 0.6649577781821578
10.3844253204109211 -0.0298404848532050 0.0000219621756857 2.2534524061969630 0.4964434455471690 0.6647595869898340
10.3883474519784471 -0.0298581417880748 0.0000219019617173 2.2554032222174820 0.4962388635212575 0.6645894136476218
10.3922695835459731 -0.0298757946715788 0.0000218417727535 2.2573547073368991 0.4960343693815827 0.6644192683615241
10.4256839576866565 -0.0300263649525455 0.0000213299564380 2.2740073603054456 0.4942957718708006 0.6629708695932254
10.4588965628155517 -0.0301763421220126 0.0000208229374596 2.2906073706523187 0.4925740345147095 0.6615332663376832
10.4680509228288656 -0.0302177358103545 0.0000206834881372 2.2951911887988223 0.4921005913206316 0.6611373840253220
10.4772052828421796 -0.0302591535978216 0.0000205441686005 2.2997786177335975 0.4916276319078708 0.6607416596578720
10.4803972670040029 -0.0302736010143557 0.0000204956205632 2.3013790317543195 0.4914628320819885 0.6606037139184875
10.4824053661032792 -0.0302826914872772 0.0000204650867552 2.3023860878226858 0.4913591855567599 0.6605169411966203
10.4844134652025556 -0.0302917771017028 0.0000204345601752 2.3033933173434864 0.4912555621613727 0.6604301761170577
10.4876096080314625 -0.0303062329964854 0.0000203859873703 2.3049968077173677 0.4910906803176736 0.6602920943189086
10.5195710363205315 -0.0304509535749577 0.0000199011315632 2.3210558364245530 0.4894451128329725 0.6589123463022378
10.5525471108233102 -0.0306005775469918 0.0000194025490282 2.3376705261625692 0.4877535128900297 0.6574908540439420
10.5617436170025289 -0.0306423615056431 0.0000192638045161 2.3423123810723721 0.4872828790998964 0.6570947984619147
10.5709401231817477 -0.0306841700383615 0.0000191251920262 2.3469578401437925 0.4868127374180243 0.6566989080015734
10.5833897683669598 -0.0307407699997065 0.0000189377637592 2.3532523023223679 0.4861770730309577 0.6561632406984825
10.5958394135521718 -0.0307973882729290 0.0000187505821619 2.3595533527675028 0.4855423110322065 0.6556278781425177
10.6285637608022423 -0.0309464267589910 0.0000182597258629 2.3761472422930305 0.4838781296584198 0.6542221215884166
10.6612377193708756 -0.0310955481845909 0.0000177713016557 2.3927607568048819 0.4822227588478455 0.6528206650690022
10.6639501435622570 -0.0311079415617397 0.0000177308306110 2.3941419493300500 0.4820856196097932 0.6527044200523922
10.6666625677536384 -0.0311203278488033 0.0000176903726470 2.3955234516678807 0.4819485232289812 0.6525881899240054
10.6691293044694362 -0.0311315903576614 0.0000176535899619 2.3967800884214876 0.4818238821810610 0.6524825006814010
10.6937966716274140 -0.0312443136757087 0.0000172862899488 2.4093605280380874 0.4805794353282611 0.6514262879162837
10.7262541824084181 -0.0313929088142335 0.0000168044552335 2.4259528592150779 0.4789474299590819 0.6500384108284374
10.7353584405509785 -0.0314346452998355 0.0000166696003950 2.4306148873779310 0.4784907695801149 0.6496495042722851
10.7444626986935390 -0.0314764063321405 0.0000165348765702 2.4352803772601672 0.4780345975708380 0.6492607694752955
10.7487209896634148 -0.0314959474544344 0.0000164719078343 2.4374637316527346 0.4778214021424594 0.6490790075178656
10.7524547439612643 -0.0315130710340798 0.0000164167216285 2.4393787624339951 0.4776345556681396 0.6489196660587020
10.7558155859230862 -0.0315284854304917 0.0000163670664654 2.4411030245925582 0.4774664408951133 0.6487762638030009
10.7891136994035080 -0.0316813871619071 0.0000158760659516 2.4582118464798985 0.4758044175774311 0.6473567578816433
10.8212799938482132 -0.0318294049645415 0.0000154034243900 2.4747828353432353 0.4742051108477973 0.6459877199515779
10.8258120408684686 -0.0318502846568275 0.0000153369639540 2.4771210356690516 0.4739802699565257 0.6457950068620301
10.8282540663278919 -0.0318615379128898 0.0000153011662796 2.4783812917996566 0.4738591682697548 0.6456911844601235
10.8302325256095084 -0.0318706547525689 0.0000152721712286 2.4794024960261707 0.4737610810061367 0.6456070798453656
10.8322109848911250 -0.0318797653281975 0.0000152431836177 2.4804238619663064 0.4736630167050598 0.6455229835826634
10.8519955777072905 -0.0319709354167855 0.0000149536498582 2.4906464076241517 0.4726836498293558 0.6446824813218489
10.8839004455375647 -0.0321182044348040 0.0000144880568692 2.5071653719195202 0.4711092041596620 0.6433288505836980
10.8928465671745212 -0.0321595535655867 0.0000143577958399 2.5118047977642295 0.4706688153141035 0.6429496880545696
10.9017926888114776 -0.0322009268068248 0.0000142276624654 2.5164475067362968 0.4702289023747341 0.6425706995798147
10.9066349093728103 -0.0322233307532453 0.0000141572791214 2.5189618098665632 0.4699909915856819 0.6423656392336881
10.9114771299341431 -0.0322457210545335 0.0000140869366031 2.5214770733554532 0.4697532196601172 0.6421606300705570
10.9176674958619166 -0.0322743550083740 0.0000139970642765 2.5246940209778042 0.4694494517392258 0.6418986179702950
10.9492650879907849 -0.0324206920121268 0.0000135392811369 2.5411387414777891 0.4679024793837497 0.6405625352903150
10.9592562847067416 -0.0324670268123788 0.0000133948617251 2.5463470577985610 0.4674145632305267 0.6401405224510991
10.9692474814226983 -0.0325133918929725 0.0000132506020457 2.5515594387663745 0.4669272426083228 0.6397187308332499
10.9738191125139668 -0.0325346170831441 0.0000131846470193 2.5539458008342502 0.4667044599718130 0.6395258073096021
10.9783907436052353 -0.0325558486264786 0.0000131187254586 2.5563330125259371 0.4664818021102783 0.6393329302976541
10.9820617670028238 -0.0325728932108905 0.0000130658160989 2.5582505601659196 0.4663030977274759 0.6391780836109281
10.9857327904004123 -0.0325899355685016 0.0000130129293640 2.5601686551491536 0.4661244736152976 0.6390232669638828
11.0178028320615820 -0.0327389918086999 0.0000125518295703 2.5769483660327239 0.4645674385383916 0.6376720717142007
11.0490950733853524 -0.0328847354324691 0.0000121035032286 2.5933612225585727 0.4630540960351334 0.6363558791938271
11.0526610495476714 -0.0329013509356587 0.0000120525149986 2.5952340939449243 0.4628820114853013 0.6362060303707114
11.0559238909950235 -0.0329165554359315 0.0000120058793706 2.5969482061900826 0.4627246220731590 0.6360689451281613
11.0870687555879694 -0.0330618514462790 0.0000115615885057 2.6133315189116311 0.4612255006242340 0.6347616439961351
11.0954604461126216 -0.0331010510277684 0.0000114421452673 2.6177525139898674 0.4608225711360430 0.6344097836030981
11.1038521366372738 -0.0331402722826546 0.0000113228153349 2.6221763337631234 0.4604200641658521 0.6340580850373352
11.1094576383564583 -0.0331664834781989 0.0000112431681776 2.6251329399251975 0.4601514320386597 0.6338232469108067
11.1150631400756428 -0.0331927043637119 0.0000111635716036 2.6280908045529570 0.4598829885444092 0.6335884812600737
11.1179951928564638 -0.0332064160350913 0.0000111219586524 2.6296384668635850 0.4597426495295170 0.6334657120055653
11.1206746064663058 -0.0332189451826029 0.0000110839439278 2.6310530762766420 0.4596144477979075 0.6333535384820165
11.1474687425647261 -0.0333443584773560 0.0000107044326871 2.6452149518925596 0.4583348021711234 0.6322327179554840
11.1781625250859520 -0.0334882975174152 0.0000102711090264 2.6614731471125381 0.4568742187610860 0.6309508264813413
11.1810118417892213 -0.0335016678337960 0.0000102309615500 2.6629843038914007 0.4567389194325619 0.6308319398082026
11.1838611584924905 -0.0335150367315790 0.0000101908278238 2.6644957833289000 0.4566036688225760 0.6307130721840057
11.2123543255251832 -0.0336488644106596 0.0000097902111875 2.6796283023406353 0.4552538502730086 0.6295254465874034
11.2198059610586540 -0.0336839051821020 0.0000096856567013 2.6835911218969848 0.4549016472798508 0.6292151706029688
11.2272575965921249 -0.0337189632677237 0.0000095811918998 2.6875561391612686 0.4545497787921755 0.6289050261623637
11.2333644353107314 -0.0337477073416061 0.0000094956467434 2.6908072270301466 0.4542616614727776 0.6286509517404084
11.2378118809841201 -0.0337686482056473 0.0000094333844381 2.6931758341390513 0.4540519748562778 0.6284659719800042
11.2414826435283040 -0.0337859294690315 0.0000093820206368 2.6951313863283701 0.4538789965954735 0.6283133317521846
11.2451534060724878 -0.0338032094191761 0.0000093306795259 2.6970874706032402 0.4537060993668256 0.6281607235964777
11.2763578421648365 -0.0339502730441879 0.0000088951183335 2.7137372190440945 0.4522396145024228 0.6268647305325347
11.2851960730065475 -0.0339919822516419 0.0000087720377135 2.7184600006039199 0.4518253200236287 0.6264980821230908
11.2940343038482585 -0.0340337159883212 0.0000086490834603 2.7231858526268349 0.4514114969315032 0.6261316215865201
11.2960623542247269 -0.0340432958160276 0.0000086208877889 2.7242706954518092 0.4513166061883318 0.6260475588530074
11.2980904046011954 -0.0340528721057440 0.0000085926995760 2.7253556997636630 0.4512217401120616 0.6259635060354973
11.3001324761820072 -0.0340625140026981 0.0000085643235209 2.7264483685320289 0.4511262431855040 0.6258788821266944
11.3205531919901254 -0.0341590050658511 0.0000082809341342 2.7373840516445878 0.4501726584760811 0.6250331970500875
11.3503301696108618 -0.0342999414063285 0.0000078689127393 2.7533594510241008 0.4487866787396047 0.6238018527898539
11.3529758802715239 -0.0343124712367321 0.0000078323747420 2.7547805554206661 0.4486637921618017 0.6236925512098940
11.3553732114873895 -0.0343238245643050 0.0000077992770762 2.7560684824118904 0.4485524786384784 0.6235935256182406
11.3793465236460456 -0.0344374577883073 0.0000074688124905 2.7689600778501329 0.4474412538277557 0.6226040427044501
11.3874039329499634 -0.0344756906817033 0.0000073579527222 2.7732979576583134 0.4470685522382780 0.6222717947417584
11.3954613422538813 -0.0345139441719529 0.0000072471981729 2.7776383625302765 0.4466962432305556 0.6219397064259471
11.3999953596723191 -0.0345354790127613 0.0000071849212999 2.7800818787745851 0.4464869123556253 0.6217529059653492
11.4022153472151402 -0.0345460254828996 0.0000071544408740 2.7812785870303789 0.4463844631809822 0.6216614614796062
11.4044353347579612 -0.0345565686678564 0.0000071239692465 2.7824754866793819 0.4462820436534412 0.6215700291509211
11.4065967628917946 -0.0345668334579246 0.0000070943093811 2.7836409980433339 0.4461823543528889 0.6214810203292966
11.4282110442301281 -0.0346695630241115 0.0000067981272885 2.7953060792552904 0.4451870156193719 0.6205915671894505
11.4373925067815367 -0.0347132461923257 0.0000066725422624 2.8002667305491071 0.4447650641585872 0.6202140894483931
11.4465739693329454 -0.0347569562402407 0.0000065470939493 2.8052306439682013 0.4443436228453085 0.6198368211607270
11.4494216351239615 -0.0347705185454800 0.0000065082134535 2.8067708830444436 0.4442130148685844 0.6197198525757532
11.4512934274941056 -0.0347794345623715 0.0000064826641724 2.8077834646171165 0.4441271919875179 0.6196429792376862
11.4531652198642497 -0.0347883484223210 0.0000064571211215 2.8087961815790567 0.4440413902031776 0.6195661146298604
11.4556629516008464 -0.0348002420808023 0.0000064230456283 2.8101477684118263 0.4439269286854830 0.6194635596028363
11.4806402689668126 -0.0349192882817057 0.0000060828472889 2.8236768803214884 0.4427843905172011 0.6184388661227417
11.4895707352981127 -0.0349619008699967 0.0000059614573684 2.8285199570162218 0.4423768005886271 0.6180728731141927
11.4985012016294128 -0.0350045390251678 0.0000058401968548 2.8333661038224216 0.4419696936085467 0.6177070803537305
11.5056590660130684 -0.0350387136329802 0.0000057431018307 2.8372525570503355 0.4416437410592025 0.6174140383323391
11.5121137425703157 -0.0350695443458926 0.0000056556168128 2.8407588940462429 0.4413500760793955 0.6171498953429241
11.5406745701798599 -0.0352061256172457 0.0000052693222320 2.8562930208833301 0.4400536880097590 0.6159823709296975
11.5425441220834468 -0.0352150751928619 0.0000052440820961 2.8573109535929260 0.4399690005741663 0.6159060184185692
11.5444136739870338 -0.0352240227235577 0.0000052188481645 2.8583290201491431 0.4398843342060954 0.6158296747736056
11.5465191954285888 -0.0352340990333910 0.0000051904363882 2.8594757444006045 0.4397890067753692 0.6157437058662519
11.5675744098441395 -0.0353349407262975 0.0000049067143829 2.8709523146473743 0.4388372096383250 0.6148846363451534
11.5763612655221149 -0.0353770667492742 0.0000047885230718 2.8757467783925428 0.4384407958001960 0.6145264594798204
11.5851481212000902 -0.0354192177350454 0.0000046704570950 2.8805441890391856 0.4380448498152042 0.6141684797127273
11.5932202528842385 -0.0354579427862076 0.0000045621083269 2.8849539726174176 0.4376815217881795 0.6138397920257376
11.6005628923232820 -0.0354931859810538 0.0000044636431741 2.8889673931082407 0.4373513712393908 0.6135409532790115
