0.0001043827894214 -0.0000000000011065 0.0000885460321500 0.0000000000000021 0.9999999999683141 0.9999999999769722
0.0001454048973710 -0.0000000000021472 0.0000885460321418 0.0000000000000058 0.9999999999382396 0.9999999999553123
0.0001960485082620 -0.0000000000039035 0.0000885460321280 0.0000000000000142 0.9999999998874861 0.9999999999187588
0.0002572531826886 -0.0000000000067214 0.0000885460321058 0.0000000000000321 0.9999999998060565 0.9999999998601113
0.0003299073740288 -0.0000000000110543 0.0000885460320717 0.0000000000000678 0.9999999996808495 0.9999999997699344
0.0004148602657233 -0.0000000000174806 0.0000885460320211 0.0000000000001348 0.9999999994951506 0.9999999996361895
0.0005129402373618 -0.0000000000267232 0.0000885460319483 0.0000000000002547 0.9999999992280680 0.9999999994438299
0.0006249346560812 -0.0000000000396666 0.0000885460318464 0.0000000000004606 0.9999999988540422 0.9999999991744469
0.0007516089103366 -0.0000000000573774 0.0000885460317069 0.0000000000008014 0.9999999983422557 0.9999999988058450
0.0008937040339775 -0.0000000000811232 0.0000885460315200 0.0000000000013472 0.9999999976560754 0.9999999983116400
0.0010519483500519 -0.0000000001123950 0.0000885460312738 0.0000000000021970 0.9999999967524177 0.9999999976608021
0.0012270153094729 -0.0000000001529180 0.0000885460309547 0.0000000000034866 0.9999999955814304 0.9999999968174264
0.0014195849446887 -0.0000000002046829 0.0000885460305471 0.0000000000053992 0.9999999940855849 0.9999999957400791
0.0016303218367290 -0.0000000002699639 0.0000885460300332 0.0000000000081784 0.9999999921991679 0.9999999943814321
0.0018598539627676 -0.0000000003513313 0.0000885460293925 0.0000000000121419 0.9999999898479041 0.9999999926879900
0.0021087869229173 -0.0000000004516736 0.0000885460286025 0.0000000000176989 0.9999999869483261 0.9999999905996377
0.0023777562764025 -0.0000000005742408 0.0000885460276375 0.0000000000253718 0.9999999834065164 0.9999999880487331
0.0026673376197048 -0.0000000007226290 0.0000885460264692 0.0000000000358165 0.9999999791185596 0.9999999849604337
0.0029781051549482 -0.0000000009008231 0.0000885460250662 0.0000000000498504 0.9999999739693067 0.9999999812518061
0.0033106269748114 -0.0000000011132175 0.0000885460233939 0.0000000000684825 0.9999999678317744 0.9999999768313933
0.0036654596021248 -0.0000000013646347 0.0000885460214144 0.0000000000929467 0.9999999605666012 0.9999999715988240
0.0040431425409082 -0.0000000016603425 0.0000885460190862 0.0000000001247400 0.9999999520215721 0.9999999654444686
0.0044442109732747 -0.0000000020060831 0.0000885460163641 0.0000000001656657 0.9999999420307479 0.9999999582488134
0.0048691767288801 -0.0000000024080787 0.0000885460131990 0.0000000002178789 0.9999999304143319 0.9999999498823641
0.0053185523016299 -0.0000000028730718 0.0000885460095380 0.0000000002839415 0.9999999169774849 0.9999999402047921
0.0057928468831001 -0.0000000034083463 0.0000885460053235 0.0000000003668806 0.9999999015097247 0.9999999290645026
0.0062925580002832 -0.0000000040217408 0.0000885460004941 0.0000000004702516 0.9999998837845419 0.9999999162983577
0.0068181690645807 -0.0000000047216648 0.0000885459949833 0.0000000005982076 0.9999998635589255 0.9999999017313341
0.0073701605765652 -0.0000000055171339 0.0000885459887203 0.0000000007555783 0.9999998405723566 0.9999998851757995
0.0079489894097857 -0.0000000064177598 0.0000885459816293 0.0000000009479477 0.9999998145470841 0.9999998664317097
0.0085551218090344 -0.0000000074338196 0.0000885459736295 0.0000000011817543 0.9999997851861356 0.9999998452851773
0.0091890230520487 -0.0000000085762671 0.0000885459646346 0.0000000014643895 0.9999997521729755 0.9999998215082249
0.0098511384223803 -0.0000000098567208 0.0000885459545532 0.0000000018042963 0.9999997151718706 0.9999997948590483
0.0105419218767423 -0.0000000112875372 0.0000885459432878 0.0000000022110978 0.9999996738257565 0.9999997650804801
0.0112618047509758 -0.0000000128817714 0.0000885459307359 0.0000000026957061 0.9999996277573798 0.9999997319008119
0.0120112117990417 -0.0000000146532258 0.0000885459167886 0.0000000032704614 0.9999995765678952 0.9999996950327846
0.0127905736352732 -0.0000000166165028 0.0000885459013310 0.0000000039492861 0.9999995198353394 0.9999996541724885
0.0136003000418262 -0.0000000187869616 0.0000885458842422 0.0000000047478172 0.9999994571158815 0.9999996090002641
0.0144408247958141 -0.0000000211808582 0.0000885458653942 0.0000000056836129 0.9999993879397743 0.9999995591777864
0.0153125446128355 -0.0000000238152023 0.0000885458446530 0.0000000067762681 0.9999993118154933 0.9999995043510457
0.0162158719085126 -0.0000000267079241 0.0000885458218776 0.0000000080476554 0.9999992282249079 0.9999994441468694
0.0171512011278617 -0.0000000298777978 0.0000885457969200 0.0000000095220850 0.9999991366255082 0.9999993781745266
0.0181189367934518 -0.0000000333445533 0.0000885457696250 0.0000000112265557 0.9999990364471633 0.9999993060233923
0.0191194667054372 -0.0000000371288083 0.0000885457398302 0.0000000131909387 0.9999989270940870 0.9999992272643640
0.0201531678112898 -0.0000000412521017 0.0000885457073661 0.0000000154482152 0.9999988079438770 0.9999991414491690
0.0212204377642832 -0.0000000457370435 0.0000885456720545 0.0000000180348000 0.9999986783431727 0.9999990481072375
0.0223216611687078 -0.0000000506072110 0.0000885456337100 0.0000000209907430 0.9999985376106707 0.9999989467478742
0.0234572028163071 -0.0000000558871283 0.0000885455921393 0.0000000243599788 0.9999983850377034 0.9999988368606748
0.0246274384100515 -0.0000000616024234 0.0000885455471408 0.0000000281907038 0.9999982198837073 0.9999987179122621
0.0258327286878887 -0.0000000677797311 0.0000885454985047 0.0000000325356131 0.9999980413790209 0.9999985893483020
0.0270734361655246 -0.0000000744467933 0.0000885454460125 0.0000000374522779 0.9999978487220019 0.9999984505914253
0.0283499275732166 -0.0000000816325004 0.0000885453894370 0.0000000430035100 0.9999976410778074 0.9999983010403511
0.0296625754700713 -0.0000000893669337 0.0000885453285411 0.0000000492577481 0.9999974175771943 0.9999981400690212
0.0310116999449003 -0.0000000976810323 0.0000885452630813 0.0000000562891437 0.9999971773261267 0.9999979670335203
0.0323976729557424 -0.0000001066072335 0.0000885451928022 0.0000000641784621 0.9999969193872730 0.9999977812587495
0.0338208442050232 -0.0000001161790627 0.0000885451174398 0.0000000730131549 0.9999966427918677 0.9999975820469693
0.0352815630108899 -0.0000001264312848 0.0000885450367206 0.0000000828879036 0.9999963465353272 0.9999973686746420
0.0367801568406939 -0.0000001373997696 0.0000885449503619 0.0000000939049214 0.9999960295811348 0.9999971403952291
0.0383169730969317 -0.0000001491218103 0.0000885448580703 0.0000001061747182 0.9999956908516549 0.9999968964325762
0.0398923479462129 -0.0000001616359274 0.0000885447595424 0.0000001198163915 0.9999953292337791 0.9999966359849786
0.0415066158326709 -0.0000001749819579 0.0000885446544646 0.0000001349582121 0.9999949435763589 0.9999963582233324
0.0431601037731165 -0.0000001892010290 0.0000885445425130 0.0000001517381112 0.9999945326909707 0.9999960622916853
0.0448531330982439 -0.0000002043355875 0.0000885444233536 0.0000001703042452 0.9999940953510599 0.9999957473066197
0.0465860681961827 -0.0000002204298771 0.0000885442966379 0.0000001908161690 0.9999936302781459 0.9999954123473171
0.0483591903630207 -0.0000002375288029 0.0000885441620124 0.0000002134439910 0.9999931361746422 0.9999950564791965
0.0501728364825333 -0.0000002556792212 0.0000885440191082 0.0000002383706030 0.9999926116865810 0.9999946787270657
0.0520273088448650 -0.0000002749291142 0.0000885438675476 0.0000002657912467 0.9999920554274623 0.9999942780922996
0.0539229341051006 -0.0000002953281970 0.0000885437069390 0.0000002959150000 0.9999914659607138 0.9999938535402061
0.0558600332859819 -0.0000003169276506 0.0000885435368796 0.0000003289651119 0.9999908418074157 0.9999934040055893
0.0578389067698531 -0.0000003397799609 0.0000885433569562 0.0000003651794466 0.9999901814509314 0.9999929283960850
0.0598598677467545 -0.0000003639393110 0.0000885431667421 0.0000004048118120 0.9999894833255960 0.9999924255840125
0.0619232364522178 -0.0000003894615608 0.0000885429657975 0.0000004481327315 0.9999887458172965 0.9999918944067933
0.0640292969988469 -0.0000004164037271 0.0000885427536736 0.0000004954293405 0.9999879672784863 0.9999913336777636
0.0661783578058060 -0.0000004448247454 0.0000885425299063 0.0000005470074818 0.9999871460061899 0.9999907421703327
0.0683707207913129 -0.0000004747851204 0.0000885422940194 0.0000006031919791 0.9999862802520904 0.9999901186252471
0.0706066955378274 -0.0000005063471415 0.0000885420455223 0.0000006643279193 0.9999853682163047 0.9999894617461080
0.0728865702794812 -0.0000005395744978 0.0000885417839137 0.0000007307808176 0.9999844080585160 0.9999887702073874
0.0752106663073895 -0.0000005745330861 0.0000885415086748 0.0000008029391615 0.9999833978746164 0.9999880426376055
0.0775792509510740 -0.0000006112897449 0.0000885412192794 0.0000008812128083 0.9999823357332935 0.9999872776456807
0.0799926184170962 -0.0000006499134651 0.0000885409151842 0.0000009660364262 0.9999812196410588 0.9999864737957416
0.0824510483144092 -0.0000006904747859 0.0000885405958340 0.0000010578692759 0.9999800475596838 0.9999856296196837
0.0849548263671156 -0.0000007330461423 0.0000885402606586 0.0000011571970231 0.9999788173961703 0.9999847436099454
0.0875042555971612 -0.0000007777021055 0.0000885399090707 0.0000012645334602 0.9999775269958089 0.9999838142145075
0.0900996118817931 -0.0000008245186411 0.0000885395404724 0.0000013804198947 0.9999761741636057 0.9999828398523249
0.0927411721953116 -0.0000008735735968 0.0000885391542507 0.0000015054274208 0.9999747566502007 0.9999818189031833
0.0954292309859661 -0.0000009249470483 0.0000885387497754 0.0000016401590523 0.9999732721418648 0.9999807497004933
0.0981640572450013 -0.0000009787205178 0.0000885383264045 0.0000017852489575 0.9999717182830832 0.9999796305475560
0.1009459493622402 -0.0000010349780551 0.0000885378834764 0.0000019413666053 0.9999700926453281 0.9999784596950696
0.1037751325494574 -0.0000010938041849 0.0000885374203257 0.0000021092123800 0.9999683927863630 0.9999772353838423
0.1066519445302868 -0.0000011552877447 0.0000885369362529 0.0000022895297594 0.9999666161393520 0.9999759557649229
0.1095766254938059 -0.0000012195175649 0.0000885364305589 0.0000024830944565 0.9999647601376797 0.9999746189894997
0.1125494428722636 -0.0000012865850602 0.0000885359025239 0.0000026907231700 0.9999628221400834 0.9999732231549768
0.1155706774956297 -0.0000013565840111 0.0000885353514097 0.0000029132745863 0.9999607994369598 0.9999717663095142
0.1186405935704270 -0.0000014296099086 0.0000885347764645 0.0000031516488648 0.9999586892693085 0.9999702464656712
0.1217594646212821 -0.0000015057605704 0.0000885341769182 0.0000034067911386 0.9999564888109199 0.9999686615875749
0.1249275409353289 -0.0000015851353712 0.0000885335519887 0.0000036796905382 0.9999541951906280 0.9999670096069464
0.1281451255685948 -0.0000016678371722 0.0000885329008662 0.0000039713884824 0.9999518054365533 0.9999652883829399
0.1314124292494555 -0.0000017539686478 0.0000885322227423 0.0000042829675232 0.9999493165822417 0.9999634957785876
0.1347297546584315 -0.0000018436370488 0.0000885315167729 0.0000046155698954 0.9999467255290464 0.9999616295616780
0.1380973437516191 -0.0000019369502546 0.0000885307821088 0.0000049703852076 0.9999440291601854 0.9999596874869039
0.1415154551843316 -0.0000020340188193 0.0000885300178795 0.0000053486596017 0.9999412242816376 0.9999576672532906
0.1449843485001920 -0.0000021349555891 0.0000885292231970 0.0000057516962898 0.9999383076331887 0.9999555665121496
0.1485043028864766 -0.0000022398762979 0.0000885283971501 0.0000061808599598 0.9999352758712305 0.9999533828546865
0.1520755410807411 -0.0000023488973148 0.0000885275388229 0.0000066375695023 0.9999321256338546 0.9999511138588838
0.1556983151224318 -0.0000024621381767 0.0000885266472743 0.0000071233101927 0.9999288534676573 0.9999487570367783
0.1593728758274230 -0.0000025797207333 0.0000885257215454 0.0000076396323783 0.9999254558524712 0.9999463098522715
0.1630995210986611 -0.0000027017707687 0.0000885247606460 0.0000081881609539 0.9999219291544967 0.9999437696873685
0.1668784521825286 -0.0000028284133361 0.0000885237635918 0.0000087705766559 0.9999182697611160 0.9999411339392781
0.1707099541731701 -0.0000029597786720 0.0000885227293576 0.0000093886447812 0.9999144739100024 0.9999383998973208
0.1745942710771476 -0.0000030959981176 0.0000885216569098 0.0000100441990896 0.9999105378069797 0.9999355648278178
0.1785316204771323 -0.0000032372045165 0.0000885205452027 0.0000107391453995 0.9999064576145330 0.9999326259658108
0.1825222448533336 -0.0000033835340362 0.0000885193931646 0.0000114754727047 0.9999022293991774 0.9999295804771501
0.1865664220298535 -0.0000035351266895 0.0000885181996935 0.0000122552587829 0.9998978491163973 0.9999264254476429
0.1906643847842610 -0.0000036921233946 0.0000885169636802 0.0000130806578274 0.9998933126956093 0.9999231579442454
0.1948163632496562 -0.0000038546674927 0.0000885156839967 0.0000139539103200 0.9998886159963040 0.9999197749834688
0.1990226123434768 -0.0000040229058707 0.0000885143594869 0.0000148773517859 0.9998837547756101 0.9999162735080128
0.2032833659762214 -0.0000041969872031 0.0000885129889808 0.0000158534060658 0.9998787247391120 0.9999126504233625
0.2075988776398201 -0.0000043770635989 0.0000885115712812 0.0000168845970939 0.9998735214932575 0.9999089025635043
0.2119693588324137 -0.0000045632880633 0.0000885101051839 0.0000179735371767 0.9998681406187120 0.9999050267437576
0.2163950726953655 -0.0000047558184525 0.0000885085894468 0.0000191229526231 0.9998625775560939 0.9999010196784651
0.2208762424614186 -0.0000049548136244 0.0000885070228197 0.0000203356643020 0.9998568277171939 0.9998968780610977
0.2254130954729013 -0.0000051604352998 0.0000885054040300 0.0000216146012521 0.9998508864312172 0.9998925985255280
0.2300058878751523 -0.0000053728492598 0.0000885037317731 0.0000229628114774 0.9998447489101884 0.9998881776211049
0.2346548450661025 -0.0000055922226686 0.0000885020047336 0.0000243834483880 0.9998384103263033 0.9998836118683646
0.2393601919984680 -0.0000058187254291 0.0000885002215745 0.0000258797821126 0.9998318657727852 0.9998788977308281
0.2441221500487792 -0.0000060525300505 0.0000884983809384 0.0000274552017916 0.9998251102677070 0.9998740316177481
0.2489409599794486 -0.0000062938128170 0.0000884964814383 0.0000291132268387 0.9998181387202271 0.9998690098597818
0.2538168804147482 -0.0000065427538307 0.0000884945216571 0.0000308575112348 0.9998109459293727 0.9998638287081053
0.2587501135022938 -0.0000067995332215 0.0000884925001774 0.0000326918202936 0.9998035266935489 0.9998584844132893
0.2637408685117547 -0.0000070643342972 0.0000884904155572 0.0000346200553567 0.9997958757195293 0.9998529731597351
0.2687894129967753 -0.0000073373463961 0.0000884882663066 0.0000366462789035 0.9997879875400489 0.9998472910063052
0.2738959288218547 -0.0000076187572041 0.0000884860509491 0.0000387746617313 0.9997798567357902 0.9998414340462195
0.2790606584200584 -0.0000079087606260 0.0000884837679593 0.0000410095446075 0.9997714777079804 0.9998353982432397
0.2842838422635452 -0.0000082075535169 0.0000884814157885 0.0000433554184785 0.9997628447728302 0.9998291794996877
0.2895656983895142 -0.0000085153344959 0.0000884789928742 0.0000458169187282 0.9997539521958240 0.9998227736811368
0.2949064357972187 -0.0000088323046549 0.0000884764976345 0.0000483988340127 0.9997447941712531 0.9998161766016593
0.3003062766048514 -0.0000091586688857 0.0000884739284578 0.0000511061209365 0.9997353647838836 0.9998093839962037
0.3057654254002597 -0.0000094946340737 0.0000884712837166 0.0000539438932827 0.9997256580611518 0.9998023915581831
0.3112841597772812 -0.0000098404147496 0.0000884685617236 0.0000569174743548 0.9997156678099048 0.9997951948218566
0.3168626504881485 -0.0000101962219530 0.0000884657608189 0.0000600323063663 0.9997053879381413 0.9997877893940921
0.3225011403975811 -0.0000105622743748 0.0000884628792824 0.0000632940497534 0.9996948121331219 0.9997801707224717
0.3281998192660371 -0.0000109387904483 0.0000884599153962 0.0000667085187334 0.9996839340898751 0.9997723342598920
0.3339589232489426 -0.0000113259948156 0.0000884568673937 0.0000702817432268 0.9996727473243899 0.9997642753299775
0.3397786480315959 -0.0000117241126304 0.0000884537335042 0.0000740199218535 0.9996612453382324 0.9997559892456552
0.3456592307839754 -0.0000121333750969 0.0000884505119095 0.0000779294777233 0.9996494214585258 0.9997474711938632
0.3516008875397807 -0.0000125540152730 0.0000884472007771 0.0000820170243023 0.9996372689592413 0.9997387163229147
0.3576038170172249 -0.0000129862682466 0.0000884437982583 0.0000862893708076 0.9996247810560976 0.9997297197388089
0.3636682378257450 -0.0000134303738027 0.0000884403024679 0.0000907535530474 0.9996119508295288 0.9997204764497213
0.3697943741112484 -0.0000138865754934 0.0000884367114909 0.0000954168299485 0.9995987712515854 0.9997109813853674
0.3759824087300604 -0.0000143551171235 0.0000884330234105 0.0001002866521502 0.9995852352874691 0.9997012294701353
0.3822325969486174 -0.0000148362513406 0.0000884292362405 0.0001053707559543 0.9995713356473925 0.9996912154442994
0.3885451040513614 -0.0000153302273087 0.0000884253480221 0.0001106770398164 0.9995570651426964 0.9996809341205656
0.3949201570163151 -0.0000158373023205 0.0000884213567329 0.0001162136914001 0.9995424163504157 0.9996703801423903
0.4013579542230439 -0.0000163577348612 0.0000884172603410 0.0001219891195373 0.9995273818136634 0.9996595481283298
0.4078587403059041 -0.0000168917906467 0.0000884130567579 0.0001280120263236 0.9995119538672291 0.9996484325463687
0.4144226865828280 -0.0000174397328942 0.0000884087439148 0.0001342913037289 0.9994961249186609 0.9996370279164138
0.4210499482842002 -0.0000180018267521 0.0000884043197279 0.0001408360857592 0.9994798873203197 0.9996253287180962
0.4277408138922131 -0.0000185783521809 0.0000883997819972 0.0001476559062455 0.9994632329973092 0.9996133291226701
0.4344954736310552 -0.0000191695844615 0.0000883951285594 0.0001547604791732 0.9994461540105595 0.9996010233986909
0.4413141234434878 -0.0000197758028684 0.0000883903572200 0.0001621598035881 0.9994286423063213 0.9995884057315062
0.4481969646862038 -0.0000203972907045 0.0000883854657531 0.0001698641704411 0.9994106897151711 0.9995754702225146
0.4551441748608235 -0.0000210343326592 0.0000883804519220 0.0001778841355896 0.9993922880283683 0.9995622109441606
0.4621559767274520 -0.0000216872211476 0.0000883753134295 0.0001862306054890 0.9993734288147553 0.9995486218079787
0.4692325815746223 -0.0000223562512531 0.0000883700479575 0.0001949147813410 0.9993541035668885 0.9995346966698586
0.4763741847047160 -0.0000230417202353 0.0000883646531710 0.0002039481580101 0.9993343037152793 0.9995204293402833
0.4835809646464716 -0.0000237439273621 0.0000883591267195 0.0002133425267665 0.9993140206332763 0.9995058135878211
0.4908531497471628 -0.0000244631804450 0.0000883534661854 0.0002231100695776 0.9992932454483131 0.9994908430030855
0.4981909179353225 -0.0000251997860954 0.0000883476691609 0.0002332632353873 0.9992719693234121 0.9994755112015542
0.5055944654238732 -0.0000259540564249 0.0000883417331950 0.0002438148362976 0.9992501832636570 0.9994598116840859
0.5130640105880659 -0.0000267263096099 0.0000883356557893 0.0002547780643032 0.9992278780999400 0.9994437378251749
0.5205997378693989 -0.0000275168641573 0.0000883294344433 0.0002661664174750 0.9992050446546228 0.9994272829922991
0.5282018408778615 -0.0000283260432912 0.0000883230666192 0.0002779937680054 0.9991816736148649 0.9994104404546058
0.5358705042777346 -0.0000291541730769 0.0000883165497576 0.0002902743423180 0.9991577555868536 0.9993932034219588
0.5436059549498324 -0.0000300015880195 0.0000883098812327 0.0003030228121171 0.9991332809341430 0.9993755649283985
0.5514083549175780 -0.0000308686194372 0.0000883030584442 0.0003162541280611 0.9991082401134925 0.9993575180741378
0.5592779052111385 -0.0000317556067626 0.0000882960787281 0.0003299836957496 0.9990826233485198 0.9993390557903348
0.5672147920932052 -0.0000326628916852 0.0000882889394033 0.0003442272953391 0.9990564207989032 0.9993201709609969
0.5752192348709746 -0.0000335908236386 0.0000882816377278 0.0003590011753914 0.9990296224019690 0.9993008563087701
0.5832914013462033 -0.0000345397500850 0.0000882741709756 0.0003743219070221 0.9990022181533142 0.9992811045971530
0.5914314643946926 -0.0000355100229088 0.0000882665363863 0.0003902064905649 0.9989741979222007 0.9992609084974089
0.5996396770004088 -0.0000365020076099 0.0000882587310928 0.0004066725177195 0.9989455511861265 0.9992402603972048
0.6079161628231499 -0.0000375160581608 0.0000882507523188 0.0004237377647366 0.9989162677569697 0.9992191529239555
0.6162611334580065 -0.0000385525431139 0.0000882425971741 0.0004414206311870 0.9988863370270887 0.9991975784013867
0.6246747811903075 -0.0000396118327715 0.0000882342627548 0.0004597399371608 0.9988557483398950 0.9991755291165887
0.6331573091718820 -0.0000406943029234 0.0000882257461145 0.0004787149950365 0.9988244908819822 0.9991529972422145
0.6417088780479527 -0.0000418003280152 0.0000882170443178 0.0004983654975892 0.9987925538804431 0.9991299749786701
0.6503297098167292 -0.0000429302945068 0.0000882081543352 0.0005187117623415 0.9987599262171973 0.9991064542760490
0.6590199213924847 -0.0000440845791777 0.0000881990732137 0.0005397743514064 0.9987265970554814 0.9990824272857052
0.6677797646566576 -0.0000452635807456 0.0000881897978284 0.0005615746521431 0.9986925549269472 0.9990578857021004
0.6766093797924074 -0.0000464676872262 0.0000881803251391 0.0005841342923968 0.9986577886741715 0.9990328214422025
0.6855089635981350 -0.0000476972983670 0.0000881706520137 0.0006074755600142 0.9986222868029877 0.9990072261785234
0.6944787252219621 -0.0000489528199406 0.0000881607752735 0.0006316213109986 0.9985860376473161 0.9989810914578834
0.7035188474931819 -0.0000502346583640 0.0000881506917349 0.0006565948757273 0.9985490295245965 0.9989544088134139
0.7126294533861041 -0.0000515432156342 0.0000881403982501 0.0006824199634173 0.9985112508820487 0.9989271698699669
0.7218107833245160 -0.0000528789147540 0.0000881298915063 0.0007091211722015 0.9984726895626976 0.9988993658148494
0.7310629765259388 -0.0000542421684222 0.0000881191682726 0.0007367233823527 0.9984333337093717 0.9988709880495543
0.7403862275060894 -0.0000556334016115 0.0000881082252222 0.0007652522133005 0.9983931711129501 0.9988420277197697
0.7497807221860577 -0.0000570530423941 0.0000880970590043 0.0007947338522321 0.9983521894773157 0.9988124759063481
0.7592466484055045 -0.0000585015235016 0.0000880856662326 0.0008251950956765 0.9983103763743887 0.9987823235928158
0.7687841903317085 -0.0000599792814951 0.0000880740434909 0.0008566633424101 0.9982677192681839 0.9987515616826526
0.7783935240680017 -0.0000614867560586 0.0000880621873395 0.0008891665878412 0.9982242055352761 0.9987201810139799
0.7880747979542857 -0.0000630243867946 0.0000880500943399 0.0009227333624565 0.9981798225573798 0.9986881724262627
0.7978282066572748 -0.0000645926249574 0.0000880377609630 0.0009573929972784 0.9981345573827587 0.9986555265160488
0.8076539381326673 -0.0000661919252445 0.0000880251836530 0.0009931754596655 0.9980883969632660 0.9986222338078334
0.8175521475713934 -0.0000678227414346 0.0000880123588625 0.0010301112634980 0.9980413282803328 0.9985882848448565
0.8275230139764649 -0.0000694855355718 0.0000879992829797 0.0010682316846135 0.9979933380799635 0.9985536699978939
0.8375667479225478 -0.0000711807795434 0.0000879859523165 0.0011075688140109 0.9979444128273429 0.9985183794324175
0.8476834745835353 -0.0000729089353217 0.0000879723632636 0.0011481551099058 0.9978945392771353 0.9984824035198795
0.8578734045189286 -0.0000746704838117 0.0000879585120635 0.0011900240785210 0.9978437036410533 0.9984457322371800
0.8681367003961209 -0.0000764659022952 0.0000879443949884 0.0012332097603153 0.9977918922389140 0.9984083556362012
0.8784734747358798 -0.0000782956635560 0.0000879300083467 0.0012777467085929 0.9977390915239710 0.9983702638620251
0.8888839746057802 -0.0000801602686452 0.0000879153482258 0.0013236707998842 0.9976852871375154 0.9983314464708034
0.8993683166962045 -0.0000820602000269 0.0000879004108599 0.0013710181058043 0.9976304652610539 0.9982918934051579
0.9099267036005186 -0.0000839959601038 0.0000878851923278 0.0014198258483131 0.9975746115047408 0.9982515941921534
0.9205592980969587 -0.0000859680486965 0.0000878696887295 0.0014701318566400 0.9975177115573172 0.9982105384121032
0.9312662750532379 -0.0000879769724332 0.0000878538961128 0.0015219748126796 0.9974597509153161 0.9981687155030952
0.9420478066331940 -0.0000900232420753 0.0000878378104940 0.0015753941964760 0.9974007149603493 0.9981261148166507
0.9529040733678069 -0.0000921073746452 0.0000878214278414 0.0016304303545639 0.9973405888978517 0.9980827255734154
0.9638351993265933 -0.0000942298808784 0.0000878047441741 0.0016871241780734 0.9972793581191957 0.9980385371243756
0.9748414166596311 -0.0000963912971133 0.0000877877553110 0.0017455179652567 0.9972170072818497 0.9979935382869326
0.9859228351264887 -0.0000985921404798 0.0000877704572233 0.0018056542352396 0.9971535216022530 0.9979477182778249
0.9970796360033359 -0.0001008329467152 0.0000877528457375 0.0018675767551197 0.9970888857650391 0.9979010659258198
1.0083119405252992 -0.0001031142441143 0.0000877349167398 0.0019313298426771 0.9970230846746153 0.9978535702140346
1.0196200127989901 -0.0001054365947699 0.0000877166658521 0.0019969595325810 0.9969561022657980 0.9978052194213211
1.0310039480823618 -0.0001078005311331 0.0000876980889308 0.0020645118129159 0.9968879233337683 0.9977560024430321
1.0424638897024814 -0.0001102065998918 0.0000876791817219 0.0021340338591746 0.9968185322686016 0.9977059078774881
1.0540000916967236 -0.0001126553759048 0.0000876599397517 0.0022055744723085 0.9967479126536373 0.9976549237358319
1.0656126449162300 -0.0001151474044120 0.0000876403587804 0.0022791824141125 0.9966760489322725 0.9976030386452129
1.0773016998182670 -0.0001176832477413 0.0000876204344360 0.0023549077680154 0.9966029250610912 0.9975502408763331
1.0890674784908345 -0.0001202634886710 0.0000876001621872 0.0024328020751605 0.9965285244131575 0.9974965182734106
1.1009100982494855 -0.0001228886919832 0.0000875795376459 0.0025129171948615 0.9964528308868114 0.9974418590546442
1.1128297554656923 -0.0001255594446439 0.0000875585562514 0.0025953065276118 0.9963758277472609 0.9973862509756325
1.1248265354325575 -0.0001282763134768 0.0000875372136030 0.0026800237316335 0.9962974988471258 0.9973296822106197
1.1369006108518174 -0.0001310398895090 0.0000875155051119 0.0027671241008592 0.9962178273480387 0.9972721404291623
1.1490522209795513 -0.0001338507841931 0.0000874934260304 0.0028566644912219 0.9961367958298810 0.9972136128747614
1.1612814825935136 -0.0001367095858198 0.0000874709717950 0.0029487019515748 0.9960543875475092 0.9971540872723977
1.1735885412466831 -0.0001396168939498 0.0000874481377555 0.0030432948173523 0.9959705854382872 0.9970935511116004
1.1859735331302079 -0.0001425733106296 0.0000874249192442 0.0031405024463288 0.9958853723755272 0.9970319918293398
1.1984366646898084 -0.0001455794595901 0.0000874013114254 0.0032403858710581 0.9957987306153430 0.9969693964102372
1.2109780898943254 -0.0001486359570768 0.0000873773095240 0.0033430068591854 0.9957106426376542 0.9969057519939363
1.2235979347154597 -0.0001517434172661 0.0000873529087836 0.0034484280923265 0.9956210909902160 0.9968410457623124
1.2362963391196076 -0.0001549024624228 0.0000873281043865 0.0035567135195093 0.9955300579960912 0.9967752647279562
1.2490734676005344 -0.0001581137257491 0.0000873028914314 0.0036679284778132 0.9954375256718000 0.9967083956748221
1.2619294877410505 -0.0001613778462414 0.0000872772649738 0.0037821395382686 0.9953434758757955 0.9966404252653092
1.2748645200198594 -0.0001646954558065 0.0000872512201275 0.0038994140659545 0.9952478906798966 0.9965713403085336
1.2878787755328369 -0.0001680672145235 0.0000872247517875 0.0040198214802437 0.9951507513535707 0.9965011270260317
1.3009723561495667 -0.0001714937592792 0.0000871978550335 0.0041434314512087 0.9950520398440417 0.9964297721213433
1.3141454193473965 -0.0001749757461369 0.0000871705247971 0.0042703154166308 0.9949517375558552 0.9963572618977251
1.3273981751267248 -0.0001785138502507 0.0000871427558630 0.0044005466215849 0.9948498253537247 0.9962835822598963
1.3407307131667985 -0.0001821087197444 0.0000871145432307 0.0045341984383592 0.9947462848912796 0.9962087196744783
1.3541431658539920 -0.0001857610187309 0.0000870858817770 0.0046713459475142 0.9946410973721036 0.9961326602741339
1.3676357095878482 -0.0001894714282509 0.0000870567662489 0.0048120660112193 0.9945342435230582 0.9960553898379763
1.3812085286035369 -0.0001932406367837 0.0000870271913378 0.0049564369477762 0.9944257038679480 0.9959768939891730
1.3948617064973012 -0.0001970693098021 0.0000869971519189 0.0051045373704674 0.9943154596044391 0.9958971588289683
1.4085954137311789 -0.0002009581417586 0.0000869666426429 0.0052564481925220 0.9942034911073045 0.9958161698540217
1.4224098180205880 -0.0002049078315402 0.0000869356581291 0.0054122517176207 0.9940897786356224 0.9957339124675660
1.4363050405688633 -0.0002089190697484 0.0000869041930649 0.0055720311477111 0.9939743026992260 0.9956503722442931
1.4502812287197870 -0.0002129925593406 0.0000868722420443 0.0057358714094938 0.9938570434647220 0.9955655345004686
1.4643384963397870 -0.0002171289983757 0.0000868397997031 0.0059038584826975 0.9937379812525078 0.9954793846532648
1.4784770438399211 -0.0002213291153756 0.0000868068604415 0.0060760808557724 0.9936170955192634 0.9953919074842699
1.4926969710414761 -0.0002255936141701 0.0000867734188572 0.0062526273002101 0.9934943664458267 0.9953030882881949
1.5069984404966590 -0.0002299232221566 0.0000867394693667 0.0064335888569676 0.9933697735484737 0.9952129118677444
1.5213815721945223 -0.0002343186588725 0.0000867050064519 0.0066190575595882 0.9932432965837639 0.9951213631881667
1.5358465519828026 -0.0002387806689937 0.0000866700244014 0.0068091278394978 0.9931149145993221 0.9950284266899395
1.5503934630623493 -0.0002433099705835 0.0000866345177164 0.0070038943496695 0.9929846074232591 0.9949340873666552
1.5650224734397309 -0.0002479073127937 0.0000865984806584 0.0072034544359989 0.9928523540042861 0.9948383295631726
1.5797337514661838 -0.0002525734501917 0.0000865619074509 0.0074079070792994 0.9927181331508756 0.9947411375103391
1.5945274147545891 -0.0002573091263482 0.0000865247924074 0.0076173521864096 0.9925819240036636 0.9946424956668265
1.6094035894546999 -0.0002621150923355 0.0000864871297872 0.0078318914062445 0.9924437055036559 0.9945423883338327
1.6243624249570974 -0.0002669921116727 0.0000864489137565 0.0080516283782258 0.9923034562504413 0.9944407995520533
1.6394040496909874 -0.0002719409460678 0.0000864101385001 0.0082766681161048 0.9921611549126487 0.9943377133986626
1.6545285935899716 -0.0002769623626029 0.0000863707981654 0.0085071173447363 0.9920167800216956 0.9942331138376468
1.6697361919915554 -0.0002820571350722 0.0000863308868519 0.0087430845830001 0.9918703099337216 0.9941269846919090
1.6850269758057341 -0.0002872260407299 0.0000862903986371 0.0089846800147096 0.9917217229235318 0.9940193097110168
1.7004010538224392 -0.0002924698541654 0.0000862493276240 0.0092320152152769 0.9915709973610453 0.9939100726987879
1.7158586675491996 -0.0002977894004901 0.0000862076675252 0.0094852056984106 0.9914181101830669 0.9937992564052978
1.7313998477494508 -0.0003031854375989 0.0000861654125849 0.0097443653546427 0.9912630402777720 0.9936868449795817
1.7470247306645372 -0.0003086587641897 0.0000861225567330 0.0100096115739219 0.9911057653803447 0.9935728217194043
1.7627335137929707 -0.0003142102056946 0.0000860790936956 0.0102810646527411 0.9909462624781743 0.9934571693642995
1.7785262686208492 -0.0003198405481829 0.0000860350175125 0.0105588445872646 0.9907845097104365 0.9933398714725463
1.7944031705840422 -0.0003255506194614 0.0000859903219025 0.0108430750515671 0.9906204840383698 0.9932209107316284
1.8103642721993289 -0.0003313412080427 0.0000859450008977 0.0111338794123939 0.9904541635736521 0.9931002706463908
1.8264097831556345 -0.0003372131641496 0.0000858990480532 0.0114313857918013 0.9902855246775607 0.9929779334347416
1.8425398036005540 -0.0003431673033310 0.0000858524572015 0.0117357222669255 0.9901145447300435 0.9928538820357106
1.8587544382394772 -0.0003492044473858 0.0000858052221325 0.0120470189220110 0.9899412009545993 0.9927280992568498
1.8750538223529616 -0.0003553254342450 0.0000857573365161 0.0123654083887966 0.9897654701351417 0.9926005675683482
1.8914380823586321 -0.0003615311034611 0.0000857087940161 0.0126910251286685 0.9895873290332488 0.9924712694053597
1.9079073159426905 -0.0003678222884431 0.0000856595883507 0.0130240050340230 0.9894067546115162 0.9923401873298034
1.9244617266014281 -0.0003741998680386 0.0000856097128899 0.0133644881902248 0.9892237225536387 0.9922073029556063
1.9411013572095361 -0.0003806646643121 0.0000855591614543 0.0137126134627860 0.9890382101988529 0.9920725990786118
1.9578263787091290 -0.0003872175534963 0.0000855079274484 0.0140685244284007 0.9888501933581904 0.9919360573648047
1.9746369072835401 -0.0003938593955574 0.0000854560044107 0.0144323656366455 0.9886596483364730 0.9917976598178987
1.9915330451878273 -0.0004005910496271 0.0000854033858938 0.0148042834389853 0.9884665514899285 0.9916573884578438
2.0085149321129920 -0.0004074133944867 0.0000853500653042 0.0151844271437092 0.9882708786392020 0.9915152248939862
2.0255826393921756 -0.0004143272861559 0.0000852960362341 0.0155729466798319 0.9880726062864286 0.9913711512088526
2.0427363200265014 -0.0004213335848374 0.0000852412919914 0.0159699959898289 0.9878717098841333 0.9912251486999719
2.0600094004980911 -0.0004284467286405 0.0000851857183772 0.0163765208769528 0.9876677703253565 0.9910769118275329
2.0773355066827013 -0.0004356404652798 0.0000851295226546 0.0167911142537653 0.9874615482790277 0.9909269925888899
2.0947480611909048 -0.0004429293481435 0.0000850725914231 0.0172147134341031 0.9872526276155371 0.9907750876050426
2.1122469892759126 -0.0004503141949673 0.0000850149186113 0.0176474758653748 0.9870409860745479 0.9906211797422083
2.1298324778801665 -0.0004577959373477 0.0000849564972672 0.0180895676042375 0.9868265981642327 0.9904652494925253
2.1475046226230035 -0.0004653754732124 0.0000848973207104 0.0185411547797511 0.9866094393907135 0.9903072780486809
2.1652635745714788 -0.0004730537289529 0.0000848373820475 0.0190024072699430 0.9863894844782423 0.9901472460090326
2.1831094480806414 -0.0004808316200534 0.0000847766744793 0.0194734963891942 0.9861667084980086 0.9899851341981922
2.2010423527924656 -0.0004887100645615 0.0000847151911962 0.0199545956986707 0.9859410864828249 0.9898209233863362
2.2190623567043462 -0.0004966899665781 0.0000846529255069 0.0204458800036040 0.9857125939005227 0.9896545946333718
2.2371696084257064 -0.0005047722703006 0.0000845898704168 0.0209475286974820 0.9854812051072315 0.9894861281625498
2.2553641995212961 -0.0005129578992612 0.0000845260191029 0.0214597220571913 0.9852468950880705 0.9893155046269734
2.2736462713809584 -0.0005212478039593 0.0000844613645417 0.0219826442190901 0.9850096380942651 0.9891427041168251
2.2920158705591294 -0.0005296428963695 0.0000843959000207 0.0225164790780249 0.9847694095183743 0.9889677075245626
2.3104731364771651 -0.0005381441350270 0.0000843296184750 0.0230614156762606 0.9845261834599736 0.9887904947714128
2.3290181658173315 -0.0005467524634901 0.0000842625129670 0.0236176443424337 0.9842799344876441 0.9886110460901503
2.3476510720019954 -0.0005554688374940 0.0000841945764756 0.0241853584403733 0.9840306368628138 0.9884293414591521
2.3663719668462915 -0.0005642942165600 0.0000841258019612 0.0247647538593695 0.9837782647807268 0.9882453607773706
2.3851809703709579 -0.0005732295686357 0.0000840561823301 0.0253560293442037 0.9835227922386437 0.9880590837676677
2.4040781388038091 -0.0005822758356370 0.0000839857107033 0.0259593842218703 0.9832641940217822 0.9878704906952644
2.4230635684144866 -0.0005914339825447 0.0000839143800339 0.0265750216582981 0.9830024443003367 0.9876795613443038
2.4421374215606138 -0.0006007050108326 0.0000838421830028 0.0272031496441096 0.9827375162471959 0.9874862747379466
2.4612997541367823 -0.0006100898748499 0.0000837691126708 0.0278439753717522 0.9824693844284975 0.9872906108817294
2.4805506840957494 -0.0006195895633118 0.0000836951618435 0.0284977107517178 0.9821980224756659 0.9870925490647483
2.4998902819129465 -0.0006292050457728 0.0000836203234886 0.0291645687897580 0.9819234046157391 0.9868920689757088
2.5193186647773489 -0.0006389373190861 0.0000835445903746 0.0298447668069750 0.9816455043452250 0.9866891497343889
2.5388359444320971 -0.0006487873818423 0.0000834679552699 0.0305385247181919 0.9813642951614269 0.9864837704246803
2.5584421684849574 -0.0006587562043028 0.0000833904111770 0.0312460629068220 0.9810797514214964 0.9862759107216172
2.5781375133985867 -0.0006688448263948 0.0000833119505707 0.0319676091949973 0.9807918455463014 0.9860655488482299
2.5979220308805986 -0.0006790542287866 0.0000832325664008 0.0327033897195793 0.9805005517014397 0.9858526642638609
2.6177957934114637 -0.0006893854064320 0.0000831522515206 0.0334536341427306 0.9802058436987729 0.9856372361308564
2.6377589206681442 -0.0006998393828339 0.0000830709985761 0.0342185767507227 0.9799076945910350 0.9854192430172374
2.6578114392590662 -0.0007104171366736 0.0000829888005770 0.0349984511153033 0.9796060787655699 0.9851986644268235
2.6779534952561899 -0.0007211197133418 0.0000829056500298 0.0357934982971635 0.9793009687647622 0.9849754784736385
2.6981851771998313 -0.0007319481321527 0.0000828215396595 0.0366039600737661 0.9789923379334031 0.9847496638169146
2.7185065971193509 -0.0007429034290521 0.0000827364620779 0.0374300821112112 0.9786801592020609 0.9845211987706538
2.7389178062210409 -0.0007539866111128 0.0000826504101374 0.0382721105533649 0.9783644063849233 0.9842900622527696
2.7594188550756722 -0.0007651986883640 0.0000825633766839 0.0391302943974492 0.9780450532734528 0.9840562331215124
2.7800099241800291 -0.0007765407459292 0.0000824753539973 0.0400048910972312 0.9777220715835757 0.9838196886711764
2.8006910200089430 -0.0007880137773467 0.0000823863350858 0.0408961537940081 0.9773954357040510 0.9835804081084292
2.8214622384399188 -0.0007996188288205 0.0000822963125663 0.0418043423964348 0.9770651185892101 0.9833383695441273
2.8423236900902014 -0.0008113569588069 0.0000822052789787 0.0427297205460901 0.9767310929117613 0.9830935508363351
2.8632754243879224 -0.0008232291951140 0.0000821132271188 0.0436725522458717 0.9763933322847260 0.9828459304852972
2.8843175480633803 -0.0008352366015163 0.0000820201495222 0.0446331071312718 0.9760518093671269 0.9825954862443161
2.9054501141958671 -0.0008473802148986 0.0000819260389518 0.0456116555038188 0.9757064976535724 0.9823421964309657
2.9266732275318836 -0.0008596611053159 0.0000818308879329 0.0466084731568082 0.9753573697673582 0.9820860386746466
2.9479869121784965 -0.0008720802996516 0.0000817346893448 0.0476238352207609 0.9750043996323474 0.9818269915091632
2.9693913075855654 -0.0008846388953539 0.0000816374355402 0.0486580254473359 0.9746475592414041 0.9815650320006370
2.9908864591563429 -0.0008973379386212 0.0000815391192893 0.0497113262905208 0.9742868221201608 0.9813001382886347
3.0124724569281098 -0.0009101785052508 0.0000814397331538 0.0507840255442633 0.9739221610307199 0.9810322879000571
3.0341493611159529 -0.0009231616567796 0.0000813392698270 0.0518764127391293 0.9735535492191734 0.9807614586642931
3.0559172426434267 -0.0009362884643780 0.0000812377219492 0.0529887811431203 0.9731809597383198 0.9804876282151112
3.0777761911256145 -0.0009495600139100 0.0000811350820688 0.0541214282356001 0.9728043653058410 0.9802107738853874
3.0997262466743578 -0.0009629773644721 0.0000810313429640 0.0552746521871563 0.9724237394823254 0.9799308735723489
3.1217674972469416 -0.0009765416074586 0.0000809264971857 0.0564487569203155 0.9720390549967577 0.9796479045057492
3.1438999769786595 -0.0009902538043306 0.0000808205375392 0.0576440467756081 0.9716502855134010 0.9793618445464185
3.1661237756193099 -0.0010041150539600 0.0000807134565646 0.0588608323634434 0.9712574037235483 0.9790726707817289
3.1884389440187637 -0.0010181264342236 0.0000806052469880 0.0600994255091791 0.9708603830032864 0.9787803607443947
3.2108455739804618 -0.0010322890518090 0.0000804959013375 0.0613601436484976 0.9704591960035065 0.9784848913737981
3.2333437150096880 -0.0010466029829943 0.0000803854124080 0.0626433052226441 0.9700538161294486 0.9781862401052259
3.2559635005431002 -0.0010610892585523 0.0000802736237545 0.0639509829379553 0.9696436695993852 0.9778839809948994
3.2786448987265224 -0.0010757108295874 0.0000801608250195 0.0652800288383773 0.9692298192415142 0.9775788942059013
3.3014180641459840 -0.0010904880041323 0.0000800468606273 0.0666325003170895 0.9688116943256531 0.9772705560476641
3.3242829785042036 -0.0011054218319050 0.0000799317236641 0.0680087253632120 0.9683892695578572 0.9769589446644867
3.3472396814875660 -0.0011205134023665 0.0000798154069367 0.0694090387012231 0.9679625186193912 0.9766440373811744
3.3702882456284291 -0.0011357638292417 0.0000796979030919 0.0708337804756699 0.9675314146076832 0.9763258110264341
3.3934287104781293 -0.0011511742072203 0.0000795792049514 0.0722832922520887 0.9670959312625660 0.9760042428368502
3.4166611307863946 -0.0011667456436222 0.0000794593052681 0.0737579199752022 0.9666560420727700 0.9756793097966355
3.4399855748403034 -0.0011824792575762 0.0000793381967328 0.0752580139407505 0.9662117203014838 0.9753509886552568
3.4634021116279778 -0.0011983761715483 0.0000792158720402 0.0767839280275232 0.9657629392278673 0.9750192561047372
3.4869107716111474 -0.0012144374844501 0.0000790923240962 0.0783360171107215 0.9653096729078440 0.9746840893413646
3.5105115756555745 -0.0012306642907343 0.0000789675458715 0.0799146388589882 0.9648518956362178 0.9743454656677877
3.5342045949987466 -0.0012470577217835 0.0000788415300838 0.0815201577958221 0.9643895807813340 0.9740033616298726
3.5579898928643239 -0.0012636189062053 0.0000787142695035 0.0831529415017889 0.9639227019079728 0.9736577538458346
3.5818674788008709 -0.0012803489375444 0.0000785857572030 0.0848133573995569 0.9634512336889458 0.9733086196806710
3.6058374264195963 -0.0012972489563515 0.0000784559859258 0.0865017808735122 0.9629751495937658 0.9729559355341122
3.6298997234852690 -0.0013143200448857 0.0000783249488964 0.0882185848089977 0.9624944248577659 0.9725996790386986
3.6540544675839439 -0.0013315633653115 0.0000781926387597 0.0899641534432027 0.9620090325916133 0.9722398261764089
3.6783016347760746 -0.0013489799954172 0.0000780590488422 0.0917388658442198 0.9615189484094832 0.9718763547077435
3.7026413177796447 -0.0013665710985712 0.0000779241718489 0.0935431131260253 0.9610241456470034 0.9715092406255728
3.7270735052877582 -0.0013843377653247 0.0000777880010790 0.0953772823369376 0.9605245998208762 0.9711384614614890
3.7515983000612945 -0.0014022811711261 0.0000776505292168 0.0972417726636855 0.9600202841951951 0.9707639929951372
3.7762156965695031 -0.0014204024146696 0.0000775117495717 0.0991369787638979 0.9595111743290703 0.9703858126285523
3.8009256916326071 -0.0014387025976411 0.0000773716554672 0.1010632989349981 0.9589972458354551 0.9700038977226747
3.8257284129510705 -0.0014571829208024 0.0000772302395065 0.1030211453423480 0.9584784716868853 0.9696182235929292
3.8506238081849435 -0.0014758444531527 0.0000770874953400 0.1050109196716859 0.9579548286995523 0.9692287683275150
3.8756119331549463 -0.0014946883458376 0.0000769434160284 0.1070330357126733 0.9574262915294348 0.9688355083240885
3.9006927948410408 -0.0015137157151086 0.0000767979949395 0.1090879069657463 0.9568928359602014 0.9684384207331860
3.9258663942403382 -0.0015329276740038 0.0000766512255057 0.1111759499817178 0.9563544380159044 0.9680374827979488
3.9511327651994956 -0.0015523253620929 0.0000765031009981 0.1132975876190602 0.9558110731301928 0.9676326712342836
3.9764919846681095 -0.0015719099541483 0.0000763536144609 0.1154532500978920 0.9552627159076865 0.9672239620508459
4.0019440342885328 -0.0015916825532743 0.0000762027595283 0.1176433632524281 0.9547093431190540 0.9668113327802909
4.0274889581976652 -0.0016116443123844 0.0000760505294975 0.1198683618682045 0.9541509303015901 0.9663947599451348
4.0477779394902438 -0.0016275818641133 0.0000759290343318 0.1216548510460396 0.9537052625574134 0.9660621604929716
4.0667202644524849 -0.0016425264486608 0.0000758151355744 0.1233382470225901 0.9532874619498171 0.9657502501319013
4.0925147498599390 -0.0016629802652275 0.0000756593108555 0.1256547380552281 0.9527158733788187 0.9653233593656700
4.1183874905423901 -0.0016836155409855 0.0000755021766590 0.1280063594670345 0.9521394859200375 0.9648926859511829
4.1443531533386508 -0.0017044449946809 0.0000753436383369 0.1303948678756500 0.9515579525247206 0.9644579651186134
4.1704117863293506 -0.0017254697887009 0.0000751836893498 0.1328207187404879 0.9509712493426997 0.9640191733261012
4.1965633286558344 -0.0017466909987052 0.0000750223238656 0.1352843609985912 0.9503793551217319 0.9635762888774178
4.2228078095664046 -0.0017681097739901 0.0000748595355407 0.1377862555452415 0.9497822467348679 0.9631292885762931
4.2491452134543382 -0.0017897272284835 0.0000746953183492 0.1403268626480439 0.9491799022249348 0.9626781500025621
4.2755756503181352 -0.0018115445807951 0.0000745296655207 0.1429066584308515 0.9485722969056203 0.9622228485906864
4.3020989734015744 -0.0018335628388376 0.0000743625719355 0.1455260976181730 0.9479594121483076 0.9617633642125887
4.3287152614244695 -0.0018557831975157 0.0000741940311056 0.1481856605163468 0.9473412243087395 0.9612996728796467
4.3554245182701425 -0.0018782067911789 0.0000740240370556 0.1508858237909127 0.9467177116251225 0.9608317519100396
4.3822267263271319 -0.0019008347370170 0.0000738525839931 0.1536270655185353 0.9460888530110966 0.9603595790244394
4.4091218900678344 -0.0019236681716470 0.0000736796660328 0.1564098695945867 0.9454546270415831 0.9598831315839222
4.4361099583274388 -0.0019467081850942 0.0000735052776970 0.1592347176829609 0.9448150137896336 0.9594023879689344
4.4631909741305869 -0.0019699559484440 0.0000733294129501 0.1621021048331631 0.9441699912852539 0.9589173249171892
4.4903649270686765 -0.0019934125882945 0.0000731520661500 0.1650125241508979 0.9435195390053399 0.9584279201448116
4.5176317955111873 -0.0020170792222255 0.0000729732317803 0.1679664710702441 0.9428636368907968 0.9579341516077120
4.5449915542781980 -0.0020409569652442 0.0000727929044025 0.1709644441269589 0.9422022651706345 0.9574359973686172
4.5724441618729008 -0.0020650469184660 0.0000726110787416 0.1740069435093697 0.9415354046783442 0.9569334358347705
4.5999896242394183 -0.0020893502251303 0.0000724277492651 0.1770944781374202 0.9408630353048639 0.9564264445909549
4.6276279156646956 -0.0021138680013828 0.0000722429107059 0.1802275569417278 0.9401851379187125 0.9559150018451842
4.6553590510185954 -0.0021386014001252 0.0000720565575819 0.1834066969858930 0.9395016926034319 0.9553990850984451
4.6831829936696474 -0.0021635515292031 0.0000718686848137 0.1866324129883628 0.9388126809228133 0.9548786728530090
4.7057999560107566 -0.0021839312092527 0.0000717153118958 0.1892811011899825 0.9382502004436748 0.9544536110317486
4.7284169183518658 -0.0022043962203999 0.0000715613505993 0.1919537665282030 0.9376855660960697 0.9540267233377934
4.7538402020963222 -0.0022275051267495 0.0000713875856086 0.1949867883375229 0.9370483095550621 0.9535446912427086
4.7819964312489933 -0.0022532281009214 0.0000711942797531 0.1983814832790957 0.9363393969056111 0.9530081590172296
4.8102399916354157 -0.0022791678325490 0.0000709994684179 0.2018244890678649 0.9356249707109007 0.9524671356311346
4.8385762299500517 -0.0023053303341275 0.0000708031099960 0.2053169847960254 0.9349048785947706 0.9519214975900697
4.8670050286419402 -0.0023317166380811 0.0000706052003841 0.2088594972961982 0.9341791057242067 0.9513712253495177
4.8955264083744687 -0.0023583279048539 0.0000704057345883 0.2124525737963963 0.9334476340030550 0.9508162967696490
4.9241403436310476 -0.0023851652529018 0.0000702047080009 0.2160967592456842 0.9327104467559854 0.9502566906630573
4.9528467242922218 -0.0024122297212680 0.0000700021166807 0.2197925910133940 0.9319675297555065 0.9496923875768640
4.9816455934706587 -0.0024395224935110 0.0000697979556775 0.2235406294047585 0.9312188650779454 0.9491233651257773
5.0105368384403333 -0.0024670446063025 0.0000695922212143 0.2273414178465966 0.9304644391062706 0.9485496040700753
5.0395204349469296 -0.0024947971801603 0.0000693849089618 0.2311955144338921 0.9297042362019111 0.9479710835070648
5.0685963636338389 -0.0025227813410083 0.0000691760146269 0.2351034812510961 0.9289382408633214 0.9473877825089541
5.0977645240470890 -0.0025509981369255 0.0000689655345746 0.2390658726509921 0.9281664400069786 0.9467996818602693
5.1270248983732243 -0.0025794486957851 0.0000687534646530 0.2430832572521096 0.9273888186566650 0.9462067607743778
5.1563774097300952 -0.0026081340884907 0.0000685398012140 0.2471561987562836 0.9266053636896393 0.9456089997464381
5.1858220447292966 -0.0026370554482368 0.0000683245402264 0.2512852727771223 0.9258160605815017 0.9450063780704218
5.2153587278925579 -0.0026662138478341 0.0000681076781901 0.2554710494022973 0.9250208967610782 0.9443988763979623
5.2449873863808234 -0.0026956103625901 0.0000678892116692 0.2597141020331898 0.9242198598956570 0.9437864754303775
5.2747079261865473 -0.0027252460466157 0.0000676691374685 0.2640150039212006 0.9234129385404589 0.9431691564147706
5.3045202493946562 -0.0027551156735268 0.0000674474529009 0.2683743305233710 0.9226001216368528 0.9425469007768339
5.3345098972475515 -0.0027853125659535 0.0000672235137834 0.2728053789941872 0.9217790489558062 0.9419178894838266
5.3645058461583357 -0.0028156659195233 0.0000669985935252 0.2772834771526627 0.9209543897952397 0.9412856891992462
5.3945935770100295 -0.0028462627399715 0.0000667720515873 0.2818217890066232 0.9201237958917694 0.9406484910403400
5.4247728668213933 -0.0028771039481052 0.0000665438861711 0.2864208830216376 0.9192872609445654 0.9400062795146810
5.4550436161472859 -0.0029081905891087 0.0000663140946462 0.2910813486451242 0.9184447756066886 0.9393590366586375
5.4854057315616540 -0.0029395237141255 0.0000660826744291 0.2958037788734227 0.9175963307088842 0.9387067445068624
5.5158591693436358 -0.0029711044258815 0.0000658496226485 0.3005887771720060 0.9167419160311130 0.9380493841457207
5.5464038190961071 -0.0030029337584303 0.0000656149370342 0.3054369392816271 0.9158815235625655 0.9373869382196357
5.5770395906350245 -0.0030350127667376 0.0000653786152565 0.3103488666596584 0.9150151450799104 0.9367193890690791
5.6077663954710442 -0.0030673425077268 0.0000651406550680 0.3153251636008369 0.9141427726657725 0.9360467191283137
5.6385841490253270 -0.0030999240427401 0.0000649010542864 0.3203664375877293 0.9132643986474779 0.9353689108773827
5.6694927651424454 -0.0031327584318671 0.0000646598108378 0.3254732983838309 0.9123800157551414 0.9346859469633343
5.7004921066117236 -0.0031658466810424 0.0000644169231462 0.3306463496946514 0.9114896185493657 0.9339978113035917
5.7315821059375658 -0.0031991898706546 0.0000641723891902 0.3358862091685578 0.9105931999633630 0.9333044864143105
5.7627626350243419 -0.0032327890166461 0.0000639262075240 0.3411934866566875 0.9096907550462885 0.9326059563025162
5.7889126886301616 -0.0032610853538278 0.0000637190253478 0.3456849252808303 0.9089312829603970 0.9320176690346940
5.8140816102984028 -0.0032884230361685 0.0000635190012305 0.3500427629518840 0.9081980592009991 0.9314493451562714
5.8455122134262218 -0.0033227067551411 0.0000632683709533 0.3555330003477310 0.9072793427440700 0.9307367331281574
5.8770213901060639 -0.0033572373837521 0.0000630161800288 0.3610908967891650 0.9063549203525378 0.9300191188235976
5.9086205986056957 -0.0033920285437930 0.0000627623352742 0.3667190862307501 0.9054244508248972 0.9292962248601334
5.9403097092548958 -0.0034270812470485 0.0000625068358455 0.3724181903106214 0.9044879314474116 0.9285680361559171
5.9720886164365474 -0.0034623965323984 0.0000622496808122 0.3781888369817323 0.9035453591950922 0.9278345372392284
6.0039571762566615 -0.0034979753967928 0.0000619908696614 0.3840316492036998 0.9025967325800363 0.9270957136860120
6.0359152431414600 -0.0035338188355138 0.0000617304020054 0.3899472513757547 0.9016420505790097 0.9263515512869774
6.0679626212403317 -0.0035699277873594 0.0000614682779806 0.3959362601571347 0.9006813140960719 0.9256020371890975
6.1000992290499063 -0.0036063033202197 0.0000612044969018 0.4019993151830745 0.8997145210300728 0.9248471560474619
6.1323249445085874 -0.0036429464576082 0.0000609390585245 0.4081370504056350 0.8987416709013357 0.9240868936308895
6.1646395734109900 -0.0036798581415737 0.0000606719633126 0.4143500875905859 0.8977627658336899 0.9233212375941710
6.1970430359447199 -0.0037170394454767 0.0000604032108999 0.4206390719950063 0.8967778049143108 0.9225501730680994
6.2133528767649491 -0.0037358177843685 0.0000602675904660 0.4238269051042183 0.8962807712477194 0.9221608199436742
6.2296627175851782 -0.0037546337775396 0.0000601317387330 0.4270297399903096 0.8957828932975912 0.9217706326983652
6.2554872567131845 -0.0037845130769971 0.0000599161633424 0.4321317543323873 0.8949928484649615 0.9211511186058404
6.2881504534705615 -0.0038224571852228 0.0000596426775391 0.4386389314952069 0.8939905891969819 0.9203645675080153
6.3208897250945801 -0.0038606602841250 0.0000593676382883 0.4452220509061893 0.8929826559284308 0.9195728523215867
6.3537170388905420 -0.0038991374116116 0.0000590909450792 0.4518841535604384 0.8919686807684273 0.9187756695878726
6.3866322593103941 -0.0039378895791988 0.0000588125986836 0.4586258818754445 0.8909486670119887 0.9179730068650368
6.4196351633283824 -0.0039769176965838 0.0000585326007333 0.4654478614223463 0.8899226211133779 0.9171648540477547
6.4527255668543049 -0.0040162227199895 0.0000582509526551 0.4723507265411697 0.8888905487824333 0.9163512002982452
6.4859033165105027 -0.0040558056435049 0.0000579676557361 0.4793351189216351 0.8878524552242500 0.9155320342313142
6.5191681948027291 -0.0040956673861650 0.0000576827119337 0.4864016676134436 0.8868083481066055 0.9147073462559042
6.5525200254393186 -0.0041358089174625 0.0000573961229777 0.4935510110383711 0.8857582342716902 0.9138771259818711
6.5859586461910560 -0.0041762312257170 0.0000571078906001 0.5007837914408499 0.8847021205756652 0.9130413628801367
6.6127633487004172 -0.0042087614738228 0.0000568761968786 0.5066286462241096 0.8838531864949116 0.9123689700435631
6.6395680512097783 -0.0042413957324310 0.0000566439347887 0.5125154137790727 0.8830021820504151 0.9116944147319170
6.6720994294438638 -0.0042811534733583 0.0000563612924385 0.5197162828122083 0.8819666046138191 0.9108728484383835
6.7058476313069617 -0.0043225740067935 0.0000560672055868 0.5272520398272409 0.8808891184107585 0.9100172070308186
6.7396796045726663 -0.0043642767442639 0.0000557715046331 0.5348736656652976 0.8798057421112415 0.9091560351274860
6.7735971730323801 -0.0044062651116240 0.0000554741747342 0.5425822462962129 0.8787164218836779 0.9082892732118291
6.8076001163224706 -0.0044485400332601 0.0000551752189629 0.5503784133415009 0.8776211695451787 0.9074169137299993
6.8416881482053746 -0.0044911023533162 0.0000548746411033 0.5582627831399303 0.8765199995266044 0.9065389510680313
6.8758610481306954 -0.0045339529994524 0.0000545724444941 0.5662359868526869 0.8754129246353483 0.9056553781776612
6.9101185738047510 -0.0045770928744645 0.0000542686327970 0.5742986504047460 0.8742999588697616 0.9047661888181373
6.9444604744777649 -0.0046205228727471 0.0000539632098811 0.5824513973740859 0.8731811169959522 0.9038713772212024
6.9699713364522342 -0.0046529039128678 0.0000537357721249 0.5885532737822649 0.8723479718705677 0.9032044502002609
6.9919075941261735 -0.0046808234524600 0.0000535398283550 0.5938312990896580 0.8716302053818008 0.9026294671674008
7.0138438518001127 -0.0047088146719321 0.0000533435401405 0.5991381711431456 0.8709111874018080 0.9020530948268820
7.0484599278318543 -0.0047531378535680 0.0000530330954808 0.6075713535313123 0.8697740287659671 0.9011407442711032
7.0831377610573307 -0.0047977268160646 0.0000527212500277 0.6160918735827606 0.8686317671879377 0.9002233193861365
7.1178986418808385 -0.0048426099854291 0.0000524078154001 0.6247055770104575 0.8674837132522717 0.8993002490435543
7.1527422535900191 -0.0048877881815308 0.0000520927968682 0.6334130667338949 0.8663298869049733 0.8983715308092233
7.1876682802316925 -0.0049332622274406 0.0000517761998341 0.6422149444853392 0.8651703085835794 0.8974371625156127
7.2226763679215553 -0.0049790328989938 0.0000514580301836 0.6511118008780632 0.8640050005054950 0.8964971433028099
7.2577662618611809 -0.0050251011042512 0.0000511382930404 0.6601042501948142 0.8628339821047994 0.8955514699383960
7.2929375654397379 -0.0050714675682020 0.0000508169949573 0.6691928688723435 0.8616572780589827 0.8946001432969444
7.3169055654567199 -0.0051031727082932 0.0000505975763972 0.6754297153449839 0.8608537095181579 0.8939498709702293
7.3408735654737018 -0.0051349582829942 0.0000503777843630 0.6817016937604556 0.8600487858804352 0.8932980015326722
7.3762545095923784 -0.0051820415254586 0.0000500526552723 0.6910245355929208 0.8588581235403099 0.8923328193836727
7.4116970381012610 -0.0052294005584421 0.0000497261580144 0.7004406158699251 0.8576624837648966 0.8913624926032043
7.4472195032544164 -0.0052770610130152 0.0000493981276765 0.7099554220112260 0.8564612633309193 0.8903865128433628
7.4828214615552548 -0.0053250235605724 0.0000490685720005 0.7195695060963329 0.8552544913141176 0.8894048839189745
7.5185025804385255 -0.0053732890245833 0.0000487374978441 0.7292834474060066 0.8540421935616237 0.8884176069100431
7.5542624582997018 -0.0054218581389776 0.0000484049128441 0.7390978039806356 0.8528243987816589 0.8874246851138397
7.5901007211918579 -0.0054707316786463 0.0000480708245204 0.7490131386472912 0.8516011352641635 0.8864261213794467
7.6083999415001689 -0.0054957632123661 0.0000478999411534 0.7541066910210666 0.8509754602409170 0.8859149160754689
7.6221068211498055 -0.0055145465971498 0.0000477718123144 0.7579355961127839 0.8505063335168498 0.8855314133345206
7.6358137007994422 -0.0055333529314099 0.0000476435730434 0.7617761771864912 0.8500368062867971 0.8851474073691802
7.6718622074975622 -0.0055829509238758 0.0000473057839790 0.7719325310810579 0.8488000723366881 0.8841350923959473
7.7079539175997560 -0.0056328088955268 0.0000469668350291 0.7821821544478341 0.8475591295149252 0.8831180989627556
7.7441221782654575 -0.0056829739338248 0.0000466264186894 0.7925350592315075 0.8463128527440026 0.8820954859871617
7.7803663824356049 -0.0057334465039152 0.0000462845454171 0.8029917239837188 0.8450612811123133 0.8810672646588908
7.8166861174975910 -0.0057842273436519 0.0000459412239823 0.8135526787983940 0.8438044475409883 0.8800334410242591
7.8530808090774329 -0.0058353169682891 0.0000455964648255 0.8242184026488423 0.8425423910741756 0.8789940260830663
7.8895499868684995 -0.0058867160416320 0.0000452502775461 0.8349894002792020 0.8412751476865895 0.8779490282349909
7.9062653984889897 -0.0059103430408379 0.0000450913657666 0.8399541694686780 0.8406934535579699 0.8774689086213445
7.9229808101094799 -0.0059340061822739 0.0000449323054744 0.8449365259288445 0.8401112227733060 0.8769880673119863
7.9416100284338480 -0.0059604283017287 0.0000447548594625 0.8505100678380668 0.8394617022590318 0.8764513243185529
7.9782857120209068 -0.0060126023090388 0.0000444049858066 0.8615467475065312 0.8381810626048476 0.8753920230713770
8.0150058891755105 -0.0060650473757143 0.0000440539884471 0.8726818866718330 0.8368963531301493 0.8743279887166133
8.0517980853668476 -0.0061178039221017 0.0000437016108082 0.8839243605018474 0.8356066355508456 0.8732584240059580
8.0886616219535696 -0.0061708723264361 0.0000433478652494 0.8952745829092419 0.8343119559903520 0.8721833454022714
8.1255958632230882 -0.0062242530301731 0.0000429927638643 0.9067329745986915 0.8330123596060095 0.8711027685293332
8.1626001913530128 -0.0062779465030974 0.0000426363187157 0.9182999556287772 0.8317078914522623 0.8700167088863900
8.1883049592229415 -0.0063153621953993 0.0000423883279489 0.9263860941590265 0.8308003552017779 0.8692602729890834
8.2122759201936883 -0.0063503407578362 0.0000421567804732 0.9339646963085931 0.8299530131320610 0.8685533779850051
8.2494612367325022 -0.0064047776213795 0.0000417970525708 0.9457935321968703 0.8286366374812616 0.8674539785653451
8.2866946780285957 -0.0064594993644283 0.0000414362145318 0.9577260065795465 0.8273162479849210 0.8663497383551751
8.3239951309754119 -0.0065145349581022 0.0000410740905135 0.9697686907892406 0.8259912021042339 0.8652400988877703
8.3613617435365182 -0.0065698845326225 0.0000407106956010 0.9819218917138289 0.8246615559938343 0.8641250848489991
8.3987937516651492 -0.0066255483484429 0.0000403460441661 0.9941859363246213 0.8233273632062775 0.8630047187554648
8.4202712553709027 -0.0066575851152540 0.0000401365403057 1.0012632404239601 0.8225608501962648 0.8623603522544918
8.4417487590766562 -0.0066896841410983 0.0000399268379477 1.0083701120008277 0.8217936255239014 0.8617148744103850
8.4625983751833331 -0.0067209120633394 0.0000397230775854 1.0152975176627317 0.8210481565378966 0.8610872069680556
8.5002261112707505 -0.0067774409072890 0.0000393548823254 1.0278701685266747 0.8197011343478735 0.8599518096659057
8.5378928013579412 -0.0068342491493372 0.0000389857158030 1.0405469371426395 0.8183506126538810 0.8588118588788645
8.5756207543617826 -0.0068913716407084 0.0000386153674456 1.0533357893476842 0.8169958220792642 0.8576666841072966
8.6134089306846011 -0.0069488082202777 0.0000382438551085 1.0662369064991188 0.8156368289587786 0.8565163188502299
8.6512563525366435 -0.0070065588178875 0.0000378711961765 1.0792504800235996 0.8142736979139672 0.8553607952320780
8.6708847531676501 -0.0070365896122979 0.0000376777098023 1.0860359460158640 0.8135659737338462 0.8547602023988279
8.6886983435382934 -0.0070638942959713 0.0000375019852162 1.0922155580193340 0.8129232305499737 0.8542143641512856
8.7266868228100751 -0.0071222892582238 0.0000371268417446 1.1054623617522834 0.8115511208987420 0.8530478785435806
8.7647050144318879 -0.0071809567803724 0.0000367508670174 1.1188128804915352 0.8101760297191241 0.8518771493949370
8.8027779926318495 -0.0072399367413297 0.0000363738218704 1.1322763107364529 0.8087970832898039 0.8507014120884380
8.8409046065224359 -0.0072992287803989 0.0000359957260593 1.1458527234865954 0.8074143549275959 0.8495207066647702
8.8646976477396446 -0.0073363465037390 0.0000357595153651 1.1543728385441254 0.8065505434921987 0.8487822123614363
8.8834344850873439 -0.0073656336514651 0.0000355733637619 1.1611081834822883 0.8058698111935373 0.8481997534769937
8.9021713224350432 -0.0073949723510202 0.0000353870922988 1.1678662877706134 0.8051886545203321 0.8476165037333734
8.9404562204298994 -0.0074550927843107 0.0000350061163576 1.1817458902152349 0.8037955503623446 0.8464223024514262
8.9787655436076701 -0.0075154842612458 0.0000346244112358 1.1957295635294745 0.8023998436465729 0.8452240624644688
9.0171222924136671 -0.0075761842326764 0.0000342417570947 1.2098260376460970 0.8010007315669342 0.8440210741334984
9.0555250553725877 -0.0076371918778427 0.0000338581769840 1.2240352067625591 0.7995982995033412 0.8428133888332809
9.0707951853642612 -0.0076615158367451 0.0000337055261860 1.2297118585338467 0.7990402014734034 0.8423322752381466
9.0860653153559348 -0.0076858718437508 0.0000335528042510 1.2354036773147439 0.7984818525124164 0.8418506510783521
9.1010776821011490 -0.0077098503328174 0.0000334025914321 1.2410142055909559 0.7979326864369806 0.8413766602795629
9.1396011226270488 -0.0077715469089362 0.0000330168194242 1.2554785730029772 0.7965223819691849 0.8401581012234418
9.1781400129941009 -0.0078335063997346 0.0000326304565368 1.2700454313624454 0.7951099859967421 0.8389358362530815
9.2167181363991837 -0.0078957681948574 0.0000322432741524 1.2847240292928264 0.7936946638323410 0.8377091234755949
9.2553337163538174 -0.0079583308089388 0.0000318552995725 1.2995140306271735 0.7922765163988225 0.8364780290999985
9.2698558661672710 -0.0079819197770566 0.0000317092886160 1.3051012620814226 0.7917428266697550 0.8360142297985763
9.2843780159807245 -0.0080055365543958 0.0000315632212931 1.3107022494666858 0.7912089393360188 0.8355499827832252
9.3230776523234269 -0.0080686389675363 0.0000311736977942 1.3256953418117854 0.7897852507206410 0.8343106464712192
9.3617866200743620 -0.0081319998076753 0.0000307836915378 1.3407898333454531 0.7883598708315970 0.8330678573340958
9.4005256890074200 -0.0081956541946277 0.0000303930034003 1.3559940136803599 0.7869320729832425 0.8318209631043019
9.4392927588068627 -0.0082596000011522 0.0000300016644338 1.3713073173627461 0.7855019717866062 0.8305700437226688
9.4578650566593652 -0.0082903163898431 0.0000298140570340 1.3786783152725977 0.7848164084642985 0.8299696591867506
9.4764373545118676 -0.0083210852121116 0.0000296263689654 1.3860718561444498 0.7841305667668439 0.8293685639768105
9.5152700625013846 -0.0083856026464013 0.0000292336766300 1.4016038273105529 0.7826956643640566 0.8281094504719516
9.5541071103692250 -0.0084503757338450 0.0000288406022019 1.4172361513098495 0.7812594438250476 0.8268471175180653
9.5929631548578485 -0.0085154300087828 0.0000284470076984 1.4329748447488933 0.7798214020553843 0.8255811053811672
9.6144439374971640 -0.0085515013997683 0.0000282292800410 1.4417180591276191 0.7790259438492479 0.8248799086338626
9.6359247201364795 -0.0085876392685415 0.0000280114579482 1.4504914645844278 0.7782301624121062 0.8241777851220191
9.6569628992248919 -0.0086231059821316 0.0000277980335402 1.4591133652585990 0.7774504709901739 0.8234892334156799
9.6958676322763147 -0.0086888870409771 0.0000274031293589 1.4751336802075117 0.7760078527050022 0.8222136097238492
9.7347708282979113 -0.0087549186895856 0.0000270079507969 1.4912524323991183 0.7745643147045660 0.8209350371694587
9.7736805135339342 -0.0088212155753065 0.0000266124268102 1.5074729825760416 0.7731195985291701 0.8196532707637444
9.8086616467784449 -0.0088810194789133 0.0000262566085373 1.5221404330109298 0.7718199814304489 0.8184983904027773
9.8404510716139324 -0.0089355452884331 0.0000259330732919 1.5355391115403616 0.7706383368718116 0.8174468179907582
9.8793664028002919 -0.0090025268862829 0.0000255367869037 1.5520313311789309 0.7691910624493005 0.8161568653740898
9.9182739591892091 -0.0090697528404791 0.0000251403389932 1.5686194110710669 0.7677432853767461 0.8148642612154339
9.9364319607347031 -0.0091012098909611 0.0000249552392813 1.5763949357641682 0.7670673534940841 0.8142600178064801
9.9545899622801972 -0.0091327197133236 0.0000247700907196 1.5841920561120388 0.7663912615146961 0.8136551469126322
9.9934829073033740 -0.0092004014993004 0.0000243733573373 1.6009655133009539 0.7649426078639012 0.8123574608627780
10.0323571374105818 -0.0092683109824663 0.0000239766047507 1.6178299049705724 0.7634939741251355 0.8110575505228905
10.0489235202537355 -0.0092973301893291 0.0000238074659912 1.6250467998080556 0.7628764377364003 0.8105027286095982
10.0654899030968892 -0.0093263969517676 0.0000236382917267 1.6322816696494369 0.7622587883350714 0.8099473943981359
10.1043257100330504 -0.0093947050067957 0.0000232415709464 1.6493124987794094 0.7608104348081515 0.8086435501488244
10.1414900248552371 -0.0094603184448863 0.0000228617557251 1.6657028090806092 0.7594238869833815 0.8073932119868047
10.1802741766367202 -0.0095290494271436 0.0000224652190268 1.6829039487284823 0.7579763875864961 0.8060856716374895
10.1999584588721053 -0.0095640338405243 0.0000222639010231 1.6916717942384922 0.7572415416995013 0.8054209991467860
10.2196427411074904 -0.0095990770132330 0.0000220625436365 1.7004650082031032 0.7565065738868078 0.8047556221453560
10.2514080442716917 -0.0096557717038592 0.0000217375240523 1.7147084605711613 0.7553202828320210 0.8036803974012307
10.2900858020089458 -0.0097250451712916 0.0000213416484015 1.7321406061552442 0.7538754612668209 0.8023687391414072
10.3077016741591656 -0.0097566841312813 0.0000211613016380 1.7401125678223603 0.7532172844487379 0.8017704530169169
10.3253175463093854 -0.0097883784686687 0.0000209809284348 1.7481048370210737 0.7525590313907771 0.8011716133077782
10.3638962391817397 -0.0098579647862882 0.0000205858252611 1.7656788016559144 0.7511172099538508 0.7998582313381172
10.4055319852675296 -0.0099333648995517 0.0000201592870689 1.7847546064255781 0.7495607856399020 0.7984378255246317
10.4440094709380347 -0.0100033238488903 0.0000197649973588 1.8024842292562591 0.7481221384251766 0.7971224615041078
10.4824218487568590 -0.0100734147723429 0.0000193712838814 1.8202804102117218 0.7466856889137075 0.7958067522134287
10.5241329366324745 -0.0101498292485052 0.0000189436663190 1.8397140876522919 0.7451256561487924 0.7943751662466970
10.5460510620299566 -0.0101901108644596 0.0000187189289598 1.8499715636511103 0.7443058184959644 0.7936217059436572
10.5558315352344163 -0.0102081141276555 0.0000186186377572 1.8545588606446923 0.7439399688979698 0.7932852260145136
10.5656120084388760 -0.0102261308834078 0.0000185183426438 1.8591524066465601 0.7435741105585217 0.7929485828899892
10.5787530335552660 -0.0102503655237602 0.0000183835799787 1.8653341239339598 0.7430825313251637 0.7924960133966932
10.6168753055986453 -0.0103208510951518 0.0000179925937640 1.8833311753456954 0.7416563841265408 0.7911814462779809
10.6549441682740405 -0.0103915070957862 0.0000176021057798 1.9013976998147413 0.7402321576502501 0.7898662741233843
10.6717188680970008 -0.0104227226110637 0.0000174300276851 1.9093885739823406 0.7396045692633718 0.7892859837658583
10.6884935679199611 -0.0104539875578102 0.0000172579427055 1.9173978100066529 0.7389769752271323 0.7887052234263797
10.7263551475238472 -0.0105247485854665 0.0000168695135822 1.9355426480540296 0.7375604493507034 0.7873926899414810
10.7443751133503937 -0.0105585216157750 0.0000166846344702 1.9442114003548912 0.7368862679550633 0.7867671649004726
10.7584072448083070 -0.0105848631309946 0.0000165406661456 1.9509764129897507 0.7363612887303325 0.7862796984383789
10.7707282136002647 -0.0106080194440093 0.0000164142525893 1.9569270430292269 0.7359003337991822 0.7858514097116508
10.7818276211765678 -0.0106289031841463 0.0000163003711535 1.9622961706435234 0.7354850853249407 0.7854653704665028
10.8194137428367121 -0.0106997961325457 0.0000159147266228 1.9805373676028228 0.7340789694114056 0.7841566240511512
10.8422985001866419 -0.0107430921939270 0.0000156799205882 1.9916888152400622 0.7332228847243614 0.7833586527842552
10.8530220213355761 -0.0107634147212122 0.0000155698935255 1.9969259851926806 0.7328217482274131 0.7829844412797057
10.8637455424845104 -0.0107837562634089 0.0000154598670943 2.0021706431325721 0.7324206219175715 0.7826100440792159
10.8739530605042969 -0.0108031382426763 0.0000153551356504 2.0071698895860237 0.7320388074824398 0.7822534902569188
10.9112340018967711 -0.0108740976949125 0.0000149726320031 2.0254862677722740 0.7306444002173911 0.7809498264392583
10.9275782802989490 -0.0109052916607415 0.0000148049442272 2.0335448389336053 0.7300331326209057 0.7803775883492620
10.9439225587011268 -0.0109365374768962 0.0000146372604940 2.0416207876995589 0.7294219005683914 0.7798049248855217
10.9809815762797207 -0.0110075628023947 0.0000142570739918 2.0599965443773076 0.7280361378998377 0.7785048989067043
11.0162015834369651 -0.0110753120164008 0.0000138957834922 2.0775431636335404 0.7267193507586067 0.7772673784881903
11.0267533032669469 -0.0110956567555069 0.0000137875495034 2.0828157248761090 0.7263248920800645 0.7768962454748860
11.0373050230969287 -0.0111160204347556 0.0000136793191282 2.0880955185217696 0.7259304546160693 0.7765249384697521
11.0475600631562560 -0.0111358315958535 0.0000135741353282 2.0932337908161491 0.7255471284414362 0.7761639050052191
11.0841981197909529 -0.0112067807042377 0.0000131983764639 2.1116470100913491 0.7241778024459552 0.7748727102352042
11.1021919756020448 -0.0112417231950324 0.0000130138507840 2.1207221006829586 0.7235054010041214 0.7742378118981460
11.1201858314131368 -0.0112767261032257 0.0000128293389855 2.1298181988139828 0.7228330754282101 0.7736024148146216
11.1367419620274148 -0.0113089871342567 0.0000126595827595 2.1382060621335959 0.7222145391701283 0.7730173474304354
11.1729980406347238 -0.0113798273243836 0.0000122878816240 2.1566366224845366 0.7208602608374468 0.7717346519612731
11.1835527490610289 -0.0114004997608423 0.0000121796863101 2.1620180572847780 0.7204660760774746 0.7713608633409850
11.1941074574873340 -0.0114211911241793 0.0000120714972990 2.1674067104025609 0.7200719225592033 0.7709869057765179
11.2086297497806946 -0.0114496971261149 0.0000119226495306 2.1748327894779274 0.7195296565390148 0.7704720996056968
11.2445410418619911 -0.0115203717686306 0.0000115546263289 2.1932549321203720 0.7181889908827613 0.7691977019578036
11.2524024719672209 -0.0115358783865962 0.0000114740720950 2.1972989076933769 0.7178955558075241 0.7689184620623140
11.2602639020724506 -0.0115513958254189 0.0000113935219774 2.2013468829535299 0.7176021404718782 0.7686391296806482
11.2688954182307999 -0.0115684469163283 0.0000113050861121 2.2057959936648919 0.7172800059787721 0.7683323282420017
11.3044516168781186 -0.0116388474142881 0.0000109408417432 2.2241742357844796 0.7159532851580196 0.7670673372309205
11.3167493174162281 -0.0116632571587057 0.0000108148826571 2.2305496830766054 0.7154945182049885 0.7666293825524495
11.3290470179543377 -0.0116876958327996 0.0000106889349157 2.2369349063906725 0.7150358050374570 0.7661912043626614
11.3497860914990216 -0.0117289776976850 0.0000104765605515 2.2477252056442656 0.7142623472674179 0.7654517475954856
11.3849559215238418 -0.0117991888425046 0.0000101164889288 2.2660871677132914 0.7129510691561083 0.7641963162866439
11.4199865738062130 -0.0118693681690968 0.0000097579460560 2.2844558458544451 0.7116454640289318 0.7629440598356197
11.4392969381541452 -0.0119081640741119 0.0000095603484121 2.2946152837143901 0.7109259748989920 0.7622530028260158
11.4534874055549540 -0.0119367213686312 0.0000094151631742 2.3020964055488564 0.7103973495525087 0.7617448276682626
11.4676778729557629 -0.0119653194606906 0.0000092699969300 2.3095905098846425 0.7098688110228609 0.7612363627419153
11.4916658636878388 -0.0120137596402441 0.0000090246475938 2.3222882797837161 0.7089755555290861 0.7603761817429584
11.5156538544199147 -0.0120623183098294 0.0000087793555886 2.3350231190670070 0.7080825601048170 0.7595151789137944
11.5532950150620959 -0.0121387585382305 0.0000083945714892 2.3550808846744880 0.7066818434573654 0.7581624744708306
11.5731968929690403 -0.0121792926573818 0.0000081911875943 2.3657228013363043 0.7059415235074696 0.7574464549470592
11.5911875131084177 -0.0122160072463034 0.0000080073731883 2.3753646526952368 0.7052724684273760 0.7567987185559018
11.6019579610859207 -0.0122380207229939 0.0000078973464547 2.3811468991162887 0.7048720032189701 0.7564107210760893
11.6127284090634237 -0.0122600575413516 0.0000077873331623 2.3869366011316555 0.7044715973058375 0.7560225614869814
11.6235999269173771 -0.0122823257415958 0.0000076763012462 2.3927881927932835 0.7040674948066830 0.7556305953588897
11.6378271089830321 -0.0123115062899694 0.0000075310186262 2.4004574391924045 0.7035387532182705 0.7551173943619587
11.6520542910486871 -0.0123407310721054 0.0000073857602227 2.4081396846164833 0.7030101190132626 0.7546039125034519
11.6851232536051999 -0.0124088232892988 0.0000070482251239 2.4260461167535077 0.7017818108710248 0.7534093198118581
11.7171913570484811 -0.0124750800381267 0.0000067210378990 2.4434775981405226 0.7005912583763407 0.7522494466923710
11.7343062637210060 -0.0125105331156239 0.0000065464712473 2.4528078505864999 0.6999560943315466 0.7516298411881426
11.7514211703935310 -0.0125460490152853 0.0000063719437092 2.4621568734478134 0.6993211005193206 0.7510098369590618
11.7700709528394540 -0.0125848227209606 0.0000061818096890 2.4723656848231910 0.6986293569522224 0.7503337779775819
11.7800557614858423 -0.0126056135700018 0.0000060800344787 2.4778404801159222 0.6982590935614207 0.7499716330053000
11.7900405701322306 -0.0126264249176016 0.0000059782732834 2.4833216571650567 0.6978888904634450 0.7496093535582797
11.8008684103425168 -0.0126490183947394 0.0000058679361045 2.4892728287545522 0.6974874993665811 0.7492163346683740
11.8182679639105217 -0.0126853798150249 0.0000056906671920 2.4988516406522518 0.6968426445184629 0.7485844521094921
11.8356675174785266 -0.0127218063040617 0.0000055134422184 2.5084498141906426 0.6961979787792069 0.7479521643017679
11.8530791068177379 -0.0127583264510087 0.0000053361391052 2.5180740006814157 0.6955530591807091 0.7473190348621572
11.8669765435762322 -0.0127875230114585 0.0000051946533340 2.5257696556912173 0.6950384423089117 0.7468133996366807
11.8796216686053100 -0.0128141264869192 0.0000050659423146 2.5327825676230606 0.6945703070809722 0.7463531052230443
11.8896865822343578 -0.0128353276701403 0.0000049635119263 2.5383718078704978 0.6941977688267544 0.7459865817843531
11.8990177237254642 -0.0128550022179039 0.0000048685631687 2.5435593477246683 0.6938524499010100 0.7456466599397075
11.9140865779425322 -0.0128868168451918 0.0000047152590326 2.5519484359826654 0.6932949172434169 0.7450974783330523
11.9208613478236973 -0.0129011373328227 0.0000046463469876 2.5557247873384945 0.6930443072330648 0.7448504758813617
11.9276361177048624 -0.0129154673162729 0.0000045774422754 2.5595040666489224 0.6927937282867861 0.7446034132423383
11.9366427947292486 -0.0129345344607919 0.0000044858486281 2.5645329396589283 0.6924606460140513 0.7442748642483721
