0.0000871351517944 -0.0000000000034276 0.0001841369685400 0.0000000000000024 0.9999999999321009 0.9999999999607492
0.0001184545515367 -0.0000000000063347 0.0001841369685204 0.0000000000000060 0.9999999998737497 0.9999999999274586
0.0001564793220292 -0.0000000000110547 0.0001841369684886 0.0000000000000139 0.9999999997790103 0.9999999998734073
0.0002017873796017 -0.0000000000183835 0.0001841369684392 0.0000000000000298 0.9999999996319088 0.9999999997894818
0.0002549331139285 -0.0000000000293425 0.0001841369683654 0.0000000000000602 0.9999999994119433 0.9999999996639853
0.0003164518567017 -0.0000000000452129 0.0001841369682584 0.0000000000001151 0.9999999990933978 0.9999999994822458
0.0003868432161014 -0.0000000000675645 0.0001841369681078 0.0000000000002103 0.9999999986447634 0.9999999992262870
0.0004666132476582 -0.0000000000983023 0.0001841369679006 0.0000000000003690 0.9999999980278041 0.9999999988742936
0.0005562344236382 -0.0000000001396902 0.0001841369676217 0.0000000000006251 0.9999999971970797 0.9999999984003407
0.0006561625482292 -0.0000000001943899 0.0001841369672531 0.0000000000010262 0.9999999960991665 0.9999999977739488
0.0007668392320282 -0.0000000002654972 0.0001841369667740 0.0000000000016379 0.9999999946719266 0.9999999969596661
0.0008887020800352 -0.0000000003565857 0.0001841369661601 0.0000000000025495 0.9999999928436294 0.9999999959165684
0.0010221717489539 -0.0000000004717364 0.0001841369653842 0.0000000000038793 0.9999999905323630 0.9999999945979223
0.0011676519289155 -0.0000000006155717 0.0001841369644149 0.0000000000057826 0.9999999876453524 0.9999999929507970
0.0013255488130287 -0.0000000007933108 0.0001841369632172 0.0000000000084600 0.9999999840778340 0.9999999909154218
0.0014962343138121 -0.0000000010107674 0.0001841369617518 0.0000000000121670 0.9999999797131213 0.9999999884252235
0.0016801013350016 -0.0000000012744506 0.0001841369599749 0.0000000000172263 0.9999999744205632 0.9999999854056618
0.0018775152099952 -0.0000000015915453 0.0001841369578381 0.0000000000240401 0.9999999680559472 0.9999999817744591
0.0020888341644213 -0.0000000019699720 0.0001841369552880 0.0000000000331053 0.9999999604602995 0.9999999774409163
0.0023144157157992 -0.0000000024184376 0.0001841369522659 0.0000000000450308 0.9999999514588529 0.9999999723053233
0.0025546098263879 -0.0000000029464653 0.0001841369487077 0.0000000000605563 0.9999999408604655 0.9999999662586281
0.0028097526644539 -0.0000000035644159 0.0001841369445435 0.0000000000805731 0.9999999284571762 0.9999999591821824
0.0030801725011640 -0.0000000042835345 0.0001841369396975 0.0000000001061477 0.9999999140232761 0.9999999509472131
0.0033662029640431 -0.0000000051160266 0.0001841369340876 0.0000000001385500 0.9999998973137844 0.9999999414139507
0.0036681700941986 -0.0000000060750679 0.0001841369276249 0.0000000001792809 0.9999998780642416 0.9999999304315136
0.0039863751888113 -0.0000000071747793 0.0001841369202142 0.0000000002301018 0.9999998559912164 0.9999999178381955
0.0043211331900384 -0.0000000084303870 0.0001841369117530 0.0000000002930748 0.9999998307890966 0.9999999034596356
0.0046727469777719 -0.0000000098581798 0.0001841369021315 0.0000000003705974 0.9999998021309370 0.9999998871093019
0.0050415173859864 -0.0000000114755824 0.0001841368912323 0.0000000004654461 0.9999997696669942 0.9999998685876551
0.0054277492495686 -0.0000000133012282 0.0001841368789298 0.0000000005808244 0.9999997330232687 0.9999998476813173
0.0058317247890032 -0.0000000153548729 0.0001841368650908 0.0000000007204048 0.9999996918032287 0.9999998241640552
0.0062537415674717 -0.0000000176576146 0.0001841368495733 0.0000000008883934 0.9999996455833988 0.9999997977942634
0.0066940685174691 -0.0000000202317042 0.0001841368322272 0.0000000010895721 0.9999995939171696 0.9999997683171374
0.0071529936191151 -0.0000000231008426 0.0001841368128929 0.0000000013293796 0.9999995363288245 0.9999997354612666
0.0076307933634783 -0.0000000262900562 0.0001841367914017 0.0000000016139666 0.9999994723160407 0.9999996989400604
0.0081277380234953 -0.0000000298257589 0.0001841367675755 0.0000000019502691 0.9999994013486508 0.9999996584510421
0.0086440931952340 -0.0000000337357965 0.0001841367412269 0.0000000023460850 0.9999993228677407 0.9999996136753342
0.0091801258777402 -0.0000000380495334 0.0001841367121578 0.0000000028101617 0.9999992362839201 0.9999995642766711
0.0097360869671702 -0.0000000427977488 0.0001841366801609 0.0000000033522679 0.9999991409794006 0.9999995099025855
0.0103122565541335 -0.0000000480130643 0.0001841366450163 0.0000000039833318 0.9999990362994111 0.9999994501795101
0.0109088689388580 -0.0000000537293296 0.0001841366064960 0.0000000047154647 0.9999989215645345 0.9999993847198160
0.0115261932857783 -0.0000000599823855 0.0001841365643584 0.0000000055621537 0.9999987960553858 0.9999993131130714
0.0121644743821193 -0.0000000668095573 0.0001841365183519 0.0000000065383069 0.9999986590227852 0.9999992349318456
0.0128239550502592 -0.0000000742498924 0.0001841364682136 0.0000000076603953 0.9999985096829882 0.9999991497289871
0.0135048911951540 -0.0000000823443843 0.0001841364136670 0.0000000089466087 0.9999983472131885 0.9999990570350584
0.0142075047575263 -0.0000000911354571 0.0001841363544264 0.0000000104169016 0.9999981707618625 0.9999989563642376
0.0149320521465679 -0.0000001006678275 0.0001841362901904 0.0000000120932651 0.9999979794314773 0.9999988472044528
0.0156787722712951 -0.0000001109879281 0.0001841362206461 0.0000000139997791 0.9999977722900504 0.9999987290239769
0.0164478796208956 -0.0000001221437958 0.0001841361454699 0.0000000161627302 0.9999975483734073 0.9999986012727162
0.0172396232302773 -0.0000001341859497 0.0001841360643211 0.0000000186109360 0.9999973066675443 0.9999984633721472
0.0180542327360934 -0.0000001471666828 0.0001841359768476 0.0000000213757788 0.9999970461228558 0.9999983147234338
0.0188919171540440 -0.0000001611400190 0.0001841358826851 0.0000000244913577 0.9999967656549991 0.9999981547079206
0.0197529181397944 -0.0000001761626299 0.0001841357814519 0.0000000279948714 0.9999964641264785 0.9999979826766264
0.0206374665058954 -0.0000001922931994 0.0001841356727525 0.0000000319266790 0.9999961403594160 0.9999977979575300
0.0215457868305884 -0.0000002095925195 0.0001841355561772 0.0000000363305177 0.9999957931336191 0.9999975998544668
0.0224780827021336 -0.0000002281232139 0.0001841354313040 0.0000000412536337 0.9999954211921281 0.9999973876502951
0.0234345776414843 -0.0000002479505619 0.0001841352976931 0.0000000467472106 0.9999950232246838 0.9999971605974626
0.0244154804504604 -0.0000002691418668 0.0001841351548908 0.0000000528664348 0.9999945978804005 0.9999969179252375
0.0254210210749720 -0.0000002917672614 0.0001841350024246 0.0000000596709638 0.9999941437516008 0.9999966588304849
0.0264514065229319 -0.0000003158987998 0.0001841348398089 0.0000000672249155 0.9999936593920470 0.9999963824880688
0.0275068399447436 -0.0000003416108730 0.0001841346665424 0.0000000755972367 0.9999931433085923 0.9999960880460881
0.0285875546124413 -0.0000003689811142 0.0001841344821020 0.0000000848622806 0.9999925939430174 0.9999957746155143
0.0296937223962296 -0.0000003980881410 0.0001841342859580 0.0000000950993299 0.9999920097173423 0.9999954412960423
0.0308255654486449 -0.0000004290144041 0.0001841340775546 0.0000001063938485 0.9999913889766542 0.9999950871434728
0.0319833102311824 -0.0000004618451616 0.0001841338563173 0.0000001188374771 0.9999907300096879 0.9999947111814527
0.0331671241940880 -0.0000004966666579 0.0001841336216651 0.0000001325276387 0.9999900310853890 0.9999943124223364
0.0343772337382327 -0.0000005335695153 0.0001841333729871 0.0000001475691573 0.9999892903848233 0.9999938898283365
0.0356138210193612 -0.0000005726457850 0.0001841331096632 0.0000001640734564 0.9999885060603866 0.9999934423453056
0.0368771032565979 -0.0000006139913888 0.0001841328310469 0.0000001821599060 0.9999876761867815 0.9999929688747665
0.0381672643847463 -0.0000006577040116 0.0001841325364799 0.0000002019553054 0.9999867988033218 0.9999924682980476
0.0394845118544552 -0.0000007038849814 0.0001841322252795 0.0000002235950809 0.9999858718762048 0.9999919394547574
0.0408290127044510 -0.0000007526370995 0.0001841318967528 0.0000002472226772 0.9999848933420536 0.9999913811676278
0.0422009905974116 -0.0000008040681389 0.0001841315501737 0.0000002729916337 0.9999838610377050 0.9999907922024532
0.0436006324210013 -0.0000008582875661 0.0001841311848045 0.0000003010644550 0.9999827727660058 0.9999901713056313
0.0450281204078340 -0.0000009154076656 0.0001841307998886 0.0000003316135556 0.9999816262732418 0.9999895171912838
0.0464836308212051 -0.0000009755435011 0.0001841303946504 0.0000003648216761 0.9999804192499218 0.9999888285417035
0.0479673701183625 -0.0000010388144871 0.0001841299682855 0.0000004008832387 0.9999791492992205 0.9999881039893493
0.0494795394592913 -0.0000011053430548 0.0001841295199687 0.0000004400041489 0.9999778139637733 0.9999873421321334
0.0510202962476928 -0.0000011752528956 0.0001841290488665 0.0000004824012093 0.9999764107609208 0.9999865415535283
0.0525898355155266 -0.0000012486725676 0.0001841285541127 0.0000005283047474 0.9999749371103258 0.9999857007812695
0.0541883449792371 -0.0000013257336083 0.0001841280348208 0.0000005779580722 0.9999733903718465 0.9999848183089630
0.0558160102703194 -0.0000014065707958 0.0001841274900826 0.0000006316181767 0.9999717678403079 0.9999838925931012
0.0574730032774860 -0.0000014913215767 0.0001841269189720 0.0000006895559062 0.9999700667569722 0.9999829220596063
0.0591595090151932 -0.0000015801274460 0.0001841263205354 0.0000007520574628 0.9999682842818509 0.9999819050880330
0.0608757110828076 -0.0000016731332947 0.0001841256937965 0.0000008194245992 0.9999664175067943 0.9999808400190352
0.0626217740504193 -0.0000017704864519 0.0001841250377624 0.0000008919745171 0.9999644634747180 0.9999797251653348
0.0643978853400847 -0.0000018723390172 0.0001841243514083 0.0000009700422121 0.9999624191327982 0.9999785587850171
0.0662042041839848 -0.0000019788450392 0.0001841236336961 0.0000010539790176 0.9999602813890863 0.9999773391138297
0.0680409295966146 -0.0000020901645095 0.0001841228835476 0.0000011441563886 0.9999580470323626 0.9999760643194560
0.0699082187859933 -0.0000022064585904 0.0001841220998769 0.0000012409628387 0.9999557128279076 0.9999747325561547
0.0718062485107234 -0.0000023278932900 0.0001841212815653 0.0000013448075680 0.9999532754437500 0.9999733419226801
0.0737351927840600 -0.0000024546381910 0.0001841204274700 0.0000014561202059 0.9999507314761770 0.9999718904768354
0.0756952287220330 -0.0000025868668749 0.0001841195364214 0.0000015753519445 0.9999480774412174 0.9999703762306130
0.0776865179843894 -0.0000027247556966 0.0001841186072311 0.0000017029752020 0.9999453097992419 0.9999687971642273
0.0797092437525439 -0.0000028684863542 0.0001841176386746 0.0000018394867750 0.9999424249033839 0.9999671511966859
0.0817635656474257 -0.0000030182428055 0.0001841166295125 0.0000019854058064 0.9999394190614265 0.9999654362210969
0.0838496547270064 -0.0000031742137479 0.0001841155784732 0.0000021412769418 0.9999362884860340 0.9999636500762725
0.0859676679026144 -0.0000033365907868 0.0001841144842655 0.0000023076694023 0.9999330293315091 0.9999617905676985
0.0881177792811030 -0.0000035055708409 0.0001841133455624 0.0000024851802997 0.9999296376455178 0.9999598554399894
0.0903001462770655 -0.0000036813535937 0.0001841121610186 0.0000026744329442 0.9999261094202464 0.9999578424060739
0.0925149341959938 -0.0000038641434298 0.0001841109292566 0.0000028760797780 0.9999224405535280 0.9999557491250137
0.0947623094057426 -0.0000040541489769 0.0001841096488706 0.0000030908028953 0.9999186268580510 0.9999535732072555
0.0970424508612628 -0.0000042515841735 0.0001841083184192 0.0000033193162973 0.9999146640399094 0.9999513122023900
0.0993555096190501 -0.0000044566648182 0.0001841069364480 0.0000035623629263 0.9999105477678869 0.9999489636386801
0.1017016245447306 -0.0000046696097681 0.0001841055014824 0.0000038207168474 0.9999062736493833 0.9999465250093236
0.1040809898638661 -0.0000048906472007 0.0001841040119848 0.0000040951920017 0.9999018371047413 0.9999439937007460
0.1064937484254783 -0.0000051200049952 0.0001841024664196 0.0000043866316556 0.9998972335603117 0.9999413671027536
0.1089400816191328 -0.0000053579190665 0.0001841008631973 0.0000046959198017 0.9998924582811671 0.9999386425130832
0.1114201179356939 -0.0000056046246411 0.0001840992007327 0.0000050239711099 0.9998875065462181 0.9999358172373134
0.1139340329764394 -0.0000058603659987 0.0001840974773799 0.0000053717447235 0.9998823734526827 0.9999328884773004
0.1164819835065059 -0.0000061253901170 0.0001840956914745 0.0000057402372163 0.9998770540436456 0.9999298534039537
0.1190641005119787 -0.0000063999457590 0.0001840938413404 0.0000061304822294 0.9998715433263771 0.9999267091676860
0.1216805499721929 -0.0000066842898924 0.0001840919252460 0.0000065435607137 0.9998658361434910 0.9999234528248964
0.1243315021997990 -0.0000069786847062 0.0001840899414247 0.0000069805983009 0.9998599272328241 0.9999200813721314
0.1270170884138951 -0.0000072833927341 0.0001840878881074 0.0000074427592369 0.9998538113253190 0.9999165918019306
0.1297374858002580 -0.0000075986863899 0.0001840857634586 0.0000079312619459 0.9998474829536395 0.9999129809936238
0.1324928411165814 -0.0000079248394409 0.0001840835656335 0.0000084473676125 0.9998409366233055 0.9999092458109714
0.1352833045724539 -0.0000082621308177 0.0001840812927527 0.0000089923872379 0.9998341667362323 0.9999053830585336
0.1381090341073588 -0.0000086108452369 0.0001840789428977 0.0000095676841650 0.9998271675782320 0.9999013894745344
0.1409701627115354 -0.0000089712691886 0.0001840765141381 0.0000101746688734 0.9998199333995501 0.9998972617768096
0.1438668571861676 -0.0000093436982915 0.0001840740044820 0.0000108148126996 0.9998124582672481 0.9998929965785729
0.1467992693252519 -0.0000097284313114 0.0001840714119164 0.0000114896394971 0.9998047361852455 0.9998885904569059
0.1497675254876542 -0.0000101257686037 0.0001840687344173 0.0000122007240568 0.9997967611256035 0.9998840399706018
0.1527717934188504 -0.0000105360210311 0.0001840659698902 0.0000129497095184 0.9997885268495184 0.9998793415580214
0.1558122154329518 -0.0000109595011731 0.0001840631162289 0.0000137382934467 0.9997800270837710 0.9998744916377662
0.1588889422459471 -0.0000113965278790 0.0001840601712851 0.0000145682375993 0.9997712554293439 0.9998694865565310
0.1620021147345242 -0.0000118474237631 0.0001840571328849 0.0000154413649266 0.9997622054116916 0.9998643226177809
0.1651518856394433 -0.0000123125183487 0.0001840539988082 0.0000163595672912 0.9997528704176445 0.9998589960457424
0.1683384030487173 -0.0000127921457737 0.0001840507668035 0.0000173248028837 0.9997432437414632 0.9998535030116741
0.1715617962922119 -0.0000132866425873 0.0001840474346033 0.0000183390933288 0.9997333186290590 0.9998478396590932
0.1748222076827740 -0.0000137963525306 0.0001840439998914 0.0000194045350301 0.9997230881820468 0.9998420020490193
0.1781198046242949 -0.0000143216287178 0.0001840404602886 0.0000205233060775 0.9997125453139678 0.9998359861349866
0.1814547102227176 -0.0000148628226945 0.0001840368134265 0.0000216976449820 0.9997016829699064 0.9998297878883515
0.1848270767708345 -0.0000154202960777 0.0001840330568684 0.0000229298771677 0.9996904938928660 0.9998234031649755
0.1882370557257584 -0.0000159944159429 0.0001840291881412 0.0000242224073957 0.9996789707163498 0.9998168277580440
0.1916847706037322 -0.0000165855501719 0.0001840252047663 0.0000255777110040 0.9996671060577550 0.9998100574513498
0.1951703611863561 -0.0000171940748491 0.0001840211042097 0.0000269983523864 0.9996548923699006 0.9998030879345632
0.1986939873875019 -0.0000178203752545 0.0001840168838757 0.0000284869899968 0.9996423219211261 0.9997959147918639
0.2022557843367767 -0.0000184648380324 0.0001840125411592 0.0000300463601205 0.9996293869524565 0.9997885335916149
0.2058558796880945 -0.0000191278540581 0.0001840080734267 0.0000316792852362 0.9996160796200804 0.9997809398535283
0.2094944195017750 -0.0000198098232527 0.0001840034779839 0.0000333886880615 0.9996023918987100 0.9997731289935082
0.2131715391415959 -0.0000205111493310 0.0001839987521107 0.0000351775810004 0.9995883156870025 0.9997650963837960
0.2168873842118974 -0.0000212322437685 0.0001839938930350 0.0000370490783655 0.9995738427279397 0.9997568373075242
0.2206420880404617 -0.0000219735215358 0.0001839888979610 0.0000390063877724 0.9995589646944516 0.9997483470075655
0.2244357737005563 -0.0000227354013463 0.0001839837640677 0.0000410528126347 0.9995436731844467 0.9997396206836847
0.2282686049122249 -0.0000235183160079 0.0001839784884394 0.0000431917825821 0.9995279595130417 0.9997306533739586
0.2321406991154416 -0.0000243226949637 0.0001839730681827 0.0000454268088737 0.9995118150630036 0.9997214401547468
0.2360521954412890 -0.0000251489780088 0.0001839675003349 0.0000477615237838 0.9994952310094343 0.9997119759835660
0.2400032262275832 -0.0000259976095463 0.0001839617819020 0.0000501996675037 0.9994781984350659 0.9997022557648697
0.2439939239786177 -0.0000268690400437 0.0001839559098492 0.0000527450946536 0.9994607083010364 0.9996922743333563
0.2480244340677585 -0.0000277637289228 0.0001839498810816 0.0000554017855351 0.9994427513888972 0.9996820264208578
0.2520948865820672 -0.0000286821384345 0.0001839436924850 0.0000581738308419 0.9994243184235400 0.9996715067264766
0.2562054054112348 -0.0000296247355263 0.0001839373409138 0.0000610654393141 0.9994054000357375 0.9996607098951925
0.2603561231543488 -0.0000305919952707 0.0001839308231677 0.0000640809508747 0.9993859866933290 0.9996496304785728
0.2645471997579404 -0.0000315844055193 0.0001839241359601 0.0000672248547440 0.9993660686078225 0.9996382628814500
0.2687787430299914 -0.0000326024481933 0.0001839172760447 0.0000705017332335 0.9993456361099045 0.9996266015762129
0.2730508885287421 -0.0000336466180141 0.0001839102400888 0.0000739163232306 0.9993246792735152 0.9996146408882421
0.2773637684674746 -0.0000347174152969 0.0001839030247221 0.0000774734966460 0.9993031880604958 0.9996023750784432
0.2817175162187432 -0.0000358153470748 0.0001838956265292 0.0000811782670030 0.9992811522980283 0.9995897983303502
0.2861122650681945 -0.0000369409268444 0.0001838880420510 0.0000850357916539 0.9992585616837543 0.9995769047530271
0.2905481255643297 -0.0000380946686718 0.0001838802678248 0.0000890513541768 0.9992354059040697 0.9995636884485634
0.2950252647747447 -0.0000392771078708 0.0001838723002447 0.0000932304395288 0.9992116742191213 0.9995501432751867
0.2995437783962796 -0.0000404887676339 0.0001838641357865 0.0000975786205381 0.9991873561325338 0.9995362632294921
0.3041038137101418 -0.0000417301913504 0.0001838557707901 0.0001021016746510 0.9991624407427926 0.9995220420762131
0.3087054916506834 -0.0000430019220063 0.0001838472015980 0.0001068055141553 0.9991369171566962 0.9995074735841823
0.3133489244463363 -0.0000443045066687 0.0001838384245256 0.0001116962044996 0.9991107743993559 0.9994925514749398
0.3180342984725620 -0.0000456385201071 0.0001838294357012 0.0001167800575887 0.9990840009401419 0.9994772691521160
0.3227616706791948 -0.0000470045071502 0.0001838202314554 0.0001220634165679 0.9990565858495705 0.9994616203617565
0.3275311884193860 -0.0000484030449049 0.0001838108079012 0.0001275528948011 0.9990285175505946 0.9994455984795335
0.3323429884556522 -0.0000498347144605 0.0001838011611247 0.0001332552731636 0.9989997843865064 0.9994291968348726
0.3371971971157973 -0.0000513001007543 0.0001837912871863 0.0001391775022520 0.9989703746236395 0.9994124087124691
0.3420939352077520 -0.0000527997939035 0.0001837811821117 0.0001453267106218 0.9989402764246492 0.9993952273370075
0.3470333219404488 -0.0000543343903514 0.0001837708418838 0.0001517102127416 0.9989094778255273 0.9993776458600112
0.3520154933846562 -0.0000559044987297 0.0001837602624036 0.0001583355374368 0.9988779666179499 0.9993596572926482
0.3570405631987626 -0.0000575107276358 0.0001837494395726 0.0001652103805501 0.9988457305945974 0.9993412546457404
0.3621086719011273 -0.0000591537012525 0.0001837383691870 0.0001723426749151 0.9988127572356837 0.9993224307507816
0.3672199366622326 -0.0000608340433802 0.0001837270470460 0.0001797405260648 0.9987790340294376 0.9993031784428555
0.3723744680632748 -0.0000625523825684 0.0001837154689167 0.0001874122369416 0.9987445483691273 0.9992834905018191
0.3775724326231361 -0.0000643093732803 0.0001837036303919 0.0001953664076148 0.9987092871283155 0.9992633594097741
0.3828139078138557 -0.0000661056472166 0.0001836915272177 0.0002036117202738 0.9986732376377653 0.9992427779087530
0.3880990192761261 -0.0000679418592569 0.0001836791549843 0.0002121571491151 0.9986363867634428 0.9992217384743086
0.3934279068135089 -0.0000698186765766 0.0001836665091990 0.0002210119178621 0.9985987211249606 0.9992002334401769
0.3988006877260303 -0.0000717367658497 0.0001836535853729 0.0002301854440100 0.9985602273524026 0.9991782551448684
0.4042174597063169 -0.0000736967938032 0.0001836403790164 0.0002396873432851 0.9985208920752235 0.9991557959252974
0.4096783744210960 -0.0000756994539378 0.0001836268854601 0.0002495275637465 0.9984807013860093 0.9991328478105619
0.4151835484838368 -0.0000777454345835 0.0001836131000694 0.0002597162364535 0.9984396414815743 0.9991094028879423
0.4207331017521960 -0.0000798354325957 0.0001835990181523 0.0002702637453374 0.9983976983881201 0.9990854531459333
0.4263271472092500 -0.0000819701495858 0.0001835846349850 0.0002811807126737 0.9983548580368923 0.9990609905173988
0.4319657818507052 -0.0000841502882385 0.0001835699458368 0.0002924779835193 0.9983111063381067 0.9990360069217417
0.4376491697369451 -0.0000863765846837 0.0001835549457514 0.0003041667991959 0.9982664285313195 0.9990104938938917
0.4433773788985581 -0.0000886497451059 0.0001835396299748 0.0003162584715224 0.9982208104575806 0.9989844433107030
0.4491505812562255 -0.0000909705241974 0.0001835239934262 0.0003287648000733 0.9981742369850448 0.9989578464918530
0.4549688658677685 -0.0000933396513527 0.0001835080311955 0.0003416976857863 0.9981266934901258 0.9989306950456097
0.4608323354313141 -0.0000957578686025 0.0001834917382874 0.0003550693353782 0.9980781650962561 0.9989029804340734
0.4667411328307538 -0.0000982259421568 0.0001834751095442 0.0003688923330597 0.9980286364422619 0.9988746938408282
0.4726953885611256 -0.0001007446411263 0.0001834581397887 0.0003831795299672 0.9979780921094054 0.9988458264147602
0.4786951930061243 -0.0001033147252849 0.0001834408239068 0.0003979439767896 0.9979265168669812 0.9988163694102791
0.4847406777554363 -0.0001059369795156 0.0001834231566155 0.0004131991243274 0.9978738949810853 0.9987863137924742
0.4908319539525450 -0.0001086121877133 0.0001834051326386 0.0004289586803011 0.9978202107383572 0.9987556505361803
0.4969691416573602 -0.0001113411453997 0.0001833867466217 0.0004452366870908 0.9977654481928446 0.9987243704813362
0.5031523423811340 -0.0001141246475619 0.0001833679932146 0.0004620474545518 0.9977095914100798 0.9986924644723354
0.5093816813838806 -0.0001169635075641 0.0001833488669430 0.0004794056785876 0.9976526240875973 0.9986599231411998
0.5156573007954456 -0.0001198585546487 0.0001833293622264 0.0004973264349730 0.9975945296051135 0.9986267369361589
0.5219792574959702 -0.0001228105864762 0.0001833094736969 0.0005158248887196 0.9975352919769229 0.9985928966656428
0.5283477302569117 -0.0001258204652307 0.0001832891955524 0.0005349168977938 0.9974748939233978 0.9985583923965488
0.5347627926707791 -0.0001288890118558 0.0001832685222687 0.0005546183574034 0.9974133189933564 0.9985232146665922
0.5412245664939968 -0.0001320170777497 0.0001832474481171 0.0005749456553206 0.9973505501254063 0.9984873536623792
0.5477331547209773 -0.0001352055131998 0.0001832259673762 0.0005959154775361 0.9972865702813917 0.9984507995812049
0.5542886624165051 -0.0001384551772546 0.0001832040742662 0.0006175448765848 0.9972213622483168 0.9984135425178197
0.5608912555630572 -0.0001417669675018 0.0001831817627477 0.0006398514794490 0.9971549080408697 0.9983755721229566
0.5675410020700569 -0.0001451417407414 0.0001831590270567 0.0006628529619051 0.9970871904932130 0.9983368785127487
0.5742380205939605 -0.0001485803869642 0.0001831358612057 0.0006865675480744 0.9970181917745686 0.9982974514205075
0.5809824404803834 -0.0001520838099605 0.0001831122591147 0.0007110138905229 0.9969478937783716 0.9982572804189678
0.5877743613838540 -0.0001556529063321 0.0001830882147523 0.0007362109297438 0.9968762785434252 0.9982163551608638
0.5946138690491065 -0.0001592885730596 0.0001830637220851 0.0007621779484412 0.9968033281021002 0.9981746652921202
0.6015011138482443 -0.0001629917495670 0.0001830387747940 0.0007889348802269 0.9967290236363348 0.9981321999694183
0.6084361953239815 -0.0001667633565874 0.0001830133666863 0.0008165018808880 0.9966533467043481 0.9980889485611381
0.6154192241469104 -0.0001706043288969 0.0001829874914751 0.0008448995669581 0.9965762785838711 0.9980449002719386
0.6224503266453136 -0.0001745156182176 0.0001829611427595 0.0008741490464963 0.9964978002139315 0.9980000441093719
0.6295296041792716 -0.0001784981707545 0.0001829343141766 0.0009042717585149 0.9964178926456280 0.9979543691414271
0.6366571414935466 -0.0001825529312125 0.0001829069993736 0.0009352895046321 0.9963365369615445 0.9979078644503950
0.6438330855352249 -0.0001866808878790 0.0001828791917048 0.0009672248022265 0.9962537133712640 0.9978605186157304
0.6510574809934546 -0.0001908829784482 0.0001828508848658 0.0010001001656696 0.9961694031009634 0.9978123207941071
0.6583305097671741 -0.0001951602283583 0.0001828220719614 0.0010339391878740 0.9960835856178559 0.9977632591326436
0.6656522526979037 -0.0001995136128070 0.0001827927464355 0.0010687654722525 0.9959962413987627 0.9977133223514790
0.6730228241331462 -0.0002039441348233 0.0001827629015449 0.0011046032487868 0.9959073503637351 0.9976624988482131
0.6804423477525222 -0.0002084528116114 0.0001827325304515 0.0011414772774513 0.9958168921500962 0.9976107768544322
0.6879109053216632 -0.0002130406432342 0.0001827016264333 0.0011794125976282 0.9957248467408040 0.9975581447948821
0.6954285966370853 -0.0002177086486645 0.0001826701826411 0.0012184348267434 0.9956311937412038 0.9975045908738305
0.7029955389915589 -0.0002224578660609 0.0001826381920975 0.0012585701746187 0.9955359123735397 0.9974501030717732
0.7106118495799516 -0.0002272893421552 0.0001826056477675 0.0012998453646012 0.9954389816899530 0.9973946692670910
0.7182776307717493 -0.0002322041227790 0.0001825725426231 0.0013422875588436 0.9953403807625852 0.9973382773446446
0.7259929717661990 -0.0002372032534575 0.0001825388696387 0.0013859243666757 0.9952400886717179 0.9972809151888854
0.7337580122585742 -0.0002422878208799 0.0001825046215123 0.0014307842158630 0.9951380836738589 0.9972225702078946
0.7415728624063542 -0.0002474589014207 0.0001824697910118 0.0014768959141884 0.9950343442345796 0.9971632299239550
0.7494375818111138 -0.0002527175460153 0.0001824343710773 0.0015242885113097 0.9949288493319699 0.9971028821470619
0.7573523152397723 -0.0002580648705778 0.0001823983542119 0.0015729921181440 0.9948215766427946 0.9970415139372009
0.7653171699630817 -0.0002635019748306 0.0001823617330283 0.0016230371907889 0.9947125041709691 0.9969791125357103
0.7733322238022733 -0.0002690299465849 0.0001823245002204 0.0016744545666343 0.9946016101617254 0.9969156653161000
0.7813975730833488 -0.0002746498942916 0.0001822866483436 0.0017272757699178 0.9944888724486836 0.9968511594103662
0.7895133676481847 -0.0002803629724772 0.0001822481696439 0.0017815332684778 0.9943742679437001 0.9967855814168703
0.7976796856983381 -0.0002861702942270 0.0001822090566472 0.0018372596563538 0.9942577743925407 0.9967189184047562
0.8058966311582406 -0.0002920729989139 0.0001821693017031 0.0018944882973127 0.9941393690163030 0.9966511571364488
0.8141643112100706 -0.0002980722367524 0.0001821288970890 0.0019532531898793 0.9940190288213469 0.9965822842448100
0.8224828202839216 -0.0003041691571352 0.0001820878350888 0.0020135888608658 0.9938967308333361 0.9965122863669196
0.8308522920833212 -0.0003103649468790 0.0001820461077353 0.0020755307533852 0.9937724513301479 0.9964411497048463
0.8392727972814612 -0.0003166607548161 0.0001820037073179 0.0021391144846711 0.9936461673545731 0.9963688608913065
0.8477444372896713 -0.0003230577606199 0.0001819606259192 0.0022043765365792 0.9935178553338251 0.9962954061993473
0.8562673390464852 -0.0003295571719573 0.0001819168554343 0.0022713542461598 0.9933874911367829 0.9962207715748519
0.8648416081609531 -0.0003361601891953 0.0001818723878087 0.0023400854553261 0.9932550507820048 0.9961449430416610
0.8734673219145654 -0.0003428679991401 0.0001818272150798 0.0024106084453381 0.9931205105633825 0.9960679067733959
0.8821446176110250 -0.0003496818436767 0.0001817813289155 0.0024829626665483 0.9929838456735043 0.9959896483050237
0.8908735394384705 -0.0003566029000540 0.0001817347214200 0.0025571874817168 0.9928450326048959 0.9959101539076411
0.8996542379577678 -0.0003636324377887 0.0001816873840772 0.0026333238439634 0.9927040460031105 0.9958294087862336
0.9084868014678861 -0.0003707716858035 0.0001816393086454 0.0027114128901953 0.9925608613316297 0.9957473986055132
0.9173713154740246 -0.0003780218787859 0.0001815904868455 0.0027914964385910 0.9924154539421355 0.9956641089573522
0.9263079051830444 -0.0003853842922506 0.0001815409101247 0.0028736173892970 0.9922677983714443 0.9955795249578192
0.9352966540818164 -0.0003928601760553 0.0001814905701039 0.0029578189989179 0.9921178696749917 0.9954936320107902
0.9443376855016621 -0.0004004508215629 0.0001814394581262 0.0030441456387845 0.9919656420799968 0.9954064150361995
0.9534310938176134 -0.0004081575046334 0.0001813875656402 0.0031326421648393 0.9918110901288892 0.9953178591248554
0.9625769492730246 -0.0004159814886201 0.0001813348841801 0.0032233539488930 0.9916541886192942 0.9952279495039316
0.9717753764586451 -0.0004239240914750 0.0001812814049138 0.0033163276657533 0.9914949112584419 0.9951366707656736
0.9810264533577318 -0.0004319865995323 0.0001812271192238 0.0034116103050057 0.9913332323922732 0.9950440078579820
0.9903303135846087 -0.0004401703559680 0.0001811720181110 0.0035092502186549 0.9911691252316576 0.9949499450676301
0.9996870176228505 -0.0004484766482196 0.0001811160929534 0.0036092957960628 0.9910025641100988 0.9948544673140171
1.0090967140499139 -0.0004569068501005 0.0001810593345488 0.0037117971733922 0.9908335216341041 0.9947575585155332
1.0185594334763366 -0.0004654622382506 0.0001810017343510 0.0038168040249197 0.9906619723639118 0.9946592036992806
1.0280753003391101 -0.0004741441813767 0.0001809432831956 0.0039243678677545 0.9904878890189502 0.9945593868255356
1.0376444656443982 -0.0004829540819139 0.0001808839716926 0.0040345413874153 0.9903112436478971 0.9944580914580321
1.0472669620499322 -0.0004918932419023 0.0001808237911300 0.0041473767622596 0.9901320103180743 0.9943553023059765
1.0569429191309745 -0.0005009630607148 0.0001807627321421 0.0042629281407210 0.9899501611509929 0.9942510029504555
1.0666724051259913 -0.0005101648887642 0.0001807007856946 0.0043812498143082 0.9897656692557723 0.9941451775263732
1.0764555541954510 -0.0005195001468752 0.0001806379422813 0.0045023977503510 0.9895785063359115 0.9940378093495222
1.0862924649891705 -0.0005289702309809 0.0001805741925653 0.0046264283856995 0.9893886446002809 0.9939288820123690
1.0961832262523441 -0.0005385765355821 0.0001805095272216 0.0047533989290364 0.9891960562929160 0.9938183791141464
1.1061278872539737 -0.0005483204242033 0.0001804439371355 0.0048833669698321 0.9890007142854514 0.9937062846005955
1.1161265992455423 -0.0005582033680986 0.0001803774124694 0.0050163923405679 0.9888025892965847 0.9935925811680771
1.1261794253959809 -0.0005682267603024 0.0001803099439143 0.0051525346512520 0.9886016536201320 0.9934772524025272
1.1362864953624363 -0.0005783920679286 0.0001802415216650 0.0052918553440985 0.9883978780720230 0.9933602810270941
1.1464478699993474 -0.0005887006972017 0.0001801721363282 0.0054344158702775 0.9881912346961829 0.9932416504549001
1.1566636568168691 -0.0005991541090746 0.0001801017781446 0.0055802792786269 0.9879816944470009 0.9931213434584808
1.1669339707414783 -0.0006097537805804 0.0001800304372494 0.0057295097092084 0.9877692279643576 0.9929993426142173
1.1772588697088695 -0.0006205011378119 0.0001799581041228 0.0058821714534099 0.9875538069171871 0.9928756310735735
1.1876384677942520 -0.0006313976726347 0.0001798847688050 0.0060383306079208 0.9873354016642460 0.9927501912195514
1.1980728588684220 -0.0006424448639867 0.0001798104214258 0.0061980539797369 0.9871139828318544 0.9926230055722907
1.2085621290883257 -0.0006536441903420 0.0001797350521210 0.0063614092668689 0.9868895210642679 0.9924940566454490
1.2191063906260053 -0.0006649971658016 0.0001796586507891 0.0065284655977449 0.9866619863005864 0.9923633265304327
1.2297057122061343 -0.0006765052655051 0.0001795812075940 0.0066992924486133 0.9864313492698923 0.9922307977550354
1.2403601701548130 -0.0006881699797503 0.0001795027126001 0.0068739604386491 0.9861975804067810 0.9920964526601350
1.2510698999689727 -0.0006999928714637 0.0001794231553865 0.0070525422180324 0.9859606486999540 0.9919602727374485
1.2618350096336908 -0.0007119750740264 0.0001793425257307 0.0072351110806399 0.9857205235794124 0.9918222397134872
1.2716011300441123 -0.0007229298585482 0.0001792688057186 0.0074034158355916 0.9855009764374998 0.9916960201413386
1.2824745491163854 -0.0007352221776213 0.0001791860867834 0.0075938241192450 0.9852546300058969 0.9915543757295714
1.2934008783605870 -0.0007476755315571 0.0001791022863498 0.0077883900814939 0.9850050633908145 0.9914108606874344
1.3043829358655803 -0.0007602945402648 0.0001790173734262 0.0079872383498309 0.9847521843226142 0.9912654211920118
1.3154207726940259 -0.0007730807141626 0.0001789313379492 0.0081904465744949 0.9844959628589033 0.9911180392348459
1.3265145035286212 -0.0007860356440242 0.0001788441693181 0.0083980946873536 0.9842363674574452 0.9909686958665650
1.3376642268781613 -0.0007991609096118 0.0001787558570096 0.0086102634804009 0.9839733668074266 0.9908173722496246
1.3488700274266034 -0.0008124580816724 0.0001786663905643 0.0088270346381934 0.9837069297896917 0.9906640496351511
1.3601320295727877 -0.0008259287855321 0.0001785757591594 0.0090484917887439 0.9834370242028183 0.9905087086294073
1.3714502870941725 -0.0008395745693885 0.0001784839524945 0.0092747183559988 0.9831636194024085 0.9903513307123104
1.3828248627414967 -0.0008533969979966 0.0001783909601615 0.0095057990863592 0.9828866844241431 0.9901918971570595
1.3942559072439664 -0.0008673977501829 0.0001782967709887 0.0097418217180885 0.9826061860305346 0.9900303879048695
1.4057434451532780 -0.0008815783576343 0.0001782013747982 0.0099828726104028 0.9823220939445818 0.9898667845777827
1.4172876062395383 -0.0008959404877575 0.0001781047605032 0.0102290415154468 0.9820343751831294 0.9897010672155079
1.4288885164277692 -0.0009104858114419 0.0001780069169976 0.0104804193872978 0.9817429967066484 0.9895332158003657
1.4405461913301358 -0.0009252158677845 0.0001779078340660 0.0107370960255929 0.9814479281293362 0.9893632118183924
1.4522607675546484 -0.0009401323543089 0.0001778075004318 0.0109991651084139 0.9811491359057226 0.9891910349099489
1.4640323013109990 -0.0009552368734211 0.0001777059054627 0.0112667198046510 0.9808465884100488 0.9890166657955054
1.4758609286372286 -0.0009705311363638 0.0001776030377989 0.0115398563702705 0.9805402518512698 0.9888400839212005
1.4877466868877554 -0.0009860167336342 0.0001774988868976 0.0118186700852565 0.9802300948719805 0.9886612701089990
1.4996896977440846 -0.0010016953712005 0.0001773934414440 0.0121032594782950 0.9799160838175019 0.9884802038292358
1.5116900195291678 -0.0010175686785389 0.0001772866906430 0.0123937228928432 0.9795981865811201 0.9882968654168741
1.5237477765924792 -0.0010336383784939 0.0001771786230765 0.0126901615848150 0.9792763692025709 0.9881112341095782
1.5358630174710799 -0.0010499060993509 0.0001770692279679 0.0129926762915122 0.9789505996321048 0.9879232902180876
1.5480358794456806 -0.0010663735944045 0.0001769584937050 0.0133013713017504 0.9786208433338259 0.9877330125895107
1.5602664048821482 -0.0010830424951263 0.0001768464095005 0.0136163498753456 0.9782870682290689 0.9875403814587913
1.5725547092560135 -0.0010999145378530 0.0001767329638678 0.0139377184946881 0.9779492401574693 0.9873453758292453
1.5849008478473781 -0.0011169913823570 0.0001766181458409 0.0142655834555539 0.9776073265103816 0.9871479755688869
1.5973049212386274 -0.0011342747562469 0.0001765019440036 0.0146000536228596 0.9772612933400084 0.9869481597412821
1.6097670209899675 -0.0011517663806759 0.0001763843469893 0.0149412390363670 0.9769111068474904 0.9867459074638621
1.6222872401488531 -0.0011694679847213 0.0001762653433847 0.0152892511983637 0.9765567330955190 0.9865411977414618
1.6348656326334261 -0.0011873812473337 0.0001761449221197 0.0156442019339031 0.9761981391709224 0.9863340101375055
1.6475023090965351 -0.0012055079332479 0.0001760230715544 0.0160062060854279 0.9758352904644445 0.9861243232019195
1.6601973637445637 -0.0012238497897228 0.0001758997801732 0.0163753795022514 0.9754681527385252 0.9859121156649425
1.6729508766368846 -0.0012424085489729 0.0001757750365686 0.0167518390855516 0.9750966920791099 0.9856973664089339
1.6857629150242792 -0.0012611859293198 0.0001756488294339 0.0171357028092654 0.9747208748730766 0.9854800544549603
1.6986335949626372 -0.0012801837257057 0.0001755211469546 0.0175270915900436 0.9743406659973194 0.9852601579149610
1.7115629686728357 -0.0012994036441306 0.0001753919779218 0.0179261259070329 0.9739560321329325 0.9850376559076621
1.7245511282643273 -0.0013188474540413 0.0001752613107078 0.0183329289405084 0.9735669387159334 0.9848125267946048
1.7375981495502832 -0.0013385169053411 0.0001751291338244 0.0187476248757216 0.9731733515988327 0.9845847491405022
1.7507041248438746 -0.0013584137774043 0.0001749954355936 0.0191703399418628 0.9727752360704426 0.9843543011454717
1.7638691419489758 -0.0013785398476316 0.0001748602043589 0.0196012017697600 0.9723725574858274 0.9841211610088544
1.7770932714313312 -0.0013988968714592 0.0001747234286203 0.0200403389670608 0.9719652816668857 0.9838853071606577
1.7903766208881975 -0.0014194866657586 0.0001745850964738 0.0204878829294662 0.9715533732345089 0.9836467172950777
1.8037192277077323 -0.0014403109427738 0.0001744451967275 0.0209439642504010 0.9711367989315098 0.9834053702944943
1.8171212189138706 -0.0014613715583126 0.0001743037172343 0.0214087181416030 0.9707155226582730 0.9831612433531095
1.8305826684404909 -0.0014826702898724 0.0001741606463828 0.0218822796106857 0.9702895099121155 0.9829143145478993
1.8441036351695090 -0.0015042088944906 0.0001740159727089 0.0223647847066220 0.9698587266305484 0.9826645621683279
1.8576841948673095 -0.0015259891592221 0.0001738696845570 0.0228563716558791 0.9694231381824393 0.9824119641309129
1.8713244538561082 -0.0015480129240970 0.0001737217699259 0.0233571814216130 0.9689827089098951 0.9821564977124264
1.8850245087227091 -0.0015702820179682 0.0001735722169002 0.0238673562836679 0.9685374034122062 0.9818981402935187
1.8987844144301373 -0.0015927982055314 0.0001734210140064 0.0243870386121515 0.9680871876059208 0.9816368699734774
1.9126042467194984 -0.0016155632880855 0.0001732681495360 0.0249163731742268 0.9676320267107271 0.9813726644012174
1.9264841173101717 -0.0016385791298482 0.0001731136113699 0.0254555077943936 0.9671718847244808 0.9811055004692527
1.9404240715688141 -0.0016618474884538 0.0001729573881160 0.0260045894048296 0.9667067278129406 0.9808353562809675
1.9544241900923462 -0.0016853701824389 0.0001727994679856 0.0265637679592948 0.9662365209620568 0.9805622092065521
1.9684845876179888 -0.0017091490912203 0.0001726398387934 0.0271331964959772 0.9657612279797987 0.9802860358824760
1.9826052976771082 -0.0017331859598889 0.0001724784892689 0.0277130264756222 0.9652808153989010 0.9800068144784806
1.9967864244866118 -0.0017574826556875 0.0001723154073340 0.0283034139286024 0.9647952473513132 0.9797245217187222
2.0110280461143737 -0.0017820410042943 0.0001721505812035 0.0289045155517738 0.9643044888416276 0.9794391347830009
2.0253302352568450 -0.0018068628244367 0.0001719839991522 0.0295164895389067 0.9638085050561488 0.9791506309047338
2.0396930661225481 -0.0018319499395399 0.0001718156494372 0.0301394958755238 0.9633072611311526 0.9788589872354860
2.0541166415171417 -0.0018573042254583 0.0001716455199785 0.0307736975520993 0.9628007212004340 0.9785641802897616
2.0686010624570326 -0.0018829275580362 0.0001714735987105 0.0314192592964439 0.9622888494443651 0.9782661865542144
2.0831463323316313 -0.0019088216417448 0.0001712998747328 0.0320763432209303 0.9617716135138659 0.9779649844810522
2.0977525463931541 -0.0019349883446113 0.0001711243360627 0.0327451172679669 0.9612489778406976 0.9776605505928434
2.1124198294555954 -0.0019614295905972 0.0001709469703585 0.0334257525898920 0.9607209057893384 0.9773528607330346
2.1271482135910547 -0.0019881471386006 0.0001707677664016 0.0341184178620758 0.9601873640717578 0.9770418926376824
2.1419377936816857 -0.0020151428619120 0.0001705867122228 0.0348232864643838 0.9596483171672591 0.9767276226837338
2.1567886187215288 -0.0020424185513871 0.0001704037964229 0.0355405314040669 0.9591037312544459 0.9764100281796725
2.1717008247265408 -0.0020699761590943 0.0001702190065388 0.0362703317253756 0.9585535693477667 0.9760890845285870
2.1866744457286340 -0.0020978174506316 0.0001700323313758 0.0370128633664465 0.9579977982405324 0.9757647692766550
2.2017095917268734 -0.0021259443331180 0.0001698437588086 0.0377683078358591 0.9574363819580032 0.9754370582935020
2.2168062875496752 -0.0021543585551926 0.0001696532777931 0.0385368442147412 0.9568692877473269 0.9751059292669231
2.2319646191153941 -0.0021830619798168 0.0001694608765377 0.0393186564742467 0.9562964806335368 0.9747713585246801
2.2471846623713301 -0.0022120564518578 0.0001692665433919 0.0401139299508750 0.9557179260642473 0.9744333225770460
2.2624664895919993 -0.0022413370121225 0.0001690702676260 0.0409228516569395 0.9551335896427795 0.9740917979604455
2.2762772481655196 -0.0022679459599365 0.0001688918938707 0.0416629344413551 0.9546025519101746 0.9737813281879434
2.2916800261794097 -0.0022977902094583 0.0001686918500220 0.0424984962166849 0.9540070040228155 0.9734330333974344
2.3071416195494772 -0.0023279261408632 0.0001684898703482 0.0433480881643875 0.9534056973521611 0.9730812532977824
2.3226652966821173 -0.0023583617572911 0.0001682859019567 0.0442120769425974 0.9527984745748289 0.9727258922850142
2.3382511066729692 -0.0023890988410163 0.0001680799336758 0.0450906575268900 0.9521853025789502 0.9723669273173844
2.3538991473873070 -0.0024201392695406 0.0001678719537179 0.0459840295356285 0.9515661464214713 0.9720043342111996
2.3696095115127802 -0.0024514849103284 0.0001676619503852 0.0468923942750038 0.9509409714301970 0.9716380888696495
2.3853822204291015 -0.0024831374872843 0.0001674499129646 0.0478159508321335 0.9503097458679760 0.9712681688436741
2.4012174029845710 -0.0025150989383628 0.0001672358293326 0.0487549064851118 0.9496724338024485 0.9708945491532277
2.4171151212892870 -0.0025473710670171 0.0001670196882913 0.0497094665846630 0.9490290020591832 0.9705172063603186
2.4330754449504117 -0.0025799556901833 0.0001668014785766 0.0506798388531195 0.9483794172719742 0.9701361168400977
2.4490984343968356 -0.0026128546042449 0.0001665811890878 0.0516662323859357 0.9477236465632268 0.9697512571790255
2.4651841280991689 -0.0026460695578981 0.0001663588090691 0.0526688568208191 0.9470616580863371 0.9693626044928740
2.4813326566800789 -0.0026796024883537 0.0001661343265291 0.0536879295030205 0.9463934163202945 0.9689701336627559
2.4975440609323831 -0.0027134551454994 0.0001659077307578 0.0547236641529897 0.9457188895622507 0.9685738217330360
2.5138184007677316 -0.0027476293159376 0.0001656790108271 0.0557762776097892 0.9450380454639599 0.9681736452905007
2.5301557576338549 -0.0027821268290820 0.0001654481555507 0.0568459900702304 0.9443508509128420 0.9677695803926397
2.5465561980744837 -0.0028169494806956 0.0001652151539968 0.0579330227503609 0.9436572735574638 0.9673616034632002
2.5630197985163661 -0.0028520990849471 0.0001649799951401 0.0590375995037059 0.9429572807725889 0.9669496906828391
2.5795466322383005 -0.0028875774468040 0.0001647426680476 0.0601599459761841 0.9422508402112773 0.9665338183127902
2.5961367836659677 -0.0029233863926505 0.0001645031616739 0.0613002905866639 0.9415379191974418 0.9661139623362760
2.6127902745386624 -0.0029595276101408 0.0001642614659339 0.0624588594108424 0.9408184879160892 0.9656901003369498
2.6295072182630919 -0.0029960029820777 0.0001640175694694 0.0636358868551767 0.9400925127688421 0.9652622075841398
2.6462876658010965 -0.0030328142526820 0.0001637714618829 0.0648316050003096 0.9393599630199689 0.9648302609467629
2.6631316767830300 -0.0030699631810424 0.0001635231327112 0.0660462484986794 0.9386208077437380 0.9643942370945630
2.6800393512077143 -0.0031074516119621 0.0001632725709534 0.0672800569412284 0.9378750144177610 0.9639541116664335
2.6970107483772554 -0.0031452812970290 0.0001630197662673 0.0685332690147511 0.9371225524856300 0.9635098613710631
2.7140458791641029 -0.0031834538747095 0.0001627647091031 0.0698061217469126 0.9363633937538210 0.9630614642227211
2.7311448912687908 -0.0032219712857637 0.0001625073879284 0.0710988643818214 0.9355975041328902 0.9626088946618849
2.7483077730889556 -0.0032608351088744 0.0001622477936683 0.0724117362056416 0.9348248568523070 0.9621521313603167
2.7655346680847090 -0.0033000472685322 0.0001619859149768 0.0737449903077687 0.9340454183872851 0.9616911489042786
2.7828256106956770 -0.0033396094382703 0.0001617217422240 0.0750988734845966 0.9332591603265512 0.9612259248080901
2.8001806466862020 -0.0033795233115808 0.0001614552656877 0.0764736353350877 0.9324660539880325 0.9607564363316621
2.8175998799967830 -0.0034197907110329 0.0001611864748255 0.0778695320883772 0.9316660682543850 0.9602826591967744
2.8350833397166797 -0.0034604132817096 0.0001609153603223 0.0792868160288830 0.9308591756670335 0.9598045711941057
2.8526311326049041 -0.0035013928437382 0.0001606419117388 0.0807257477268070 0.9300453454254467 0.9593221480361416
2.8702432868063612 -0.0035427310290117 0.0001603661199358 0.0821865833670608 0.9292245506058918 0.9588353676334460
2.8879198826997183 -0.0035844295858524 0.0001600879750432 0.0836695854174468 0.9283967621134024 0.9583442065094213
2.9056609408486200 -0.0036264901156672 0.0001598074682171 0.0851750133154933 0.9275619539134471 0.9578486429023767
2.9153843583142898 -0.0036496313537465 0.0001596531591610 0.0860073585477659 0.9271027233742332 0.9575759300682212
2.9251077757799595 -0.0036728272804544 0.0001594984485340 0.0868448589398796 0.9266422975307302 0.9573024348131601
2.9376643433362046 -0.0037028672179551 0.0001592980661886 0.0879340315936805 0.9260459521142268 0.9569480944726741
2.9555966997854615 -0.0037459481821653 0.0001590107382799 0.0895044980474286 0.9251908619586050 0.9564397981934294
2.9735833135523113 -0.0037893716759849 0.0001587211800526 0.0910974976588935 0.9243291445769009 0.9559273077926213
2.9916347521177755 -0.0038331645306749 0.0001584292144986 0.0927142179490737 0.9234602734943727 0.9554103036052367
3.0097510498526936 -0.0038773283268653 0.0001581348330846 0.0943549310481896 0.9225842236278921 0.9548887638325688
3.0279322912858633 -0.0039218647603517 0.0001578380265614 0.0960199155900707 0.9217009677705837 0.9543626653041321
3.0461785524888469 -0.0039667755003151 0.0001575387859108 0.0977094515067164 0.9208104794087011 0.9538319851522086
3.0644898631882467 -0.0040120620947824 0.0001572371029760 0.0994238164171177 0.9199127345986151 0.9532967019309949
3.0828663020257556 -0.0040577262050581 0.0001569329689006 0.1011632944513853 0.9190077073221047 0.9527567928476527
3.1013079162110584 -0.0041037694074168 0.0001566263754515 0.1029281687696207 0.9180953734215548 0.9522122361071645
3.1198147596433268 -0.0041501932869945 0.0001563173143942 0.1047187251024023 0.9171757087420739 0.9516630098040834
3.1383869136447085 -0.0041969994904492 0.0001560057771436 0.1065352538202691 0.9162486880926957 0.9511090913002916
3.1570244645461321 -0.0042441896705829 0.0001556917551342 0.1083780478474462 0.9153142863481758 0.9505504578808094
3.1757273962116299 -0.0042917652125091 0.0001553752416433 0.1102473918858323 0.9143724838733108 0.9499870899980830
3.1944958344541710 -0.0043397278535699 0.0001550562276672 0.1121435866822470 0.9134232542531786 0.9494189639340372
3.2133298273216222 -0.0043880791262257 0.0001547347056298 0.1140669272358028 0.9124665753275940 0.9488460583971743
3.2322294309860622 -0.0044368205754023 0.0001544106679371 0.1160177112819159 0.9115024248914546 0.9482683519512476
3.2511946803391893 -0.0044859536825224 0.0001540841074840 0.1179962362466224 0.9105307822014526 0.9476858239173430
3.2702256736703386 -0.0045354800850301 0.0001537550161965 0.1200028080967094 0.9095516236392337 0.9470984517726609
3.2893224554450162 -0.0045854012728972 0.0001534233870503 0.1220377291309510 0.9085649287177426 0.9465062147502687
3.3084850804623041 -0.0046357187542261 0.0001530892129715 0.1241013046166307 0.9075706768099659 0.9459090918778963
3.3277135937147948 -0.0046864340025338 0.0001527524871880 0.1261938406368196 0.9065688481951875 0.9453070626051556
3.3470080902849815 -0.0047375486151242 0.0001524132021796 0.1283156506472896 0.9055594209355010 0.9447001049250242
3.3663686013410512 -0.0047890640119198 0.0001520713516793 0.1304670430227473 0.9045423768290500 0.9440881989512109
3.3857951800233463 -0.0048409816616910 0.0001517269291719 0.1326483303728087 0.9035176969453249 0.9434713242348161
3.4052878830912774 -0.0048933030338965 0.0001513799282163 0.1348598275670043 0.9024853625815114 0.9428494603378017
3.4248467701962109 -0.0049460295968606 0.0001510303424585 0.1371018516628940 0.9014453553033847 0.9422225868565811
3.4444718946360302 -0.0049991627927908 0.0001506781657989 0.1393747208374669 0.9003976574428265 0.9415906837211840
3.4517400628138821 -0.0050188984486438 0.0001505473813218 0.1402224042273342 0.9000085883459195 0.9413559216938744
3.4590082309917340 -0.0050386531020176 0.0001504164068786 0.1410732968149017 0.8996189516739855 0.9411207624005720
3.4658308069794583 -0.0050572212825378 0.0001502932887000 0.1418749470037942 0.8992526873971253 0.9408996590934845
3.4856200850153649 -0.0051112331991011 0.0001499352282778 0.1442162253284242 0.8981875053493021 0.9402563629268473
3.5054501798029363 -0.0051655851831036 0.0001495750210345 0.1465863309972817 0.8971159547834873 0.9396088053139166
3.5253468152931324 -0.0052203485335156 0.0001492121978903 0.1489886115099314 0.8960366407421498 0.9389561341290912
3.5453099919620836 -0.0052755244771130 0.0001488467544494 0.1514233880260541 0.8949495506601710 0.9382983317223149
3.5653397457690739 -0.0053311143271304 0.0001484786858312 0.1538909876029998 0.8938546705414514 0.9376353794480322
3.5854361192593571 -0.0053871194045635 0.0001481079871949 0.1563917397862479 0.8927519865163885 0.9369672586048591
3.6055992068107288 -0.0054435411653808 0.0001477346528989 0.1589259823518598 0.8916414823442955 0.9362939489195126
3.6258290114925091 -0.0055003808004519 0.0001473586791505 0.1614940433581273 0.8905231472938760 0.9356154333232631
3.6461256402841951 -0.0055576397821500 0.0001469800603910 0.1640962657088199 0.8893969653909329 0.9349316914314297
3.6664891323981776 -0.0056153193829972 0.0001465987924820 0.1667329854599653 0.8882629248963977 0.9342427052913023
3.6869195041343370 -0.0056734207995980 0.0001462148718861 0.1694045372687033 0.8871210158697661 0.9335484579075424
3.7074168590652770 -0.0057319454665541 0.0001458282935953 0.1721112688510077 0.8859712240061152 0.9328489294936340
3.7279812072450973 -0.0057908945421281 0.0001454390545307 0.1748535173053819 0.8848135407500495 0.9321441036207890
3.7486126214886948 -0.0058502693535751 0.0001450471506027 0.1776316296355778 0.8836479545507322 0.9314339618989205
3.7693111675431363 -0.0059100711985481 0.0001446525780252 0.1804459536042832 0.8824744547708923 0.9307184863527435
3.7900768630045407 -0.0059703012253066 0.0001442553341068 0.1832968320043661 0.8812930340412717 0.9299976608592221
3.8109097749591858 -0.0060309607148633 0.0001438554153919 0.1861846159223690 0.8801036827300318 0.9292714677751531
3.8318099696171277 -0.0060920509362796 0.0001434528186172 0.1891096579678784 0.8789063917900475 0.9285398896709786
3.8527774941406445 -0.0061535730932087 0.0001430475410664 0.1920723096716819 0.8777011538120062 0.9278029099746830
3.8738123692798903 -0.0062155283011174 0.0001426395807209 0.1950729202845624 0.8764879634742178 0.9270605132492872
3.8949146527871128 -0.0062779177736780 0.0001422289350346 0.1981118457542692 0.8752668138979738 0.9263126829632862
3.9049158772463985 -0.0063075687772276 0.0001420338348173 0.1995621764335365 0.8746866477824536 0.9259571917187727
3.9149171017056843 -0.0063372561567195 0.0001418384307323 0.2010189879572926 0.8741055774595797 0.9256010182156929
3.9245331275292297 -0.0063658362903558 0.0001416502670058 0.2024258085316794 0.8735460379684442 0.9252579208251526
3.9458194684323660 -0.0064292731266027 0.0001412327452008 0.2055613604212601 0.8723044797821218 0.9244961980854318
3.9671516237534230 -0.0064930817224654 0.0001408129574637 0.2087332545248283 0.8710562111983896 0.9237297645302774
3.9885514179180830 -0.0065573279662539 0.0001403904758402 0.2119450445308667 0.8697999603558769 0.9229578271984034
4.0100189243464124 -0.0066220130356244 0.0001399652985024 0.2151970966882374 0.8685357225644194 0.9221803701176122
4.0315541691517405 -0.0066871379558282 0.0001395374247554 0.2184897714883793 0.8672634965165169 0.9213973792487739
4.0531571888312037 -0.0067527037725980 0.0001391068539023 0.2218234322534492 0.8659832809125059 0.9206088404130147
4.0748280320046497 -0.0068187115580965 0.0001386735852084 0.2251984454594037 0.8646950743527074 0.9198147392236998
4.0965667121503726 -0.0068851622669207 0.0001382376188478 0.2286151733377277 0.8633988781541395 0.9190150628230852
4.1183733419963131 -0.0069520571472736 0.0001377989532089 0.2320739950127938 0.8620946883378886 0.9182097949382322
4.1402479192208652 -0.0070193970855566 0.0001373575891960 0.2355752727405097 0.8607825084193951 0.9173989237730782
4.1621904760448647 -0.0070871830631800 0.0001369135272340 0.2391193753215642 0.8594623405032498 0.9165824365161448
4.1842011016752911 -0.0071554162282315 0.0001364667668034 0.2427066820020509 0.8581341839010276 0.9157603184795123
4.2062798065132583 -0.0072240974755008 0.0001360173091936 0.2463375604374186 0.8567980433159872 0.9149325581626513
4.2284266293168731 -0.0072932277774455 0.0001355651553364 0.2500123839484898 0.8554539224039469 0.9140991432708055
4.2506416283888555 -0.0073628081581855 0.0001351103059804 0.2537315302235678 0.8541018242905131 0.9132600610318513
4.2729248792217787 -0.0074328396872586 0.0001346527617349 0.2574953810398068 0.8527417517031662 0.9124152982754127
4.2952763736082140 -0.0075033231619812 0.0001341925251471 0.2613043050996149 0.8513737131453288 0.9115648452700430
4.3048026209959680 -0.0075334352959869 0.0001339959820174 0.2629379020326437 0.8507895063936419 0.9112014406740708
4.3104717249543638 -0.0075513754793750 0.0001338789087118 0.2639129654156310 0.8504415198005636 0.9109849115503681
4.3161408289127596 -0.0075693151625960 0.0001337617559415 0.2648901968816919 0.8500932928996837 0.9107681844955027
4.3213288578366820 -0.0075857404565893 0.0001336544740351 0.2657864021348793 0.8497744062517083 0.9105696754763479
4.3438676198698829 -0.0076572436792588 0.0001331876138593 0.2697009641921967 0.8483867262856368 0.9097053610684904
4.3664357136687348 -0.0077290759722693 0.0001327188752078 0.2736550486332668 0.8469935015240035 0.9088368149839777
4.3890723285478916 -0.0078013622093255 0.0001322474507381 0.2776558064939922 0.8455923331956743 0.9079625281754714
4.4117774323080194 -0.0078741030291507 0.0001317733446628 0.2817036070369654 0.8441832348179975 0.9070824932788516
4.4345510502382295 -0.0079472992438616 0.0001312965602345 0.2857988303355599 0.8427662170718174 0.9061967010175459
4.4573931850372315 -0.0080209515835191 0.0001308171014147 0.2899418531013355 0.8413412927608513 0.9053051432975042
4.4803038925985463 -0.0080950609406927 0.0001303349712839 0.2941330624010763 0.8399084720879676 0.9044078102522757
4.5032832100432714 -0.0081696281394965 0.0001298501735491 0.2983728427084445 0.8384677671350156 0.9035046930435321
4.5263311971970479 -0.0082446540700564 0.0001293627116717 0.3026615834786510 0.8370191892715921 0.9025957822385177
4.5494478916985104 -0.0083201395430614 0.0001288725898159 0.3069996708388853 0.8355627519734574 0.9016810695774299
4.5726333205212661 -0.0083960853266489 0.0001283798126104 0.3113874895731130 0.8340984701149771 0.9007605475332797
4.5958875252289140 -0.0084724922291992 0.0001278843846139 0.3158254278466497 0.8326263583802350 0.8998342083144449
4.6192105104805670 -0.0085493609303322 0.0001273863114133 0.3203138673408319 0.8311464345271203 0.8989020459196821
4.6426023283391773 -0.0086266922584296 0.0001268855978276 0.3248531993535501 0.8296587140497858 0.8979640527793452
4.6660629490115575 -0.0087044867640024 0.0001263822506732 0.3294437997525503 0.8281632183964512 0.8970202249359782
4.6733352596379980 -0.0087286491691602 0.0001262259899527 0.3308745087458903 0.8276989620833382 0.8967270357521094
4.6789701513152515 -0.0087473670170305 0.0001261048399565 0.3319855950514515 0.8273390159496214 0.8964996588101908
4.6841157260609174 -0.0087644658934093 0.0001259941537039 0.3330021151673869 0.8270101586840555 0.8962918730407949
4.7077344362427365 -0.0088430940026686 0.0001254853958535 0.3376915395364086 0.8254986313760976 0.8953362413742265
4.7313864907561829 -0.0089220666040595 0.0001249747856830 0.3424262819928220 0.8239816521916394 0.8943761935228846
4.7551075491139061 -0.0090015028217286 0.0001244615630323 0.3472137770056727 0.8224569638927733 0.8934102850706049
4.7788975977985055 -0.0090814031909463 0.0001239457355499 0.3520544054377648 0.8209245904697134 0.8924385130032856
4.8027567077998636 -0.0091617685247219 0.0001234273093033 0.3569485655928776 0.8193845512367670 0.8914608712038112
4.8266848435529477 -0.0092425992718775 0.0001229062929257 0.3618966342144330 0.8178368731490113 0.8904773582665066
4.8506820645752224 -0.0093238961962579 0.0001223826932361 0.3668990077655576 0.8162815777935934 0.8894879692415717
4.8747483688524502 -0.0094056598488156 0.0001218565186468 0.3719560701478081 0.8147186915106861 0.8884927020645913
4.8988837724456422 -0.0094878908365729 0.0001213277774319 0.3770682090798259 0.8131482402504906 0.8874915542910347
4.9230883349829861 -0.0095705899110492 0.0001207964771637 0.3822358216779443 0.8115702479001808 0.8864845220255934
4.9473620791973811 -0.0096537576946165 0.0001202626264755 0.3874592974074942 0.8099847415196442 0.8854716032606796
4.9717049894551275 -0.0097373946740166 0.0001197262351025 0.3927390174157812 0.8083917514628075 0.8844527979638793
4.9961171084513714 -0.0098215015324970 0.0001191873117535 0.3980753753889765 0.8067913050572547 0.8834281040395650
5.0040746492570358 -0.0098489675656768 0.0001190114257772 0.3998238649191156 0.8062689884082737 0.8830934445369337
5.0090957626742592 -0.0098662939063359 0.0001189003924205 0.4009294222546110 0.8059392562906498 0.8828821163298239
5.0139768664332420 -0.0098831374708499 0.0001187924166599 0.4020058442976197 0.8056186029156321 0.8826765608548175
5.0385429405563977 -0.0099680471178195 0.0001182483964179 0.4074486972625720 0.8040030759745722 0.8816402335640173
5.0631448800730139 -0.0100533100566193 0.0001177026095002 0.4129418811878824 0.8023823680132124 0.8805994216981082
5.0878161412882417 -0.0101390422556423 0.0001171543262850 0.4184931641206970 0.8007543138226184 0.8795527169969486
5.1125566608839748 -0.0102252439783923 0.0001166035590511 0.4241029155481615 0.7991189514129645 0.8785001236279607
5.1373664736703422 -0.0103119158271083 0.0001160503181585 0.4297715266599851 0.7974763131201678 0.8774416419923217
5.1622455686764237 -0.0103990582429752 0.0001154946152477 0.4354993779072953 0.7958264351043655 0.8763772748344905
5.1871939940622074 -0.0104866718733490 0.0001149364608984 0.4412868629950502 0.7941693504010249 0.8753070227649430
5.2122116963056886 -0.0105747570079397 0.0001143758682263 0.4471343516350242 0.7925050995968524 0.8742308911549002
5.2372987330633425 -0.0106633143269801 0.0001138128481192 0.4530422389293600 0.7908337166894404 0.8731488810046385
5.2624550671641108 -0.0107523441767114 0.0001132474138522 0.4590108972539522 0.7891552427871033 0.8720609978023692
5.2876807323979005 -0.0108418471545197 0.0001126795773689 0.4650407151586403 0.7874697150695659 0.8709672443830392
5.2967644265365443 -0.0108741325183860 0.0001124748978657 0.4672230022773776 0.7868621772548006 0.8705726878929778
5.3058481206751882 -0.0109064472110966 0.0001122701122840 0.4694110967714710 0.7862543347548702 0.8701777634660626
5.3095591308391148 -0.0109196573289836 0.0001121864198276 0.4703066817061928 0.7860059225889972 0.8700163173203213
5.3132701410030414 -0.0109328610645295 0.0001121027115278 0.4712032359949283 0.7857574601122576 0.8698548100711062
5.3173949117288295 -0.0109475310121893 0.0001120096513864 0.4722008894908051 0.7854812363883633 0.8696752238827591
5.3427833905333797 -0.0110379569967902 0.0001114363856821 0.4783679446877519 0.7837796991156191 0.8685681952131359
5.3682300190268144 -0.0111288145929105 0.0001108610120049 0.4845946604969910 0.7820719853798381 0.8674557977388373
5.3937459897828797 -0.0112201440578320 0.0001102832915975 0.4908841235016195 0.7803573883043827 0.8663375500621500
5.4193312585123286 -0.0113119456773131 0.0001097032395161 0.4972366997006857 0.7786359544107891 0.8652134605653310
5.4449858187801183 -0.0114042198749803 0.0001091208702223 0.5036527634532704 0.7769077284813950 0.8640835364043603
5.4707096059782154 -0.0114969668678413 0.0001085361997611 0.5101326735049253 0.7751727600225446 0.8629477877351702
5.4965026682066354 -0.0115901872826032 0.0001079492418770 0.5166768159321128 0.7734310917403614 0.8618062201745210
5.5223649739043736 -0.0116838814633188 0.0001073600123838 0.5232855557954291 0.7716827725069413 0.8606588432863879
5.5482964586135690 -0.0117780496384837 0.0001067685281068 0.5299592484551614 0.7699278542223801 0.8595056685439799
5.5742971679614532 -0.0118726924412255 0.0001061748036196 0.5366982764212602 0.7681663821322483 0.8583467029676541
5.5833476061235476 -0.0119056883207419 0.0001059679859800 0.5390551884112078 0.7675528140010802 0.8579426537224542
5.5923980442856420 -0.0119387110723656 0.0001057610915557 0.5414178639968955 0.7669390295248941 0.8575382804640098
5.5984663136333239 -0.0119608466482531 0.0001056223305295 0.5430052525957431 0.7665273703206164 0.8572669695831223
5.6043228990981557 -0.0119822039535380 0.0001054883804722 0.5445397238811517 0.7661299807142717 0.8570049857476374
5.6305107629486839 -0.0120778385750899 0.0001048890400193 0.5514306650279500 0.7643519760294583 0.8558318782835181
5.6567304677675949 -0.0121738094247847 0.0001042883652670 0.5583783039356122 0.7625701097311836 0.8546546819670645
5.6830193163712792 -0.0122702530222069 0.0001036855196109 0.5653927877999918 0.7607819019758078 0.8534717385612599
5.7093772032765289 -0.0123671694387266 0.0001030805224002 0.5724744528085790 0.7589874122883516 0.8522830641382206
5.7358040541647277 -0.0124645588660342 0.0001024733925275 0.5796236415827234 0.7571866988662462 0.8510886738438894
5.7622998526872884 -0.0125624217171351 0.0001018641478074 0.5868407107532763 0.7553798167367370 0.8498885806679586
5.7888645194673014 -0.0126607581809171 0.0001012528077548 0.5941259981656414 0.7535668259979974 0.8486828009146786
5.8154980656577573 -0.0127595687904687 0.0001006393900515 0.6014798647975776 0.7517477813394527 0.8474713472420324
5.8422003566143283 -0.0128588535477018 0.0001000239159855 0.6089026296518060 0.7499227481729659 0.8462542394027079
5.8518019908217385 -0.0128946078512197 0.0000998024917060 0.6115839256302721 0.7492661973556654 0.8458159785341983
5.8561952693630053 -0.0129109768153274 0.0000997011586603 0.6128129199841807 0.7489657369419099 0.8456153427202945
5.8594629845446402 -0.0129231558509837 0.0000996257795329 0.6137279210524681 0.7487422338882580 0.8454660665130395
5.8627306997262751 -0.0129353219029013 0.0000995503962983 0.6146436698417427 0.7485187128844243 0.8453167532272532
5.8659135530724065 -0.0129471687885010 0.0000994769654359 0.6155363556253831 0.7483009796155358 0.8451712819631086
5.8927389165096029 -0.0130471359383626 0.0000988578433459 0.6230881625079808 0.7464652544874925 0.8439438491475154
5.9196406582603558 -0.0131476033866218 0.0000982365424856 0.6307120319979247 0.7446231826240085 0.8427104527184760
5.9466108971118778 -0.0132485422937226 0.0000976132638276 0.6384061014324508 0.7427753623064707 0.8414714683723745
5.9736495998840917 -0.0133499530478693 0.0000969880275154 0.6461707083144288 0.7409218556628122 0.8402269135322175
6.0007566688376963 -0.0134518358078600 0.0000963608554234 0.6540061695676576 0.7390627299814314 0.8389768090633233
6.0279320342977183 -0.0135541908503699 0.0000957317690146 0.6619128079273611 0.7371980513588273 0.8377211750183091
6.0551755513179115 -0.0136570181812503 0.0000951007917297 0.6698909218111262 0.7353278917835274 0.8364600354128152
6.0824871735638286 -0.0137603181915418 0.0000944679449596 0.6779408359851001 0.7334523171959060 0.8351934101859909
6.0934019003688729 -0.0138016608163804 0.0000942149594232 0.6811723865310919 0.7327025769393035 0.8346865749309119
6.1043166271739171 -0.0138430376926115 0.0000939619322295 0.6844122176910576 0.7319527337208270 0.8341793745686413
6.1079361294290777 -0.0138567664942837 0.0000938780153153 0.6854884265028834 0.7317040514389304 0.8340110983939444
6.1115556316842383 -0.0138704817962415 0.0000937940966649 0.6865655454244484 0.7314553582453661 0.8338427823923139
6.1152695081414334 -0.0138845487634068 0.0000937079869400 0.6876716948168381 0.7312001695672913 0.8336700364076555
6.1426961564484159 -0.0139885522801269 0.0000930719388499 0.6958701587376882 0.7293152958930199 0.8323930346518988
6.1702262779011976 -0.0140931604136754 0.0000924332675103 0.7041520336789905 0.7274227795717467 0.8311089593031180
6.1978239421850931 -0.0141982376374224 0.0000917928272894 0.7125069409138258 0.7255251551768590 0.8298195016316157
6.2254890988889677 -0.0143037843628832 0.0000911506408417 0.7209351905798049 0.7236224925155529 0.8285246842677275
6.2532216012600239 -0.0144098006515665 0.0000905067332736 0.7294370608860905 0.7217148686894983 0.8272245348277099
6.2810213326459854 -0.0145162866967366 0.0000898611292068 0.7380128362856736 0.7198023593922226 0.8259190800080248
6.3088880927472788 -0.0146232423881947 0.0000892138554159 0.7466627723156225 0.7178850467248278 0.8246083509269707
6.3368217837944787 -0.0147306680264275 0.0000885649365020 0.7553871530892804 0.7159630063773734 0.8232923743767988
6.3430013475732663 -0.0147544617363311 0.0000884213710449 0.7573244343330146 0.7155377980503900 0.8230009704618136
6.3491809113520539 -0.0147782214805735 0.0000882778093855 0.7592643408493773 0.7151125872472708 0.8227094658748580
6.3549681997160432 -0.0148004786045917 0.0000881433589454 0.7610834829939547 0.7147143674543496 0.8224363748491824
6.3830670672127354 -0.0149086700569987 0.0000874905367997 0.7699486128595907 0.7127809067346191 0.8211092031462345
6.4111790044818600 -0.0150171220559781 0.0000868373808366 0.7788720722303186 0.7108466074909973 0.8197793841820723
6.4393572606922787 -0.0151260401366905 0.0000861826770160 0.7878709128690815 0.7089078768700006 0.8184444287724080
6.4676015793142589 -0.0152354240342524 0.0000855264545449 0.7969453530176793 0.7069648043067391 0.8171043734876677
6.4959118229206858 -0.0153452739643527 0.0000848687400499 0.8060956453821788 0.7050174716218057 0.8157592497458898
6.5242876419455387 -0.0154555893393335 0.0000842095652676 0.8153219702342751 0.7030659757936539 0.8144090995413547
6.5527289255386423 -0.0155663705187266 0.0000835489565665 0.8246245812365847 0.7011103979341944 0.8130539540153194
6.5630900937265571 -0.0156067805795036 0.0000833083227823 0.8280271909253812 0.7003980987515047 0.8125598139145600
6.5670399691903709 -0.0156221737060634 0.0000832165956944 0.8293262505756763 0.7001265742782693 0.8123713742320502
6.5709898446541848 -0.0156375580632947 0.0000831248729543 0.8306263695528582 0.6998550597332015 0.8121828993230016
6.5996281746407002 -0.0157492206456007 0.0000824599187071 0.8400844631071476 0.6978867798771119 0.8108153294518562
6.6282431958622814 -0.0158610012375396 0.0000817956555454 0.8495903672076054 0.6959207141291011 0.8094470681499825
6.6569229147501812 -0.0159732434953689 0.0000811300642453 0.8591733382417237 0.6939508884173178 0.8080739432245557
6.6856668955211846 -0.0160859465733828 0.0000804631794839 0.8688335036277764 0.6919774085433689 0.8066960035856457
6.7144748307042077 -0.0161991101479980 0.0000797950331081 0.8785710285579944 0.6900003719560511 0.8053132925069298
6.7433464240357770 -0.0163127339617295 0.0000791256568483 0.8883860772988209 0.6880198757839017 0.8039258532133206
6.7722813484306776 -0.0164268176583189 0.0000784550832871 0.8982787988707027 0.6860360197016934 0.8025337308961701
6.7766357385305040 -0.0164439813280978 0.0000783541978528 0.8997724040340555 0.6857375603807454 0.8023240921000572
6.7808322759626876 -0.0164605140734906 0.0000782569781231 0.9012130656765165 0.6854499432248765 0.8021220187606910
6.8098993695586643 -0.0165751465124612 0.0000775837685313 0.9112240834814375 0.6834584102097350 0.8007214559484070
6.8389808052879211 -0.0166900438093001 0.0000769105542643 0.9212965397181848 0.6814670507064191 0.7993186353393861
6.8681245734741578 -0.0168053960277907 0.0000762362490054 0.9314471616167744 0.6794726542854171 0.7979112768856383
6.8973301810417844 -0.0169212022201668 0.0000755608897040 0.9416760190016267 0.6774753336109136 0.7964994358285912
6.9265972411272907 -0.0170374618813053 0.0000748845109535 0.9519832129186967 0.6754751943987702 0.7950831627609992
6.9559253162967529 -0.0171541743285658 0.0000742071486119 0.9623688209843055 0.6734723461247812 0.7936625111917373
6.9665881385101693 -0.0171966596932845 0.0000739609900102 0.9661588219863261 0.6727445458808677 0.7931456585189364
6.9699146338785711 -0.0172099196011878 0.0000738842079203 0.9673427309397767 0.6725175350315754 0.7929843781018695
6.9718432558758181 -0.0172176086158689 0.0000738396942256 0.9680294675083969 0.6723859288233813 0.7928908635432314
6.9737718778730651 -0.0172252852227550 0.0000737951846668 0.9687164496533039 0.6722543291892203 0.7927973430843164
6.9760670492074439 -0.0172344180829171 0.0000737422189676 0.9695343179714838 0.6720977268390593 0.7926860406633345
6.9990187625512323 -0.0173258162485923 0.0000732127205847 0.9777321133051722 0.6705322403188640 0.7915725614002745
7.0285086254978966 -0.0174434361496470 0.0000725328224671 0.9883161118608891 0.6685222728501695 0.7901406990300945
7.0580475326396481 -0.0175614607336527 0.0000718523066468 0.9989750164406805 0.6665106876592812 0.7887051510513636
7.0876454868599348 -0.0176799309964745 0.0000711709685294 1.0097126151627751 0.6644968833988866 0.7872654663119981
7.1173018852416359 -0.0177988456910368 0.0000704888481748 1.0205288928019587 0.6624809820377717 0.7858217088409514
7.1470162174437393 -0.0179182039635015 0.0000698059835532 1.0314238609857571 0.6604630993823111 0.7843739386063280
7.1527106123444417 -0.0179411016889568 0.0000696751898853 1.0335183177229370 0.6600766258669860 0.7840963580800902
7.1584050072451442 -0.0179640071807387 0.0000695444188385 1.0356148842061748 0.6596902273308094 0.7838187355733057
7.1635548729321812 -0.0179847017837517 0.0000694261768585 1.0375127814535410 0.6593408428325013 0.7835676249287861
7.1687047386192182 -0.0180053846992373 0.0000693079565274 1.0394124026660556 0.6589915200213172 0.7833164803176287
7.1985898533099375 -0.0181255326448299 0.0000686222896656 1.0504700597770826 0.6569656115282093 0.7818584071094883
7.2284624809831906 -0.0182458404786799 0.0000679375666981 1.0615809428910425 0.6549427173356089 0.7803998499215741
7.2583910004417902 -0.0183665841228099 0.0000672522443951 1.0727704613703613 0.6529182811179161 0.7789375105181264
7.2883746392890583 -0.0184877617497526 0.0000665663668182 1.0840384967120886 0.6508924367100597 0.7774714636332042
7.3184127748337424 -0.0186093721572798 0.0000658799745849 1.0953849786540362 0.6488653077797752 0.7760017770889250
7.3275657250040940 -0.0186464704995375 0.0000656709723705 1.0988538857231009 0.6482481067809097 0.7755537599946145
7.3367186751744455 -0.0186835886167232 0.0000654620408825 1.1023281608983848 0.6476311368717255 0.7751056574793936
7.3386799964104217 -0.0186915449699907 0.0000654172796870 1.1030733368237202 0.6474989609838139 0.7750096257499077
7.3406413176463978 -0.0186994903530948 0.0000653725237189 1.1038187589893578 0.6473667956009184 0.7749135901622763
7.3427905244092493 -0.0187081918257742 0.0000653234851041 1.1046358718607527 0.6472219815902182 0.7748083503793201
7.3642825920377639 -0.0187952655329938 0.0000648333178147 1.1128232471947272 0.6457745550398468 0.7737557011974999
7.3944708486781492 -0.0189177525117526 0.0000641455008163 1.1243732284719268 0.6437436918546735 0.7722763759626665
7.4246985696630441 -0.0190406120080383 0.0000634576045949 1.1359964607868946 0.6417128405387410 0.7707942782707291
7.4549774071848098 -0.0191638926520580 0.0000627693897338 1.1476975222732835 0.6396812978706646 0.7693088762979736
7.4853065244986450 -0.0192875924630988 0.0000620809014514 1.1594762160014802 0.6376492010953412 0.7678202503914181
7.4938697073016423 -0.0193225570190213 0.0000618866728332 1.1628123575842606 0.6370759749127954 0.7673998175588552
7.5024328901046395 -0.0193575387248675 0.0000616925158029 1.1661531255582991 0.6365029804927737 0.7669793287210961
7.5078107825936335 -0.0193795168807420 0.0000615706171574 1.1682535746165583 0.6361432448475935 0.7667152230412988
7.5115938124589690 -0.0193949616830656 0.0000614848889901 1.1697322083696888 0.6358902470086291 0.7665294274024115
7.5153768423243044 -0.0194103955321527 0.0000613991773418 1.1712117435102585 0.6356372946922013 0.7663436211732242
7.5459732860829618 -0.0195353428279832 0.0000607064830024 1.1832110348098692 0.6335931614517596 0.7648404757740663
7.5764513299026461 -0.0196600213992496 0.0000600174146155 1.1952223177131602 0.6315599906789044 0.7633425072202344
7.6069763285925029 -0.0197851074184169 0.0000593282519222 1.2073103781397956 0.6295268069928609 0.7618416342543949
7.6375470901366924 -0.0199105975204385 0.0000586390475938 1.2194748337963977 0.6274937695767501 0.7603379562331540
7.6681624929631820 -0.0200364886391148 0.0000579498525295 1.2317153192868564 0.6254610323671178 0.7588315693314659
7.6703436974065218 -0.0200454661254488 0.0000579007899429 1.2325896170992241 0.6253163358786656 0.7587242278492252
7.6725249018498616 -0.0200544337239587 0.0000578517344638 1.2334642099085802 0.6251716561340953 0.7586168839932392
7.6758097286470388 -0.0200679278171163 0.0000577778705372 1.2347818762789866 0.6249538046593029 0.7584552229764121
7.7065701415984122 -0.0201944121178449 0.0000570867653424 1.2471534425477833 0.6229156388855650 0.7569411140272401
7.7372861711974430 -0.0203209312891052 0.0000563977281578 1.2595654852575771 0.6208838513238671 0.7554287669354275
7.7680434601534190 -0.0204478387546755 0.0000557088584060 1.2720524191078617 0.6188528402656359 0.7539140085236434
7.7988407275394263 -0.0205751308279744 0.0000550202096992 1.2846137696318627 0.6168227675440662 0.7523969437977505
7.8074624168908944 -0.0206108057032147 0.0000548276255534 1.2881407234943958 0.6162550991160984 0.7519721872120376
7.8160841062423625 -0.0206464978817491 0.0000546351310050 1.2916722217682119 0.6156877175930722 0.7515474085057523
7.8202803193833361 -0.0206638756834157 0.0000545414756321 1.2933926600091332 0.6154116747842233 0.7513406591704372
7.8244765325243097 -0.0206812575901193 0.0000544478416389 1.2951141732877851 0.6151357004173467 0.7511339049282636
7.8272341396523206 -0.0206926668145410 0.0000543863229187 1.2962460778235927 0.6149543765696239 0.7509980305173178
7.8299917467803315 -0.0207040688991112 0.0000543248149601 1.2973784462919500 0.6147730821894776 0.7508621540366411
7.8575678180604402 -0.0208181859326331 0.0000537102481649 1.3087276175810816 0.6129617783773278 0.7495032820818363
7.8884818389337186 -0.0209463247315959 0.0000530224120577 1.3215055244449607 0.6109348087447189 0.7479797207434649
7.9194271638630198 -0.0210748148144397 0.0000523350854622 1.3343543849301094 0.6089096398235860 0.7464544418100232
7.9504060550118201 -0.0212036671839721 0.0000516482416994 1.3472751281541848 0.6068861966391708 0.7449273764181626
7.9592887242528629 -0.0212406546823990 0.0000514515304334 1.3509905992162385 0.6063067412549505 0.7444894981253150
7.9681713934939058 -0.0212776606184846 0.0000512549222802 1.3547108164177306 0.6057276149035373 0.7440516135241797
7.9718379394792578 -0.0212929411343262 0.0000511737974738 1.3562478127921220 0.6054886621501260 0.7438708639975002
7.9755044854646098 -0.0213081966786984 0.0000510926951091 1.3577856167264695 0.6052497652060352 0.7436901136189893
7.9789037292290761 -0.0213223386085397 0.0000510175218790 1.3592120312462261 0.6050283349054557 0.7435225397577624
8.0103762560930534 -0.0214534011146186 0.0000503222438011 1.3724516584319493 0.6029804996227011 0.7419710029888081
8.0414491662233996 -0.0215830248067841 0.0000496370952482 1.3855813054804189 0.6009628134689101 0.7404391560950028
8.0725500929097400 -0.0217129906220234 0.0000489526428570 1.3987804265603816 0.5989474933315876 0.7389059606362581
8.1036769871686190 -0.0218432916735091 0.0000482689539826 1.4120481034945911 0.5969347410794998 0.7373715604302333
8.1084600928929813 -0.0218633345248233 0.0000481640146873 1.4140919667607121 0.5966258326447236 0.7371357866351260
8.1113160175954722 -0.0218753043955022 0.0000481013721938 1.4153129740689230 0.5964414364012707 0.7369950108321890
8.1141719422979630 -0.0218872598784970 0.0000480387439232 1.4165344638343760 0.5962570762098993 0.7368542361034088
8.1169599338849281 -0.0218989241268048 0.0000479776179013 1.4177273635811907 0.5960771362893397 0.7367168109897269
8.1448398497545789 -0.0220156660983572 0.0000473669606440 1.4296816090706954 0.5942796546726342 0.7353426232060782
8.1760278717414039 -0.0221464752436228 0.0000466851561352 1.4431085647647368 0.5922730590158500 0.7338055435103258
8.2072335784890811 -0.0222775870555340 0.0000460043677188 1.4566003003625516 0.5902697839407047 0.7322678053793241
8.2384576438173696 -0.0224090059965332 0.0000453246010670 1.4701570035267728 0.5882698494479252 0.7307294181090410
8.2432877983836974 -0.0224293562579830 0.0000452195739039 1.4722592169859252 0.5879608801821399 0.7304914653831430
8.2457403820867494 -0.0224396915301776 0.0000451662579961 1.4733271679859139 0.5878040383615591 0.7303706440790323
8.2481929657898014 -0.0224500069429953 0.0000451129546608 1.4743954694059136 0.5876472243790011 0.7302498246590508
8.2534246975747330 -0.0224720157884842 0.0000449992804360 1.4766754883829942 0.5873128110884097 0.7299921049220707
8.2846888066308875 -0.0226036717213828 0.0000443208292756 1.4903337408544719 0.5853171025717591 0.7284521975947715
8.3159553146193250 -0.0227355684931962 0.0000436437956822 1.5040497350176576 0.5833259049768976 0.7269125283899992
8.3472333121983286 -0.0228677459528021 0.0000429680009573 1.5178272915127680 0.5813386957042237 0.7253726914168386
8.3574893197976170 -0.0229111375368302 0.0000427467357006 1.5223572041158102 0.5806881294879696 0.7248678748769661
8.3677453273969054 -0.0229545542901312 0.0000425256328349 1.5268931656242628 0.5800380783344780 0.7243631070305012
8.3716881959511689 -0.0229712523427286 0.0000424406743332 1.5286386005446502 0.5797883070191757 0.7241690649328872
8.3747797980601320 -0.0229843322132446 0.0000423740779802 1.5300078198754117 0.5795925145519586 0.7240169218096664
8.3778714001690950 -0.0229974034875459 0.0000423074983510 1.5313775877460991 0.5793967688958275 0.7238647832987293
8.4087874212587259 -0.0231282411231888 0.0000416425218499 1.5451053924372553 0.5774419108731911 0.7223436603761406
8.4400926905777265 -0.0232609584512197 0.0000409707031040 1.5590617078017088 0.5754672896652098 0.7208038997371008
8.4714008205647158 -0.0233939232323025 0.0000403003790551 1.5730751195692554 0.5734974186957494 0.7192645561713058
8.4799564760425934 -0.0234303000085084 0.0000401174706753 1.5769142863683718 0.5729599712694773 0.7188439980628629
8.4885121315204710 -0.0234666945013152 0.0000399346800239 1.5807576023221535 0.5724228967916952 0.7184234854516147
8.4916627277586603 -0.0234801011411020 0.0000398673975999 1.5821739371337882 0.5722252147696955 0.7182686444819080
8.4939886344387503 -0.0234900000486851 0.0000398177370793 1.5832198973907246 0.5720793098998309 0.7181543382216906
8.4963145411188403 -0.0234998826967760 0.0000397680883595 1.5842661637825466 0.5719334323092662 0.7180400354149352
8.4989765645368163 -0.0235111927423963 0.0000397112760418 1.5854640016954142 0.5717665078746775 0.7179092189557192
8.5255967987165757 -0.0236243869100765 0.0000391437849026 1.5974644021232338 0.5700992646826597 0.7166013088781888
8.5569073718997917 -0.0237577442520510 0.0000384777848890 1.6116303259386455 0.5681429477063435 0.7150635682925885
8.5882114464756292 -0.0238913120437292 0.0000378135369048 1.6258483536519701 0.5661921450823471 0.7135268503345924
8.5969357113112999 -0.0239285792567441 0.0000376287043907 1.6298206147948553 0.5656493841369378 0.7130987065912856
8.6056599761469705 -0.0239658651216914 0.0000374439987008 1.6337971302847263 0.5651070245672580 0.7126706213973741
8.6090979438008457 -0.0239805634789818 0.0000373712467079 1.6353653218043132 0.5648934076117976 0.7125019422998287
8.6115924472758785 -0.0239912157387754 0.0000373184745597 1.6365035754043944 0.5647384512994501 0.7123795587576098
8.6138450189541320 -0.0240008305011226 0.0000372708305081 1.6375317327168730 0.5645985517360800 0.7122690488927302
8.6363707357366675 -0.0240970460819738 0.0000367948580503 1.6478288602976618 0.5632010367551104 0.7111641722982029
8.6676537296388307 -0.0242308729889484 0.0000361352618210 1.6621759854699083 0.5612647014765412 0.7096304447382330
8.6989224857228820 -0.0243648796044410 0.0000354776277192 1.6765707787713076 0.5593345038786919 0.7080982516406216
8.7076833557593538 -0.0244024689050985 0.0000352936719229 1.6806135969833063 0.5587946502406284 0.7076691174821890
8.7164442257958257 -0.0244400772585409 0.0000351098479777 1.6846606481598525 0.5582552135702289 0.7072400528259215
8.7197557438261466 -0.0244542977958437 0.0000350403988342 1.6861914930113759 0.5580514208919958 0.7070778891088907
8.7230672618564675 -0.0244684970802642 0.0000349709728138 1.6877229417634809 0.5578476873964157 0.7069157354707925
8.7263243826571397 -0.0244824630364873 0.0000349027061577 1.6892298227695466 0.5576473588141370 0.7067562553304801
8.7580195383083108 -0.0246185031349284 0.0000342393592822 1.7039237779839973 0.5557009838009600 0.7052048674783911
8.7892361464921507 -0.0247527331395362 0.0000335877364424 1.7184497016390652 0.5537893965621558 0.7036778499266455
8.8204270805325500 -0.0248870962318000 0.0000329383563929 1.7330168229607343 0.5518847763601556 0.7021530642690939
8.8231997088458716 -0.0248990518901688 0.0000328807146387 1.7343142894199566 0.5517157330042675 0.7020175713051008
8.8251729344101317 -0.0249075616798405 0.0000328397004047 1.7352379256438095 0.5515954543081165 0.7019211484902412
8.8271461599743919 -0.0249160570412234 0.0000327986957893 1.7361617735381374 0.5514751970067603 0.7018247297440665
8.8310647390343959 -0.0249329303899604 0.0000327172862316 1.7379970472095021 0.5512364455994165 0.7016332662574953
8.8624833545506227 -0.0250683576364295 0.0000320655412882 1.7527421357780553 0.5493252837740602 0.7000987281786791
8.8936091502114927 -0.0252027678982393 0.0000314216075176 1.7674024749454291 0.5474374213276585 0.6985795511450079
8.9246994671023874 -0.0253372703703282 0.0000307801460725 1.7820982403082783 0.5455572023476872 0.6970631945136881
8.9271942669767252 -0.0253480599791874 0.0000307287510451 1.7832797342422986 0.5454065654363865 0.6969415647901893
8.9294457529313718 -0.0253577940622022 0.0000306823789849 1.7843462857656425 0.5452706503451820 0.6968318036332080
8.9519606124778370 -0.0254552056838877 0.0000302191641757 1.7950267516316867 0.5439130967425216 0.6957345191027483
8.9829754167076619 -0.0255896044372847 0.0000295825857816 1.8097837821592322 0.5420478063685482 0.6942239731159563
9.0139538062571400 -0.0257240919508113 0.0000289485144276 1.8245746799562454 0.5401902627756399 0.6927163799656114
9.0185492897129045 -0.0257440635766883 0.0000288546037186 1.8267731788406563 0.5399151810358203 0.6924928388505004
9.0205530956143463 -0.0257527736785681 0.0000288136672753 1.8277321591192259 0.5397952734546306 0.6923953747946668
9.0225569015157880 -0.0257614719805198 0.0000287727405448 1.8286913524702080 0.5396753889672589 0.6922979158412624
9.0247913258229460 -0.0257711702646412 0.0000287271127117 1.8297611907699793 0.5395417345070341 0.6921892463366985
9.0471355688945252 -0.0258682238155605 0.0000282713425487 1.8404741256325943 0.5382067941748483 0.6911029031312232
9.0780089733630387 -0.0260025367833000 0.0000276431234351 1.8553197968869062 0.5363671027071136 0.6896029551847709
9.1088387279346676 -0.0261369075717839 0.0000270175690677 1.8701945929977739 0.5345356207131529 0.6881063975826802
9.1112670458389413 -0.0261475019122334 0.0000269683727643 1.8713683341644343 0.5343916023965967 0.6879885755170314
9.1136953637432150 -0.0261580841503291 0.0000269191899980 1.8725423847338596 0.5342476187234361 0.6878707615409032
9.1159713612460234 -0.0261680003479855 0.0000268731030263 1.8736430717855095 0.5341126983499024 0.6877603449948261
9.1387313362741072 -0.0262672367263101 0.0000264127699230 1.8846648700504565 0.5327651882532891 0.6866565734480277
9.1694408342650231 -0.0264013494197532 0.0000257932050043 1.8995792398848312 0.5309519220451685 0.6851684328713653
9.1776551218460973 -0.0264372645211125 0.0000256277848224 1.9035769248090508 0.5304678602662568 0.6847706077325407
9.1858694094271716 -0.0264731974832272 0.0000254624930109 1.9075781209449301 0.5299842036539486 0.6843728800488857
9.1914053739568828 -0.0264974243572538 0.0000253511681978 1.9102766792581960 0.5296584753368443 0.6841048894021993
9.1969413384865941 -0.0265216593712481 0.0000252399018333 1.9129768296291167 0.5293329314987215 0.6838369434896044
9.2002898026962434 -0.0265363093451719 0.0000251726323292 1.9146108054189221 0.5291361134708146 0.6836748964446147
9.2035952772464089 -0.0265507635462451 0.0000251062493872 1.9162243738685680 0.5289418883171995 0.6835149459889647
9.2335955560608944 -0.0266820813278599 0.0000245047180966 1.9308949041454595 0.5271821301244344 0.6820639850283710
9.2641153668912963 -0.0268159191998741 0.0000238945436550 1.9458672152342809 0.5253974949874473 0.6805892852813182
9.2736637977973384 -0.0268578429784919 0.0000237040133105 1.9505613101228048 0.5248403179710071 0.6801282030569504
9.2775881675177967 -0.0268750806045342 0.0000236257571483 1.9524919253268109 0.5246114815508808 0.6799387408142379
9.2797384116568047 -0.0268845272182703 0.0000235828915982 1.9535500853880763 0.5244861371718356 0.6798349406212754
9.2812579292961193 -0.0268912020853889 0.0000235526053840 1.9542980008830682 0.5243975767806404 0.6797615922472211
9.2827383016041214 -0.0268976970859623 0.0000235231052337 1.9550267628796232 0.5243113111956409 0.6796901368996507
9.2975420246841427 -0.0269626793920197 0.0000232283372665 1.9623205698684021 0.5234493921773691 0.6789757712799370
9.3278801777966471 -0.0270960357298375 0.0000226255817546 1.9773032849032199 0.5216872067064933 0.6775128579423741
9.3581682936211283 -0.0272294206880114 0.0000220256108541 1.9923081780822864 0.5199335770903146 0.6760538286791637
9.3614001904990580 -0.0272436568266211 0.0000219616989561 1.9939120359172950 0.5197467899482709 0.6758982308242129
9.3646320873769877 -0.0272578861603723 0.0000218978092829 1.9955164249637025 0.5195600671365341 0.6757426500534951
9.3945331206438532 -0.0273896686001343 0.0000213076840482 2.0103851500641827 0.5178356036245785 0.6743040561220223
9.4246366645283466 -0.0275225905481504 0.0000207153409646 2.0254003196673684 0.5161050731826733 0.6728572277113783
9.4294355961977274 -0.0275438032179699 0.0000206210785491 2.0277981807110956 0.5158297241679984 0.6726267245470358
9.4342345278671083 -0.0275650222411121 0.0000205268617228 2.0301972030876798 0.5155545189950181 0.6723962606942369
9.4396810738115722 -0.0275890797826019 0.0000204199915952 2.0329213788661287 0.5152423484615851 0.6721347435521046
9.4446434100679433 -0.0276110041801052 0.0000203226739096 2.0354046702501041 0.5149580920011910 0.6718965201287924
9.4745612171392892 -0.0277433297405491 0.0000197369840022 2.0504026092681586 0.5132475851682415 0.6704611786672857
9.5044189479397954 -0.0278756370290690 0.0000191542475052 2.0654151801580491 0.5115461202867919 0.6690302818271574
9.5075706899957986 -0.0278896065695717 0.0000190928405585 2.0670024886984923 0.5113668434274690 0.6688793304662960
9.5107224320518018 -0.0279035709043124 0.0000190314549397 2.0685902933084397 0.5111876290301083 0.6687283968081539
9.5416989169914928 -0.0280409649345066 0.0000184291933833 2.0842221798475156 0.5094295843917908 0.6672459136362845
9.5713330274852968 -0.0281726567283885 0.0000178548351445 2.0992213159817688 0.5077534167636570 0.6658293052449923
9.5732763470796964 -0.0281813013440990 0.0000178172321878 2.1002064380380210 0.5076436935002892 0.6657364645151119
9.5752196666740961 -0.0281899371544621 0.0000177796386611 2.1011917471567281 0.5075339939970677 0.6656436307614739
9.5773922534411877 -0.0281995914161911 0.0000177376192789 2.1022935215809158 0.5074113808725133 0.6655398530135154
9.5991181211121042 -0.0282962071989498 0.0000173179496867 2.1133241080994836 0.5061869033457970 0.6645025574212216
9.6285136314478414 -0.0284271428988467 0.0000167516493093 2.1282857876817358 0.5045349589072925 0.6631004848363988
9.6330450573046562 -0.0284473489821508 0.0000166645079292 2.1305959710221241 0.5042807974603236 0.6628844956569451
9.6375764831614710 -0.0284675609250124 0.0000165774082580 2.1329071639745130 0.5040267676046722 0.6626685455931426
9.6405658681690856 -0.0284808837165483 0.0000165199740081 2.1344324121242555 0.5038592555943533 0.6625261046252151
9.6432904976946734 -0.0284930265069808 0.0000164676426766 2.1358229587533759 0.5037066291689871 0.6623962938352502
9.6705367929505517 -0.0286145708669242 0.0000159451603232 2.1497484546910264 0.5021829863169009 0.6610989700148638
9.6813673045783109 -0.0286629442520865 0.0000157378917872 2.1552939934302278 0.5015786581134406 0.6605836773022484
9.6921978162060700 -0.0287113513481249 0.0000155308627843 2.1608452653043435 0.5009750856232612 0.6600686132659780
9.6961405531897480 -0.0287289818442187 0.0000154555555213 2.1628675709927458 0.5007555490437531 0.6598811664887426
9.6987418311000937 -0.0287406162746922 0.0000154058878704 2.1642022317708536 0.5006107615255805 0.6597575124697370
9.7007832502242870 -0.0287497404341857 0.0000153669210190 2.1652498719507340 0.5004971662067588 0.6596604811422412
9.7026812944216552 -0.0287582217305509 0.0000153306991513 2.1662241155432960 0.5003915730691407 0.6595702719622610
9.7216617363953368 -0.0288430917525760 0.0000149688862161 2.1759762036332884 0.4993369217002508 0.6586685711024912
9.7505414906824743 -0.0289724258665171 0.0000144197862356 2.1908481226936880 0.4977366860831928 0.6572979597225574
9.7544484618682006 -0.0289899413164677 0.0000143456333710 2.1928631637663218 0.4975206149556663 0.6571126662573190
9.7583554330539268 -0.0290074578095729 0.0000142715125463 2.1948789442292234 0.4973046428354042 0.6569274035809440
9.7620852302975116 -0.0290241681148190 0.0000142007852390 2.1968040022925748 0.4970985566859414 0.6567505709807473
9.7908688617979909 -0.0291532613252221 0.0000136559319504 2.2116827025785151 0.4955111885686927 0.6553868662870548
9.7982717356329765 -0.0291865019961212 0.0000135160772921 2.2155158262848733 0.4951038047169721 0.6550364080659909
9.8056746094679621 -0.0292197587382572 0.0000133763358768 2.2193515903618262 0.4946967781732685 0.6546860625113775
9.8094178866370445 -0.0292365812002106 0.0000133057184996 2.2212921560749366 0.4944911005313948 0.6545089526274600
9.8131611638061269 -0.0292534077055667 0.0000132351301224 2.2232333959706425 0.4942855143476497 0.6543318716963219
9.8169105866850987 -0.0292702475107521 0.0000131644583445 2.2251784985268999 0.4940796818160541 0.6541545290902910
9.8453960393820168 -0.0293983193757427 0.0000126284953611 2.2399780540609453 0.4925189129177190 0.6528081601766077
9.8529989639365319 -0.0294325429330805 0.0000124857284091 2.2439347145421937 0.4921032328400147 0.6524490937191323
9.8606018884910469 -0.0294667836048636 0.0000123430815042 2.2478941415184552 0.4916879315629776 0.6520901488964279
9.8656013990778071 -0.0294893088363312 0.0000122493456029 2.2504992772986827 0.4914150454470178 0.6518541814145346
9.8706009096645673 -0.0295118189772840 0.0000121556658541 2.2531056075030675 0.4911423226594072 0.6516182667916178
9.8751984995944273 -0.0295325249586792 0.0000120695632880 2.2555034632356508 0.4908916693443085 0.6514013645440637
9.9032671713118692 -0.0296590729344058 0.0000115448544351 2.2701644347496575 0.4893644217636768 0.6500781343890232
9.9151644736340590 -0.0297127829858685 0.0000113229448340 2.2763900108295463 0.4887186403851728 0.6495177740935481
9.9174950315357933 -0.0297233020483921 0.0000112795109869 2.2776103243286716 0.4885922475257724 0.6494080410714431
9.9195983100884106 -0.0297327935940700 0.0000112403231802 2.2787118525294519 0.4884782113120764 0.6493090194356601
9.9406310956145845 -0.0298277818596906 0.0000108489535018 2.2897386767876520 0.4873394534165152 0.6483193300899379
9.9495961793864343 -0.0298683103174050 0.0000106824160179 2.2944451574043243 0.4868549529306374 0.6478977741911631
9.9585612631582840 -0.0299088629692393 0.0000105160468009 2.2991554399524872 0.4863709834694094 0.6474763940838113
9.9611725913057647 -0.0299206796063515 0.0000104676188354 2.3005281541849016 0.4862301139257565 0.6473536886458997
9.9627549692976700 -0.0299278410969670 0.0000104382800522 2.3013601300894062 0.4861447736114612 0.6472793405225931
9.9643373472895753 -0.0299349996463514 0.0000104089472074 2.3021922242515735 0.4860594497513210 0.6472049979043353
9.9663587537967366 -0.0299441414006070 0.0000103714843921 2.3032553537401825 0.4859504768814863 0.6471100370406832
9.9865728188683498 -0.0300356267454569 0.0000099973275366 2.3138972502923814 0.4848622354984148 0.6461609240271934
9.9938000728920091 -0.0300683660316402 0.0000098637611448 2.3177067828076319 0.4844738069339355 0.6458218015974057
10.0010273269156684 -0.0301011211607522 0.0000097303044759 2.3215187730791835 0.4840857246623508 0.6454827953441383
10.0052218174822283 -0.0301201385733244 0.0000096529004030 2.3237322689908524 0.4838606517533005 0.6452860992649154
10.0079047579758225 -0.0301323055706889 0.0000096034094910 2.3251485306831965 0.4837167485952723 0.6451603062928289
10.0101222985792084 -0.0301423575941499 0.0000095625161475 2.3263193738712578 0.4835978436773231 0.6450563463176743
10.0122254284665875 -0.0301518894368376 0.0000095237427409 2.3274300225128584 0.4834851035509424 0.6449577601648011
10.0332567273403779 -0.0302472818668242 0.0000091365205921 2.3385479220177197 0.4823593179350474 0.6439724444942627
10.0408977621709212 -0.0302819729952013 0.0000089960667701 2.3425923802039188 0.4819510286301673 0.6436147090289239
10.0485387970014646 -0.0303166819831345 0.0000088557360099 2.3466395702363427 0.4815431277541667 0.6432571057002732
10.0515427191799329 -0.0303303320354159 0.0000088006014527 2.3482313907449117 0.4813828759849523 0.6431165572712351
10.0545466413584013 -0.0303439730128052 0.0000087454881488 2.3498236329300140 0.4812226839422473 0.6429760293383089
10.0620622764753804 -0.0303781140040856 0.0000086076813366 2.3538091747355638 0.4808221561857830 0.6426245266907663
10.0890314589218395 -0.0305007686764050 0.0000081141558811 2.3681326206083573 0.4793879976624827 0.6413642535376142
10.0918494244557895 -0.0305135975883573 0.0000080626769173 2.3696312083550195 0.4792384247870661 0.6412326660144161
10.0946673899897394 -0.0305264198877176 0.0000080112164505 2.3711301654192538 0.4790889046577105 0.6411010967887009
10.0972618361141393 -0.0305382258744985 0.0000079638529155 2.3725105525010819 0.4789512912132607 0.6409799797449746
10.1224520087988079 -0.0306529614786091 0.0000075047283495 2.3859293512414608 0.4776175035038971 0.6398048316931284
10.1261746167139446 -0.0306699337943220 0.0000074369928265 2.3879148794999074 0.4774207559536631 0.6396312931232330
10.1298972246290813 -0.0306869104139080 0.0000073692866752 2.3899010496575763 0.4772241011290775 0.6394577868694367
10.1323728817077665 -0.0306981975185203 0.0000073242771116 2.3912222735895177 0.4770933703733672 0.6393424173975688
10.1348485387864518 -0.0307094829344991 0.0000072792812176 2.3925437812063057 0.4769626805303676 0.6392270622401721
10.1596051095733042 -0.0308224419211061 0.0000068300373815 2.4057744419350793 0.4756580396347090 0.6380743006962269
10.1630018980516308 -0.0308379556540111 0.0000067684992352 2.4075919965144119 0.4754793534973500 0.6379162455769279
10.1663986865299574 -0.0308534729933102 0.0000067069855974 2.4094100832442482 0.4753007447393281 0.6377582176979608
10.1693456360175265 -0.0308669321793238 0.0000066536392613 2.4109878304650976 0.4751458517753849 0.6376211396481070
10.1722925855050956 -0.0308803901073260 0.0000066003121258 2.4125659779256670 0.4749910169480885 0.6374840821336807
10.1974735052705263 -0.0309954954833802 0.0000061453984813 2.4260671405974654 0.4736703705813505 0.6363138015660164
10.2023115423240220 -0.0310176335969696 0.0000060581499186 2.4286644717583652 0.4734171211444491 0.6360891272811247
10.2071495793775178 -0.0310397634071593 0.0000059709541380 2.4312628775175451 0.4731640285588724 0.6358645089547940
10.2139824297119954 -0.0310710301651357 0.0000058478908266 2.4349344840200713 0.4728068492163830 0.6355473717572993
10.2234041132093143 -0.0311141674072736 0.0000056783643424 2.4400007006525755 0.4723148566259872 0.6351102612696827
10.2328257967066332 -0.0311573326715761 0.0000055090270312 2.4450709826798342 0.4718234613778259 0.6346733644504728
10.2351152087195221 -0.0311678258084655 0.0000054679076704 2.4463036439525148 0.4717041455579864 0.6345672335146036
10.2374046207324110 -0.0311783141570315 0.0000054268007046 2.4475365449457880 0.4715848648365472 0.6344611152412594
10.2399021010454288 -0.0311897568967417 0.0000053819707017 2.4488817688168711 0.4714547837724467 0.6343453670834770
10.2648769041756065 -0.0313042929842542 0.0000049344026312 2.4623496753577268 0.4701562845056609 0.6331887173669842
10.2666412533067479 -0.0313123917866333 0.0000049028344862 2.4633021939715176 0.4700647108240336 0.6331070630374884
10.2683366695850342 -0.0313201702077615 0.0000048725068938 2.4642176314791442 0.4699767345445246 0.6330286060849154
10.2852908323678971 -0.0313980047210122 0.0000045695687067 2.4733792053019625 0.4690980383168928 0.6322444229685855
10.2915379641892866 -0.0314267076534559 0.0000044580993947 2.4767582841997289 0.4687747526293169 0.6319556511682491
10.2944812740344087 -0.0314402352403155 0.0000044056100161 2.4783509376537380 0.4686225292708941 0.6318196307907068
