0.0001032691869571 -0.0000000000080771 0.0000601820801562 0.0000000000000022 0.9999999999750873 0.9999999999779904
0.0001436612297159 -0.0000000000156328 0.0000601820801490 0.0000000000000061 0.9999999999515672 0.9999999999574019
0.0001935103783243 -0.0000000000283652 0.0000601820801369 0.0000000000000148 0.9999999999119321 0.9999999999227068
0.0002537204304673 -0.0000000000487641 0.0000601820801175 0.0000000000000333 0.9999999998484325 0.9999999998671214
0.0003251664764741 -0.0000000000800955 0.0000601820800877 0.0000000000000702 0.9999999997509016 0.9999999997817457
0.0004086982934485 -0.0000000001265337 0.0000601820800436 0.0000000000001393 0.9999999996063448 0.9999999996552048
0.0005051285716856 -0.0000000001932890 0.0000601820799801 0.0000000000002630 0.9999999993985437 0.9999999994733014
0.0006152289785636 -0.0000000002867337 0.0000601820798913 0.0000000000004752 0.9999999991076622 0.9999999992186717
0.0007397601836340 -0.0000000004145608 0.0000601820797699 0.0000000000008262 0.9999999987097526 0.9999999988703521
0.0008794439623914 -0.0000000005858999 0.0000601820796070 0.0000000000013881 0.9999999981763957 0.9999999984034653
0.0010349932417191 -0.0000000008114891 0.0000601820793926 0.0000000000022626 0.9999999974741653 0.9999999977887513
0.0012070846259369 -0.0000000011037825 0.0000601820791149 0.0000000000035893 0.9999999965642935 0.9999999969922730
0.0013963957438045 -0.0000000014771526 0.0000601820787600 0.0000000000055567 0.9999999954020401 0.9999999959748666
0.0016035593351948 -0.0000000019479536 0.0000601820783126 0.0000000000084149 0.9999999939364969 0.9999999946919681
0.0018292086088209 -0.0000000025347502 0.0000601820777549 0.0000000000124906 0.9999999921098743 0.9999999930929900
0.0020739620464873 -0.0000000032584452 0.0000601820770672 0.0000000000182052 0.9999999898571049 0.9999999911209738
0.0023384075994209 -0.0000000041423743 0.0000601820762272 0.0000000000260948 0.9999999871055476 0.9999999887123315
0.0026231510230523 -0.0000000052126140 0.0000601820752101 0.0000000000368352 0.9999999837740290 0.9999999857960061
0.0029287293458033 -0.0000000064978174 0.0000601820739887 0.0000000000512661 0.9999999797733560 0.9999999822939203
0.0032557288405506 -0.0000000080298146 0.0000601820725328 0.0000000000704267 0.9999999750044458 0.9999999781193394
0.0036046781202343 -0.0000000098433308 0.0000601820708093 0.0000000000955855 0.9999999693592035 0.9999999731776399
0.0039761242718352 -0.0000000119764752 0.0000601820687821 0.0000000001282840 0.9999999627189993 0.9999999673649763
0.0043705763194192 -0.0000000144706007 0.0000601820664118 0.0000000001703761 0.9999999549551080 0.9999999605686660
0.0047885636076266 -0.0000000173707944 0.0000601820636557 0.0000000002240827 0.9999999459271786 0.9999999526658492
0.0052305841899015 -0.0000000207257170 0.0000601820604673 0.0000000002920406 0.9999999354837368 0.9999999435239291
0.0056971446862758 -0.0000000245880268 0.0000601820567968 0.0000000003773674 0.9999999234608641 0.9999999329994158
0.0061887250137679 -0.0000000290142640 0.0000601820525904 0.0000000004837224 0.9999999096825583 0.9999999209382414
0.0067058087975869 -0.0000000340652455 0.0000601820477902 0.0000000006153839 0.9999998939595038 0.9999999071746840
0.0072488700052221 -0.0000000398061172 0.0000601820423345 0.0000000007773266 0.9999998760889109 0.9999998915312263
0.0078183686161240 -0.0000000463064492 0.0000601820361569 0.0000000009753063 0.9999998558542160 0.9999998738182941
0.0084147661705822 -0.0000000536405597 0.0000601820291870 0.0000000012159585 0.9999998330240769 0.9999998538333764
0.0090385014667133 -0.0000000618873747 0.0000601820213497 0.0000000015068912 0.9999998073528065 0.9999998313614049
0.0096900372662596 -0.0000000711311921 0.0000601820125650 0.0000000018568162 0.9999997785779975 0.9999998061726747
0.0103698097911461 -0.0000000814611937 0.0000601820027479 0.0000000022756473 0.9999997464220378 0.9999997780241711
0.0110782381422763 -0.0000000929716584 0.0000601819918091 0.0000000027746273 0.9999997105914502 0.9999997466589913
0.0118157438282503 -0.0000001057624035 0.0000601819796535 0.0000000033664778 0.9999996707755161 0.9999997118051400
0.0125827667469295 -0.0000001199392873 0.0000601819661807 0.0000000040655657 0.9999996266447138 0.9999996731741617
0.0133797169561581 -0.0000001356135285 0.0000601819512848 0.0000000048880237 0.9999995778528329 0.9999996304629926
0.0142069930785862 -0.0000001529021148 0.0000601819348547 0.0000000058519286 0.9999995240357074 0.9999995833528502
0.0150650099277673 -0.0000001719285452 0.0000601819167732 0.0000000069775148 0.9999994648089012 0.9999995315072084
0.0159541709584368 -0.0000001928224582 0.0000601818969168 0.0000000082873410 0.9999993997688673 0.9999994745728118
0.0168748745165187 -0.0000002157199065 0.0000601818751565 0.0000000098065020 0.9999993284920927 0.9999994121789264
0.0178274980305618 -0.0000002407630847 0.0000601818513569 0.0000000115628165 0.9999992505359443 0.9999993439380817
0.0188124424207984 -0.0000002681016311 0.0000601818253760 0.0000000135871376 0.9999991654346198 0.9999992694425247
0.0198300848860578 -0.0000002978915730 0.0000601817970654 0.0000000159135150 0.9999990727024270 0.9999991882670914
0.0208808035655544 -0.0000003302961166 0.0000601817662701 0.0000000185794988 0.9999989718313290 0.9999990999670572
0.0219649715725380 -0.0000003654856433 0.0000601817328281 0.0000000216264024 0.9999988622909521 0.9999990040781442
0.0230829760596665 -0.0000004036385249 0.0000601816965699 0.0000000250996528 0.9999987435260508 0.9999989001143021
0.0242351667128240 -0.0000004449395450 0.0000601816573199 0.0000000290489415 0.9999986149614205 0.9999987875720087
0.0254219029536890 -0.0000004895815797 0.0000601816148948 0.0000000335286765 0.9999984759966665 0.9999986659256900
0.0266435542983464 -0.0000005377658843 0.0000601815691033 0.0000000385983449 0.9999983260053108 0.9999985346269394
0.0279004867593446 -0.0000005897018036 0.0000601815197465 0.0000000443228319 0.9999981643356950 0.9999983931053069
0.0291930280349637 -0.0000006456053944 0.0000601814666192 0.0000000507726169 0.9999979903152669 0.9999982407720525
0.0305215487773848 -0.0000007057029948 0.0000601814095060 0.0000000580245484 0.9999978032394718 0.9999980770104205
0.0318863915558579 -0.0000007702284138 0.0000601813481850 0.0000000661619259 0.9999976023804992 0.9999979011832977
0.0332879093672345 -0.0000008394247784 0.0000601812824250 0.0000000752751308 0.9999973869815336 0.9999977126281792
0.0347264159180506 -0.0000009135422210 0.0000601812119883 0.0000000854617507 0.9999971562639538 0.9999975106634710
0.0362022725872927 -0.0000009928424070 0.0000601811366263 0.0000000968276375 0.9999969094132393 0.9999972945761528
0.0377158131824686 -0.0000010775949581 0.0000601810560826 0.0000001094869083 0.9999966455901039 0.9999970636315236
0.0392673481629090 -0.0000011680775849 0.0000601809700935 0.0000001235624214 0.9999963639300825 0.9999968170728400
0.0408572493629115 -0.0000012645812418 0.0000601808783824 0.0000001391871007 0.9999960635274858 0.9999965541072705
0.0424857847826397 -0.0000013674004291 0.0000601807806694 0.0000001565029268 0.9999957434655881 0.9999962739323209
0.0441533173622316 -0.0000014768453954 0.0000601806766597 0.0000001756634700 0.9999954027786430 0.9999959757025837
0.0458601749662442 -0.0000015932344891 0.0000601805660508 0.0000001968332522 0.9999950404756933 0.9999956585505799
0.0476066642944429 -0.0000017168949125 0.0000601804485317 0.0000002201884342 0.9999946555382214 0.9999953215847035
0.0493930962929579 -0.0000018481645339 0.0000601803237813 0.0000002459177599 0.9999942469145123 0.9999949638842850
0.0512197915141097 -0.0000019873925461 0.0000601801914678 0.0000002742233586 0.9999938135176006 0.9999945844977950
0.0530870521008983 -0.0000021349375385 0.0000601800512504 0.0000003053210424 0.9999933542312733 0.9999941824480990
0.0549952309593972 -0.0000022911731906 0.0000601799027740 0.0000003394422292 0.9999928678923482 0.9999937567169428
0.0569445924405951 -0.0000024564771881 0.0000601797456797 0.0000003768322931 0.9999923533251754 0.9999933062751551
0.0589354599497405 -0.0000026312432872 0.0000601795795933 0.0000004177539221 0.9999918093040829 0.9999928300497730
0.0609681307133005 -0.0000028158745161 0.0000601794041317 0.0000004624864292 0.9999912345745410 0.9999923269425670
0.0630429058982886 -0.0000030107858448 0.0000601792189007 0.0000005113271656 0.9999906278448508 0.9999917958227672
0.0651600692269383 -0.0000032164023253 0.0000601790234963 0.0000005645918968 0.9999899877919347 0.9999912355321298
0.0673199522446420 -0.0000034331656563 0.0000601788174987 0.0000006226173971 0.9999893130409017 0.9999906448670492
0.0695228046394769 -0.0000036615215038 0.0000601786004845 0.0000006857590062 0.9999886022045156 0.9999900226131082
0.0717689742505487 -0.0000039019378976 0.0000601783720089 0.0000007543965456 0.9999878538259329 0.9999893674949497
0.0740587079551557 -0.0000041548847542 0.0000601781316253 0.0000008289296255 0.9999870664424417 0.9999886782320734
0.0763923266781310 -0.0000044208525775 0.0000601778788676 0.0000009097839380 0.9999862385272533 0.9999879534878796
0.0787701175677472 -0.0000047003410869 0.0000601776132609 0.0000009974090557 0.9999853685248988 0.9999871919006552
0.0811923328333449 -0.0000049938586693 0.0000601773343220 0.0000010922791591 0.9999844548529383 0.9999863920850686
0.0836592923619482 -0.0000053019349245 0.0000601770415479 0.0000011948981761 0.9999834958629070 0.9999855525979819
0.0861712403183569 -0.0000056251034021 0.0000601767344313 0.0000013057953209 0.9999824898940556 0.9999846719854941
0.0887285028291934 -0.0000059639215488 0.0000601764124427 0.0000014255329542 0.9999814352112565 0.9999837487285840
0.0913313332308864 -0.0000063189510776 0.0000601760750481 0.0000015547010979 0.9999803300661125 0.9999827812966032
0.0939800128442778 -0.0000066907710810 0.0000601757216973 0.0000016939231820 0.9999791726561399 0.9999817681115446
0.0966748220166552 -0.0000070799745353 0.0000601753518269 0.0000018438561632 0.9999779611356485 0.9999807075575661
0.0994160094111073 -0.0000074871638505 0.0000601749648644 0.0000020051900677 0.9999766936295965 0.9999795979931172
0.1022038806412986 -0.0000079129641223 0.0000601745602158 0.0000021786545745 0.9999753681923399 0.9999784377148290
0.1050386883674910 -0.0000083580070395 0.0000601741372807 0.0000023650140717 0.9999739828577275 0.9999772250013643
0.1079207430437039 -0.0000088229480520 0.0000601736954365 0.0000025650761486 0.9999725355856599 0.9999759580666358
0.1108502589396613 -0.0000093084419737 0.0000601732340609 0.0000027796826985 0.9999710243380356 0.9999746351262868
0.1138275339883226 -0.0000098151720509 0.0000601727525046 0.0000030097239117 0.9999694469882670 0.9999732543184813
0.1168528056359710 -0.0000103438265139 0.0000601722501136 0.0000032561295907 0.9999678013942723 0.9999718137677996
0.1199263706787019 -0.0000108951191576 0.0000601717262097 0.0000035198801292 0.9999660853344142 0.9999703115291571
0.1230484836462423 -0.0000114697719741 0.0000601711801068 0.0000038020001831 0.9999642965615613 0.9999687456351283
0.1262193780817632 -0.0000120685184240 0.0000601706111081 0.0000041035615998 0.9999624327929073 0.9999671140870335
0.1294393371498077 -0.0000126921169583 0.0000601700184928 0.0000044256919773 0.9999604916678826 0.9999654148180923
0.1327086271762391 -0.0000133413390571 0.0000601694015279 0.0000047695706535 0.9999584707853874 0.9999636457260163
0.1360274780798949 -0.0000140169649841 0.0000601687594719 0.0000051364280384 0.9999563677170102 0.9999618046845784
0.1393961823818862 -0.0000147198039658 0.0000601680915561 0.0000055275583862 0.9999541799442160 0.9999598894886246
0.1428149556239434 -0.0000154506657846 0.0000601673970108 0.0000059443062158 0.9999519049467721 0.9999578979314823
0.1462840926023412 -0.0000162103936009 0.0000601666750351 0.0000063880866140 0.9999495401005826 0.9999558277155194
0.1498038156111279 -0.0000169998317879 0.0000601659248267 0.0000068603689889 0.9999470827778141 0.9999536765397947
0.1533743812851545 -0.0000178198490213 0.0000601651455601 0.0000073626923764 0.9999445302750237 0.9999514420371375
0.1569960370643737 -0.0000186713290367 0.0000601643363957 0.0000078966622535 0.9999418798419337 0.9999491217993342
0.1606690579981981 -0.0000195551795293 0.0000601634964711 0.0000084639583719 0.9999391286537295 0.9999467133528759
0.1643936516171696 -0.0000204723094317 0.0000601626249227 0.0000090663224230 0.9999362738817917 0.9999442142208755
0.1681700938437299 -0.0000214236618227 0.0000601617208545 0.0000097055814906 0.9999333125912616 0.9999416218333914
0.1719985994724063 -0.0000224101823227 0.0000601607833681 0.0000103836297103 0.9999302418394225 0.9999389336135496
0.1758794412142717 -0.0000234328492324 0.0000601598115340 0.0000111024509330 0.9999270585818867 0.9999361468954150
0.1798128303881212 -0.0000244926429258 0.0000601588044208 0.0000118641001196 0.9999237597678720 0.9999332590073950
0.1837990516552289 -0.0000255905817295 0.0000601577610610 0.0000126707312490 0.9999203422285226 0.9999302671744698
0.1878383220831185 -0.0000267276842266 0.0000601566804870 0.0000135245728879 0.9999168027942477 0.9999271686209094
0.1919308753159512 -0.0000279049918637 0.0000601555617093 0.0000144279468978 0.9999131382243592 0.9999239605086735
0.1960769569143742 -0.0000291235682600 0.0000601544037175 0.0000153832709428 0.9999093452092241 0.9999206399392917
0.2002768107773571 -0.0000303844956540 0.0000601532054836 0.0000163930586716 0.9999054203813290 0.9999172039635456
0.2045306361579940 -0.0000316888617292 0.0000601519659741 0.0000174599116396 0.9999013603562922 0.9999136496173675
0.2088386976742461 -0.0000330377931605 0.0000601506841188 0.0000185865493289 0.9998971616284493 0.9999099738304288
0.2132012363430040 -0.0000344324291997 0.0000601493588356 0.0000197757910636 0.9998928206530768 0.9999061734981155
0.2176184836438278 -0.0000358739257389 0.0000601479890263 0.0000210305620122 0.9998883338337489 0.9999022454704560
0.2220906673318132 -0.0000373634571409 0.0000601465735754 0.0000223538976524 0.9998836975166454 0.9998981865471334
0.2266180278436256 -0.0000389022219337 0.0000601451113445 0.0000237489520184 0.9998789079728313 0.9998939934619656
0.2312007875362334 -0.0000404914326648 0.0000601436011818 0.0000252189918275 0.9998739614298429 0.9998896629105530
0.2358391626847461 -0.0000421323197516 0.0000601420419185 0.0000267674028710 0.9998688540597074 0.9998851915397846
0.2405334091559967 -0.0000438261480929 0.0000601404323532 0.0000283977092780 0.9998635819272450 0.9998805759025712
0.2452837195341256 -0.0000455741804475 0.0000601387712866 0.0000301135419765 0.9998581411040617 0.9998758125576376
0.2500903109949676 -0.0000473777086370 0.0000601370574917 0.0000319186715296 0.9998525275714335 0.9998708979844939
0.2549534750340094 -0.0000492380738194 0.0000601352896946 0.0000338170333672 0.9998467371572132 0.9998658285281903
0.2598733686838470 -0.0000511565872479 0.0000601334666500 0.0000358126510206 0.9998407657824757 0.9998606006152458
0.2648502613688093 -0.0000531346244926 0.0000601315870515 0.0000379097355900 0.9998346091682601 0.9998552104968961
0.2698843889023307 -0.0000551735701657 0.0000601296495841 0.0000401126335593 0.9998282630076194 0.9998496543997142
0.2749759114512177 -0.0000572747993461 0.0000601276529420 0.0000424258087713 0.9998217230234436 0.9998439285762279
0.2801250758958606 -0.0000594397437282 0.0000601255957654 0.0000448539180021 0.9998149847625802 0.9998380291246631
0.2853321157598324 -0.0000616698519244 0.0000601234766789 0.0000474017727959 0.9998080437194024 0.9998319520971195
0.2905972395834674 -0.0000639665840264 0.0000601212942958 0.0000500743366449 0.9998008953527423 0.9998256935143875
0.2959206599188897 -0.0000663314237980 0.0000601190472072 0.0000528767425910 0.9997935350479527 0.9998192493327237
0.3013026123046741 -0.0000687658876792 0.0000601167339732 0.0000558143085595 0.9997859580888916 0.9998126154193128
0.3067432882542349 -0.0000712714947797 0.0000601143531515 0.0000588925055952 0.9997781597513219 0.9998057876340325
0.3122429583613054 -0.0000738498234786 0.0000601119032432 0.0000621170314653 0.9997701351267657 0.9997987616752207
0.3178017953695611 -0.0000765024297446 0.0000601093827712 0.0000654937143103 0.9997618793767286 0.9997915333022488
0.3234200198920498 -0.0000792309146013 0.0000601067902153 0.0000690286002756 0.9997533875227353 0.9997840981516788
0.3290978297746330 -0.0000820368911232 0.0000601041240442 0.0000727279167256 0.9997446545490610 0.9997764518271975
0.3348354603638621 -0.0000849220142080 0.0000601013826868 0.0000765981159481 0.9997356753100816 0.9997685898184846
0.3406331112436153 -0.0000878879445960 0.0000600985645664 0.0000806458325636 0.9997264446422686 0.9997605075992589
0.3464909957272264 -0.0000909363734680 0.0000600956680777 0.0000848779207735 0.9997169572876454 0.9997522005602472
0.3524093303136199 -0.0000940690176091 0.0000600926915910 0.0000893014532264 0.9997072079088524 0.9997436640223605
0.3583882900362735 -0.0000972875955044 0.0000600896334751 0.0000939236916609 0.9996971911635537 0.9997348933018328
0.3644281264014996 -0.0001005938907369 0.0000600864920371 0.0000987521826816 0.9996869015071463 0.9997258835374577
0.3705290263499749 -0.0001039896765208 0.0000600832655941 0.0001037946549879 0.9996763334276402 0.9997166298962356
0.3766912417675401 -0.0001074767868090 0.0000600799524053 0.0001090591286526 0.9996654812243749 0.9997071273796009
0.3829149143245354 -0.0001110570179319 0.0000600765507660 0.0001145537728587 0.9996543393141467 0.9996973710914587
0.3892002814258477 -0.0001147322449868 0.0000600730588968 0.0001202870865834 0.9996429018690071 0.9996873559210158
0.3955475545005761 -0.0001185043536477 0.0000600694750081 0.0001262678020152 0.9996311630284966 0.9996770767286007
0.4019569115593936 -0.0001223752345895 0.0000600657973060 0.0001325048793500 0.9996191169170100 0.9996665283608553
0.4084285541539248 -0.0001263468172780 0.0000600620239597 0.0001390075656984 0.9996067575386581 0.9996557055586528
0.4149627218201738 -0.0001304210803721 0.0000600581530916 0.0001457854201265 0.9995940787449177 0.9996446029287483
0.4215596082322318 -0.0001346000002711 0.0000600541828268 0.0001528482351233 0.9995810743947682 0.9996332150839891
0.4282193935379139 -0.0001388855699941 0.0000600501112744 0.0001602060716232 0.9995677382959568 0.9996215365918633
0.4349422940834502 -0.0001432798314231 0.0000600459364973 0.0001678693205603 0.9995540641046814 0.9996095618866330
0.4417284952111131 -0.0001477848323692 0.0000600416565529 0.0001758486355869 0.9995400454592174 0.9995972853863301
0.4485782072829754 -0.0001524026632238 0.0000600372694585 0.0001841550030814 0.9995256758658837 0.9995847013928743
0.4554916295308494 -0.0001571354335012 0.0000600327732132 0.0001927997076687 0.9995109487720617 0.9995718041559949
0.4624689651676275 -0.0001619852820285 0.0000600281657883 0.0002017943567915 0.9994958575345090 0.9995585878454594
0.4695103983402524 -0.0001669543609543 0.0000600234451428 0.0002111508574038 0.9994803954691402 0.9995450465946466
0.4766161202930048 -0.0001720448537964 0.0000600186092062 0.0002208814555529 0.9994645557948941 0.9995311744513643
0.4837863583792000 -0.0001772589972504 0.0000600136558573 0.0002309987864807 0.9994483315658972 0.9995169653184126
0.4910212678641498 -0.0001825990028923 0.0000600085829992 0.0002415157300332 0.9994317159151216 0.9995024131669518
0.4983210594338498 -0.0001880671496286 0.0000600033884713 0.0002524455962073 0.9994147017667405 0.9994875117845596
0.5056859368500224 -0.0001936657391864 0.0000599980700912 0.0002638020472290 0.9993972819746572 0.9994722548965249
0.5131160473745732 -0.0001993970574009 0.0000599926256922 0.0002755990238793 0.9993794494429781 0.9994566362713383
0.5206116494009215 -0.0002052635033510 0.0000599870530000 0.0002878510179332 0.9993611967242485 0.9994406493687783
0.5281728893184121 -0.0002112674173939 0.0000599813497963 0.0003005727255904 0.9993425165545364 0.9994242878085352
0.5357999837726467 -0.0002174112228171 0.0000599755137843 0.0003137793485048 0.9993234014127276 0.9994075449841873
0.5434931206607917 -0.0002236973485856 0.0000599695426622 0.0003274864402486 0.9993038437609203 0.9993904142737199
0.5512524672900724 -0.0002301282346695 0.0000599634341178 0.0003417099224906 0.9992838360278766 0.9993728890250050
0.5590782222895307 -0.0002367063749441 0.0000599571857880 0.0003564661870602 0.9992633704755837 0.9993549624388857
0.5669706017917560 -0.0002434343073526 0.0000599507952682 0.0003717720854205 0.9992424392298991 0.9993366275959800
0.5749297627726069 -0.0002503145484165 0.0000599442601744 0.0003876447871540 0.9992210344843300 0.9993178776351478
0.5829559264082127 -0.0002573496987252 0.0000599375780428 0.0004041020285950 0.9991991481718805 0.9992987054660074
0.5910492290263751 -0.0002645423136360 0.0000599307464532 0.0004211618213289 0.9991767723673453 0.9992791041212982
0.5992098663390184 -0.0002718950290934 0.0000599237629090 0.0004388427531067 0.9991538988959215 0.9992590664139933
0.6074380588712219 -0.0002794105336555 0.0000599166248639 0.0004571639361775 0.9991305194202831 0.9992385850135287
0.6157339392431159 -0.0002870914651648 0.0000599093298203 0.0004761447628243 0.9991066257620580 0.9992176527273913
0.6240977476672921 -0.0002949405901052 0.0000599018751586 0.0004958053529819 0.9990822093439232 0.9991962620123269
0.6325296289442551 -0.0003029606161960 0.0000598942583152 0.0005161661009262 0.9990572617726277 0.9991744054850591
0.6410297692113777 -0.0003111543191916 0.0000598864766627 0.0005372479976731 0.9990317744445900 0.9991520755767246
0.6495983644232187 -0.0003195245146973 0.0000598785275358 0.0005590725726549 0.9990057386336226 0.9991292646096768
0.6582355862020195 -0.0003280740249597 0.0000598704082635 0.0005816618163872 0.9989791455942785 0.9991059648879842
0.6669416117778938 -0.0003368057076772 0.0000598621161414 0.0006050382633943 0.9989519864722779 0.9990821686189084
0.6757166645724196 -0.0003457224980412 0.0000598536483921 0.0006292251173817 0.9989242521738004 0.9990578677983248
0.6845608974106352 -0.0003548272909788 0.0000598450022767 0.0006542459435542 0.9988959337318032 0.9990330545316369
0.6934744405017361 -0.0003641229869757 0.0000598361750516 0.0006801247941271 0.9988670221635316 0.9990077209088926
0.7024575175958661 -0.0003736126141778 0.0000598271638522 0.0007068865601126 0.9988375080908156 0.9989818586720126
0.7115103108438044 -0.0003832991893784 0.0000598179658255 0.0007345565992425 0.9988073821724918 0.9989554595936363
0.7206329624082352 -0.0003931857171242 0.0000598085781302 0.0007631607358189 0.9987766351072244 0.9989285154795515
0.7298256898616742 -0.0004032753145695 0.0000597989978189 0.0007927256310861 0.9987452572452652 0.9989010178284206
0.7390886262678141 -0.0004135710380115 0.0000597892220024 0.0008232782907200 0.9987132391279845 0.9988729583045217
0.7484219929579612 -0.0004240760728283 0.0000597792476693 0.0008548466324120 0.9986805708972407 0.9988443282200962
0.7578259422225040 -0.0004347935594659 0.0000597690718518 0.0008874589820857 0.9986472428365993 0.9988151190095872
0.7673006301744404 -0.0004457266733144 0.0000597586915490 0.0009211443177670 0.9986132451229872 0.9987853220119437
0.7768462475188445 -0.0004568786612915 0.0000597481036931 0.0009559323958297 0.9985785677130005 0.9987549283709060
0.7864629611879284 -0.0004682527750428 0.0000597373052121 0.0009918535573787 0.9985432005506978 0.9987239292170552
0.7961509493300056 -0.0004798523115319 0.0000597262929917 0.0010289388646683 0.9985071334414487 0.9986923155571809
0.8059103862613491 -0.0004916805956719 0.0000597150638919 0.0010672200583900 0.9984703561060115 0.9986600783216079
0.8157414037092556 -0.0005037409323752 0.0000597036147920 0.0011067294101944 0.9984328583296900 0.9986272084948773
0.8256442263400228 -0.0005160367728242 0.0000596919424332 0.0011475002783953 0.9983946294454373 0.9985936966625738
0.8356189951316310 -0.0005285714982941 0.0000596800436241 0.0011895664125696 0.9983556590060710 0.9985595336004985
0.8456658949864694 -0.0005413485772848 0.0000596679150907 0.0012329624816008 0.9983159362958013 0.9985247098464043
0.8557850893252359 -0.0005543714843250 0.0000596555535544 0.0012777238158911 0.9982754505827552 0.9984892159212840
0.8659767549731845 -0.0005676437441935 0.0000596429556894 0.0013238865686658 0.9982341909815778 0.9984530422088380
0.8762410148873138 -0.0005811688439406 0.0000596301182068 0.0013714874202657 0.9981921467270092 0.9984161791952522
0.8865780889334096 -0.0005949504310474 0.0000596170376658 0.0014205642855024 0.9981493065579647 0.9983786169291007
0.8969881133086532 -0.0006089920761454 0.0000596037106999 0.0014711554927974 0.9981056594552414 0.9983403456680524
0.9074712536532603 -0.0006232974218615 0.0000595901338746 0.0015233003193622 0.9980611941789010 0.9983013554731793
0.9180276865069154 -0.0006378701595328 0.0000595763037103 0.0015770389256644 0.9980158993407577 0.9982616362724110
0.9286575689774372 -0.0006527139876315 0.0000595622167216 0.0016324122155613 0.9979697635336959 0.9982211779738414
0.9393610383676980 -0.0006678326098300 0.0000595478694190 0.0016894618362702 0.9979227753377679 0.9981799704709952
0.9501383095453081 -0.0006832298734333 0.0000595332581775 0.0017482307166413 0.9978749228900534 0.9981380032655032
0.9609895168724040 -0.0006989095461387 0.0000595183794489 0.0018087622376608 0.9978261945785870 0.9980952660755609
0.9719148059606612 -0.0007148754444569 0.0000595032296395 0.0018711007252722 0.9977765786433158 0.9980517484858920
0.9829143669098945 -0.0007311314841568 0.0000594878050625 0.0019352916673871 0.9977260630194628 0.9980074398102429
0.9939883148243829 -0.0007476815045352 0.0000594721021047 0.0020013810363852 0.9976746358837211 0.9979623295703531
1.0051368466477009 -0.0007645295006281 0.0000594561170063 0.0020694162210610 0.9976222849327762 0.9979164068630143
1.0163601062561145 -0.0007816794229285 0.0000594398460508 0.0021394452455339 0.9975689980057806 0.9978696609059639
1.0276582884404262 -0.0007991353345939 0.0000594232854160 0.0022115174181494 0.9975147625959903 0.9978220806093732
1.0390315447847689 -0.0008169012680954 0.0000594064313100 0.0022856827618657 0.9974595662962947 0.9977736549665717
1.0504800211647851 -0.0008349812812165 0.0000593892799181 0.0023619922513419 0.9974033966253292 0.9977243729014015
1.0620038483002707 -0.0008533794415227 0.0000593718274175 0.0024404977586084 0.9973462410758352 0.9976742233105392
1.0736031889376663 -0.0008720999017233 0.0000593540699062 0.0025212523886554 0.9972880868806696 0.9976231948580659
1.0852781607765185 -0.0008911467761719 0.0000593360035195 0.0026043099644941 0.9972289213965875 0.9975712763120906
1.0970290127364020 -0.0009105244292558 0.0000593176241571 0.0026897263027673 0.9971687312085580 0.9975184557586377
1.1088558271137354 -0.0009302369880691 0.0000592989279452 0.0027775570970146 0.9971075036436690 0.9974647219300095
1.1207587830835193 -0.0009502887739946 0.0000592799108271 0.0028678598218683 0.9970452254306603 0.9974100630283521
1.1327380077710407 -0.0009706840565754 0.0000592605687968 0.0029606926602664 0.9969818834645712 0.9973544673965560
1.1447936437066693 -0.0009914271656313 0.0000592408977924 0.0030561150163511 0.9969174644586432 0.9972979232126300
1.1569259430093006 -0.0010125226573838 0.0000592208935391 0.0031541883134442 0.9968519544286150 0.9972404180368383
1.1691349344067647 -0.0010339747364978 0.0000592005520971 0.0032549733272672 0.9967853404876835 0.9971819403871710
1.1814208000824051 -0.0010557879082635 0.0000591798692428 0.0033585332188438 0.9967176088213229 0.9971224779615266
1.1937837141556982 -0.0010779667015643 0.0000591588407323 0.0034649322801143 0.9966487455477939 0.9970620183928667
1.2062238320180754 -0.0011005156488518 0.0000591374623199 0.0035742358496942 0.9965787367804718 0.9970005493037961
1.2187412926426282 -0.0011234392887845 0.0000591157297557 0.0036865103342118 0.9965075686197905 0.9969380582993610
1.2313362227488702 -0.0011467421725465 0.0000590936387797 0.0038018232487289 0.9964352271337731 0.9968745329498153
1.2440087439433209 -0.0011704288762035 0.0000590711851102 0.0039202432894273 0.9963616983198279 0.9968099607569292
1.2567590652001506 -0.0011945041758125 0.0000590483642780 0.0040418412363368 0.9962869675613822 0.9967443286766069
1.2695872933879377 -0.0012189726926889 0.0000590251719623 0.0041666881933991 0.9962110207292199 0.9966776240859125
1.2824936089230452 -0.0012438392238390 0.0000590016036777 0.0042948572679164 0.9961338431559686 0.9966098338822650
1.2954781181821327 -0.0012691084605279 0.0000589776550414 0.0044264221514336 0.9960554205098106 0.9965409452506492
1.3085409685544911 -0.0012947852084568 0.0000589533215639 0.0045614582635937 0.9959757381112860 0.9964709450633702
1.3216822636041206 -0.0013208742226046 0.0000589285988060 0.0047000419084243 0.9958947814460513 0.9963998203302956
1.3349022342684911 -0.0013473805479503 0.0000589034820560 0.0048422521058541 0.9958125351077997 0.9963275572699543
1.3482009888484274 -0.0013743090234876 0.0000588779667995 0.0049881679764147 0.9957289843375617 0.9962541426616965
1.3615786550877345 -0.0014016645621000 0.0000588520484546 0.0051378702334161 0.9956441141553892 0.9961795630826850
1.3750353301992422 -0.0014294520488852 0.0000588257224678 0.0052914406462568 0.9955579096760206 0.9961038051850827
1.3885712160748043 -0.0014576766214510 0.0000587989840490 0.0054489636129473 0.9954703552395628 0.9960268549318603
1.4021864342026600 -0.0014863432890549 0.0000587718285322 0.0056105240805426 0.9953814355932750 0.9959486986351349
1.4158810870594294 -0.0015154570556768 0.0000587442512587 0.0057762082222247 0.9952911355099048 0.9958693226206341
1.4296553838394244 -0.0015450231893042 0.0000587162473227 0.0059461049990059 0.9951994389527399 0.9957887124934992
1.4435093882644465 -0.0015750466838978 0.0000586878120803 0.0061203031050187 0.9951063307445800 0.9957068546051845
1.4574432874268353 -0.0016055328354145 0.0000586589406044 0.0062988942901119 0.9950117947814704 0.9956237344829599
1.4714572149200569 -0.0016364868622141 0.0000586296280443 0.0064819711975091 0.9949158152102230 0.9955393378648415
1.4855512619022539 -0.0016679139243561 0.0000585998696073 0.0066696274665651 0.9948183763687055 0.9954536506469835
1.4997255770295006 -0.0016998193451905 0.0000585696603490 0.0068619590669599 0.9947194620990242 0.9953666582794970
1.5139803074879843 -0.0017322084829012 0.0000585389952949 0.0070590635687367 0.9946190561461375 0.9952783461166776
1.5283155426458883 -0.0017650866006086 0.0000585078695638 0.0072610393596341 0.9945171425607520 0.9951886997711822
1.5427314411814326 -0.0017984591559108 0.0000584762780933 0.0074679874304020 0.9944137048020339 0.9950977043245566
1.5572281252053839 -0.0018323315598759 0.0000584442158686 0.0076800099247450 0.9943087264849939 0.9950053449843631
1.5718057470014084 -0.0018667093312889 0.0000584116777759 0.0078972111140026 0.9942021909026760 0.9949116066635975
1.5864644272183743 -0.0019015979522326 0.0000583786587397 0.0081196965128490 0.9940940814740320 0.9948164743744691
1.6012042888077369 -0.0019370029465985 0.0000583451536483 0.0083475733854286 0.9939843815008663 0.9947199330143244
1.6160254632212971 -0.0019729298954936 0.0000583111573394 0.0085809508676125 0.9938730741204117 0.9946219673236308
1.6309280212857729 -0.0020093842683852 0.0000582766647600 0.0088199388814534 0.9937601428287310 0.9945225623464126
1.6459121494509470 -0.0020463718534313 0.0000582416705592 0.0090646509709841 0.9936455701478888 0.9944217022568124
1.6609779718094801 -0.0020838983251374 0.0000582061694975 0.0093152015083316 0.9935293389657077 0.9943193715380061
1.6761255899354421 -0.0021219693380323 0.0000581701563580 0.0095717063030449 0.9934114322457750 0.9942155547267763
1.6913551291952873 -0.0021605906421417 0.0000581336258375 0.0098342833941844 0.9932918326701168 0.9941102360986280
1.7066667224067988 -0.0021997680437323 0.0000580965725838 0.0101030528187716 0.9931705227611635 0.9940033997748294
1.7220604982283665 -0.0022395073761174 0.0000580589912230 0.0103781364359920 0.9930474849725094 0.9938950298020249
1.7375365645220964 -0.0022798144557213 0.0000580208764015 0.0106596576372890 0.9929227018252562 0.9937851102720534
1.7530950340607039 -0.0023206951475774 0.0000579822227243 0.0109477418146033 0.9927961557055455 0.9936736251433400
1.7687360511111316 -0.0023621554367083 0.0000579430246869 0.0112425168952585 0.9926678286440153 0.9935605580462347
1.7844596943917421 -0.0024042011712133 0.0000579032769192 0.0115441115389332 0.9925377031113692 0.9934458929836465
1.8002661247025802 -0.0024468384546081 0.0000578629738141 0.0118526579559841 0.9924057608044274 0.9933296132610890
1.8161553811277178 -0.0024900730985678 0.0000578221100449 0.0121682879862798 0.9922719843400998 0.9932117029791495
1.8321276743368211 -0.0025339114170756 0.0000577806798153 0.0124911388899418 0.9921363547983738 0.9930921448676947
1.8481830818261238 -0.0025783593994817 0.0000577386776406 0.0128213473491923 0.9919988542815193 0.9929709225411206
1.8643217370873657 -0.0026234232251884 0.0000576960978614 0.0131590532476984 0.9918594643219549 0.9928480190947034
1.8805436530361366 -0.0026691087709765 0.0000576529351097 0.0135043960024144 0.9917181674065900 0.9927234184482904
1.8968490490383534 -0.0027154225293253 0.0000576091834407 0.0138575215067600 0.9915749441369363 0.9925971028417391
1.9132380153596047 -0.0027623706680941 0.0000575648372219 0.0142185750808539 0.9914297761379617 0.9924690553994955
1.9297106450476385 -0.0028099593975362 0.0000575198907863 0.0145877042343031 0.9912826449232328 0.9923392591296498
1.9462670628557521 -0.0028581950552620 0.0000574743383520 0.0149650593582089 0.9911335316327340 0.9922076966922168
1.9629073168372539 -0.0029070837903173 0.0000574281743211 0.0153507912751032 0.9909824180099318 0.9920743512608275
1.9796315827995343 -0.0029566321619925 0.0000573813927140 0.0157450559712263 0.9908292845512506 0.9919392048894923
1.9964399481308650 -0.0030068465071526 0.0000573339877674 0.0161480096471234 0.9906741124622134 0.9918022402382357
2.0133325077881494 -0.0030577332196425 0.0000572859536699 0.0165598109240232 0.9905168827941645 0.9916634398110478
2.0303093591148125 -0.0031092987354234 0.0000572372845769 0.0169806207521321 0.9903575764907114 0.9915227859964493
2.0473706227496913 -0.0031615495971707 0.0000571879745494 0.0174106029696601 0.9901961741887002 0.9913802608913131
2.0645164325527365 -0.0032144924259893 0.0000571380175809 0.0178499241147891 0.9900326563062191 0.9912358463780365
2.0817468471708320 -0.0032681336466861 0.0000570874078567 0.0182987511557822 0.9898670038915464 0.9910895248739660
2.0990619716082737 -0.0033224798613259 0.0000570361394017 0.0187572545984990 0.9896991974698222 0.9909412783124759
2.1164618882401443 -0.0033775375372200 0.0000569842062858 0.0192256067373494 0.9895292177021683 0.9907910887247043
2.1324104869250204 -0.0034283934740560 0.0000569362410570 0.0196616403502239 0.9893722267781744 0.9906523551516689
2.1499773161880054 -0.0034848432618076 0.0000568830065395 0.0201494418408154 0.9891979915646107 0.9904983595728187
2.1676248265520237 -0.0035420099306550 0.0000568291030592 0.0206474878320283 0.9890215691852351 0.9903424060660936
2.1853575315498741 -0.0035999143635916 0.0000567745112060 0.0211560822445315 0.9888428962028415 0.9901844375983068
2.2031755185178739 -0.0036585633115715 0.0000567192249052 0.0216754095738763 0.9886619528299878 0.9900244356879813
2.2210788879891710 -0.0037179636034631 0.0000566632380163 0.0222056572198290 0.9884787190667628 0.9898623816407768
2.2390677385786177 -0.0037781220970239 0.0000566065443797 0.0227470150828581 0.9882931748526776 0.9896982566832853
2.2571421709583572 -0.0038390456920911 0.0000565491378042 0.0232996757062036 0.9881053000265848 0.9895320419270994
2.2753022619412602 -0.0039007412424522 0.0000564910121504 0.0238638334936115 0.9879150745990205 0.9893637186093122
2.2935480924492393 -0.0039632156487798 0.0000564321612428 0.0244396855639875 0.9877224784661588 0.9891932678390362
2.3118797505588611 -0.0040264758696967 0.0000563725788602 0.0250274318831801 0.9875274913763731 0.9890206705672742
2.3302973600154209 -0.0040905290222596 0.0000563122586409 0.0256272762415255 0.9873300926212981 0.9888459073128187
2.3488009603349518 -0.0041553819649146 0.0000562511944757 0.0262394223722788 0.9871302623217363 0.9886689593001924
2.3673906202095063 -0.0042210416881391 0.0000561893801401 0.0268640775979134 0.9869279802241985 0.9884898073939096
2.3860665175286879 -0.0042875156042647 0.0000561268090220 0.0275014556804447 0.9867232248091879 0.9883084313077378
2.4048286437886079 -0.0043548104981501 0.0000560634751092 0.0281517668119890 0.9865159765242689 0.9881248124678867
2.4236771457382442 -0.0044229337410640 0.0000559993718475 0.0288152292579915 0.9863062140455831 0.9879389307009869
2.4426120776927651 -0.0044918924065606 0.0000559344929726 0.0294920608794049 0.9860939170017049 0.9877507666465545
2.4616334327202667 -0.0045616933725450 0.0000558688324145 0.0301824800448023 0.9858790656593277 0.9875603014786428
2.4807414179234990 -0.0046323443343403 0.0000558023833443 0.0308867157034775 0.9856616378059292 0.9873675141415804
2.4999360175493344 -0.0047038522008101 0.0000557351396834 0.0316049915387343 0.9854416136873038 0.9871723857265604
2.5192173818462011 -0.0047762245281558 0.0000556670947553 0.0323375402449443 0.9852189715955437 0.9869748955593238
2.5385855622764630 -0.0048494685381259 0.0000555982422088 0.0330845937377080 0.9849936908910663 0.9867750238793261
2.5580406159881552 -0.0049235915035611 0.0000555285756557 0.0338463870132631 0.9847657508168328 0.9865727507878091
2.5775826220714917 -0.0049986008117564 0.0000554580886117 0.0346231588384538 0.9845351303044148 0.9863680560750083
2.5972116583844707 -0.0050745038775801 0.0000553867745779 0.0354151508972259 0.9843018082420999 0.9861609194573585
2.6169277780316795 -0.0051513080512864 0.0000553146271283 0.0362226068403576 0.9840657637590110 0.9859513208292097
2.6367310880077461 -0.0052290209246497 0.0000552416396215 0.0370457755263036 0.9838269752850839 0.9857392394275231
2.6566216070834785 -0.0053076497748342 0.0000551678057244 0.0378849051716436 0.9835854222608886 0.9855246553497078
2.6765994414109313 -0.0053872022533917 0.0000550931187644 0.0387402506727486 0.9833410830214140 0.9853075476734684
2.6966646418498854 -0.0054676858245139 0.0000550175722577 0.0396120676596631 0.9830939365228812 0.9850878959899998
2.7168172910072621 -0.0055491081098673 0.0000549411595856 0.0405006162094781 0.9828439612843691 0.9848656794630634
2.7370574188752950 -0.0056314765486165 0.0000548638743140 0.0414061571700550 0.9825911364325752 0.9846408777570078
2.7573851040969011 -0.0057147988062051 0.0000547857098099 0.0423289566412663 0.9823354404477195 0.9844134699213070
2.7778003951291663 -0.0057990824548033 0.0000547066595412 0.0432692825002728 0.9820768521454557 0.9841834352628603
2.7983033533715527 -0.0058843351487503 0.0000546267169133 0.0442274063537188 0.9818153501393223 0.9839507528673602
2.8188940469879382 -0.0059705646004336 0.0000545458752908 0.0452036033086824 0.9815509129158638 0.9837154016653099
2.8395725133398648 -0.0060577784222276 0.0000544641281469 0.0461981501989848 0.9812835193202802 0.9834773608636351
2.8603388210245408 -0.0061459843862525 0.0000543814688200 0.0472113285494741 0.9810131477608416 0.9832366092369154
2.8811930811948243 -0.0062351904775732 0.0000542978904637 0.0482434252712758 0.9807397760473805 0.9829931249823745
2.9021352724531742 -0.0063254041436088 0.0000542133867509 0.0492947239839184 0.9804633836923712 0.9827468877688159
2.9231654307581540 -0.0064166331007211 0.0000541279511181 0.0503655143021518 0.9801839494395879 0.9824978765353293
2.9442836282850680 -0.0065088852501165 0.0000540415768445 0.0514560909616916 0.9799014515235717 0.9822460697210451
2.9654899575204627 -0.0066021686130701 0.0000539542571133 0.0525667531342663 0.9796158678696048 0.9819914454421701
2.9867844267754919 -0.0066964908695658 0.0000538659854435 0.0536977989379259 0.9793271775070864 0.9817339827515695
3.0081670519306209 -0.0067918597559274 0.0000537767553185 0.0548495301215608 0.9790353593526585 0.9814736605536919
3.0296379147161048 -0.0068882833284943 0.0000536865599389 0.0560222553173290 0.9787403914049451 0.9812104568850880
3.0511970707315230 -0.0069857650493944 0.0000535953927878 0.0572162851828140 0.9784422519801823 0.9809443500187419
3.0713613581216439 -0.0070775421483306 0.0000535095798848 0.0583481044142824 0.9781616286823533 0.9806938099803986
3.0930948620133822 -0.0071771142759247 0.0000534165006950 0.0595843875842203 0.9778572505421210 0.9804219877620126
3.1149130479781397 -0.0072777551138938 0.0000533224459808 0.0608426925862820 0.9775496899597168 0.9801472453157277
3.1368196907643613 -0.0073794897113442 0.0000532273931399 0.0621235536397223 0.9772388732826681 0.9798695143051942
3.1588147780744085 -0.0074823258451110 0.0000531313357373 0.0634272943178902 0.9769247797317094 0.9795887735526063
3.1808983949207748 -0.0075862717705717 0.0000530342669098 0.0647542473888504 0.9766073871347926 0.9793050005812346
3.2030705315321977 -0.0076913353236322 0.0000529361802059 0.0661047434533057 0.9762866746711963 0.9790181740673348
3.2253311990094322 -0.0077975244591830 0.0000528370690828 0.0674791177618220 0.9759626212279146 0.9787282723705429
3.2476805104483559 -0.0079048476451475 0.0000527369265392 0.0688777154293944 0.9756352041994159 0.9784352724584494
3.2701184114449133 -0.0080133125716344 0.0000526357463205 0.0703008746792021 0.9753044034275123 0.9781391534310786
3.2926449525405874 -0.0081229274541704 0.0000525335217029 0.0717489437788846 0.9749701972261883 0.9778398929633828
3.3152600939874288 -0.0082337000909828 0.0000524302463731 0.0732222687040672 0.9746325652582366 0.9775374698793464
3.3379639706118356 -0.0083456391585238 0.0000523259132209 0.0747212103654922 0.9742914845876961 0.9772318606154702
3.3607565456663031 -0.0084587525161439 0.0000522205159202 0.0762461220832321 0.9739469348486184 0.9769230438496546
3.3836378750288709 -0.0085730485022637 0.0000521140477208 0.0777973668758275 0.9735988942961405 0.9766109969629326
3.4066078840188463 -0.0086885348235846 0.0000520065024843 0.0793753024588196 0.9732473431909784 0.9762956990725579
3.4296666719583997 -0.0088052200798658 0.0000518978732635 0.0809803020069472 0.9728922591583686 0.9759771268695769
3.4528142460270583 -0.0089231124324150 0.0000517881535437 0.0826127360732371 0.9725336212438366 0.9756552582545625
3.4760505986375527 -0.0090422199868335 0.0000516773368862 0.0842729777484307 0.9721714087486498 0.9753300712931605
3.4993757301631931 -0.0091625509081160 0.0000515654168217 0.0859614042630057 0.9718056008811148 0.9750015439023610
3.5227896820151852 -0.0092841135941510 0.0000514523866892 0.0876783994804663 0.9714361762311691 0.9746696533773364
3.5462924433458092 -0.0094069161934168 0.0000513382400852 0.0894243471333308 0.9710631142380344 0.9743343777087724
3.5698840317042984 -0.0095309670216937 0.0000512229704769 0.0911996366968447 0.9706863939251381 0.9739956944457234
3.5935644326894627 -0.0096562742463715 0.0000511065714954 0.0930046589116349 0.9703059948607312 0.9736535815580916
3.6173336953245121 -0.0097828463905119 0.0000509890364686 0.0948398130524391 0.9699218956292617 0.9733080160610329
3.6411917470960633 -0.0099106913491796 0.0000508703593347 0.0967054927006985 0.9695340768183527 0.9729589767011669
3.6651386211314567 -0.0100398175977651 0.0000507505335209 0.0986021032584027 0.9691425173534580 0.9726064406582553
3.6891743367802343 -0.0101702335597169 0.0000506295525309 0.1005300528517889 0.9687471964189606 0.9722503852720593
3.7074365227073827 -0.0102698653452160 0.0000505371568898 0.1020112600190646 0.9684452908378792 0.9719783767585394
3.7256987086345310 -0.0103699576378411 0.0000504443520917 0.1035066643574523 0.9681420551787465 0.9717050914106131
3.7466049707643330 -0.0104851150763190 0.0000503376088166 0.1052360873368104 0.9677932858333089 0.9713906723475302
3.7709480196602168 -0.0106199750440056 0.0000502126441999 0.1072734777719468 0.9673849940387457 0.9710224607251511
3.7953722215493726 -0.0107561184689508 0.0000500865359169 0.1093433901936363 0.9669729802167939 0.9706507474231646
3.8198851862579688 -0.0108935957814100 0.0000499592386914 0.1114468840230487 0.9665570968911488 0.9702753951721752
3.8444868871896345 -0.0110324152506500 0.0000498307463527 0.1135843872188351 0.9661373243651410 0.9698963818386387
3.8691773124966113 -0.0111725852443181 0.0000497010526707 0.1157563327225378 0.9657136427576430 0.9695136850434436
3.8939563962929689 -0.0113141138368674 0.0000495701517189 0.1179631523846317 0.9652860331883564 0.9691272832317921
3.9188242036649004 -0.0114570098664764 0.0000494380368972 0.1202052934590176 0.9648544745864769 0.9687371527884112
3.9437806858851507 -0.0116012815383879 0.0000493047022245 0.1224831968597661 0.9644189479128267 0.9683432718515678
3.9688257968411249 -0.0117469370842740 0.0000491701417287 0.1247973073602328 0.9639794341684857 0.9679456185136952
3.9939595047989465 -0.0118939848316763 0.0000490343493838 0.1271480747206929 0.9635359141874839 0.9675441706326974
4.0191817617710148 -0.0120424330256575 0.0000488973192748 0.1295359508589361 0.9630883691769612 0.9671389063197542
4.0444925724250789 -0.0121922902351258 0.0000487590452232 0.1319613964063100 0.9626367794944252 0.9667298028309842
4.0698918626797882 -0.0123435645771389 0.0000486195215039 0.1344248681985845 0.9621811269879196 0.9663168386860241
4.0953796277428305 -0.0124962645925557 0.0000484787420373 0.1369268334411654 0.9617213923592346 0.9658999912785046
4.1209558020581047 -0.0126503984722017 0.0000483367011041 0.1394677571249513 0.9612575574970900 0.9654792389895399
4.1466203717821468 -0.0128059747299366 0.0000481933927250 0.1420481130465399 0.9607896034527422 0.9650545593513695
4.1723732832095433 -0.0129630016518399 0.0000480488111692 0.1446683747501966 0.9603175121000194 0.9646259305520157
4.1982145030591775 -0.0131214876599553 0.0000479029506199 0.1473290215356342 0.9598412650430593 0.9641933304434110
4.2241439041076534 -0.0132814406084073 0.0000477558058224 0.1500305266003239 0.9593608457330930 0.9637567384637618
4.2501615351141222 -0.0134428694462108 0.0000476073705550 0.1527733850847814 0.9588762344758862 0.9633161310999883
4.2694855911054805 -0.0135633631053836 0.0000474966129065 0.1548315337387390 0.9585146459997785 0.9629872408811599
4.2888096470968389 -0.0136843657076642 0.0000473854210764 0.1569076128363746 0.9581516514385234 0.9626569556451926
4.3150604556830832 -0.0138495643464746 0.0000472336779925 0.1597567113648272 0.9576562936216907 0.9622060464508506
4.3413845548554786 -0.0140161747711735 0.0000470807101066 0.1626472861220045 0.9571569603869199 0.9617512987252933
4.3677966002108501 -0.0141842976359943 0.0000469264271199 0.1655814250918230 0.9566533576207286 0.9612924387893644
4.3942965081082788 -0.0143539411117356 0.0000467708237475 0.1685596293863033 0.9561454687523699 0.9608294454444167
4.4208841771190404 -0.0145251132605306 0.0000466138948482 0.1715824015783436 0.9556332776931701 0.9603622978328753
4.4475595522405076 -0.0146978224495854 0.0000464556350460 0.1746502530081954 0.9551167676010510 0.9598909743104146
4.4743226140134826 -0.0148720772886696 0.0000462960387889 0.1777637028136836 0.9545959210722582 0.9594154526180412
4.5011732347295519 -0.0150478856926008 0.0000461351012078 0.1809232611508428 0.9540707229457894 0.9589357124418221
4.5281113442296261 -0.0152252559562215 0.0000459728171326 0.1841294483091387 0.9535411570915139 0.9584517324807003
4.5551368547185405 -0.0154041962658666 0.0000458091815404 0.1873827859923267 0.9530072078732529 0.9579634917810941
4.5822496193527025 -0.0155847144197424 0.0000456441898114 0.1906837921227273 0.9524688609840879 0.9574709705011755
4.6094496440720301 -0.0157668192392603 0.0000454778364398 0.1940330066559772 0.9519260992403409 0.9569741460617337
4.6367368126713515 -0.0159505187415214 0.0000453101167050 0.1974309582081548 0.9513789080352509 0.9564729981339236
4.6641110359603557 -0.0161358211293025 0.0000451410257677 0.2008781820872796 0.9508272723883243 0.9559675059396915
4.6915722158207807 -0.0163227345509111 0.0000449705588897 0.2043752158720587 0.9502711776639354 0.9554576489085417
4.7191202012625464 -0.0165112667971251 0.0000447987117107 0.2079225936499401 0.9497106104743918 0.9549434075057162
4.7351319210603631 -0.0166213115279665 0.0000446984431004 0.2100025925740490 0.9493835461732694 0.9546432402928644
4.7504449228079517 -0.0167268743765736 0.0000446022851884 0.2120043526138745 0.9490698996167861 0.9543552960181878
4.7782032534171881 -0.0169190402090540 0.0000444273179009 0.2156643309704604 0.9484992183287724 0.9538311503876102
4.8060228406358707 -0.0171126754633162 0.0000442511146476 0.2193730603543210 0.9479245379606519 0.9533030316366025
4.8339288291574025 -0.0173079625741744 0.0000440735122195 0.2231344051814944 0.9473453270619696 0.9527704440885748
4.8619210915741524 -0.0175049094981672 0.0000438945063711 0.2269489192111448 0.9467615726972082 0.9522333680525524
4.8899995262036189 -0.0177035243762170 0.0000437140927466 0.2308171628783879 0.9461732615855415 0.9516917834053283
4.9181639860193593 -0.0179038150319890 0.0000435322673356 0.2347396935220438 0.9455803815900048 0.9511456709612320
4.9464143212171630 -0.0181057892686737 0.0000433490262045 0.2387170710520017 0.9449829208397044 0.9505950116645742
4.9747504024990343 -0.0183094550365018 0.0000431643653451 0.2427498612414474 0.9443808672375636 0.9500397861348883
5.0031721217204019 -0.0185148204416073 0.0000429782806680 0.2468386359601966 0.9437742084386576 0.9494799746448974
5.0316793390684698 -0.0187218933656660 0.0000427907683482 0.2509839656004086 0.9431629329773230 0.9489155581594069
5.0602718453606421 -0.0189306811841224 0.0000426018250803 0.2551864132422404 0.9425470310988496 0.9483465191049997
5.0889495607340676 -0.0191411922154872 0.0000424114467676 0.2594465637594938 0.9419264904865486 0.9477728374220353
5.1177123340815038 -0.0193534342626813 0.0000422196298435 0.2637649945496007 0.9413013005700346 0.9471944945425176
5.1324907340471491 -0.0194629155831386 0.0000421207343983 0.2660016588854493 0.9409789858118842 0.9468961890496935
5.1472691340127943 -0.0195726748197692 0.0000420216097973 0.2682504694983976 0.9406559329054390 0.9465971029463790
5.1653456046656041 -0.0197073248420448 0.0000419000520022 0.2710176968997437 0.9402597834547881 0.9462302098595521
5.1943544975554934 -0.0199243217383786 0.0000417042624958 0.2754966950018559 0.9396217514825196 0.9456389883887213
5.2234264133865356 -0.0201429169816688 0.0000415071665782 0.2800328048921225 0.9389795048879422 0.9450434753150451
5.2525826553293991 -0.0203632784324835 0.0000413086165088 0.2846299118459915 0.9383325633386749 0.9444432163440426
5.2818229843808142 -0.0205854132140381 0.0000411086096915 0.2892885946059510 0.9376809195280525 0.9438381952403974
5.3111472225406038 -0.0208093289057509 0.0000409071431873 0.2940094438765452 0.9370245650513929 0.9432283946263211
5.3405551772023401 -0.0210350329737832 0.0000407042142286 0.2987930504405553 0.9363634920817888 0.9426137975352256
5.3700466271598213 -0.0212625326604076 0.0000404998203192 0.3036400026961007 0.9356976936957886 0.9419943877151676
5.3996213589898518 -0.0214918352616542 0.0000402939589851 0.3085508924555735 0.9350271630625391 0.9413701488751348
5.4292792784579706 -0.0217229489996350 0.0000400866269937 0.3135263337642230 0.9343518909000594 0.9407410623133454
5.4590200674564446 -0.0219558803528893 0.0000398778227500 0.3185669054571995 0.9336718732804472 0.9401071141867834
5.4888435211353306 -0.0221906366731407 0.0000396675439485 0.3236732072086770 0.9329871039823595 0.9394682883902359
5.5080802185177387 -0.0223426703855493 0.0000395314373969 0.3269944428206470 0.9325439005048898 0.9390545808836447
5.5266893429661961 -0.0224902016916590 0.0000393994194392 0.3302279653983087 0.9321140298967855 0.9386531383761691
5.5567209857125306 -0.0227292555741087 0.0000391856392602 0.3354891986416775 0.9314179718050427 0.9380027341035708
5.5868129807753348 -0.0229699855703226 0.0000389705312777 0.3408143621869925 0.9307176440598238 0.9373478678968235
5.6169866864710949 -0.0232125702153487 0.0000387539403490 0.3462078225973452 0.9300125428770840 0.9366880583399884
5.6472418265291520 -0.0234570162494571 0.0000385358651014 0.3516701768138576 0.9293026651804719 0.9360232915889156
5.6775781146513120 -0.0237033303205819 0.0000383163043226 0.3572020213329637 0.9285880084376893 0.9353535541811203
5.7079953592482822 -0.0239515198396103 0.0000380952562002 0.3628039714561346 0.9278685681846197 0.9346788307134356
5.7384932016726236 -0.0242015908483716 0.0000378727202216 0.3684766131848751 0.9271443442106846 0.9339991096412381
5.7690713636470843 -0.0244535500304805 0.0000376486953831 0.3742205483487301 0.9264153347285743 0.9333143778138827
5.7997295992627107 -0.0247074043297176 0.0000374231805320 0.3800363861477856 0.9256815374890418 0.9326246215160122
5.8146648258724127 -0.0248315178594897 0.0000373129940741 0.3828902716649014 0.9253230268133257 0.9322874350288410
5.8230960376210348 -0.0249017117675298 0.0000372506976051 0.3845073409217046 0.9251203409963048 0.9320967488470751
5.8315272493696568 -0.0249719880217297 0.0000371883337693 0.3861287441833028 0.9249174390966377 0.9319058187801998
5.8623815302838871 -0.0252299621032392 0.0000369595342859 0.3920993406974203 0.9241730761566955 0.9312050269825997
5.8932810104415685 -0.0254895665935603 0.0000367294944146 0.3981371243340049 0.9234247421256234 0.9304999432741855
5.9242593153964096 -0.0257510908958290 0.0000364979626988 0.4042492307557583 0.9226716204846181 0.9297897871099693
5.9553161276515407 -0.0260145412892860 0.0000362649389840 0.4104362599469015 0.9219137123456391 0.9290745472865373
5.9864510341611838 -0.0262799232261920 0.0000360304239332 0.4166987931908797 0.9211510215025570 0.9283542150043876
6.0176637142994238 -0.0265472429267856 0.0000357944176169 0.4230374304451535 0.9203835498457463 0.9276287795408740
6.0489537476762747 -0.0268165057412050 0.0000355569209611 0.4294527515897861 0.9196113020725077 0.9268982326995118
6.0803207504148284 -0.0270877173109561 0.0000353179347225 0.4359453437352714 0.9188342823516584 0.9261625656604157
6.1117643551971694 -0.0273608834034463 0.0000350774596352 0.4425157973291807 0.9180524948046408 0.9254217694331087
6.1306780956106586 -0.0275258033982055 0.0000349323768046 0.4464980029875145 0.9175808618750336 0.9249745664927757
6.1495918360241477 -0.0276911795347104 0.0000347869692282 0.4505027943650534 0.9171081984843701 0.9245261602135015
6.1812253054434718 -0.0279688176476044 0.0000345430490847 0.4572514614041098 0.9163153697901990 0.9237735098016389
6.2129114740205980 -0.0282482284378052 0.0000342978180659 0.4640750524694302 0.9155183572906342 0.9230162422654482
6.2446725240886094 -0.0285296150216350 0.0000340511038013 0.4709789443953561 0.9147166025269673 0.9222538142519578
6.2765079410707587 -0.0288129817440696 0.0000338029087284 0.4779636930682587 0.9139101152800750 0.9214862215085339
6.3084172433259509 -0.0290983332106263 0.0000335532351466 0.4850298601017269 0.9130989049075452 0.9207134592645457
6.3403999250942622 -0.0293856737813289 0.0000333020856618 0.4921780002879581 0.9122829817871331 0.9199355236054827
6.3724554845285040 -0.0296750078201936 0.0000330494629685 0.4994086676261174 0.9114623566086500 0.9191524108002301
6.3898950868594575 -0.0298329808046554 0.0000329116483022 0.5033703905930081 0.9110147120833952 0.9187249348535107
6.4073346891904110 -0.0299913242596168 0.0000327735701021 0.5073518390618749 0.9105662330633006 0.9182964534571112
6.4262317711732750 -0.0301633471025129 0.0000326236544785 0.5116883358428866 0.9100793346381817 0.9178310289456618
6.4585027764967000 -0.0304581901560375 0.0000323669264952 0.5191476399365683 0.9092455992050775 0.9170334903496090
6.4908215496202741 -0.0307548290889179 0.0000321089209982 0.5266861365420972 0.9084078043969493 0.9162313369063100
6.5232105909677109 -0.0310534777576703 0.0000318494585861 0.5343096619740501 0.9075653696211798 0.9154239990223706
6.5556692942353481 -0.0313541393472004 0.0000315885434885 0.5420187328185992 0.9067183106901324 0.9146114772567827
6.5881970005796013 -0.0316568165103721 0.0000313261804884 0.5498138499423872 0.9058666452386733 0.9137937738181102
6.6207930295877651 -0.0319615116480130 0.0000310623746789 0.5576955053597451 0.9050103919308593 0.9129708918093378
6.6379949142903660 -0.0321228660389158 0.0000309227985315 0.5618832734777396 0.9045573987012560 0.9125352387737878
6.6551967989929670 -0.0322845796818224 0.0000307829771952 0.5660906931770175 0.9041036329873643 0.9120986241888628
6.6711280910354791 -0.0324346899937850 0.0000306532645982 0.5700048926131716 0.9036826974750408 0.9116934028688387
6.7039228940000166 -0.0327447341022011 0.0000303855888239 0.5781155800907259 0.9028141265830844 0.9108566594440923
6.7367554554276614 -0.0330565373782932 0.0000301167187875 0.5863075840425330 0.9019417819184775 0.9100154679614705
6.7696530153867052 -0.0333703653092787 0.0000298464327040 0.5945882511725515 0.9010649460211725 0.9091691223309015
6.8026148399599924 -0.0336862194535795 0.0000295747368781 0.6029580355092171 0.9001836416153408 0.9083176291022951
6.8356400011333518 -0.0340040994407542 0.0000293016393612 0.6114173362330004 0.8992978971150669 0.9074610002525939
6.8687276459164863 -0.0343240055175286 0.0000290271477417 0.6199665652405877 0.8984077394509540 0.9065992462651615
6.9022434863965367 -0.0346494478291302 0.0000287482168111 0.6287020817504158 0.8975032886525295 0.9057227725039094
6.9354538011095910 -0.0349733663438409 0.0000284709511115 0.6374332757765563 0.8966043498930207 0.9048507554397319
6.9687243847297733 -0.0352993134089260 0.0000281923121119 0.6462556927995193 0.8957010723317724 0.9039736379389778
7.0020536115180256 -0.0356272814038307 0.0000279123144718 0.6551695140442715 0.8947935059113792 0.9030914525992332
7.0354404822638603 -0.0359572687085550 0.0000276309677901 0.6641750767503669 0.8938816841855406 0.9022042160931808
7.0688838598869319 -0.0362892722355084 0.0000273482829932 0.6732726723752847 0.8929656450302383 0.9013119492715388
7.0809921159474429 -0.0364098346573676 0.0000272457247025 0.6765854689823250 0.8926333349191540 0.9009880328101646
7.0931003720079540 -0.0365305670619143 0.0000271430553374 0.6799083765926680 0.8923006775601492 0.9006636549609199
7.1266708186765868 -0.0368663010477634 0.0000268578182502 0.6891741798647504 0.8913765691737884 0.8997618996204119
7.1602626427101868 -0.0372037212609357 0.0000265715454278 0.6985239585904828 0.8904492296579991 0.8988560320065743
7.1939065927464592 -0.0375431423255669 0.0000262839779305 0.7079667309555318 0.8895178225808748 0.8979452202373003
7.2276013492756324 -0.0378845587093956 0.0000259951290688 0.7175026894281614 0.8885823936156430 0.8970294927651682
7.2613454836909748 -0.0382279636197320 0.0000257050132766 0.7271319833501707 0.8876429920881930 0.8961088816464328
7.2810724055905442 -0.0384294033943825 0.0000255350223358 0.7327981626883506 0.8870926176954127 0.8955690515957632
7.2998965738748609 -0.0386220712259841 0.0000253725458857 0.7382304511181207 0.8865666107154958 0.8950528006095505
7.3337623641956737 -0.0389698600770828 0.0000250795903866 0.7480660437520469 0.8856182912886718 0.8941212735909116
7.3676527545142800 -0.0393194057878897 0.0000247855897921 0.7579894887497168 0.8846667254395010 0.8931855246704750
7.4015863502264132 -0.0396709061281032 0.0000244903862856 0.7680066732871632 0.8837114049047090 0.8922450387141122
7.4355615403392292 -0.0400243515038142 0.0000241939968850 0.7781176217174612 0.8827523874207338 0.8912998563440683
7.4498361556022203 -0.0401733033176469 0.0000240692248887 0.7823900902731029 0.8823487091829594 0.8909016840653541
7.4581845135228475 -0.0402605403297166 0.0000239961865320 0.7848954902197068 0.8821124179086351 0.8906685281763459
7.4665328714434747 -0.0403478583215868 0.0000239230994967 0.7874058325652867 0.8818759761856926 0.8904351591319455
7.4741051519316475 -0.0404271339509148 0.0000238567645063 0.7896870862106817 0.8816613846509948 0.8902233002204699
7.5081796312642446 -0.0407847989300635 0.0000235577660716 0.8000028945548235 0.8806942235050933 0.8892677909999811
7.5422740882485542 -0.0411442026629447 0.0000232577815651 0.8104074424287919 0.8797240200132449 0.8883081810290641
7.5764025916480575 -0.0415054988439776 0.0000229566914757 0.8209054102874098 0.8787503902580828 0.8873440753377786
7.6105631069718500 -0.0418686722273307 0.0000226545176317 0.8314966025628008 0.8777734075379378 0.8863755305777108
7.6263558534833358 -0.0420370916541626 0.0000225145503863 0.8364212647882499 0.8773209198587367 0.8859265699353566
7.6373496778358172 -0.0421545168393605 0.0000224170152927 0.8398600348810669 0.8770056250081597 0.8856135898693308
7.6483435021882986 -0.0422720925060141 0.0000223193987383 0.8433074792182316 0.8766900814277153 0.8853002452528455
7.6825889961925418 -0.0426393616716295 0.0000220148030184 0.8541018445661783 0.8757055852350798 0.8843218514581469
7.7168358263339156 -0.0430081969517889 0.0000217094091149 0.8649810470279985 0.8747186673824640 0.8833398946152849
7.7511056276376857 -0.0433788351881333 0.0000214030295470 0.8759522322297187 0.8737287245574490 0.8823537601978125
7.7853959463633746 -0.0437512550754878 0.0000210956910605 0.8870149571421797 0.8727358458948492 0.8813635216983005
7.7981144770269690 -0.0438897708713350 0.0000209815016884 0.8911398485802543 0.8723669885116916 0.8809953433140414
7.8102766869857669 -0.0440224200200047 0.0000208722087704 0.8950952819642823 0.8720139676287578 0.8806428187948832
7.8446152664169482 -0.0443980011038864 0.0000205631145631 0.9063209342489559 0.8710156927801853 0.8796451329667943
7.8789491446956257 -0.0447751004615229 0.0000202533021399 0.9176307542528207 0.8700152666971011 0.8786440858138390
7.9132937560627328 -0.0451538906263738 0.0000199426383538 0.9290300236015862 0.8690122619787609 0.8776392360499303
7.9271637873528649 -0.0453073111497939 0.0000198169646661 0.9336580025058259 0.8686065624869486 0.8772324414561764
7.9360073682937387 -0.0454052668792887 0.0000197367711544 0.9366161545385410 0.8683476967425322 0.8769727717186576
7.9448509492346124 -0.0455033161830893 0.0000196565288205 0.9395800228731764 0.8680886832022086 0.8767128716247373
7.9528454233984185 -0.0455920363608083 0.0000195839487317 0.9422642404305308 0.8678544117124501 0.8764777274397673
7.9872064952018889 -0.0459743386694713 0.0000192715358865 0.9538545486808441 0.8668461246013608 0.8754649145415213
8.0215665088715280 -0.0463582113944268 0.0000189583972792 0.9655310447130976 0.8658356723962887 0.8744486696066590
8.0559247647173340 -0.0467436495047978 0.0000186445457011 0.9772936471348659 0.8648230989527671 0.8734290234056991
8.0707625248401431 -0.0469105934124075 0.0000185087837548 0.9824002249189807 0.8643851487357724 0.8729876196019670
8.0763869860522952 -0.0469739533076439 0.0000184572861627 0.9843401820593413 0.8642190331463895 0.8728201315975733
8.0820114472644473 -0.0470373483553075 0.0000184057696567 0.9862824696494872 0.8640528602697803 0.8726525514667245
8.0876866185734055 -0.0471013550715698 0.0000183537693247 0.9882446316760874 0.8638851312380128 0.8724833670969023
8.1220539987343514 -0.0474898904894782 0.0000180384518748 1.0001777277529182 0.8628681701827273 0.8714568294747698
8.1563888798006534 -0.0478796501423262 0.0000177227227249 1.0121866408055278 0.8618500668699123 0.8704278404219570
8.1907087712330284 -0.0482708328370212 0.0000174064286315 1.0242774732355213 0.8608303294494850 0.8693958919026713
8.2082891597089844 -0.0484718343940385 0.0000172441366586 1.0305048143798698 0.8603071707771438 0.8688659586766174
8.2241834142474044 -0.0486538894527921 0.0000170972549108 1.0361546264302801 0.8598337264239470 0.8683860848193005
8.2584656318872049 -0.0490477306444974 0.0000167799434011 1.0484045483069531 0.8588110757521856 0.8673485743205958
8.2927195554390494 -0.0494428435274929 0.0000164622121610 1.0607316637051798 0.8577872659322080 0.8663085520433239
8.3269434972125715 -0.0498392082746063 0.0000161440848089 1.0731352927159825 0.8567623753331254 0.8652660873321039
8.3352862153359304 -0.0499360628677104 0.0000160664343652 1.0761721523049532 0.8565122422835211 0.8650114603332122
8.3436289334592892 -0.0500330065213237 0.0000159887446217 1.0792142083894662 0.8562619934472228 0.8647566348803006
8.3777942573703381 -0.0504310063260223 0.0000156701763753 1.0917263785621250 0.8552359670249304 0.8637109992421661
8.4119264842778474 -0.0508302183106978 0.0000153512614419 1.1043136306788721 0.8542090242650027 0.8626630648244207
8.4265930637412314 -0.0510022507897002 0.0000152140243951 1.1097491673315190 0.8537671672478390 0.8622117541557714
8.4412596432046154 -0.0511745792034448 0.0000150766680355 1.1152008348959652 0.8533249636550553 0.8617598347839145
8.4507994121606629 -0.0512868170777358 0.0000149872623065 1.1187554957365842 0.8530371503272184 0.8614655607682649
8.4596201256574481 -0.0513907008326608 0.0000149045511513 1.1220483049495866 0.8527709013757581 0.8611932388147024
8.4936113044514254 -0.0517920269979547 0.0000145854195337 1.1347920231414796 0.8517437388353640 0.8601417769036684
8.5275754782580435 -0.0521946291556196 0.0000142659132808 1.1476124262951464 0.8507155767484074 0.8590879027606241
8.5410035814835314 -0.0523542429580327 0.0000141394211553 1.1527050764559714 0.8503085860545095 0.8586703488151498
8.5544316847090194 -0.0525141029732518 0.0000140128323826 1.1578113196042590 0.8499013165115602 0.8582522894515758
8.5718085268903952 -0.0527213183379509 0.0000138488763375 1.1644393214245505 0.8493738713127073 0.8577105440260128
8.6056157635603672 -0.0531256659319075 0.0000135294344587 1.1773996522560080 0.8483463885541260 0.8566541419773950
8.6393666736732992 -0.0535309289060560 0.0000132099238469 1.1904245799362265 0.8473188963894006 0.8555963214706149
8.6493789154191028 -0.0536514566188668 0.0000131150260847 1.1943050193517193 0.8470137622383628 0.8552819084637294
8.6593911571649063 -0.0537721137890415 0.0000130200766721 1.1981930516709782 0.8467084791568545 0.8549672169975100
8.6686900699513885 -0.0538842943126217 0.0000129318456914 1.2018108820529396 0.8464248132920819 0.8546746967241493
8.7022651687429882 -0.0542903474742253 0.0000126129031463 1.2149281730149728 0.8453995380445309 0.8536165142439984
8.7357889715278620 -0.0546973602524359 0.0000122938716634 1.2281108025644438 0.8443741926443948 0.8525568379942808
8.7455180063950966 -0.0548157768103121 0.0000122011776878 1.2319525589647886 0.8440763212391426 0.8522487258080141
8.7522809366622010 -0.0548981629530837 0.0000121367155932 1.2346273144789768 0.8438691824528175 0.8520343945394929
8.7590438669293054 -0.0549806094732272 0.0000120722306146 1.2373055491898688 0.8436619783779992 0.8518199373071267
8.7923759335758547 -0.0553879027500415 0.0000117540715376 1.2505564745881783 0.8426397959749755 0.8507611163223108
8.8256499438617588 -0.0557960554174832 0.0000114359141142 1.2638687506562793 0.8416178379935177 0.8497010980010982
8.8349054980974397 -0.0559098671560890 0.0000113473175399 1.2675867266237166 0.8413332949189556 0.8494057024741665
8.8413498486460380 -0.0559891757138440 0.0000112856059687 1.2701792968058407 0.8411351066630677 0.8491998895192583
8.8477941991946363 -0.0560685396372352 0.0000112238741781 1.2727750373599476 0.8409368612158589 0.8489939630406467
8.8808809930953316 -0.0564769435717233 0.0000109066091327 1.2861521273292380 0.8399181284556889 0.8479349032506186
8.9138720788282146 -0.0568857217346556 0.0000105897330021 1.2995738591318233 0.8389008665159118 0.8468759373424354
8.9304710501280642 -0.0570919663217411 0.0000104301042850 1.3063583031477128 0.8383884953770235 0.8463420158023719
8.9470700214279137 -0.0572985945416705 0.0000102703445138 1.3131638525584950 0.8378757587613220 0.8458073467281993
8.9797877474701924 -0.0577070322987514 0.0000099550642235 1.3266399124711732 0.8368640593584146 0.8447512920449602
8.9937208159728659 -0.0578814363092326 0.0000098206468223 1.3324037195985752 0.8364327971280715 0.8443006853675034
9.0076538844755394 -0.0580561085666483 0.0000096861391240 1.3381824318746374 0.8360012843052933 0.8438495548078402
9.0202521211873421 -0.0582142793957894 0.0000095644402148 1.3434203632016328 0.8356108973020751 0.8434411934703178
9.0526707837805134 -0.0586223517994549 0.0000092509381375 1.3569550658861067 0.8346053981591166 0.8423884058414005
9.0658759178423107 -0.0587890093696427 0.0000091231003146 1.3624913451136507 0.8341954471353561 0.8419587632222877
9.0738225652247024 -0.0588894234819143 0.0000090461310186 1.3658294620752560 0.8339486397727985 0.8416999854205448
9.0817692126070941 -0.0589899182110760 0.0000089691334699 1.3691724413941264 0.8337017536887384 0.8414410383485723
9.0910366273056074 -0.0591072309798461 0.0000088793023497 1.3730771819209848 0.8334137350958171 0.8411388394858300
9.1231361672281004 -0.0595145352857001 0.0000085678539997 1.3866531949771825 0.8324153076602455 0.8400903374765877
9.1363145218297639 -0.0596821885789858 0.0000084398558116 1.3922497858806779 0.8320050424245975 0.8396590818116947
9.1421331339421901 -0.0597562931071794 0.0000083833163214 1.3947251015728293 0.8318238318907373 0.8394685229809643
9.1479517460546163 -0.0598304418018666 0.0000083267620021 1.3972030302258689 0.8316425804573472 0.8392778739217863
9.1539653195522117 -0.0599071240593153 0.0000082682970625 1.3997667319168206 0.8314552130757843 0.8390807421075444
9.1857211134435186 -0.0603129394149441 0.0000079592965058 1.4133511509029739 0.8304650678124518 0.8380381553606420
9.1978300551960626 -0.0604680733070810 0.0000078413531940 1.4185516076538982 0.8300871961501989 0.8376398964333311
9.2099389969486065 -0.0606234233484381 0.0000077233457224 1.4237634016573284 0.8297091521140979 0.8372412485721689
9.2414433670426543 -0.0610285754128953 0.0000074160238779 1.4373763086598514 0.8287247773580310 0.8362022492699407
9.2535922869457909 -0.0611852051796832 0.0000072973978651 1.4426463340740581 0.8283448701461377 0.8358008824159533
9.2657412068489275 -0.0613420538772112 0.0000071787084892 1.4479277922146725 0.8279647940346113 0.8353991258899778
9.2709390602198152 -0.0614092277432387 0.0000071279085571 1.4501909303128990 0.8278021290697717 0.8352271174860678
9.2761369135907028 -0.0614764363503280 0.0000070770973619 1.4524561623318117 0.8276394334105864 0.8350550378564291
9.2814423895544280 -0.0615450763642995 0.0000070252223203 1.4547704561887369 0.8274733375595662 0.8348793218606206
9.3123012476345401 -0.0619451462781289 0.0000067232589241 1.4682746245631408 0.8265066277113551 0.8338558157426010
9.3259823554437276 -0.0621229697849216 0.0000065892566735 1.4742852638464654 0.8260777025140142 0.8334012490340315
9.3298849195657230 -0.0621737456103951 0.0000065510178769 1.4760024744656843 0.8259553127863669 0.8332714928887630
9.3337874836877184 -0.0622245400663153 0.0000065127729189 1.4777208675905609 0.8258329062502604 0.8331416967920539
9.3384668720253998 -0.0622854744104063 0.0000064669067876 1.4797828743619104 0.8256861120204947 0.8329860115013010
9.3691461792257869 -0.0626857892791550 0.0000061659709432 1.4933440708015038 0.8247230979391805 0.8319638768094177
9.3836730034381333 -0.0628758339434022 0.0000060233405066 1.4997908936493927 0.8242667498682215 0.8314790314134218
9.3896893574919975 -0.0629546299005387 0.0000059642443025 1.5024656817974755 0.8240776847691108 0.8312780689503070
9.3954293080917370 -0.0630298543042358 0.0000059078494049 1.5050202091615421 0.8238972696400093 0.8310862510423275
9.4257744409203497 -0.0634283661849935 0.0000056094861502 1.5185677148165921 0.8229428966855316 0.8300707487833106
9.4356402831221438 -0.0635582308216633 0.0000055124016421 1.5229877362473536 0.8226324012845521 0.8297400711500956
9.4413949477498029 -0.0636340433808652 0.0000054557551710 1.5255693988761749 0.8224512449459362 0.8295470727367834
9.4470805610826858 -0.0637089932756313 0.0000053997754613 1.5281226171128399 0.8222722285149415 0.8293563056287451
9.4771457483028261 -0.0641061403544522 0.0000051035432781 1.5416657655516071 0.8213250457747844 0.8283461454222945
9.4853110915079775 -0.0642142383064803 0.0000050230281341 1.5453560901994199 0.8210676425936774 0.8280713934162504
9.4934764347131289 -0.0643224300282119 0.0000049424870287 1.5490516150098423 0.8208101716900823 0.8277964687847525
9.5009029016804227 -0.0644209186446779 0.0000048692112777 1.5524172509530785 0.8205759406372131 0.8275462720876540
9.5305365552964165 -0.0648147552894826 0.0000045766055879 1.5658899230477585 0.8196407438295169 0.8265464991854540
9.5367565663399478 -0.0648975868112620 0.0000045151453226 1.5687265005336082 0.8194443380811237 0.8263363621892944
