0.0000968853701817 -0.0000000000050918 0.0002248976791502 0.0000000000000026 0.9999999999462699 0.9999999999676995
0.0001336229163512 -0.0000000000096859 0.0002248976791296 0.0000000000000068 0.9999999998972749 0.9999999999385558
0.0001786766407082 -0.0000000000173192 0.0002248976790953 0.0000000000000162 0.9999999998158691 0.9999999998901327
0.0002328167157074 -0.0000000000294056 0.0002248976790411 0.0000000000000358 0.9999999996869742 0.9999999998134610
0.0002967768384772 -0.0000000000477822 0.0002248976789586 0.0000000000000742 0.9999999994909969 0.9999999996968858
0.0003712668975111 -0.0000000000747794 0.0002248976788374 0.0000000000001453 0.9999999992030867 0.9999999995256251
0.0004569590405998 -0.0000000001132832 0.0002248976786646 0.0000000000002709 0.9999999987924633 0.9999999992813695
0.0005545146481154 -0.0000000001668163 0.0002248976784244 0.0000000000004841 0.9999999982215626 0.9999999989417742
0.0006645718254123 -0.0000000002396056 0.0002248976780977 0.0000000000008333 0.9999999974453034 0.9999999984800231
0.0007877282058885 -0.0000000003366406 0.0002248976776622 0.0000000000013877 0.9999999964104781 0.9999999978644659
0.0009245817554132 -0.0000000004637723 0.0002248976770917 0.0000000000022439 0.9999999950546887 0.9999999970579859
0.0010757001223027 -0.0000000006277646 0.0002248976763557 0.0000000000035337 0.9999999933057996 0.9999999960176739
0.0012416580281891 -0.0000000008364088 0.0002248976754193 0.0000000000054346 0.9999999910807232 0.9999999946941057
0.0014229811651770 -0.0000000010985329 0.0002248976742429 0.0000000000081801 0.9999999882853138 0.9999999930312795
0.0016202015305518 -0.0000000014241409 0.0002248976727816 0.0000000000120744 0.9999999848128832 0.9999999909657328
0.0018338326960300 -0.0000000018244602 0.0002248976709850 0.0000000000175081 0.9999999805436974 0.9999999884262429
0.0020643831371857 -0.0000000023120415 0.0002248976687967 0.0000000000249765 0.9999999753439096 0.9999999853331919
0.0023123336798234 -0.0000000029007886 0.0002248976661545 0.0000000000351003 0.9999999690652448 0.9999999815983798
0.0025781651956921 -0.0000000036060903 0.0002248976629891 0.0000000000486510 0.9999999615435897 0.9999999771241851
0.0028623379027702 -0.0000000044448483 0.0002248976592248 0.0000000000665767 0.9999999525986957 0.9999999718033883
0.0031653338790618 -0.0000000054356841 0.0002248976547780 0.0000000000900365 0.9999999420319750 0.9999999655178613
0.0034875864796777 -0.0000000065988028 0.0002248976495580 0.0000000001204300 0.9999999296279534 0.9999999581394308
0.0038295388320905 -0.0000000079562449 0.0002248976434659 0.0000000001594407 0.9999999151515777 0.9999999495282774
0.0041916183123833 -0.0000000095318819 0.0002248976363945 0.0000000002090764 0.9999998983482737 0.9999999395329697
0.0045742622177118 -0.0000000113516062 0.0002248976282277 0.0000000002717208 0.9999998789419142 0.9999999279892554
0.0049778845592731 -0.0000000134432677 0.0002248976188404 0.0000000003501823 0.9999998566354928 0.9999999147204630
0.0054028818524193 -0.0000000158367531 0.0002248976080986 0.0000000004477506 0.9999998311102853 0.9999998995370017
0.0058496650296039 -0.0000000185642410 0.0002248975958578 0.0000000005682674 0.9999998020231251 0.9999998822347416
0.0063186423620391 -0.0000000216602143 0.0002248975819632 0.0000000007161947 0.9999997690062713 0.9999998625949350
0.0068101859673591 -0.0000000251613035 0.0002248975662506 0.0000000008966783 0.9999997316690789 0.9999998403852096
0.0073246875655744 -0.0000000291067285 0.0002248975485437 0.0000000011156476 0.9999996895932901 0.9999998153567680
0.0078625244586492 -0.0000000335381572 0.0002248975286557 0.0000000013798941 0.9999996423345405 0.9999997872452834
0.0084240808795174 -0.0000000384999549 0.0002248975063875 0.0000000016971776 0.9999995894196970 0.9999997557693160
0.0090097251351643 -0.0000000440390798 0.0002248974815282 0.0000000020763202 0.9999995303479783 0.9999997206309800
0.0096198116661007 -0.0000000502051508 0.0002248974538552 0.0000000025273151 0.9999994645902256 0.9999996815155090
0.0102546901582022 -0.0000000570505985 0.0002248974231333 0.0000000030614508 0.9999993915872961 0.9999996380903008
0.0109147366387280 -0.0000000646311110 0.0002248973891124 0.0000000036914707 0.9999993107453075 0.9999995900020886
0.0116002787642859 -0.0000000730048863 0.0002248973515314 0.0000000044316443 0.9999992214436113 0.9999995368816839
0.0123116762171703 -0.0000000822336228 0.0002248973101133 0.0000000052979901 0.9999991230242280 0.9999994783376918
0.0130492706490612 -0.0000000923820303 0.0002248972645679 0.0000000063083863 0.9999990147970650 0.9999994139596153
0.0138133819768379 -0.0000001035178009 0.0002248972145912 0.0000000074827217 0.9999988960402235 0.9999993433180373
0.0146043710741360 -0.0000001157126074 0.0002248971598616 0.0000000088431720 0.9999987659893558 0.9999992659582900
0.0154225544325646 -0.0000001290409490 0.0002248971000448 0.0000000104142595 0.9999986238499688 0.9999991814077737
0.0162682409354938 -0.0000001435807033 0.0002248970347913 0.0000000122230955 0.9999984687915440 0.9999990891724585
0.0171417781633166 -0.0000001594140452 0.0002248969637322 0.0000000142997020 0.9999982999377344 0.9999989887310542
0.0180434740162132 -0.0000001766261940 0.0002248968864851 0.0000000166770720 0.9999981163797234 0.9999988795429551
0.0189736547174900 -0.0000001953065138 0.0002248968026490 0.0000000193915379 0.9999979171644973 0.9999987610412651
0.0199326098092454 -0.0000002155475131 0.0002248967118086 0.0000000224828682 0.9999977013055077 0.9999986326391395
0.0209206488991657 -0.0000002374460379 0.0002248966135294 0.0000000259946881 0.9999974677699495 0.9999984937222176
0.0219381070227408 -0.0000002611036008 0.0002248965073557 0.0000000299748173 0.9999972154752506 0.9999983436465344
0.0229852651870318 -0.0000002866246424 0.0002248963928188 0.0000000344752622 0.9999969433076163 0.9999981817495517
0.0240624389150601 -0.0000003141186345 0.0002248962694275 0.0000000395528587 0.9999966500995977 0.9999980073368140
0.0251699222235505 -0.0000003436988484 0.0002248961366734 0.0000000452693734 0.9999963346432245 0.9999978196897619
0.0263079957084711 -0.0000003754825565 0.0002248959940301 0.0000000516918483 0.9999959956878609 0.9999976180644546
0.0274769597545317 -0.0000004095920342 0.0002248958409489 0.0000000588931403 0.9999956319295173 0.9999974016852137
0.0286771035878695 -0.0000004461538192 0.0002248956768620 0.0000000669521354 0.9999952420187492 0.9999971697493202
0.0299087276383001 -0.0000004852994639 0.0002248955011788 0.0000000759542856 0.9999948245526348 0.9999969214222431
0.0311720864278536 -0.0000005271637790 0.0002248953132945 0.0000000859915878 0.9999943780935077 0.9999966558487823
0.0324674767484675 -0.0000005718877198 0.0002248951125764 0.0000000971636550 0.9999939011381731 0.9999963721347561
0.0337951801141211 -0.0000006196166687 0.0002248948983721 0.0000001095777534 0.9999933921362255 0.9999960693578984
0.0351554697179362 -0.0000006705006913 0.0002248946700080 0.0000001233492944 0.9999928494873193 0.9999957465662334
0.0365486256450855 -0.0000007246951757 0.0002248944267869 0.0000001386024656 0.9999922715343468 0.9999954027740185
0.0379749489713235 -0.0000007823615641 0.0002248941679841 0.0000001554709458 0.9999916565556434 0.9999950369571070
0.0394346691133346 -0.0000008436636543 0.0002248938928646 0.0000001740973164 0.9999910028044219 0.9999946480764046
0.0409280729583291 -0.0000009087728630 0.0002248936006591 0.0000001946351094 0.9999903084526505 0.9999942350444859
0.0424554233907400 -0.0000009778650318 0.0002248932905784 0.0000002172484214 0.9999895716251115 0.9999937967458533
0.0440169917095363 -0.0000010511218771 0.0002248929618070 0.0000002421129228 0.9999887903839370 0.9999933320277379
0.0456130397722538 -0.0000011287302768 0.0002248926135063 0.0000002694162137 0.9999879627362211 0.9999928397046270
0.0472438048229234 -0.0000012108815097 0.0002248922448177 0.0000002993581270 0.9999870866421283 0.9999923185630875
0.0489095703265493 -0.0000012977748905 0.0002248918548469 0.0000003321526748 0.9999861599761309 0.9999917673387065
0.0506105843088664 -0.0000013896138014 0.0002248914426810 0.0000003680272787 0.9999851805693278 0.9999911847412654
0.0523471261513055 -0.0000014866092601 0.0002248910073730 0.0000004072248000 0.9999841461713957 0.9999905694321048
0.0541194223371398 -0.0000015889753690 0.0002248905479622 0.0000004500024304 0.9999830544991232 0.9999899200529956
0.0559277347358567 -0.0000016969342609 0.0002248900634515 0.0000004966343907 0.9999819031836614 0.9999892351947595
0.0577723189936401 -0.0000018107139338 0.0002248895528179 0.0000005474118416 0.9999806897936262 0.9999885134110109
0.0596534130990486 -0.0000019305475488 0.0002248890150149 0.0000006026433163 0.9999794118425755 0.9999877532226045
0.0615712728691049 -0.0000020566757183 0.0002248884489627 0.0000006626565549 0.9999780667646128 0.9999869531031217
0.0635261476318071 -0.0000021893451136 0.0002248878535543 0.0000007277987285 0.9999766519292402 0.9999861114877059
0.0655182882135043 -0.0000023288090638 0.0002248872276528 0.0000007984375858 0.9999751646349631 0.9999852267692565
0.0675479217151857 -0.0000024753258248 0.0002248865700993 0.0000008749614389 0.9999736021277609 0.9999842973094156
0.0696152757217147 -0.0000026291602426 0.0002248858797051 0.0000009577808608 0.9999719615833415 0.9999833214280119
0.0717206113090210 -0.0000027905864204 0.0002248851552403 0.0000010473311265 0.9999702400787085 0.9999822973861449
0.0738641550227689 -0.0000029598827489 0.0002248843954554 0.0000011440705192 0.9999684346451507 0.9999812234177057
0.0760461383668288 -0.0000031373348640 0.0002248835990686 0.0000012484828924 0.9999665422367083 0.9999800977106179
0.0782668256346206 -0.0000033232381635 0.0002248827647542 0.0000013610802830 0.9999645597033324 0.9999789183908697
0.0805264435376030 -0.0000035178921570 0.0002248818911682 0.0000014824006557 0.9999624838511404 0.9999776835583558
0.0828252145724632 -0.0000037216031072 0.0002248809769362 0.0000016130104641 0.9999603114142533 0.9999763912701237
0.0851633787771230 -0.0000039346860816 0.0002248800206442 0.0000017535071200 0.9999580390329107 0.9999750395273534
0.0875411558936286 -0.0000041574616797 0.0002248790208536 0.0000019045180577 0.9999556632883786 0.9999736262961212
0.0899587760891943 -0.0000043902588679 0.0002248779760880 0.0000020667037714 0.9999531806727199 0.9999721494894155
0.0924164790062222 -0.0000046334151170 0.0002248768848331 0.0000022407592431 0.9999505875873258 0.9999706069662618
0.0949144586267744 -0.0000048872709521 0.0002248757455607 0.0000024274112550 0.9999478804010407 0.9999689965662965
0.0974529779531280 -0.0000051521815536 0.0002248745566770 0.0000026274281253 0.9999450553264478 0.9999673160361729
0.1000322277554350 -0.0000054285024765 0.0002248733165863 0.0000028416105387 0.9999421085721634 0.9999655631201523
0.1026524447891482 -0.0000057166019060 0.0002248720236366 0.0000030708020572 0.9999390362121446 0.9999637354823583
0.1053138756944281 -0.0000060168572798 0.0002248706761339 0.0000033158882389 0.9999358342217088 0.9999618307282010
0.1080167166713017 -0.0000063296484682 0.0002248692723738 0.0000035777924591 0.9999324985502646 0.9999598464476396
0.1107611873761353 -0.0000066553660137 0.0002248678106036 0.0000038574839809 0.9999290250334496 0.9999577801629139
0.1135475231433739 -0.0000069944106144 0.0002248662890254 0.0000041559793049 0.9999254093986388 0.9999556293318178
0.1163759202968813 -0.0000073471865580 0.0002248647058249 0.0000044743379687 0.9999216473349655 0.9999533913893502
0.1192465921505318 -0.0000077141084662 0.0002248630591416 0.0000048136699575 0.9999177344214057 0.9999510637049319
0.1221597557391350 -0.0000080955998932 0.0002248613470748 0.0000051751362385 0.9999136661417255 0.9999486435912929
0.1251156477800370 -0.0000084920956488 0.0002248595676736 0.0000055599528009 0.9999094378597055 0.9999461282897323
0.1281144567783004 -0.0000089040327815 0.0002248577189767 0.0000059693836540 0.9999050449153101 0.9999435150273219
0.1311564023174460 -0.0000093318611739 0.0002248557989655 0.0000064047527734 0.9999004825116906 0.9999408009496854
0.1342416773971441 -0.0000097760357522 0.0002248538055986 0.0000068674382141 0.9998957457982750 0.9999379831704213
0.1373705028146066 -0.0000102370242410 0.0002248517367773 0.0000073588818937 0.9998908297880681 0.9999350587219024
0.1405431028832414 -0.0000107153040296 0.0002248495903596 0.0000078805885373 0.9998857293910776 0.9999320245751573
0.1437596707960588 -0.0000112113569341 0.0002248473641835 0.0000084341218300 0.9998804394701722 0.9999288776730939
0.1470204263413295 -0.0000117256779584 0.0002248450560280 0.0000090211159597 0.9998749547476609 0.9999256148749205
0.1503255651454612 -0.0000122587675840 0.0002248426636474 0.0000096432690999 0.9998692698875160 0.9999222330050549
0.1536752929464746 -0.0000128111371492 0.0002248401847475 0.0000103023515250 0.9998633794380155 0.9999187288189972
0.1570697962413925 -0.0000133833041265 0.0002248376170063 0.0000110002021482 0.9998572778821097 0.9999150990332879
0.1605093240603457 -0.0000139758061010 0.0002248349580120 0.0000117387479026 0.9998509594883609 0.9999113402368267
0.1639940621484942 -0.0000145891796571 0.0002248322053569 0.0000125199802649 0.9998444185360998 0.9999074490248110
0.1675241772256990 -0.0000152239673309 0.0002248293566069 0.0000133459652720 0.9998376492412905 0.9999034219546284
0.1710999008445658 -0.0000158807328957 0.0002248264092326 0.0000142188658825 0.9998306455935324 0.9998992554488823
0.1747214143529467 -0.0000165600409114 0.0002248233607010 0.0000151409179543 0.9998234015741509 0.9998949459251270
0.1783889393741898 -0.0000172624733481 0.0002248202084011 0.0000161144547081 0.9998159109789296 0.9998904896904044
0.1821026725828207 -0.0000179886176009 0.0002248169496975 0.0000171418931947 0.9998081675459279 0.9998858830172760
0.1858627885121193 -0.0000187390666556 0.0002248135819301 0.0000182257364523 0.9998001649537162 0.9998811221427657
0.1896694866663932 -0.0000195144284221 0.0002248101023714 0.0000193685893584 0.9997918967218600 0.9998762032091493
0.1935229925547002 -0.0000203153265577 0.0002248065082235 0.0000205731632694 0.9997833562021392 0.9998711222587210
0.1974234637332914 -0.0000211423809951 0.0002248027967054 0.0000218422494254 0.9997745367862088 0.9998658753573278
0.2013711263834686 -0.0000219962364330 0.0002247989649249 0.0000231787646280 0.9997654316017868 0.9998604584136153
0.2053661554575272 -0.0000228775372005 0.0002247950099915 0.0000245857157943 0.9997560337806981 0.9998548673384844
0.2094087217512533 -0.0000237869369406 0.0002247909289729 0.0000260662170869 0.9997463363556260 0.9998490979836580
0.2134990427830822 -0.0000247251103877 0.0002247867188425 0.0000276235124033 0.9997363321345305 0.9998431460669566
0.2176373240559145 -0.0000256927406343 0.0002247823765360 0.0000292609583276 0.9997260138364370 0.9998370072530733
0.2218237231675529 -0.0000266905103332 0.0002247778989911 0.0000309820115277 0.9997153741852642 0.9998306772093862
0.2260584526783433 -0.0000277191259242 0.0002247732830392 0.0000327902730365 0.9997044056514903 0.9998241514522530
0.2303416817378192 -0.0000287792944119 0.0002247685255089 0.0000346894516087 0.9996931006997960 0.9998174254943334
0.2346736196460532 -0.0000298717437233 0.0002247636231352 0.0000366834027441 0.9996814515719898 0.9998104947154283
0.2390544337529312 -0.0000309972024598 0.0002247585726499 0.0000387760957006 0.9996694505029354 0.9998033544909347
0.2434843117829436 -0.0000321564154554 0.0002247533707125 0.0000409716448285 0.9996570895546566 0.9997960000931321
0.2479634505371540 -0.0000333501413180 0.0002247480139203 0.0000432743091058 0.9996443606425705 0.9997884267067759
0.2524920446882282 -0.0000345791496797 0.0002247424988217 0.0000456884906526 0.9996312555648226 0.9997806294465366
0.2570702644857373 -0.0000358442150288 0.0002247368219430 0.0000482187258214 0.9996177660680655 0.9997726033961223
0.2616982727629916 -0.0000371461210249 0.0002247309797697 0.0000508696965265 0.9996038838014637 0.9997643435808994
0.2663762676760812 -0.0000384856727443 0.0002247249686913 0.0000536462591239 0.9995896001861296 0.9997558448901916
0.2711044357618672 -0.0000398636838673 0.0002247187850587 0.0000565534227260 0.9995749065517677 0.9997471021585651
0.2758829538046986 -0.0000412809770379 0.0002247124251830 0.0000595963532746 0.9995597941328463 0.9997381101635344
0.2807120182692389 -0.0000427383926658 0.0002247058852953 0.0000627803963329 0.9995442539747673 0.9997288635697154
0.2855917816940367 -0.0000442367698379 0.0002246991616331 0.0000661110394134 0.9995282771374088 0.9997193570499177
0.2905224672350448 -0.0000457769813349 0.0002246922502826 0.0000695939933533 0.9995118543217801 0.9997095850629797
0.2955042131999396 -0.0000473598857966 0.0002246851473940 0.0000732350896938 0.9994949763800792 0.9996995421572429
0.3005372020241559 -0.0000489863675591 0.0002246778490020 0.0000770403737448 0.9994776338909385 0.9996892227177956
0.3056216279075141 -0.0000506573272155 0.0002246703510685 0.0000810160888659 0.9994598172600979 0.9996786210263524
0.3107576512324004 -0.0000523736666789 0.0002246626495501 0.0000851686451934 0.9994415168796879 0.9996677313560128
0.3159454655549096 -0.0000541363112839 0.0002246547402979 0.0000895046766637 0.9994227228925910 0.9996565478310246
0.3211852096234767 -0.0000559461801714 0.0002246466191914 0.0000940309730859 0.9994034255082325 0.9996450646146732
0.3264771253100949 -0.0000578042407246 0.0002246382818936 0.0000987546203781 0.9993836144221887 0.9996332755638876
0.3318213204407754 -0.0000597114262984 0.0002246297242207 0.0001036827983441 0.9993632796934022 0.9996211747512193
0.3372179921893493 -0.0000616687141069 0.0002246209417919 0.0001088229818018 0.9993424109137440 0.9996087559706481
0.3426673277616301 -0.0000636770910164 0.0002246119301836 0.0001141828599346 0.9993209975727674 0.9995960129546089
0.3481695103017620 -0.0000657375555818 0.0002246026849199 0.0001197703460967 0.9992990290360150 0.9995829393610550
0.3537246638407786 -0.0000678510969132 0.0002245932015676 0.0001255935238515 0.9992764947703697 0.9995695289075424
0.3593329821722100 -0.0000700187431802 0.0002245834755184 0.0001316607839310 0.9992533838269256 0.9995557750634527
0.3649946500227193 -0.0000722415326220 0.0002245735021191 0.0001379807519992 0.9992296851501116 0.9995416712339226
0.3707098190198410 -0.0000745205037121 0.0002245632767158 0.0001445622645870 0.9992053876825745 0.9995272108222345
0.3764786795751764 -0.0000768567235577 0.0002245527945262 0.0001514144554054 0.9991804800624218 0.9995123870496042
0.3823013886829313 -0.0000792512592808 0.0002245420507686 0.0001585466783015 0.9991549509283814 0.9994971931367604
0.3881781100567113 -0.0000817051939436 0.0002245310405897 0.0001659685582054 0.9991287887500335 0.9994816222028763
0.3941090095430470 -0.0000842196248871 0.0002245197590726 0.0001736899920924 0.9991019818455622 0.9994656672760986
0.4000942750761919 -0.0000867956725381 0.0002245082011973 0.0001817211824455 0.9990745182878915 0.9994493212376444
0.4061340514140832 -0.0000894344524907 0.0002244963619657 0.0001900725561942 0.9990463862023677 0.9994325769989405
0.4122284975732805 -0.0000921370998421 0.0002244842362924 0.0001987548448854 0.9990175735073383 0.9994154273471847
0.4183778212205337 -0.0000949047853343 0.0002244718189326 0.0002077791449382 0.9989880677421121 0.9993978648428992
0.4245821666606198 -0.0000977386655302 0.0002244591047057 0.0002171567628370 0.9989578565981633 0.9993798821360714
0.4308416816783422 -0.0001006399119878 0.0002244460883638 0.0002268993130579 0.9989269276081385 0.9993614717810104
0.4371565412897145 -0.0001036097227040 0.0002244327645410 0.0002370187637111 0.9988952680239059 0.9993426261637099
0.4435268934614979 -0.0001066492970406 0.0002244191278659 0.0002475273585381 0.9988628650838931 0.9993233376609365
0.4499529339437408 -0.0001097598713606 0.0002244051728012 0.0002584377459357 0.9988297056332403 0.9993035984140733
0.4564348130341638 -0.0001129426746678 0.0002243908938432 0.0002697628321859 0.9987957765967310 0.9992834006105950
0.4629726795135768 -0.0001161989491442 0.0002243762854296 0.0002815158571370 0.9987610647599058 0.9992627363537271
0.4695667093426661 -0.0001195299647706 0.0002243613418739 0.0002937104543901 0.9987255566132495 0.9992415975696383
0.4762170455224419 -0.0001229369893523 0.0002243460574998 0.0003063605493942 0.9986892386717634 0.9992199761976340
0.4829238785514752 -0.0001264213295079 0.0002243304264574 0.0003194805173015 0.9986520970380843 0.9991978639300163
0.4896873436260070 -0.0001299842779451 0.0002243144429597 0.0003330849935481 0.9986141179645522 0.9991752525466504
0.4965076126958644 -0.0001336271610339 0.0002242981010695 0.0003471890587206 0.9985752873461554 0.9991521336130377
0.5033848446896326 -0.0001373513130981 0.0002242813948141 0.0003618081490950 0.9985355909946212 0.9991284986434378
0.5103191947749569 -0.0001411580811350 0.0002242643181649 0.0003769580809005 0.9984950145881595 0.9991043390708916
0.5173108185599773 -0.0001450488271077 0.0002242468650266 0.0003926550663132 0.9984535436470824 0.9990796462326454
0.5243598634687783 -0.0001490249231429 0.0002242290292591 0.0004089157010655 0.9984111635850529 0.9990544114006057
0.5314665017240546 -0.0001530877702767 0.0002242108045931 0.0004257570488016 0.9983678595093285 0.9990286256623309
0.5386308810657636 -0.0001572387707427 0.0002241921847547 0.0004431965353195 0.9983236165162052 0.9990022800968860
0.5458531643708470 -0.0001614793505226 0.0002241731633643 0.0004612520489924 0.9982784194507146 0.9989753656316867
0.5531335277215601 -0.0001658109588560 0.0002241537339384 0.0004799419488406 0.9982322529119210 0.9989478730455775
0.5604721014599846 -0.0001702350330760 0.0002241338900481 0.0004992849199756 0.9981851016277743 0.9989197931919918
0.5678690149901542 -0.0001747530244177 0.0002241136252026 0.0005193000888105 0.9981369501800900 0.9988911168351144
0.5753244664066477 -0.0001793664414076 0.0002240929326549 0.0005400072266584 0.9980877825422025 0.9988618343744494
0.5828385683599053 -0.0001840767554585 0.0002240718058256 0.0005614263381340 0.9980375830851722 0.9988319364439889
0.5904115027996921 -0.0001888854963781 0.0002240502378740 0.0005835780967077 0.9979863355599705 0.9988014133059669
0.5980433890578475 -0.0001937941698770 0.0002240282220684 0.0006064834784220 0.9979340239767004 0.9987702553744251
0.6057344374202992 -0.0001988043557444 0.0002240057513459 0.0006301642254544 0.9978806315584100 0.9987384525920087
0.6134847609563175 -0.0002039175867654 0.0002239828188552 0.0006546422890736 0.9978261420315453 0.9987059951985066
0.6212945408977331 -0.0002091354559313 0.0002239594174760 0.0006799403423370 0.9977705384835108 0.9986728730502882
0.6291638712660934 -0.0002144595135958 0.0002239355402804 0.0007060812943880 0.9977138044586997 0.9986390762730872
0.6370929347413532 -0.0002198913850758 0.0002239111800051 0.0007330888696071 0.9976559227053949 0.9986045945154591
0.6450819035588641 -0.0002254327053287 0.0002238863293447 0.0007609873040812 0.9975968758719649 0.9985694173633837
0.6531308991063497 -0.0002310850900425 0.0002238609810815 0.0007898012045452 0.9975366468150004 0.9985335345237591
0.6612400824259891 -0.0002368501982369 0.0002238351278043 0.0008195558715333 0.9974752179323407 0.9984969354269591
0.6694095815919525 -0.0002427296814704 0.0002238087621369 0.0008502770503580 0.9974125717043973 0.9984596095492346
0.6776395477388336 -0.0002487252235213 0.0002237818765596 0.0008819911441539 0.9973486902714351 0.9984215461607624
0.6859301341709894 -0.0002548385259704 0.0002237544634741 0.0009147251509342 0.9972835555872975 0.9983827344171197
0.6942814816190170 -0.0002610712972966 0.0002237265152526 0.0009485066143298 0.9972171495356960 0.9983431634284710
0.7026937567881696 -0.0002674252816671 0.0002236980241084 0.0009833637891823 0.9971494536235699 0.9983028220767333
0.7111671085371378 -0.0002739022264827 0.0002236689822418 0.0010193254765897 0.9970804493269825 0.9982616992215745
0.7197016821241994 -0.0002805038927213 0.0002236393817937 0.0010564210880396 0.9970101179810292 0.9982197836347023
0.7282975972017879 -0.0002872320375090 0.0002236092149235 0.0010946805548848 0.9969384409656116 0.9981770641104729
0.7369550011507976 -0.0002940884554791 0.0002235784736242 0.0011341345710499 0.9968653992649413 0.9981335292032444
0.7456740507074029 -0.0003010749653042 0.0002235471497823 0.0011748145315962 0.9967909736111545 0.9980891673128263
0.7544548969354959 -0.0003081933979440 0.0002235152352309 0.0012167524761262 0.9967151446096338 0.9980439667590433
0.7632976623666187 -0.0003154455775863 0.0002234827218352 0.0012599809836295 0.9966378929421474 0.9979979159027091
0.7722025335084503 -0.0003228333975370 0.0002234496011519 0.0013045336353068 0.9965591985585823 0.9979510026636729
0.7811696039517892 -0.0003303586909161 0.0002234158650095 0.0013504442503574 0.9964790420544311 0.9979032153418426
0.7901990317398968 -0.0003380233605919 0.0002233815049256 0.0013977476762642 0.9963974032868634 0.9978545417920422
0.7992909523693509 -0.0003458293072243 0.0002233465124294 0.0014464793667792 0.9963142621413454 0.9978049698808816
0.8084455381332748 -0.0003537784800436 0.0002233108788343 0.0014966757087586 0.9962295979909332 0.9977544871642251
0.8176628793533350 -0.0003618727738304 0.0002232745956997 0.0015483733831878 0.9961433907936508 0.9977030815413754
0.8269431755477566 -0.0003701141956349 0.0002232376540838 0.0016016104336751 0.9960556193169916 0.9976507401962219
0.8362865160111375 -0.0003785046721107 0.0002232000454070 0.0016564250470255 0.9959662631900289 0.9975974508207659
0.8456930406525287 -0.0003870461909162 0.0002231617608188 0.0017128564685013 0.9958753013976028 0.9975432007170386
0.8551629052945059 -0.0003957407712556 0.0002231227913289 0.0017709448318126 0.9957827125942575 0.9974879769841067
0.8646962696678859 -0.0004045904535314 0.0002230831278546 0.0018307311061117 0.9956884752146197 0.9974317665837182
0.8742932274690014 -0.0004135972336010 0.0002230427615151 0.0018922566580217 0.9955925681736163 0.9973745567578250
0.8839539657224240 -0.0004227632114523 0.0002230016829652 0.0019555642729000 0.9954949692834739 0.9973163340841606
0.8936785786254861 -0.0004320904165484 0.0002229598831780 0.0020206969738161 0.9953956571136823 0.9972570855855570
0.9034672473850359 -0.0004415809783529 0.0002229173526813 0.0020876992107766 0.9952946091754241 0.9971967976466873
0.9133200389068449 -0.0004512369325682 0.0002228740824254 0.0021566155146581 0.9951918039848240 0.9971354572448203
0.9232371442380952 -0.0004610604526148 0.0002228300627459 0.0022274921458039 0.9950872185985463 0.9970730504792927
0.9332186763150480 -0.0004710536526631 0.0002227852842470 0.0023003757094168 0.9949808307111109 0.9970095638226674
0.9432647781356477 -0.0004812186935587 0.0002227397373263 0.0023753139234510 0.9948726175273213 0.9969449834477564
0.9533755608839881 -0.0004915577208572 0.0002226934124527 0.0024523551789127 0.9947625564221501 0.9968792956212089
0.9635511785839629 -0.0005020729406902 0.0002226462998266 0.0025315491142881 0.9946506241333135 0.9968124862214315
0.9737917743553786 -0.0005127665657036 0.0002225983896223 0.0026129462323305 0.9945367973370172 0.9967445410819640
0.9840974596805496 -0.0005236407925145 0.0002225496720890 0.0026965977347102 0.9944210528880971 0.9966754461346502
0.9944683959289162 -0.0005346978873711 0.0002225001371670 0.0027825561912447 0.9943033669084611 0.9966051868652722
1.0049046817387204 -0.0005459400669961 0.0002224497750219 0.0028708746337797 0.9941837160556015 0.9965337490705989
1.0154064519388362 -0.0005573696033464 0.0002223985755749 0.0029616073782610 0.9940620764077822 0.9964611181926435
1.0259738779130854 -0.0005689888260511 0.0002223465284925 0.0030548100736987 0.9939384234384200 0.9963872793030402
1.0366070609291229 -0.0005808000054111 0.0002222936237104 0.0031505387797383 0.9938127332614737 0.9963122178464731
1.0473061382962019 -0.0005928054681915 0.0002222398509150 0.0032488509016257 0.9936849813993699 0.9962359189047546
1.0580712132505601 -0.0006050075198082 0.0002221851998919 0.0033498045736122 0.9935551436113225 0.9961583676912488
1.0689024337841668 -0.0006174085331031 0.0002221296601286 0.0034534594024889 0.9934231949489323 0.9960795489865698
1.0797999457684651 -0.0006300108964496 0.0002220732210470 0.0035598760627980 0.9932891103087088 0.9959994474682798
1.0907638603020748 -0.0006428169753310 0.0002220158721754 0.0036691159811737 0.9931528648411009 0.9959180479550168
1.1017943037402040 -0.0006558291696476 0.0002219576028919 0.0037812418297975 0.9930144333410124 0.9958353350421602
1.1128914002356554 -0.0006690498937135 0.0002218984025147 0.0038963173734237 0.9928737904609277 0.9957512932288723
1.1240553131305244 -0.0006824816261825 0.0002218382600777 0.0040144079239916 0.9927309101801157 0.9956659066006098
1.1352861292733951 -0.0006961267711452 0.0002217771649534 0.0041355791366732 0.9925857672825267 0.9955791597120321
1.1465839661305139 -0.0007099877856490 0.0002217151062816 0.0042598981335852 0.9924383360005157 0.9954910367762768
1.1579489817079798 -0.0007240671938694 0.0002216520729062 0.0043874336636144 0.9922885898645392 0.9954015215747103
1.1693812691514909 -0.0007383674570780 0.0002215880539575 0.0045182549446450 0.9921365030864938 0.9953105982835309
1.1808810195188100 -0.0007528911762982 0.0002215230379451 0.0046524335241787 0.9919820484046965 0.9952182501851731
1.1924482876690934 -0.0007676407983102 0.0002214570140740 0.0047900405942178 0.9918252002108507 0.9951244615374988
1.2040832175770906 -0.0007826188987861 0.0002213899709774 0.0049311496089995 0.9916659315392478 0.9950292157734308
1.2157859233398207 -0.0007978280323549 0.0002213218973879 0.0050758349184860 0.9915042156616423 0.9949324964541877
1.2275565594250570 -0.0008132708233626 0.0002212527817314 0.0052241726425560 0.9913400251225326 0.9948342866920139
1.2393952017345857 -0.0008289498101165 0.0002211826128246 0.0053762391934749 0.9911733333955640 0.9947345701406008
1.2513020117375895 -0.0008448676604369 0.0002211113789100 0.0055321133645457 0.9910041125921247 0.9946333296241449
1.2632771028826331 -0.0008610269958949 0.0002210390684430 0.0056918746530080 0.9908323353304228 0.9945305482550206
1.2753205782062891 -0.0008774304402559 0.0002209656698752 0.0058556037322832 0.9906579742207480 0.9944262091256167
1.2874325515667875 -0.0008940806481264 0.0002208911715261 0.0060233827511893 0.9904810015613310 0.9943202951260077
1.2996131554170880 -0.0009109803164554 0.0002208155615320 0.0061952954744391 0.9903013892165620 0.9942127888706493
1.3118625396752679 -0.0009281321841193 0.0002207388278482 0.0063714273071161 0.9901191086218932 0.9941036727008556
1.3241808049047954 -0.0009455389381868 0.0002206609586680 0.0065518643473667 0.9899341317804141 0.9939929292810029
1.3365680604682120 -0.0009632032940275 0.0002205819420652 0.0067366942119140 0.9897464304118276 0.9938805410888254
1.3490244323702858 -0.0009811280071893 0.0002205017659404 0.0069260061844430 0.9895559758267202 0.9937664903396924
1.3615499877657824 -0.0009993157643477 0.0002204204185095 0.0071198900761586 0.9893627400856674 0.9936507596803705
1.3741449161927568 -0.0010177694461464 0.0002203378871278 0.0073184390413655 0.9891666932071103 0.9935333305164255
1.3868093189681543 -0.0010364918224857 0.0002202541596534 0.0075217463587757 0.9889678064053155 0.9934141849509636
1.3995432877341478 -0.0010554856643658 0.0002201692239472 0.0077299066166293 0.9887660509023845 0.9932933050729225
1.4123469254374088 -0.0010747537749134 0.0002200830677340 0.0079430160668236 0.9885613975991345 0.9931706727594964
1.4252203922823492 -0.0010942990601688 0.0002199956782861 0.0081611734437828 0.9883538163238836 0.9930462692254172
1.4381637706103350 -0.0011141243250250 0.0002199070433366 0.0083844777172115 0.9881432780002870 0.9929200763216012
1.4511772070590767 -0.0011342324885792 0.0002198171501160 0.0086130305084437 0.9879297523606705 0.9927920751643545
1.4642607925835023 -0.0011546264006104 0.0002197259861733 0.0088469340441543 0.9877132098955187 0.9926622473033929
1.4774146187699067 -0.0011753089266908 0.0002196335389955 0.0090862921193688 0.9874936209500483 0.9925305741800114
1.4906388378896251 -0.0011962830438315 0.0002195397955804 0.0093312112368332 0.9872709547093828 0.9923970365179785
1.5039335202110748 -0.0012175516153523 0.0002194447434430 0.0095817980105967 0.9870451815892666 0.9922616157567068
1.5172988282954722 -0.0012391176676341 0.0002193483693791 0.0098381624203636 0.9868162702986040 0.9921242922890828
1.5307348408761825 -0.0012609841086059 0.0002192506607230 0.0101004145161969 0.9865841908284140 0.9919850472537632
1.5442416513960835 -0.0012831538843007 0.0002191516046487 0.0103686662681314 0.9863489127904167 0.9918438615382785
1.5578194218072159 -0.0013056300692490 0.0002190511877660 0.0106430327044578 0.9861104044585529 0.9917007152031385
1.5714682198880934 -0.0013284155985062 0.0002189493973180 0.0109236286764082 0.9858686356133678 0.9915555891882945
1.5851881619773716 -0.0013515135022744 0.0002188462201333 0.0112105717203461 0.9856235750527444 0.9914084638188307
1.5989793584366816 -0.0013749268162912 0.0002187416430262 0.0115039809914921 0.9853751915435405 0.9912593193755127
1.6128419205088547 -0.0013986585931361 0.0002186356527470 0.0118039774207347 0.9851234537022538 0.9911081360226444
1.6267759423588077 -0.0014227118711017 0.0002185282361207 0.0121106833355234 0.9848683303258533 0.9909548940062627
1.6407815445443181 -0.0014470897488787 0.0002184193797141 0.0124242234270072 0.9846097896002595 0.9907995731782081
1.6548588527563155 -0.0014717953499222 0.0002183090699951 0.0127447243296936 0.9843477994791321 0.9906421532229539
1.6690079185488769 -0.0014968316819215 0.0002181972939606 0.0130723127992986 0.9840823291746468 0.9904826145529829
1.6832288869491996 -0.0015222019315780 0.0002180840378202 0.0134071195650296 0.9838133460323351 0.9903209364303468
1.6975218466375124 -0.0015479092007719 0.0002179692881748 0.0137492759145031 0.9835408183295176 0.9901570986476863
1.7118868962402238 -0.0015739566230649 0.0002178530314967 0.0140989152270739 0.9832647140406202 0.9899910807857553
1.7263241729026870 -0.0016003474167859 0.0002177352538928 0.0144561737242271 0.9829850002754104 0.9898228618748683
1.7408337519359072 -0.0016270847021299 0.0002176159419215 0.0148211880216605 0.9827016452184085 0.9896524215605755
1.7554156997129611 -0.0016541715951521 0.0002174950821730 0.0151940963833431 0.9824146171330619 0.9894797395045655
1.7700701856437091 -0.0016816114175014 0.0002173726603343 0.0155750416537163 0.9821238821403470 0.9893047940473590
1.7847972758786039 -0.0017094073131195 0.0002172486628995 0.0159641660000560 0.9818294082812651 0.9891275646517770
1.7995970820524356 -0.0017375625245165 0.0002171230759376 0.0163616147363463 0.9815311625901123 0.9889480301415261
1.8144697081386321 -0.0017660802937842 0.0002169958855344 0.0167675349774426 0.9812291121442210 0.9887661693321431
1.8294152197036095 -0.0017949638022763 0.0002168670780615 0.0171820747809745 0.9809232247035159 0.9885819614156279
1.8444337573981542 -0.0018242163895105 0.0002167366392010 0.0176053863033570 0.9806134663930768 0.9883953845642763
1.8595253918661958 -0.0018538412728591 0.0002166045551957 0.0180376217989623 0.9802998046726520 0.9882064177182635
1.8746902368049405 -0.0018838417666407 0.0002164708118719 0.0184789367947404 0.9799822060174274 0.9880150391882053
1.8899283925594441 -0.0019142211724249 0.0002163353951298 0.0189294885266124 0.9796606370805763 0.9878212273546828
1.9052399577425339 -0.0019449828013401 0.0002161982908439 0.0193894362784926 0.9793350644579596 0.9876249605258725
1.9206249870150611 -0.0019761298880313 0.0002160594852467 0.0198589400977044 0.9790054555995330 0.9874262174864900
1.9360836048795322 -0.0020076658201612 0.0002159189639066 0.0203381642615047 0.9786717763815368 0.9872249760333530
1.9516158780486665 -0.0020395938803681 0.0002157767128780 0.0208272734139381 0.9783339938382621 0.9870212146217664
1.9672219578251406 -0.0020719175376580 0.0002156327174034 0.0213264370310053 0.9779920730800840 0.9868149105058783
1.9829018768207434 -0.0021046400280923 0.0002154869637821 0.0218358229949058 0.9776459817303550 0.9866060424146953
1.9986557821783755 -0.0021377648375649 0.0002153394372198 0.0223556050668727 0.9772956848196148 0.9863945874707076
2.0144837592167604 -0.0021712953357145 0.0002151901234595 0.0228859572421914 0.9769411486590268 0.9861805235263940
2.0303858434378381 -0.0022052347966460 0.0002150390086901 0.0234270540213769 0.9765823406214584 0.9859638290322019
2.0463621379128867 -0.0022395866481697 0.0002148860784360 0.0239790743827327 0.9762192265073900 0.9857444814452471
2.0624127753916159 -0.0022743543946620 0.0002147313179023 0.0245422006376626 0.9758517713623731 0.9855224577214531
2.0785378441562838 -0.0023095414569307 0.0002145747126872 0.0251166158678928 0.9754799411707870 0.9852977353380428
2.0947374486399353 -0.0023451513022666 0.0002144162482043 0.0257025060328245 0.9751037014822982 0.9850702914630657
2.1110116066058944 -0.0023811872171056 0.0002142559106941 0.0263000562277089 0.9747230198147527 0.9848401044074703
2.1273604275882914 -0.0024176526993349 0.0002140936854787 0.0269094571605016 0.9743378615104887 0.9846071511193458
2.1437839926950875 -0.0024545511945491 0.0002139295581365 0.0275309008424447 0.9739481925243245 0.9843714088683870
2.1602824437788115 -0.0024918862961204 0.0002137635136122 0.0281645839756219 0.9735539773119705 0.9841328539676291
2.1768558234120898 -0.0025296613839704 0.0002135955378242 0.0288107018606767 0.9731551826457230 0.9838914640814074
2.1935041684014336 -0.0025678798317561 0.0002134256167435 0.0294694518539109 0.9727517754270968 0.9836472169018854
2.2102276740065361 -0.0026065453872592 0.0002132537347026 0.0301410400077037 0.9723437186738992 0.9834000877177241
2.2270263209953391 -0.0026456613137972 0.0002130798782141 0.0308256662479658 0.9719309805836823 0.9831500549013636
2.2439002463208788 -0.0026852312447014 0.0002129040321717 0.0315235391906923 0.9715135255168018 0.9828970944478698
2.2608495052911732 -0.0027252586324375 0.0002127261823002 0.0322348665762336 0.9710913198112984 0.9826411834959363
2.2778742003297410 -0.0027657424557234 0.0002125463145181 0.0329598605593815 0.9706643285865483 0.9823822983929401
2.2946724157423302 -0.0028059622072354 0.0002123676371516 0.0336855929525612 0.9702401687849739 0.9821250567134356
2.3118476688706879 -0.0028473689417096 0.0002121837167524 0.0344383478172642 0.9698035693750349 0.9818601943974969
2.3290978234890929 -0.0028892450844605 0.0002119977425626 0.0352053803655383 0.9693621015591389 0.9815922998524488
2.3464237302074773 -0.0029315960308930 0.0002118096917804 0.0359869452909920 0.9689157114593646 0.9813213376724855
2.3638254557436227 -0.0029744252999750 0.0002116195499687 0.0367832656787265 0.9684643650610415 0.9810472844406850
2.3813030699924314 -0.0030177364252449 0.0002114273026563 0.0375945672767432 0.9680080282734664 0.9807701166336760
2.3988566732471002 -0.0030615330230535 0.0002112329350349 0.0384210798120129 0.9675466662127591 0.9804898101848774
2.4164863059707224 -0.0031058185675535 0.0002110364329588 0.0392630327683394 0.9670802455738814 0.9802063419246451
2.4341920690582439 -0.0031505966906066 0.0002108377816144 0.0401206610650366 0.9666087314730047 0.9799196876608735
2.4519740394457235 -0.0031958709711700 0.0002106369664560 0.0409942011031534 0.9661320896678780 0.9796298235270324
2.4698322275648961 -0.0032416448236635 0.0002104339737005 0.0418838885639922 0.9656502877338020 0.9793367266973256
2.4877667333540594 -0.0032879218959819 0.0002102287885635 0.0427899661262398 0.9651632908754291 0.9790403728384541
2.5057776645418954 -0.0033347058640299 0.0002100213961710 0.0437126795792060 0.9646710640925590 0.9787407374248889
2.5238650769992588 -0.0033820002757444 0.0002098117822524 0.0446522747469834 0.9641735738227599 0.9784377967380711
2.5420290061518842 -0.0034298086293935 0.0002095999327926 0.0456089989823494 0.9636707871183290 0.9781315273654353
2.5602695644516262 -0.0034781346306961 0.0002093858328945 0.0465831063453734 0.9631626689443378 0.9778219045533206
2.5785867784494254 -0.0035269817634189 0.0002091694686816 0.0475748490186055 0.9626491866962764 0.9775089049580195
2.5969807964926708 -0.0035763538410219 0.0002089508248556 0.0485844884796927 0.9621303044023577 0.9771925031113947
2.6154515542261194 -0.0036262541104934 0.0002087298886658 0.0496122772332351 0.9616059921444950 0.9768726771639438
2.6339992185439138 -0.0036766864445969 0.0002085066446304 0.0506584832270380 0.9610762135305164 0.9765494012443672
2.6526238312186852 -0.0037276543835489 0.0002082810787807 0.0517233702353528 0.9605409357672039 0.9762226516014086
2.6713254343845225 -0.0037791614705707 0.0002080531771757 0.0528072047114278 0.9600001261353809 0.9758924044538384
2.6901041000607124 -0.0038312113338129 0.0002078229255410 0.0539102575451300 0.9594537511321005 0.9755586354653384
2.7089599148191641 -0.0038838076458892 0.0002075903094486 0.0550328032733183 0.9589017768984254 0.9752213200039760
2.7278928863537426 -0.0039369538618823 0.0002073553154762 0.0561751144759882 0.9583441719706132 0.9748804348228864
2.7469031133991781 -0.0039906536936559 0.0002071179291108 0.0573374719274336 0.9577809023048254 0.9745359550186007
2.7659906412234161 -0.0040449107056779 0.0002068781365366 0.0585201559636222 0.9572119355206221 0.9741878566235840
2.7851555116150823 -0.0040997284535047 0.0002066359240237 0.0597234494336083 0.9566372394495365 0.9738361157185327
2.8043977998408636 -0.0041551105899690 0.0002063912774594 0.0609476400610114 0.9560567810243988 0.9734807077512836
2.8237175740279246 -0.0042110607499788 0.0002061441828587 0.0621930179589309 0.9554705274899333 0.9731216082762223
2.8431149005040295 -0.0042675825652963 0.0002058946262997 0.0634598759618429 0.9548784462500677 0.9727587928598784
2.8625897532926232 -0.0043246793980280 0.0002056425951010 0.0647485036007256 0.9542805076608819 0.9723922387924230
2.8821422659216593 -0.0043823550771793 0.0002053880745710 0.0660592037012309 0.9536766773188460 0.9720219203597247
2.9017724508181026 -0.0044406130774934 0.0002051310516338 0.0673922739075010 0.9530669246635924 0.9716478141153104
2.9214803931287432 -0.0044994570888149 0.0002048715123174 0.0687480195797575 0.9524512170185133 0.9712698952254141
2.9412661084649439 -0.0045588905938522 0.0002046094436173 0.0701267441482348 0.9518295240126766 0.9708881401808725
2.9611296734214081 -0.0046189172572983 0.0002043448317817 0.0715287580811019 0.9512018135117043 0.9705025242986048
2.9810711383935553 -0.0046795406653223 0.0002040776634609 0.0729543728947229 0.9505680543462115 0.9701130233952353
3.0010905351732302 -0.0047407643463004 0.0002038079256168 0.0744039015960801 0.9499282160966362 0.9697196136547628
3.0211878806707260 -0.0048025917804122 0.0002035356054818 0.0758776588780780 0.9492822689947746 0.9693222715677072
3.0413632646558741 -0.0048650266704089 0.0002032606893667 0.0773759676121542 0.9486301810982057 0.9689209721914479
3.0616167516427648 -0.0049280726417462 0.0002029831639837 0.0788991517712449 0.9479719214271929 0.9685156910776678
3.0819483288577993 -0.0049917330767018 0.0002027030171766 0.0804475323313800 0.9473074616974215 0.9681064053398978
3.1023580271544002 -0.0050560114890287 0.0002024202362723 0.0820214362892269 0.9466367724101999 0.9676930912460293
3.1228459004415638 -0.0051209114623941 0.0002021348083540 0.0836211952579846 0.9459598234996509 0.9672757246143702
3.1434120118206330 -0.0051864366080052 0.0002018467204486 0.0852471444812295 0.9452765847787010 0.9668542810866243
3.1640564035311987 -0.0052525904686851 0.0002015559599498 0.0868996204631520 0.9445870269423463 0.9664287367456117
3.1847790915518841 -0.0053193764993186 0.0002012625147049 0.0885789604299989 0.9438911217732521 0.9659990682421471
3.2055801023859800 -0.0053867981838158 0.0002009663725019 0.0902855052379935 0.9431888409251749 0.9655652520435847
3.2264595230079602 -0.0054548591991650 0.0002006675203501 0.0920196036014358 0.9424801542187756 0.9651272633787362
3.2380890417126174 -0.0054929351281671 0.0002005003742680 0.0929946842009390 0.9420837993622414 0.9648822102550541
3.2451082331982155 -0.0055159742198986 0.0002003992521381 0.0935864107464868 0.9418440107966174 0.9647339239628057
3.2521274246838137 -0.0055390496686448 0.0002002979520158 0.0941805512365271 0.9416037998934293 0.9645853515974374
3.2605865398440588 -0.0055669148613338 0.0002001756336899 0.0948997874495701 0.9413137515462847 0.9644059211204501
3.2817003617930878 -0.0056367398610780 0.0001998691984307 0.0967103567418650 0.9405871295861353 0.9639562564278731
3.3028644734409407 -0.0057071228814424 0.0001995604184219 0.0985473456393418 0.9398549697701641 0.9635029332064354
3.3241071543890670 -0.0057781605380964 0.0001992488729864 0.1004135192247823 0.9391162752471102 0.9630453281154641
3.3454284208736014 -0.0058498562323079 0.0001989345506733 0.1023092363662730 0.9383710195539635 0.9625834180683804
3.3668282344521985 -0.0059222131731195 0.0001986174409505 0.1042348537528476 0.9376191784199065 0.9621171812257973
3.3883066689376822 -0.0059952349411777 0.0001982975317351 0.1061907408884523 0.9368607239107751 0.9616465933635941
3.4098637397884985 -0.0060689249141985 0.0001979748119132 0.1081772648834601 0.9360956304041723 0.9611716315756496
3.4314994643730947 -0.0061432864690618 0.0001976492704551 0.1101947957887484 0.9353238724919773 0.9606922729730187
3.4532138609661622 -0.0062183229783437 0.0001973208964324 0.1122437065082688 0.9345454250199983 0.9602084947074357
3.4750069772310375 -0.0062940379094570 0.0001969896785854 0.1143243755364393 0.9337602620637603 0.9597202733331860
3.4968787842685249 -0.0063704344561657 0.0001966556069363 0.1164371768262105 0.9329683607531802 0.9592275871844357
3.5188293203113266 -0.0064475160372182 0.0001963186706101 0.1185824934776909 0.9321696961050902 0.9587304131613262
3.5408586084955558 -0.0065252860114034 0.0001959788590817 0.1207607099374352 0.9313642439825743 0.9582287285684963
3.5629666540881963 -0.0066037476661246 0.0001956361622278 0.1229722116294843 0.9305519812159044 0.9577225111903954
3.5851535146536690 -0.0066829044665727 0.0001952905692399 0.1252173919881082 0.9297328830271434 0.9572117376850174
3.6074191379045759 -0.0067627594774193 0.0001949420711505 0.1274966360649683 0.9289069290185276 0.9566963873168965
3.6297635922188300 -0.0068433161856072 0.0001945906572431 0.1298103438819763 0.9280740946628163 0.9561764366492931
3.6521868522494811 -0.0069245777325727 0.0001942363184048 0.1321589085567882 0.9272343592496242 0.9556518645004011
3.6746889562373353 -0.0070065474798483 0.0001938790446596 0.1345427324966876 0.9263877000407511 0.9551226482944767
3.6972698861432391 -0.0070892285748790 0.0001935188270642 0.1369622148573061 0.9255340967612916 0.9545887668661837
3.7199296525969179 -0.0071726242590514 0.0001931556563658 0.1394177604504918 0.9246735284209482 0.9540501984737463
3.7426682483898928 -0.0072567376977950 0.0001927895237446 0.1419097747843171 0.9238059750726918 0.9535069218975954
3.7654857138726365 -0.0073415722225501 0.0001924204197624 0.1444386712321439 0.9229314153214987 0.9529589148792275
3.7883820706402371 -0.0074271310867090 0.0001920483354266 0.1470048638453669 0.9220498288472867 0.9524061556990802
3.8113572175628221 -0.0075134170722998 0.0001916732639013 0.1496087553792303 0.9211612004571614 0.9518486257201856
3.8344111968675767 -0.0076004334851482 0.0001912951961811 0.1522507671664600 0.9202655098366845 0.9512863029605473
3.8575440248821717 -0.0076881835246521 0.0001909141238346 0.1549313202924374 0.9193627380505101 0.9507191661662615
3.8807557131723334 -0.0077766703620346 0.0001905300386658 0.1576508379103289 0.9184528667399464 0.9501471943080182
3.9040462411151746 -0.0078658970344825 0.0001901429331750 0.1604097419325694 0.9175358792147090 0.9495703672675750
3.9274155881814243 -0.0079558665666217 0.0001897528000322 0.1632084566956954 0.9166117592067070 0.9489886650548441
3.9508637776153281 -0.0080465821398544 0.0001893596313457 0.1660474142629592 0.9156804891366921 0.9484020667149204
3.9743907793511561 -0.0081380467180842 0.0001889634202866 0.1689270427520216 0.9147420539627623 0.9478105527501849
3.9817467300251588 -0.0081667350915587 0.0001888391888306 0.1698338048098733 0.9144478173859191 0.9476250063865731
3.9891026806991614 -0.0081954584299050 0.0001887147915014 0.1707436304104225 0.9141531888100219 0.9474391729539928
3.9988891162975406 -0.0082337303166660 0.0001885490347021 0.1719588275184065 0.9137606053775693 0.9471914935976320
4.0226057383925760 -0.0083267952278380 0.0001881461157424 0.1749263301498315 0.9128063500223885 0.9465891613587375
4.0463724288781782 -0.0084205044508787 0.0001877406204579 0.1779322540629542 0.9118460362945241 0.9459825804670514
4.0702179266055012 -0.0085149734905256 0.0001873320550305 0.1809806174017986 0.9108784958334274 0.9453710031248875
4.0941421755666401 -0.0086102051143831 0.0001869204139843 0.1840718568979308 0.9099037168928259 0.9447544112018155
4.1181451079567397 -0.0087062020264450 0.0001865056922462 0.1872064098215447 0.9089216887018835 0.9441327870423540
4.1422267244796940 -0.0088029671894055 0.0001860878837562 0.1903847245317385 0.9079323981742980 0.9435061113811328
4.1663870200133859 -0.0089005035303069 0.0001856669827426 0.1936072509667766 0.9069358329283016 0.9428743652509919
4.1906259427139130 -0.0089988137737334 0.0001852429844425 0.1968744350438022 0.9059319829938161 0.9422375310662598
4.2149435059144142 -0.0090979008944241 0.0001848158831518 0.2001867336288544 0.9049208361942355 0.9415955896936572
4.2393396658572176 -0.0091977676217619 0.0001843856743640 0.2035445980638560 0.9039023832117777 0.9409485236647486
4.2638143352268214 -0.0092984164901981 0.0001839523545525 0.2069484756286154 0.9028766170713982 0.9402963168527694
4.2883676186702999 -0.0093998508103770 0.0001835159169933 0.2103988424684259 0.9018435232523941 0.9396389481821159
4.3129993538546358 -0.0095020727783023 0.0001830763599053 0.2138961394713110 0.9008030989590053 0.9389764038843906
4.3377095393588796 -0.0096050852380931 0.0001826336788653 0.2174408319889854 0.8997553351649484 0.9383086660781322
4.3624981559553930 -0.0097088909470866 0.0001821878699741 0.2210333849586654 0.8987002241085883 0.9376357175339359
4.3873651567495733 -0.0098134925326546 0.0001817389300427 0.2246742612977055 0.8976377597343621 0.9369575419577136
4.4123104618527575 -0.0099188924671150 0.0001812868567008 0.2283639208803533 0.8965679379486990 0.9362741241568240
4.4373340356701929 -0.0100250933934510 0.0001808316470010 0.2321028318682176 0.8954907533178034 0.9355854479313468
4.4624358632029555 -0.0101320980283197 0.0001803732978393 0.2358914674217171 0.8944062000625339 0.9348914967057409
4.4876158785082803 -0.0102399088571086 0.0001799118072629 0.2397302948696614 0.8933142751546498 0.9341922555097399
4.5128739924244039 -0.0103485282487471 0.0001794471739792 0.2436197795828828 0.8922149771527813 0.9334877102375183
4.5382102160968776 -0.0104579589883346 0.0001789793950795 0.2475604040722698 0.8911083008196360 0.9327778441960620
4.5636244706311944 -0.0105682034591845 0.0001785084695414 0.2515526386878458 0.8899942454067092 0.9320626434140808
4.5891166961758296 -0.0106792641107765 0.0001780343962279 0.2555969582807190 0.8888728099217093 0.9313420936103264
4.5991939674660118 -0.0107232988772102 0.0001778465240336 0.2572067383131052 0.8884284108322769 0.9310563862856627
4.6092712387561940 -0.0107673826343260 0.0001776583924322 0.2588227790700199 0.8879833986217859 0.9307701880434452
4.6184385006869100 -0.0108075460705777 0.0001774870220814 0.2602983305944159 0.8875780416454435 0.9305094086112392
4.6441307983988986 -0.0109204345573960 0.0001770055839161 0.2644614186055564 0.8864393015351767 0.9297763882389045
4.6698684967503787 -0.0110340027898875 0.0001765216016115 0.2686728762878745 0.8852946137633517 0.9290388964085395
4.6956839820422962 -0.0111483953829497 0.0001760344680842 0.2729384167511966 0.8841425441543210 0.9282959960382996
4.7215771056846139 -0.0112636142795507 0.0001755441851029 0.2772585079385153 0.8829830987134412 0.9275476765587699
4.7475478144382919 -0.0113796618281851 0.0001750507528891 0.2816336347461647 0.8818162798163007 0.9267939249063454
4.7735960195236302 -0.0114965402034344 0.0001745541725876 0.2860642773904919 0.8806420920507524 0.9260347292901102
4.7997216525304651 -0.0116142516553139 0.0001740544452080 0.2905509207300947 0.8794605397142458 0.9252700775762821
4.8259246061934027 -0.0117327982429089 0.0001735515727580 0.2950940440797954 0.8782716294937952 0.9244999590224644
4.8522048473274157 -0.0118521823450982 0.0001730455560790 0.2996941407144267 0.8770753653488149 0.9237243609638960
4.8785623038728101 -0.0119724061514185 0.0001725363970092 0.3043516983943043 0.8758717536267341 0.9229432721249501
4.9049968797394348 -0.0120934717268466 0.0001720240981097 0.3090672016660635 0.8746608024135956 0.9221566822026589
4.9315084120432093 -0.0122153808128177 0.0001715086635051 0.3138411238862093 0.8734425235226150 0.9213645831639604
4.9580968726460233 -0.0123381357536842 0.0001709900949688 0.3186739634183391 0.8722169232401874 0.9205669632303471
4.9847621793929617 -0.0124617386327617 0.0001704683955814 0.3235662099451587 0.8709840109741411 0.9197638124954876
5.0115041402859308 -0.0125861910073268 0.0001699435708452 0.3285183335847932 0.8697438018878942 0.9189551246518413
5.0383227562423345 -0.0127114953161758 0.0001694156227499 0.3335308407517119 0.8684963028753221 0.9181408878488541
5.0652179062927178 -0.0128376534182121 0.0001688845559404 0.3386042161256393 0.8672415271380441 0.9173210941935520
5.0921894471298517 -0.0129646670512657 0.0001683503757800 0.3437389405946963 0.8659794896073485 0.9164957367737985
5.1192373464406034 -0.0130925384619706 0.0001678130857050 0.3489355167494754 0.8647102006954989 0.9156648055697902
5.1311172072708775 -0.0131488588011551 0.0001675765980753 0.3512329378036974 0.8641515552749468 0.9152988272570179
5.1371590740143027 -0.0131775388000882 0.0001674562083580 0.3524048789246989 0.8638671705466877 0.9151124595698048
5.1432009407577279 -0.0132062206896692 0.0001673357440051 0.3535791931845819 0.8635826051233632 0.9149259314851257
5.1704199721465676 -0.0133357394621510 0.0001667920756889 0.3588990203156525 0.8622983918932233 0.9140836251572944
5.1976880235494773 -0.0134659904218555 0.0001662458521790 0.3642768538750382 0.8610082432418846 0.9132365580752125
5.2250319949937944 -0.0135971036336224 0.0001656965408046 0.3697184384855803 0.8597109032896819 0.9123838895062588
5.2524516550503950 -0.0137290802868845 0.0001651441503304 0.3752242395076238 0.8584063951783334 0.9115256170583012
5.2799469758792625 -0.0138619225353081 0.0001645886857075 0.3807947631158175 0.8570947330770753 0.9106617322928490
5.3075177528804547 -0.0139956316677760 0.0001640301557319 0.3864304799995361 0.8557759402704314 0.9097922326244678
5.3351639187686617 -0.0141302096244870 0.0001634685667059 0.3921318887718281 0.8544500341894876 0.9089171114663918
5.3628852794807633 -0.0142656577171589 0.0001629039277867 0.3978994619866689 0.8531170390417325 0.9080363665579425
5.3906817429102079 -0.0144019777418391 0.0001623362463438 0.4037336931513921 0.8517769748499034 0.9071499927332597
5.4185531495768817 -0.0145391711536269 0.0001617655314036 0.4096350616074315 0.8504298655841960 0.9062579872928291
5.4464993502727221 -0.0146772394453905 0.0001611917920712 0.4156040485176690 0.8490757354373483 0.9053603475459353
5.4745202042689947 -0.0148161841403251 0.0001606150375651 0.4216411365251398 0.8477146089059475 0.9044570708642937
5.5026155176283025 -0.0149560064857037 0.0001600352784892 0.4277467963202348 0.8463465137932257 0.9035481566780610
5.5307851469838676 -0.0150967079679183 0.0001594525246972 0.4339215089380167 0.8449714761687293 0.9026336031327673
5.5590289446926926 -0.0152382900421875 0.0001588667864178 0.4401657540063378 0.8435895230252457 0.9017134088519104
5.5873467596609769 -0.0153807541369116 0.0001582780742390 0.4464800098419365 0.8422006822407303 0.9007875729139373
5.6157384085912483 -0.0155241015085254 0.0001576863997085 0.4528647468756075 0.8408049839951685 0.8998560958006872
5.6232370669815088 -0.0155620178207394 0.0001575298984195 0.4545600917457711 0.8404358238267057 0.8996095418247104
5.6300456140655779 -0.0155964701704661 0.0001573877161101 0.4561026866892257 0.8401004455584021 0.8993854847186581
5.6585906582633303 -0.0157412298056962 0.0001567907386543 0.4626040183198908 0.8386923840274033 0.8984441167583394
5.6871673212688592 -0.0158866613215179 0.0001561917011564 0.4691675384754796 0.8372795993912246 0.8974984836081527
5.7158172624200096 -0.0160329777195546 0.0001555897421321 0.4758032045012681 0.8358600626639283 0.8965472094458372
5.7445402525694629 -0.0161801799365846 0.0001549848754014 0.4825114720869007 0.8344338095333009 0.8955902978805419
5.7733361022826477 -0.0163282691025878 0.0001543771142453 0.4892928048181177 0.8330008744548331 0.8946277515786552
5.8022045627175345 -0.0164772460325732 0.0001537664734946 0.4961476508774583 0.8315612955768309 0.8936595755724543
5.8311454706029986 -0.0166271119740239 0.0001531529664659 0.5030764772609549 0.8301151075171798 0.8926857724076790
5.8601586021311682 -0.0167778678547249 0.0001525366080482 0.5100797351543728 0.8286623486406105 0.8917063470375858
5.8892437908877264 -0.0169295148940216 0.0001519174122027 0.5171578881005398 0.8272030551645198 0.8907213028566500
5.9184007816521644 -0.0170820538424830 0.0001512953950708 0.5243113765015324 0.8257372684850512 0.8897306466453828
5.9476293241358613 -0.0172354854676620 0.0001506705729866 0.5315406399615545 0.8242650304920940 0.8887343854192408
5.9769292853291738 -0.0173898111480291 0.0001500429600656 0.5388461454052247 0.8227863778884830 0.8877325225788665
6.0063003704046567 -0.0175450314066798 0.0001494125741741 0.5462283177720774 0.8213013562558575 0.8867250674358153
6.0357423127580461 -0.0177011469071609 0.0001487794328718 0.5536875866776279 0.8198100104925141 0.8857120287509032
6.0480759333271736 -0.0177667003211271 0.0001485138392204 0.5568300309592330 0.8191844625655651 0.8852867205957353
6.0604095538963012 -0.0178323064870970 0.0001482480405145 0.5599829085233398 0.8185584452492735 0.8848608640419725
6.0746383214823174 -0.0179080728392464 0.0001479411447081 0.5636332151053486 0.8178356577196999 0.8843688923075007
6.1042723238336913 -0.0180662555548836 0.0001473010905022 0.5712802707798401 0.8163283581474671 0.8833419458401691
6.1339490416605047 -0.0182251868838357 0.0001466589292145 0.5789988319068237 0.8148162715854232 0.8823103890594819
6.1636956423327343 -0.0183850136282981 0.0001460140876565 0.5867963701779448 0.8132980518158012 0.8812732831776992
6.1935118092532555 -0.0185457361188120 0.0001453665859960 0.5946732900159157 0.8117737500691838 0.8802306408229468
6.2233972912325797 -0.0187073550343138 0.0001447164432685 0.6026300102963722 0.8102434149512436 0.8791824727571822
6.2533518157538239 -0.0188698709373828 0.0001440636792543 0.6106669416062556 0.8087070968625308 0.8781287908975711
6.2833751025674145 -0.0190332843473567 0.0001434083141836 0.6187844896605417 0.8071648473032089 0.8770696078470007
6.3134668814990880 -0.0191975958379260 0.0001427503683454 0.6269830600393500 0.8056167179538629 0.8760049362667593
6.3436268270338543 -0.0193628056799919 0.0001420898635174 0.6352630402129593 0.8040627640390169 0.8749347911954587
6.3738546384447590 -0.0195289142787590 0.0001414268212138 0.6436248211605515 0.8025030402045902 0.8738591872212071
6.4041500141642977 -0.0196959220352952 0.0001407612632421 0.6520687904056853 0.8009376018274502 0.8727781393842134
6.4345126544516305 -0.0198638293621409 0.0001400932116416 0.6605953327068639 0.7993665048712056 0.8716916630809111
6.4459058203241328 -0.0199269705812715 0.0001398422765658 0.6638112961315447 0.7987764196829498 0.8712832006121473
6.4517484066547546 -0.0199593791543015 0.0001397135393545 0.6654639831703065 0.7984736997722920 0.8710735711584060
6.4548326335744708 -0.0199764950991297 0.0001396455659466 0.6663373706844392 0.7983138664263454 0.8709628657463875
6.4579168604941870 -0.0199935978087792 0.0001395775857329 0.6672114182100426 0.7981540111911360 0.8708521294762902
6.4639834161150045 -0.0200272533916546 0.0001394438419534 0.6689325620825559 0.7978395192327871 0.8706342255266794
6.4945215704702770 -0.0201969876082205 0.0001387700089389 0.6776353420740121 0.7962551615746574 0.8695355238826363
6.5250835271679364 -0.0203673825191667 0.0001380946878097 0.6864097364445273 0.7946675202534017 0.8684329694022177
6.5557115032340789 -0.0205386744483452 0.0001374169641943 0.6952681875849218 0.7930744494741503 0.8673250515749316
6.5864051297843673 -0.0207108633921630 0.0001367368629771 0.7042110426937516 0.7914760120657820 0.8662117903930480
6.6171640197856627 -0.0208839492470079 0.0001360544097073 0.7132386394641008 0.7898722724598868 0.8650932069509581
6.6479878194657216 -0.0210579320992659 0.0001353696294551 0.7223513210911768 0.7882632940025069 0.8639693215752470
6.6788761195927204 -0.0212328117260830 0.0001346825487781 0.7315494100631774 0.7866491435743893 0.8628401570546363
6.7098286324161123 -0.0214085885979109 0.0001339931917820 0.7408332607766053 0.7850298823363956 0.8617057321710446
6.7408448830930778 -0.0215852621296067 0.0001333015869853 0.7502031672452310 0.7834055818550167 0.8605660729934442
6.7719245150188758 -0.0217628324123870 0.0001326077605194 0.7596594542605924 0.7817763081294572 0.8594212017014761
6.8030671121854924 -0.0219412992054678 0.0001319117400823 0.7692024239957184 0.7801421308765950 0.8582711430966843
6.8135372058051438 -0.0220014199629560 0.0001316775659072 0.7724259411113308 0.7795923727632440 0.8578838550779609
6.8240072994247951 -0.0220616012873262 0.0001314433060599 0.7756571006364494 0.7790424420655121 0.8574962466758034
6.8314688208930461 -0.0221044992057073 0.0001312763136826 0.7779644534801325 0.7786504288765925 0.8572198222387224
6.8383710662861654 -0.0221441873151378 0.0001311218039818 0.7801023156563387 0.7782877220796542 0.8569639729300383
6.8696862123198823 -0.0223245779630227 0.0001304203484897 0.7898434161192348 0.7766412333643820 0.8558014648361009
6.9010252411501645 -0.0225056429943932 0.0001297176328788 0.7996604112915704 0.7749920460348393 0.8546352482626309
6.9324255565902364 -0.0226875996944236 0.0001290128390932 0.8095653062400664 0.7733382445916198 0.8534639475453617
6.9638866678548785 -0.0228704473860721 0.0001283059976923 0.8195583538467066 0.7716799056354148 0.8522875925226634
6.9954081334599207 -0.0230541856859446 0.0001275971383495 0.8296398170100886 0.7700171037242500 0.8511062116405305
7.0269894915263285 -0.0232388141014540 0.0001268862914117 0.8398099466223482 0.7683499150322933 0.8499198345489389
7.0586302741642832 -0.0234243321145163 0.0001261734875717 0.8500689859818211 0.7666784165817598 0.8487284915652319
7.0903299697854463 -0.0236107389600731 0.0001254587587144 0.8604171583403978 0.7650026882247158 0.8475322150971286
7.1220881274249859 -0.0237980342394585 0.0001247421355599 0.8708547007806580 0.7633228071179166 0.8463310357075144
7.1539041972283703 -0.0239862169817275 0.0001240236512572 0.8813818118917131 0.7616388561453055 0.8451249881384101
7.1650328482824843 -0.0240521685591996 0.0001237722126583 0.8850806577688464 0.7610496155810100 0.8447025084538401
7.1704253626797128 -0.0240841501532413 0.0001236503521633 0.8868760818192737 0.7607640514113170 0.8444976748101606
7.1738098612182464 -0.0241042307327353 0.0001235738613627 0.8880039777441030 0.7605848095767513 0.8443690765775403
7.1771943597567800 -0.0241243040639788 0.0001234973671720 0.8891326723899040 0.7604055571828060 0.8442404485414745
7.1814024087717536 -0.0241492561272158 0.0001234022541403 0.8905371263258690 0.7601826727108968 0.8440804798887435
7.2132746575143987 -0.0243385533088043 0.0001226815708771 0.9012147106614424 0.7584940188837822 0.8428673703608653
7.2452558917586183 -0.0245290431910653 0.0001219579320827 0.9119999850796251 0.7567987433992011 0.8416474900966318
7.2772929798358286 -0.0247204129537645 0.0001212325601707 0.9228755659440145 0.7550997160847096 0.8404228747283811
7.3093854131485498 -0.0249126618834776 0.0001205054882497 0.9338416340524561 0.7533970198572475 0.8391935595673059
7.3415326181040088 -0.0251057888910767 0.0001197767510670 0.9448983413837825 0.7516907415025772 0.8379595828424649
7.3737340934371325 -0.0252997933356015 0.0001190463818917 0.9560458580303300 0.7499809643747403 0.8367209804344167
7.4059891526931994 -0.0254946734732845 0.0001183144183491 0.9672842829637539 0.7482677820546656 0.8354777957773082
7.4382972608224867 -0.0256904284848879 0.0001175808947814 0.9786137603374605 0.7465512804643607 0.8342300669134317
7.4706577631336089 -0.0258870568403266 0.0001168458483905 0.9900343851959164 0.7448315522456875 0.8329778369281867
7.4821124079387831 -0.0259567906381247 0.0001165855886613 0.9940943900584391 0.7442227252479022 0.8325339966079912
7.4935670527439573 -0.0260265941046757 0.0001163252912134 0.9981635148776398 0.7436138529056965 0.8320898506983280
7.5002372738377341 -0.0260672738624198 0.0001161736989301 1.0005372316839052 0.7432592770609168 0.8318310772429086
7.5045887311167059 -0.0260938035683071 0.0001160748019006 1.0020874415032519 0.7430279541520950 0.8316622055135036
7.5089401883956777 -0.0261203304094064 0.0001159759021037 1.0036389670014316 0.7427966251409960 0.8314932900165790
7.5413356748516467 -0.0263181296347052 0.0001152394622750 1.0152310261967719 0.7410742703773859 0.8302343886592267
7.5738612565658077 -0.0265172795069247 0.0001144998051373 1.0269429539638004 0.7393447411643415 0.8289680255560459
7.6064364765860475 -0.0267172919354935 0.0001137587822240 1.0387463465956495 0.7376123739198381 0.8276973437601671
7.6390607729423099 -0.0269181659861455 0.0001130164292798 1.0506412919194166 0.7358772579690130 0.8264223849422612
7.6717334706516276 -0.0271199000466707 0.0001122727847238 1.0626278290313032 0.7341394889104107 0.8251431955824864
7.7044538101788911 -0.0273224919944414 0.0001115278889977 1.0747059575375153 0.7323991670865037 0.8238598258871939
7.7372211267433659 -0.0275259403047093 0.0001107817804774 1.0868757033760414 0.7306563880286676 0.8225723227599624
7.7700346594628327 -0.0277302428695649 0.0001100344998099 1.0991370483420171 0.7289112525898194 0.8212807372804033
7.8028937038766779 -0.0279353979439305 0.0001092860864338 1.1114899864956960 0.7271638588136375 0.8199851187108225
7.8075179535741484 -0.0279643151280042 0.0001091807559358 1.1132344019190177 0.7269179647391156 0.8198026081716338
7.8121422032716188 -0.0279932214917503 0.0001090754282165 1.1149802942605571 0.7266720747413579 0.8196200538969804
7.8257936956195921 -0.0280785752705748 0.0001087644862318 1.1201430497514568 0.7259461967133887 0.8190808711943803
7.8587573729348064 -0.0282850782393344 0.0001080136310449 1.1326623685517323 0.7241936436149368 0.8177773732005055
7.8917382399611071 -0.0284922593929951 0.0001072623513500 1.1452632288166842 0.7224404989942859 0.8164710176109383
7.9247617657870970 -0.0287002807408042 0.0001065100906342 1.1579555020875663 0.7206854697568350 0.8151608210057989
7.9578271651247379 -0.0289091400584418 0.0001057568904343 1.1707391092846871 0.7189286588654532 0.8138468376587376
7.9909335832080837 -0.0291188346933344 0.0001050027939012 1.1836139349479908 0.7171701730532106 0.8125291249814351
8.0240801977824940 -0.0293293622077952 0.0001042478434692 1.1965798664554257 0.7154101173829194 0.8112077394678883
8.0572661586414185 -0.0295407199967445 0.0001034920822241 1.2096367705352922 0.7136485984383116 0.8098827390913719
8.0904906066141091 -0.0297529054071617 0.0001027355534627 1.2227845004856330 0.7118857232935617 0.8085541825442354
8.0961595027103712 -0.0297891676478482 0.0001026064838951 1.2250353791137223 0.7115850069540753 0.8083272990758342
8.0998126856275121 -0.0298125449768634 0.0001025233102310 1.2264870701455195 0.7113912292314740 0.8081810589047917
8.1034658685446530 -0.0298359007224860 0.0001024401436881 1.2279396755293015 0.7111974600473426 0.8080347947769837
8.1076745670960850 -0.0298628134305955 0.0001023443332932 1.2296143024596236 0.7109742370545702 0.8078662595500720
8.1409975343991796 -0.0300762273522702 0.0001015858262793 1.2429162180848772 0.7092072849950630 0.8065307439112473
8.1743182181069738 -0.0302902110054512 0.0001008275392972 1.2562931928509007 0.7074412905445367 0.8051933641722987
8.2076742370176508 -0.0305050078326436 0.0001000686396662 1.2697603599792586 0.7056743198812964 0.8038526392753866
8.2410646631105351 -0.0307206147502033 0.0000993091721749 1.2833174988852785 0.7039064835039655 0.8025086322331995
8.2744885467212210 -0.0309370285406182 0.0000985491820618 1.2969643695864392 0.7021378929470644 0.8011614072572214
8.3079448902713118 -0.0311542456800314 0.0000977887156036 1.3107007016561929 0.7003686621446962 0.7998110308145971
8.3414327367081604 -0.0313722629107290 0.0000970278180947 1.3245262303100769 0.6985989027281332 0.7984575680538766
8.3749510766363233 -0.0315910766378035 0.0000962665359490 1.3384406582298229 0.6968287289136255 0.7971010865443200
8.3813697850849014 -0.0316329952694555 0.0000961207987293 1.3411139508631220 0.6964898835439011 0.7968411212217450
8.3872377029162983 -0.0316713314492530 0.0000959875788575 1.3435602937734865 0.6961801549477777 0.7966034073386482
8.4208210828735517 -0.0318910895259005 0.0000952253356732 1.3576061748884922 0.6944082698479661 0.7952418937684567
8.4544113246646546 -0.0321114925681914 0.0000944632993039 1.3717313634906072 0.6926373576758216 0.7938783796236796
8.4880286259797160 -0.0323326755501115 0.0000937010344144 1.3859443698274476 0.6908664125346298 0.7925120742447974
8.5216719490651300 -0.0325546346774911 0.0000929385876500 1.4002448354532087 0.6890955490485871 0.7911430476037632
8.5553402122088773 -0.0327773658649337 0.0000921760065314 1.4146323717548555 0.6873248838432962 0.7897713717230691
8.5890323104595510 -0.0330008648693443 0.0000914133389744 1.4291065684134348 0.6855545344250989 0.7883971198291732
8.6227471487240201 -0.0332251275080929 0.0000906506325304 1.4436670075104956 0.6837846174160791 0.7870203649937874
8.6346865564358062 -0.0333046927792450 0.0000903806541467 1.4488416055777966 0.6831582389234041 0.7865324440449517
8.6395739703596472 -0.0333372607175523 0.0000902701610905 1.4509625971770728 0.6829018907881209 0.7863326573444815
8.6444613842834883 -0.0333698214597526 0.0000901596826154 1.4530851929513227 0.6826455780135308 0.7861328384612942
8.6782808010825150 -0.0335954846813563 0.0000893955030052 1.4678168383579238 0.6808729682802867 0.7847492783925563
8.7120543563359778 -0.0338214585672272 0.0000886328943872 1.4826050349235496 0.6791045397755748 0.7833660926376387
8.7458466090541176 -0.0340481763884981 0.0000878704197084 1.4974778460870251 0.6773369647072764 0.7819806706366500
8.7796562210702689 -0.0342756322878163 0.0000871081312297 1.5124346915208537 0.6755703703911626 0.7805930964473672
8.8134820612715288 -0.0345038217829882 0.0000863460763416 1.5274750694794692 0.6738048727962388 0.7792034458359303
8.8473228970751094 -0.0347327396956845 0.0000855843045160 1.5425984209655774 0.6720405926572117 0.7778117989147008
8.8811775740973768 -0.0349623813618578 0.0000848228632480 1.5578042095445408 0.6702776460713613 0.7764182327507914
8.8839651337768757 -0.0349813179808994 0.0000847601962036 1.5590596334413949 0.6701325800784687 0.7763034287282157
8.8867526934563745 -0.0350002463206370 0.0000846975361361 1.5603155735309253 0.6699875280625575 0.7761886157773052
8.8896187222534486 -0.0350196982970839 0.0000846331195931 1.5616074061458751 0.6698384074376602 0.7760705615619514
8.9182790102241896 -0.0352144663926992 0.0000839892192691 1.5745557237038861 0.6683480412960285 0.7748895043144948
8.9521675695911700 -0.0354453485615342 0.0000832284912694 1.5899363873721637 0.6665878013897930 0.7734918062127997
8.9860615183132442 -0.0356769028988871 0.0000824683486305 1.6053955602781067 0.6648295009790287 0.7720926257561432
9.0199641711813126 -0.0359091550680369 0.0000817087374992 1.6209346781870997 0.6630730213282561 0.7706918563658104
9.0538742847905489 -0.0361420996993620 0.0000809497061278 1.6365531007830851 0.6613184799285652 0.7692895794855831
9.0877904883096807 -0.0363757305227897 0.0000801913053449 1.6522501162868584 0.6595660001475031 0.7678858819328441
9.1217114148722391 -0.0366100412635504 0.0000794335855995 1.6680250013590505 0.6578157043873388 0.7664808504622520
9.1327368317294759 -0.0366862388388134 0.0000791874944067 1.6731686353560602 0.6572473288934169 0.7660239287894950
9.1428615810301253 -0.0367562698103929 0.0000789615824023 1.6778991127149481 0.6567256157431752 0.7656042305827623
9.1768077375400008 -0.0369914909155695 0.0000782046812624 1.6938084589090006 0.6549780577539742 0.7641963652182567
9.2107398084467782 -0.0372272663907188 0.0000774489313992 1.7097866195146543 0.6532337823982691 0.7627880212252964
9.2446718555169962 -0.0374636966124891 0.0000766940379565 1.7258400383163153 0.6514921143563271 0.7613786459784379
9.2786025247678143 -0.0377007752505680 0.0000759400496647 1.7419679385543376 0.6497531716367703 0.7599683259879415
9.3125304313489110 -0.0379384957216938 0.0000751870156038 1.7581695159013691 0.6480170729542417 0.7585571490717424
9.3464541717370704 -0.0381768512711347 0.0000744349849218 1.7744439440758031 0.6462839370747155 0.7571452038385524
9.3494544050182196 -0.0381979445779889 0.0000743685232053 1.7758868604336902 0.6461307909793338 0.7570202863421001
9.3523508140960310 -0.0382183039877991 0.0000743043701044 1.7772803983565681 0.6459829650529778 0.7568996848915113
9.3813149048741451 -0.0384221648759183 0.0000736632144069 1.7912457049999535 0.6445058337250147 0.7556933085474229
9.4152338944671410 -0.0386615190283648 0.0000729132540912 1.8076691540405327 0.6427786439773380 0.7542797383251597
9.4491417216363462 -0.0389014648427841 0.0000721645042576 1.8241615686239467 0.6410549080049942 0.7528657787077356
9.4830398425572664 -0.0391420155494292 0.0000714169493252 1.8407234525882696 0.6393345950266223 0.7514513991051929
9.5169268004116478 -0.0393831637990690 0.0000706706377719 1.8573538893828603 0.6376178216968269 0.7500366902423741
9.5508011696085706 -0.0396249024117609 0.0000699256169924 1.8740519648618574 0.6359047020550131 0.7486217414794578
9.5556863248189057 -0.0396598207912282 0.0000698182592355 1.8764661406951513 0.6356578977881215 0.7484176247479956
9.5605714800292407 -0.0396947533984723 0.0000697109229546 1.8788818481922054 0.6354111572923171 0.7482134927866224
9.5648460343241766 -0.0397253090071497 0.0000696170249419 1.8809968698924686 0.6351953088700957 0.7480348630685838
9.5691205886191124 -0.0397558575955128 0.0000695231470537 1.8831130637002389 0.6349795088521984 0.7478562217634381
9.6028436798605981 -0.0399972450089865 0.0000687831021478 1.8998493450299678 0.6332787322001828 0.7464464733389398
9.6366850320989403 -0.0402401623872834 0.0000680415132716 1.9167174998028043 0.6315751033345445 0.7450310878634838
9.6705087631906625 -0.0404836412933308 0.0000673013790745 1.9336499865480374 0.6298755198162177 0.7436157737556069
9.7043133353377904 -0.0407276734950104 0.0000665627475482 1.9506457779383799 0.6281800964635856 0.7422006246539933
9.7380973971642337 -0.0409722520422978 0.0000658256621799 1.9677039278485533 0.6264889376148111 0.7407857262624138
9.7468958482592747 -0.0410360625662196 0.0000656338836577 1.9721583226154655 0.6260490418200737 0.7404171451344130
9.7556942993543156 -0.0410999205238164 0.0000654421809230 1.9766176328866181 0.6256093689931780 0.7400485251672768
9.7606732150284721 -0.0411360778579897 0.0000653337328119 1.9791432687091526 0.6253606635908008 0.7398399114597938
9.7656521307026285 -0.0411722504184634 0.0000652253091071 1.9816704773746674 0.6251120299544499 0.7396312855603325
9.7703689838036780 -0.0412065080796740 0.0000651226198873 1.9840661181975661 0.6248765485134408 0.7394336293965343
9.7750858369047275 -0.0412407601126493 0.0000650199565776 1.9864631698660027 0.6246411310244130 0.7392359623835455
9.8087801004802468 -0.0414858326301278 0.0000642872367564 2.0036272171349774 0.6229613428705584 0.7378236431398638
9.8424969009973431 -0.0417317698071612 0.0000635551668157 2.0208746515883984 0.6212837754768903 0.7364098559103341
9.8761872253557765 -0.0419782182706352 0.0000628248257066 2.0381802499028141 0.6196109069536249 0.7349966831481703
9.9098496029239964 -0.0422251698780849 0.0000620962572610 2.0555429443704423 0.6179428416956027 0.7335842147194312
9.9434826260602858 -0.0424726168759800 0.0000613695034897 2.0729616881215129 0.6162796797742172 0.7321725376414361
9.9541180313635298 -0.0425510129073609 0.0000611399376737 2.0784846145199509 0.6157544797625709 0.7317260510184244
9.9583525478763768 -0.0425822464355855 0.0000610485687075 2.0806855588830091 0.6155454671906891 0.7315482697901429
9.9625870643892238 -0.0426134913271266 0.0000609572187544 2.0828876280698636 0.6153365101435010 0.7313704821914888
9.9658653299019111 -0.0426376678746761 0.0000608865149723 2.0845931918140952 0.6151747778844138 0.7312328387639647
9.9688935018859404 -0.0426599966431099 0.0000608212171505 2.0861692396002161 0.6150254132092684 0.7311056925581091
9.9991752217262331 -0.0428836037343893 0.0000601687771033 2.1019613186280290 0.6135333364655433 0.7298340566417012
10.0327288620680690 -0.0431320525478631 0.0000594469928775 2.1195267389235144 0.6118833993317935 0.7284246685853768
10.0662477018656329 -0.0433809630253048 0.0000587271792041 2.1371441505380089 0.6102387334861052 0.7270163971933429
10.0997304068078009 -0.0436303276072248 0.0000580093743417 2.1548124921108132 0.6085994296821091 0.7256093253324950
10.1331754565296386 -0.0438801372675824 0.0000572936200659 2.1725305934795509 0.6069655865425239 0.7242035434190395
10.1447915153967809 -0.0439670711160851 0.0000570453190520 2.1787006616621380 0.6063989761981230 0.7237152266730331
10.1490201163974447 -0.0439987395957261 0.0000569549675958 2.1809488343257826 0.6061928223124299 0.7235374566394775
10.1532487173981085 -0.0440303980859308 0.0000568646408008 2.1831981162204421 0.6059867262924872 0.7233596825193407
10.1579210329726362 -0.0440653730633031 0.0000567648632834 2.1856847088295086 0.6057590717956824 0.7231632495087142
10.1912729081272637 -0.0443154459683362 0.0000560533513984 2.2034737707595538 0.6041361187182174 0.7217609347175559
10.2246134646275877 -0.0445661648800819 0.0000553433505609 2.2213255917837800 0.6025174018584079 0.7203588703207163
10.2579111677342905 -0.0448172957461532 0.0000546355416376 2.2392229843709583 0.6009044773283797 0.7189584075576247
10.2911645382791210 -0.0450688294456302 0.0000539299632425 2.2571647501140881 0.5992974357324964 0.7175596337461445
10.3243721677699654 -0.0453207572948327 0.0000532266519987 2.2751497183904692 0.5976963629602960 0.7161626329087289
10.3370940757539049 -0.0454174019073459 0.0000529575716756 2.2820577388274592 0.5970839882676465 0.7156274040940522
10.3498159837378445 -0.0455141066644956 0.0000526886940612 2.2889756881376893 0.5964721691843041 0.7150921575188386
10.3829406652844334 -0.0457664160525292 0.0000519895113431 2.3070348347784155 0.5948817722613533 0.7136984347140345
10.4160202813480129 -0.0460191278457534 0.0000512925977575 2.3251364055301349 0.5932973533300965 0.7123065199185583
10.4490488763561622 -0.0462721984289238 0.0000505980841702 2.3432767187422692 0.5917192120353822 0.7109166872110768
10.4820251018837194 -0.0465256191290777 0.0000499060036297 2.3614545909028948 0.5901474252876024 0.7095290164683274
10.4927286904469295 -0.0466080379554490 0.0000496816525290 2.3673690800682325 0.5896380793487477 0.7090785941552231
10.4973737509502492 -0.0466438302682226 0.0000495843344439 2.3699379713315674 0.5894171647672500 0.7088831229365662
10.5002303570002660 -0.0466658491948769 0.0000495244993106 2.3715184318631355 0.5892813457028270 0.7087629125159265
10.5030869630502828 -0.0466878528707008 0.0000494646786824 2.3730993881763425 0.5891455550965442 0.7086427020373022
10.5059244742358366 -0.0467097105865934 0.0000494052688796 2.3746702673897899 0.5890107009484790 0.7085232950421266
10.5342995860913753 -0.0469285966918652 0.0000488117211372 2.3904059414217316 0.5876637497497970 0.7073292250048018
10.5671375993693797 -0.0471826140864315 0.0000481260740365 2.4086774921727883 0.5861085739086073 0.7059473621118483
10.5999205018168627 -0.0474369640869540 0.0000474429305818 2.4269834699887669 0.5845599168448817 0.7045678533091381
10.6326448861364877 -0.0476916216638059 0.0000467623646630 2.4453215082246103 0.5830179472952004 0.7031908633994068
10.6425931647873089 -0.0477691897210202 0.0000465557416913 2.4509091096755000 0.5825499665789692 0.7027722701372907
10.6525414434381300 -0.0478468287516908 0.0000463492452912 2.4565026735040298 0.5820823514321746 0.7023536846635704
10.6574309203639412 -0.0478850135992894 0.0000462478009021 2.4592540370561351 0.5818526576076726 0.7021479572326044
10.6623203972897524 -0.0479232156467163 0.0000461463871848 2.4620068396302313 0.5816230523669510 0.7019422318978474
10.6663613427207800 -0.0479547816009376 0.0000460626003157 2.4642830000739271 0.5814333595530077 0.7017722102534173
10.6704022881518075 -0.0479863433987769 0.0000459788377856 2.4665601428927055 0.5812437267174396 0.7016021900862123
10.7028735947483220 -0.0482403877529516 0.0000453065217859 2.4848939218584185 0.5797221235511696 0.7002360391143001
10.7354104309362821 -0.0484957109035889 0.0000446342181680 2.5033281871450574 0.5782014022150522 0.6988672496913033
10.7678834571590922 -0.0487513034408317 0.0000439646085895 2.5217895430987856 0.5766876340889813 0.6975012834461758
10.8002911758755307 -0.0490071545107160 0.0000432977245635 2.5402766412611970 0.5751808907901350 0.6961382227359829
10.8101560458014578 -0.0490851893331303 0.0000430950006776 2.5459165420991221 0.5747230332415028 0.6957233431906688
10.8200209157273850 -0.0491632963422498 0.0000428924054722 2.5515622481227815 0.5742655471683231 0.6953084807205646
10.8267970267609677 -0.0492169340794669 0.0000427533306354 2.5554436061364001 0.5739515165332312 0.6950235246766119
10.8330140624207605 -0.0492661739654914 0.0000426257844733 2.5590071326639565 0.5736635500196181 0.6947620868076181
10.8653111221007475 -0.0495224349871470 0.0000419640181362 2.5775564327731493 0.5721699709062502 0.6934040543409463
10.8975203360809889 -0.0497787769688137 0.0000413054389848 2.5961170507255082 0.5706844579414754 0.6920499280740134
10.9296592915577957 -0.0500353397971917 0.0000406496852289 2.6146985514556387 0.5692061940481991 0.6906989861322880
10.9617267454500613 -0.0502921140562179 0.0000399967808674 2.6332996965655888 0.5677352329230085 0.6893512980378144
10.9665591825088669 -0.0503308770096270 0.0000398985116942 2.6361080892668731 0.5675139140102919 0.6891482294953717
10.9692513756743022 -0.0503524799514275 0.0000398437788400 2.6376732682859854 0.5673906550433310 0.6890351008750837
10.9719435688397375 -0.0503740689262560 0.0000397890600095 2.6392388756717997 0.5672674237567078 0.6889219741569239
10.9748126208888621 -0.0503970791678981 0.0000397307580310 2.6409078043002028 0.5671361282019232 0.6888014178707962
11.0035031413801079 -0.0506275289163057 0.0000391483551175 2.6576238259060174 0.5658249532621342 0.6875959766200213
11.0354035642031665 -0.0508845064824731 0.0000385021142513 2.6762670419861325 0.5643708984994985 0.6862559412782150
11.0672315711729716 -0.0511416880841267 0.0000378587340090 2.6949276483643012 0.5629241684074916 0.6849192495022525
11.0989829875481743 -0.0513990402266772 0.0000372182959873 2.7136026701889615 0.5614849455147147 0.6835860920951897
11.1089202591387970 -0.0514797468945517 0.0000370181446301 2.7194595661308631 0.5610353399543203 0.6831689204969454
11.1112679511150247 -0.0514988253195411 0.0000369708786751 2.7208441102127612 0.5609291779968951 0.6830703680678238
11.1136156430912525 -0.0515178971644951 0.0000369236227303 2.7222289773979931 0.5608230377360076 0.6829718175029270
11.1183304896077964 -0.0515561958544763 0.0000368287457244 2.7250111682727760 0.5606099435169024 0.6827739050050070
11.1498956091265367 -0.0518130522816013 0.0000361943575708 2.7436710127198318 0.5591856170992419 0.6814491107712267
11.1814469620226582 -0.0520705886173449 0.0000355616379563 2.7623809608093408 0.5577659329003023 0.6801252494192865
11.2129176333177760 -0.0523282609450617 0.0000349319288389 2.7811009673728995 0.5563539031413838 0.6788051436153979
11.2443063796328566 -0.0525860587804789 0.0000343052504554 2.7998297426811254 0.5549495713888501 0.6774888589570125
11.2479579863735424 -0.0526161015746288 0.0000342324363986 2.8020122772197862 0.5547864602834244 0.6773357547919222
11.2511682364187653 -0.0526425019414929 0.0000341684430868 2.8039316572949424 0.5546431081341399 0.6772011602671597
11.2540639785382695 -0.0526663185058794 0.0000341107327050 2.8056635100473537 0.5545138362203871 0.6770797555556051
11.2830213997333111 -0.0529048599794733 0.0000335342835616 2.8230088434017961 0.5532230099535970 0.6758658989452963
11.3142252475307110 -0.0531626754688418 0.0000329144513922 2.8417542659197914 0.5518359093929113 0.6745582729624104
11.3453465225968610 -0.0534206087162318 0.0000322976453739 2.8605062915698918 0.5504564889033092 0.6732545333600503
11.3763812238593864 -0.0536786259516842 0.0000316839389247 2.8792619561442332 0.5490849103102203 0.6719548594225703
11.3787701412693210 -0.0536985203523722 0.0000316367558780 2.8807079934284459 0.5489794983527860 0.6718548347270381
11.3811590586792555 -0.0537184019681536 0.0000315895848566 2.8821543602976485 0.5488741094569420 0.6717548127168577
11.3845555941050733 -0.0537466767031378 0.0000315225319950 2.8842113554936870 0.5487243096616650 0.6716126071906947
11.4155988071313423 -0.0540055469568632 0.0000309104621366 2.9030424592771373 0.5473574216132292 0.6703131503664319
11.4464385178473975 -0.0542635250002136 0.0000303037847914 2.9218051145615433 0.5460034909476280 0.6690226770542413
11.4771880931446937 -0.0545215536351630 0.0000297002550145 2.9405674180281229 0.5446574994717969 0.6677364511166237
11.4864909053855015 -0.0545997754386848 0.0000295179374677 2.9462543711699229 0.5442510761902716 0.6673474189138118
11.4957937176263094 -0.0546780714889271 0.0000293357460972 2.9519462932517744 0.5438450186851083 0.6669584318608549
11.5004264377792378 -0.0547170899911053 0.0000292450634708 2.9547826739060246 0.5436429421176884 0.6667647366281501
11.5026025396326368 -0.0547354243109225 0.0000292024784421 2.9561154162666474 0.5435480531790594 0.6666737571559680
11.5047786414860358 -0.0547537517017964 0.0000291599027241 2.9574484302835864 0.5434531838241199 0.6665827801880906
11.5069291776062705 -0.0547718627797190 0.0000291178350847 2.9587660503632640 0.5433594485173712 0.6664928745111525
11.5284345388086180 -0.0549531928115656 0.0000286975304989 2.9719568348152743 0.5424231734907184 0.6655939530619629
11.5589289523003043 -0.0552110036135070 0.0000281027034167 2.9907066650709324 0.5410989113259201 0.6643197188942672
11.5893439298412044 -0.0554689501272001 0.0000275107862187 3.0094606326183735 0.5397820460557690 0.6630493166478967
11.6196640892593592 -0.0557269009333370 0.0000269220707355 3.0282087142659813 0.5384732238214914 0.6617833974290612
11.6220379168713670 -0.0557471306788937 0.0000268760362748 3.0296787536412646 0.5383709197970148 0.6616843084107390
11.6244117444833748 -0.0557673491074798 0.0000268300137026 3.0311491142570088 0.5382686392515298 0.6615852226688882
11.6277507808568732 -0.0557957959850233 0.0000267652924382 3.0332178736189421 0.5381248118812791 0.6614458537729592
11.6573860940730345 -0.0560487069178164 0.0000261915876126 3.0516067919799093 0.5368503849144187 0.6602091845043510
11.6874931461062754 -0.0563064453185114 0.0000256100836123 3.0703396023327207 0.5355595453871498 0.6589533659782167
11.7175030850595849 -0.0565641623162798 0.0000250317961296 3.0890632393369706 0.5342767680092344 0.6577021481303897
11.7267742036082243 -0.0566439445324097 0.0000248534141409 3.0948579583736127 0.5338812621689499 0.6573157161017419
11.7310112575102341 -0.0566804322543405 0.0000247719333123 3.0975078632576682 0.5337006336616109 0.6571391282214852
11.7352483114122439 -0.0567169362698201 0.0000246904792711 3.1001587858892616 0.5335200831030733 0.6569625516312148
11.7404939607926337 -0.0567621186448100 0.0000245896802833 3.1034421482816104 0.5332966605189224 0.6567439581127286
11.7452643597829560 -0.0568032270630271 0.0000244980497215 3.1064293951623689 0.5330935834714966 0.6565451840050563
11.7750176118578604 -0.0570600906621824 0.0000239273122197 3.1250901082113987 0.5318292143884408 0.6553057453168656
11.8047393630772035 -0.0573174920488845 0.0000233585022295 3.1437810601392657 0.5305700371077523 0.6540681894721573
11.8343593908826623 -0.0575748235923721 0.0000227929579217 3.1624576817158041 0.5293190122905745 0.6528354477358383
11.8384320052924163 -0.0576102691229654 0.0000227153013745 3.1650295004419564 0.5291473028973995 0.6526659973283002
11.8425046197021704 -0.0576457300904082 0.0000226376697840 3.1676022544499869 0.5289756662719338 0.6524965580757104
11.8460082993212286 -0.0576762357154787 0.0000225709061793 3.1698163489686157 0.5288280645130616 0.6523507980366621
11.8495119789402867 -0.0577067434306380 0.0000225041631072 3.1720311354486421 0.5286805162103827 0.6522050462666144
11.8791170358025546 -0.0579649823624416 0.0000219409421780 3.1907730355756412 0.5274359299110909 0.6509738194308118
11.9084809951286328 -0.0582219311365620 0.0000213836142478 3.2094110299545537 0.5262052906661885 0.6497532143447499
11.9377392871916115 -0.0584787664265683 0.0000208295884854 3.2280301504622160 0.5249828657040123 0.6485376012421038
11.9418079668153201 -0.0585145465952176 0.0000207526479086 3.2306231454541061 0.5248131742576430 0.6483686051655003
11.9458766464390287 -0.0585503425532921 0.0000206757324177 3.2332170692952231 0.5246435561125388 0.6481996208860688
11.9493287566101376 -0.0585807133123061 0.0000206104952920 3.2354186370504427 0.5244996988805835 0.6480562538230825
11.9527808667812465 -0.0586110864742152 0.0000205452782107 3.2376208732283285 0.5243558940252077 0.6479128952643272
11.9817651960920646 -0.0588665531659517 0.0000199984208542 3.2561374626396336 0.5231505754383423 0.6467095772863479
12.0107587793097412 -0.0591229101874532 0.0000194526655141 3.2747070353040786 0.5219486052590920 0.6455064855609778
12.0396441561203353 -0.0593791207459283 0.0000189102189542 3.2932540578120562 0.5207548432471478 0.6443085004607448
12.0445317278743325 -0.0594225534713616 0.0000188185596244 3.2963969322502229 0.5205532200286774 0.6441058560430604
12.0479282447904374 -0.0594527374692720 0.0000187548870707 3.2985817934919002 0.5204131683936885 0.6439650430490500
12.0513247617065424 -0.0594829243380938 0.0000186912339677 3.3007672988531915 0.5202731678862158 0.6438242387070726
12.0802907866687708 -0.0597408221438994 0.0000181491054726 3.3194317844400918 0.5190813166390639 0.6426237909239615
12.1089145455733611 -0.0599964848008434 0.0000176146417252 3.3379216807109087 0.5179072384274961 0.6414381558366854
12.1374258270187916 -0.0602519513448729 0.0000170835241441 3.3563842731016362 0.5167414286850908 0.6402578090917692
12.1437061638957164 -0.0603083113492805 0.0000169667041607 3.3604572075507786 0.5164851193922463 0.6399978928752088
12.1493882788819345 -0.0603593233730140 0.0000168610667229 3.3641440716488957 0.5162533766066917 0.6397627611277861
12.1777080719946476 -0.0606140518090339 0.0000163353054131 3.3825462399159432 0.5151005329078790 0.6385912385453155
12.2059485575341586 -0.0608688729098056 0.0000158122420939 3.4009412101547754 0.5139545191499003 0.6374236322063338
12.2158285928601416 -0.0609582141251454 0.0000156295358096 3.4073872008199269 0.5135544327416668 0.6370152922594637
12.2257086281861245 -0.0610476548268081 0.0000154469795934 3.4138386016542466 0.5131547877816580 0.6366070313032978
12.2291169241714748 -0.0610785321317329 0.0000153840383668 3.4160653831411927 0.5130170255281555 0.6364662127252906
12.2321772240862376 -0.0611062526125281 0.0000153275420142 3.4180653525963711 0.5128933732963424 0.6363397801466293
12.2349847645733494 -0.0611316892464897 0.0000152757251481 3.4199005947368724 0.5127799710280636 0.6362237967132626
12.2626823296308398 -0.0613830655095606 0.0000147651800849 3.4380294155314446 0.5116631236057820 0.6350799165207118
12.2905749557251642 -0.0616370110919502 0.0000142522334241 3.4563287931247832 0.5105419272600864 0.6339286189071613
12.2975257980977073 -0.0617004198054698 0.0000141245937612 3.4608956905470212 0.5102630752024785 0.6336418161163840
12.3044766404702504 -0.0617638787613393 0.0000139970286050 3.4654652566119850 0.5099844428203418 0.6333550536778834
12.3087019431987947 -0.0618024790087304 0.0000139195202651 3.4682443245007786 0.5098151741795065 0.6331807552770371
12.3129272459273391 -0.0618410978756981 0.0000138420394686 3.4710243780647025 0.5096459867756111 0.6330064718538062
12.3151670640329414 -0.0618615769867652 0.0000138009783813 3.4724984743568581 0.5095563340736244 0.6329140909072473
12.3174068821385436 -0.0618820493850816 0.0000137599277045 3.4739728475526159 0.5094667036392116 0.6328217141752910
12.3398050631945662 -0.0620870620343464 0.0000133498467549 3.4887318036612061 0.5085716556528219 0.6318981792185371
12.3673571063444641 -0.0623399716295852 0.0000128464680175 3.5069247628849296 0.5074737923136393 0.6307627205950230
12.3948032406795008 -0.0625927075899911 0.0000123461907262 3.5250893608664842 0.5063835954568183 0.6296322728144591
12.3989848685637565 -0.0626312717865950 0.0000122700747037 3.5278605154350720 0.5062177973926362 0.6294600975018435
12.4031664964480122 -0.0626698453307828 0.0000121939878086 3.5306326319454380 0.5060520788650413 0.6292879373075860
12.4302610216032985 -0.0629202325854707 0.0000117016444006 3.5486176386215438 0.5049802582461282 0.6281728068569199
12.4574284941104327 -0.0631720861208399 0.0000112091165149 3.5666915664612824 0.5039089297634762 0.6270553184419677
12.4658427300643329 -0.0632502512817949 0.0000110568039892 3.5722975931146261 0.5035778076955020 0.6267093447784197
12.4715858527328098 -0.0633036468725805 0.0000109529063238 3.5761262080617930 0.5033519875764374 0.6264732370021109
12.4737506933411790 -0.0633237833631928 0.0000109137558975 3.5775698544253132 0.5032669051633586 0.6263842449751863
12.4759155339495482 -0.0633439164276802 0.0000108746146467 3.5790137578735259 0.5031818438698874 0.6262952571045450
12.4781039425038802 -0.0633642716148672 0.0000108350551606 3.5804736419252348 0.5030958783141436 0.6262053046725642
12.4999880280472002 -0.0635681104314397 0.0000104398685486 3.5950869257450182 0.5022374333676987 0.6253060144940111
12.5268211945192860 -0.0638187625860239 0.0000099563240187 3.6130408183368008 0.5011878583055893 0.6242039343369818
12.5341733361234624 -0.0638875781075204 0.0000098240303773 3.6179669690504239 0.5009008592062951 0.6239020833962416
12.5415254777276388 -0.0639564532895404 0.0000096918206054 3.6228960784033926 0.5006141092436387 0.6236002812882756
12.5457510791231996 -0.0639960659508106 0.0000096158717530 3.6257303944450099 0.5004494141235531 0.6234268443934271
12.5477230513997142 -0.0640145588572749 0.0000095804379900 3.6270534263457135 0.5003725836094847 0.6233459116908554
12.5496950236762288 -0.0640330484993704 0.0000095450119650 3.6283766709892831 0.5002957706612129 0.6232649825142856
12.5517945212462987 -0.0640527366913495 0.0000095073020346 3.6297857222257335 0.5002140099212181 0.6231788236093964
12.5727894969469975 -0.0642498877066121 0.0000091305789747 3.6438894928222303 0.4993975210152272 0.6223174548233750
12.5992754927857842 -0.0644993025580569 0.0000086563040002 3.6617163270323374 0.4983703914019925 0.6212313780879615
12.6068571709661796 -0.0645708428251822 0.0000085207422254 3.6668263540540256 0.4980769700883224 0.6209206046778315
12.6144388491465751 -0.0646424477285689 0.0000083852697310 3.6719395193145754 0.4977838146618604 0.6206098842717224
12.6180934219225538 -0.0646769863436181 0.0000083200002382 3.6744053231801659 0.4976426008652022 0.6204601276472879
12.6217479946985325 -0.0647115251007117 0.0000082547548541 3.6768718559342704 0.4975014481426979 0.6203103833702657
12.6252105942728150 -0.0647442619133996 0.0000081929562685 3.6792094951170684 0.4973677670613332 0.6201685164903873
12.6514861867896151 -0.0649931240557319 0.0000077246107527 3.6969697487580162 0.4963551505075707 0.6190923361497204
12.6776034405692180 -0.0652412645937647 0.0000072601505642 3.7146602743988231 0.4953518069782905 0.6180232789074659
12.6814484140682460 -0.0652778615974231 0.0000071918624054 3.7172678058708297 0.4952043622857495 0.6178659466454575
12.6852933875672740 -0.0653144755491565 0.0000071235972242 3.7198761424579172 0.4950569862118374 0.6177086282841355
12.6999764000902804 -0.0654543885172312 0.0000068631348142 3.7298441472489872 0.4944948213776006 0.6171079959687982
12.7132131354200411 -0.0655807323317083 0.0000066286152441 3.7388403604798368 0.4939888879276182 0.6165667002670269
12.7389676960816463 -0.0658271388660238 0.0000061730937071 3.7563714994339037 0.4930068329224613 0.6155139834759955
12.7461363993816938 -0.0658958624576309 0.0000060464841218 3.7612576545147132 0.4927340298057697 0.6152210752748541
12.7533051026817414 -0.0659646287100835 0.0000059199583279 3.7661466025071579 0.4924614649949035 0.6149282161343796
12.7608985379885009 -0.0660375216444772 0.0000057860261881 3.7713282566751221 0.4921730114618735 0.6146180591934877
12.7863814613682187 -0.0662826379679616 0.0000053372164018 3.7887403369729826 0.4912069486409434 0.6135776027965295
12.7931857696419211 -0.0663482167420640 0.0000052175484631 3.7933955772561170 0.4909495077953581 0.6132998915535193
12.7999900779156235 -0.0664138501556928 0.0000050979524952 3.7980533301195427 0.4906922828169181 0.6130222249736588
12.8044366745302511 -0.0664567709785190 0.0000050198357458 3.8010985159659656 0.4905243036641032 0.6128407947981819
12.8088832711448788 -0.0664997152069750 0.0000049417497323 3.8041447744725909 0.4903564167434865 0.6126593837481431
12.8112164642743505 -0.0665222521457575 0.0000049007905083 3.8057436191151983 0.4902683606676044 0.6125642024196334
12.8135496574038221 -0.0665447922563855 0.0000048598404889 3.8073427590276481 0.4901803298216706 0.6124690263581314
