0.0000981802946862 -0.0000000000044922 0.0000749074346025 0.0000000000000020 0.9999999999593464 0.9999999999737107
0.0001356348367090 -0.0000000000085741 0.0000749074345953 0.0000000000000052 0.9999999999220249 0.9999999999498229
0.0001816173232889 -0.0000000000153736 0.0000749074345832 0.0000000000000124 0.9999999998598555 0.9999999999100307
0.0002369085656430 -0.0000000000261597 0.0000749074345641 0.0000000000000276 0.9999999997612370 0.9999999998469085
0.0003022621828778 -0.0000000000425838 0.0000749074345350 0.0000000000000574 0.9999999996110694 0.9999999997507913
0.0003784115706064 -0.0000000000667435 0.0000749074344921 0.0000000000001126 0.9999999993901749 0.9999999996094040
0.0004660386653908 -0.0000000001012340 0.0000749074344310 0.0000000000002103 0.9999999990748252 0.9999999994075590
0.0005658303064573 -0.0000000001492301 0.0000749074343459 0.0000000000003763 0.9999999986359928 0.9999999991266767
0.0006784174134884 -0.0000000002145255 0.0000749074342301 0.0000000000006486 0.9999999980389910 0.9999999987445554
0.0008044359655482 -0.0000000003016259 0.0000749074340756 0.0000000000010813 0.9999999972426250 0.9999999982348272
0.0009444893614435 -0.0000000004157960 0.0000749074338731 0.0000000000017502 0.9999999961987588 0.9999999975666819
0.0010991703249900 -0.0000000005631402 0.0000749074336118 0.0000000000027586 0.9999999948515793 0.9999999967043957
0.0012690401165390 -0.0000000007506500 0.0000749074332793 0.0000000000042454 0.9999999931371626 0.9999999956070524
0.0014546607823137 -0.0000000009863031 0.0000749074328614 0.0000000000063940 0.9999999909825672 0.9999999942279649
0.0016565719042491 -0.0000000012791093 0.0000749074323421 0.0000000000094432 0.9999999883054173 0.9999999925144070
0.0018752908328703 -0.0000000016391716 0.0000749074317036 0.0000000000136992 0.9999999850133391 0.9999999904072531
0.0021113397674053 -0.0000000020777988 0.0000749074309257 0.0000000000195508 0.9999999810029361 0.9999999878403225
0.0023652182148435 -0.0000000026075325 0.0000749074299863 0.0000000000274854 0.9999999761595396 0.9999999847402194
0.0026374097771192 -0.0000000032422207 0.0000749074288607 0.0000000000381085 0.9999999703565363 0.9999999810259026
0.0029284061644720 -0.0000000039971459 0.0000749074275219 0.0000000000521655 0.9999999634541956 0.9999999766079350
0.0032386617163630 -0.0000000048889836 0.0000749074259403 0.0000000000705644 0.9999999553000541 0.9999999713887299
0.0035686349216255 -0.0000000059359696 0.0000749074240836 0.0000000000944051 0.9999999457273796 0.9999999652615669
0.0039187819652305 -0.0000000071579662 0.0000749074219164 0.0000000001250093 0.9999999345545694 0.9999999581102083
0.0042895542420575 -0.0000000085765333 0.0000749074194007 0.0000000001639553 0.9999999215844994 0.9999999498084809
0.0046813872084999 -0.0000000102149581 0.0000749074164951 0.0000000002131144 0.9999999066042545 0.9999999402201047
0.0050946903137775 -0.0000000120982637 0.0000749074131552 0.0000000002746898 0.9999998893850448 0.9999999291986387
0.0055298961484135 -0.0000000142534967 0.0000749074093331 0.0000000003512692 0.9999998696795815 0.9999999165858012
0.0059874057425572 -0.0000000167095537 0.0000749074049775 0.0000000004458668 0.9999998472236622 0.9999999022124842
0.0064676256027615 -0.0000000194974230 0.0000749074000334 0.0000000005619837 0.9999998217339574 0.9999998858973377
0.0069709722416610 -0.0000000226503113 0.0000749073944420 0.0000000007036701 0.9999997929068556 0.9999998674460298
0.0074978175004628 -0.0000000262033728 0.0000749073881410 0.0000000008755756 0.9999997604209400 0.9999998466528314
0.0080485561074506 -0.0000000301941919 0.0000749073810636 0.0000000010830362 0.9999997239325725 0.9999998232977909
0.0086235728149465 -0.0000000346626627 0.0000749073731391 0.0000000013321427 0.9999996830769996 0.9999997971474408
0.0092232507061086 -0.0000000396511210 0.0000749073642925 0.0000000016298253 0.9999996374671415 0.9999997679540236
0.0098479487279009 -0.0000000452042210 0.0000749073544446 0.0000000019839300 0.9999995866947221 0.9999997354562142
0.0104980268087055 -0.0000000513691967 0.0000749073435115 0.0000000024033224 0.9999995303278770 0.9999996993775901
0.0111738755452002 -0.0000000581962586 0.0000749073314042 0.0000000028980139 0.9999994679075284 0.9999996594243098
0.0118758295898530 -0.0000000657378209 0.0000749073180299 0.0000000034792115 0.9999993989544502 0.9999996152896351
0.0126042468507090 -0.0000000740493365 0.0000749073032901 0.0000000041594858 0.9999993229616310 0.9999995666490440
0.0133594798831498 -0.0000000831891051 0.0000749072870815 0.0000000049528773 0.9999992393960359 0.9999995131613567
0.0141418889518813 -0.0000000932185138 0.0000749072692952 0.0000000058750445 0.9999991476963956 0.9999994544673221
0.0149517716220319 -0.0000001042011746 0.0000749072498183 0.0000000069433145 0.9999990472811034 0.9999993901946713
0.0157894987468672 -0.0000001162047724 0.0000749072285310 0.0000000081769976 0.9999989375313121 0.9999993199472990
0.0166553851903449 -0.0000001292994302 0.0000749072053087 0.0000000095973836 0.9999988178058831 0.9999992433148307
0.0175497713355749 -0.0000001435589063 0.0000749071800207 0.0000000112280196 0.9999986874304387 0.9999991598656182
0.0184729927905235 -0.0000001590602655 0.0000749071525303 0.0000000130948498 0.9999985457003727 0.9999990691486630
0.0194253452479622 -0.0000001758833123 0.0000749071226960 0.0000000152263195 0.9999983918860277 0.9999989706969326
0.0204071536270067 -0.0000001941118146 0.0000749070903693 0.0000000176537087 0.9999982252215101 0.9999988640202004
0.0214187466485953 -0.0000002138332144 0.0000749070553950 0.0000000204113049 0.9999980449073343 0.9999987486067387
0.0224604170819607 -0.0000002351379034 0.0000749070176130 0.0000000235365068 0.9999978501170441 0.9999986239275555
0.0235325074486390 -0.0000002581210156 0.0000749069768543 0.0000000270703030 0.9999976399808262 0.9999984894259074
0.0246353096694851 -0.0000002828804607 0.0000749069329455 0.0000000310572159 0.9999974136034900 0.9999983445288070
0.0257691193164154 -0.0000003095180573 0.0000749068857060 0.0000000355457032 0.9999971700541035 0.9999981886403894
0.0269342348702072 -0.0000003381396185 0.0000749068349481 0.0000000405884289 0.9999969083652152 0.9999980211414141
0.0281309816292314 -0.0000003688556808 0.0000749067804757 0.0000000462426699 0.9999966275261885 0.9999978413849987
0.0293596296554869 -0.0000004017794990 0.0000749067220881 0.0000000525702303 0.9999963265015317 0.9999976487083504
0.0306204798034929 -0.0000004370292743 0.0000749066595756 0.0000000596381347 0.9999960042105311 0.9999974424197308
0.0319138188149215 -0.0000004747270840 0.0000749065927217 0.0000000675187374 0.9999956595370333 0.9999972218047160
0.0332399549225363 -0.0000005149999887 0.0000749065213012 0.0000000762902731 0.9999952913193241 0.9999969861197198
0.0345991546015032 -0.0000005579782151 0.0000749064450830 0.0000000860368003 0.9999948983667417 0.9999967346026254
0.0359917128828309 -0.0000006037973392 0.0000749063638267 0.0000000968490191 0.9999944794397171 0.9999964664600113
0.0374178878204256 -0.0000006525962724 0.0000749062772859 0.0000001088241714 0.9999940332681867 0.9999961808789354
0.0388779792215166 -0.0000007045199556 0.0000749061852038 0.0000001220670613 0.9999935585269623 0.9999958770111704
0.0403722671373161 -0.0000007597174157 0.0000749060873158 0.0000001366899935 0.9999930538534959 0.9999955539845744
0.0419010130077743 -0.0000008183417652 0.0000749059833506 0.0000001528131529 0.9999925178478882 0.9999952109030962
0.0434644919807120 -0.0000008805514654 0.0000749058730271 0.0000001705653634 0.9999919490613376 0.9999948468393810
0.0450629715290043 -0.0000009465096147 0.0000749057560561 0.0000001900843413 0.9999913460026489 0.9999944608389372
0.0466967458115125 -0.0000010163854747 0.0000749056321374 0.0000002115176177 0.9999907071242754 0.9999940519112012
0.0483660530447920 -0.0000010903510409 0.0000749055009660 0.0000002350219708 0.9999900308536819 0.9999936190496123
0.0500711876110033 -0.0000011685859268 0.0000749053622233 0.0000002607654269 0.9999893155486790 0.9999931612030231
0.0518123945765305 -0.0000012512728052 0.0000749052155855 0.0000002889263356 0.9999885595391141 0.9999926773023844
0.0535899347824524 -0.0000013386003491 0.0000749050607179 0.0000003196948309 0.9999877610999756 0.9999921662435293
0.0554040822076856 -0.0000014307633119 0.0000749048972752 0.0000003532734538 0.9999869184506629 0.9999916268867063
0.0572550632547214 -0.0000015279594886 0.0000749047249066 0.0000003898766036 0.9999860297827706 0.9999910580743619
0.0591431388927334 -0.0000016303939197 0.0000749045432484 0.0000004297326422 0.9999850932216513 0.9999904586065390
0.0610685899928280 -0.0000017382784445 0.0000749043519251 0.0000004730844298 0.9999841068305024 0.9999898272434907
0.0630316485988244 -0.0000018518279348 0.0000749041505555 0.0000005201884497 0.9999830686447976 0.9999891627277198
0.0650325567006874 -0.0000019712635014 0.0000749039387476 0.0000005713166833 0.9999819766429766 0.9999884637652171
0.0670716000258489 -0.0000020968147821 0.0000749037160942 0.0000006267583415 0.9999808287255215 0.9999877290120681
0.0691490028941414 -0.0000022287136730 0.0000749034821839 0.0000006868178511 0.9999796227722710 0.9999869571111383
0.0712650205045978 -0.0000023671999563 0.0000749032365916 0.0000007518180036 0.9999783565909733 0.9999861466591422
0.0734199058059081 -0.0000025125194220 0.0000749029788814 0.0000008220999104 0.9999770279344499 0.9999852962176289
0.0756138726694024 -0.0000026649213422 0.0000749027086113 0.0000008980224910 0.9999756345236981 0.9999844043277689
0.0778471919083835 -0.0000028246651233 0.0000749024253213 0.0000009799665287 0.9999741739870646 0.9999834694714202
0.0801200874192879 -0.0000029920132304 0.0000749021285458 0.0000010683319898 0.9999726439249398 0.9999824901125367
0.0824328212562433 -0.0000031672373182 0.0000749018178033 0.0000011635419971 0.9999710418537046 0.9999814646612877
0.0847856133320834 -0.0000033506123859 0.0000749014926059 0.0000012660406017 0.9999693652591726 0.9999803915082670
0.0871786790843843 -0.0000035424194651 0.0000749011524555 0.0000013762949975 0.9999676115720155 0.9999792690087601
0.0896122946832183 -0.0000037429510984 0.0000749007968331 0.0000014947996774 0.9999657781176734 0.9999780954506829
0.0920866796975834 -0.0000039525020482 0.0000749004252161 0.0000016220720603 0.9999638622013024 0.9999768691089540
0.0946020410921373 -0.0000041713726179 0.0000749000370720 0.0000017586551964 0.9999618610774157 0.9999755882260604
0.0971586235460326 -0.0000043998731419 0.0000748996318505 0.0000019051215768 0.9999597719088266 0.9999742509857784
0.0997566870970640 -0.0000046383224425 0.0000748992089862 0.0000020620734033 0.9999575917807615 0.9999728555222053
0.1023964477942844 -0.0000048870424478 0.0000748987679082 0.0000022301401027 0.9999553177500691 0.9999713999512547
0.1050781067085194 -0.0000051463605841 0.0000748983080359 0.0000024099807521 0.9999529468233471 0.9999698823566568
0.1078019203688495 -0.0000054166167475 0.0000748978287666 0.0000026022900727 0.9999504758932032 0.9999683007491572
0.1105680865449916 -0.0000056981523251 0.0000748973294949 0.0000028077919447 0.9999479018386351 0.9999666531307679
0.1133768409442558 -0.0000059913197456 0.0000748968095959 0.0000030272472920 0.9999452214377106 0.9999649374388730
0.1162284230193741 -0.0000062964793569 0.0000748962684307 0.0000032614532117 0.9999424313961170 0.9999631515645020
0.1191230340984568 -0.0000066139949208 0.0000748957053541 0.0000035112406802 0.9999395283883568 0.9999612933786964
0.1220608823742987 -0.0000069442383047 0.0000748951197068 0.0000037774792601 0.9999365090148500 0.9999593607050499
0.1250422261544013 -0.0000072875946987 0.0000748945108058 0.0000040610828149 0.9999333697542382 0.9999573512891770
0.1280672648633488 -0.0000076444503936 0.0000748938779661 0.0000043630009545 0.9999301070751305 0.9999552628702383
0.1311362037923271 -0.0000080151999582 0.0000748932204880 0.0000046842260333 0.9999267173704871 0.9999530931389382
0.1342492954852254 -0.0000084002515835 0.0000748925376478 0.0000050257993975 0.9999231969087538 0.9999508397062442
0.1374067261845798 -0.0000088000133179 0.0000748918287220 0.0000053888007842 0.9999195419597195 0.9999485001839460
0.1406086926502430 -0.0000092149022493 0.0000748910929709 0.0000057743575755 0.9999157487105661 0.9999460721309159
0.1438554635411337 -0.0000096453529711 0.0000748903296241 0.0000061836545516 0.9999118131884656 0.9999435530035620
0.1471472215829412 -0.0000100917971185 0.0000748895379161 0.0000066179163353 0.9999077314476833 0.9999409402755897
0.1504841630689319 -0.0000105546761000 0.0000748887170643 0.0000070784205644 0.9999034994531723 0.9999382313634880
0.1538665144684413 -0.0000110344437696 0.0000748878662639 0.0000075665024207 0.9998991130561503 0.9999354236108934
0.1572944851681573 -0.0000115315600617 0.0000748869846996 0.0000080835500611 0.9998945680522955 0.9999325143258382
0.1607682692219975 -0.0000120464910718 0.0000748860715448 0.0000086310061374 0.9998898601810109 0.9999295007802771
0.1642880928032944 -0.0000125797161595 0.0000748851259497 0.0000092103770591 0.9998849850604863 0.9999263801685159
0.1678541665949796 -0.0000131317211155 0.0000748841470529 0.0000098232276546 0.9998799382501753 0.9999231496472005
0.1714666699035761 -0.0000137029954580 0.0000748831339865 0.0000104711796282 0.9998747152755166 0.9999198063511382
0.1751258218609011 -0.0000142940436099 0.0000748820858562 0.0000111559258917 0.9998693115257472 0.9999163473278829
0.1788318211923034 -0.0000149053756230 0.0000748810017577 0.0000118792221151 0.9998637223387108 0.9999127695920182
0.1825848923917983 -0.0000155375147738 0.0000748798807632 0.0000126428975343 0.9998579429314196 0.9999090700807044
0.1863852083351447 -0.0000161909846610 0.0000748787219445 0.0000134488413941 0.9998519685180148 0.9999052457291844
0.1902330134514762 -0.0000168663302173 0.0000748775243354 0.0000142990305810 0.9998457941176767 0.9999012933478170
0.1941284485545147 -0.0000175640873875 0.0000748762869857 0.0000151954939150 0.9998394148318418 0.9998972097995265
0.1980717445160466 -0.0000182848170866 0.0000748750089011 0.0000161403568498 0.9998328255337470 0.9998929918010683
0.2020631299187785 -0.0000190290895432 0.0000748736890706 0.0000171358245382 0.9998260210115755 0.9998886360146532
0.2061027468504528 -0.0000197974681829 0.0000748723264953 0.0000181841618371 0.9998189961158086 0.9998841391422683
0.2101908323803408 -0.0000205905436330 0.0000748709201283 0.0000192877411332 0.9998117454483386 0.9998794977266631
0.2143275844129994 -0.0000214089088190 0.0000748694689184 0.0000204490113624 0.9998042635901611 0.9998747082970963
0.2185131440655725 -0.0000222531547170 0.0000748679718179 0.0000216704931473 0.9997965451402079 0.9998697673941901
0.2227477581867361 -0.0000231239030606 0.0000748664277247 0.0000229548282399 0.9997885844163357 0.9998646713785142
0.2270316287887116 -0.0000240217766538 0.0000748648355348 0.0000243047398699 0.9997803757267417 0.9998594166043242
0.2313649364146056 -0.0000249474036157 0.0000748631941346 0.0000257230405547 0.9997719133311650 0.9998539993947180
0.2357478509526944 -0.0000259014194091 0.0000748615023979 0.0000272126371577 0.9997631914223465 0.9998484160297625
0.2401805742443288 -0.0000268844762383 0.0000748597591685 0.0000287765481576 0.9997542040401166 0.9998426626914884
0.2446633194121090 -0.0000278972390792 0.0000748579632677 0.0000304179007661 0.9997449451076966 0.9998367354871217
0.2491962677661297 -0.0000289403760011 0.0000748561135113 0.0000321399178887 0.9997354085201923 0.9998306305057248
0.2537795828810345 -0.0000300145609131 0.0000748542087048 0.0000339459244395 0.9997255881194813 0.9998243438021157
0.2584134878972764 -0.0000311204918802 0.0000748522476109 0.0000358393810651 0.9997154775267847 0.9998178712896751
0.2630981360278135 -0.0000322588607466 0.0000748502290034 0.0000378238356884 0.9997050704203754 0.9998112089181201
0.2678337747693533 -0.0000334303926821 0.0000748481515970 0.0000399029945902 0.9996943601740516 0.9998043524420543
0.2726205465405874 -0.0000346357977056 0.0000748460141333 0.0000420806406170 0.9996833403003240 0.9997972977046780
0.2774586597786484 -0.0000358758126699 0.0000748438153064 0.0000443607099357 0.9996720040665934 0.9997900403920630
0.2823482769293739 -0.0000371511733592 0.0000748415538122 0.0000467472450151 0.9996603447502491 0.9997825761964535
0.2872895716979382 -0.0000384626288536 0.0000748392283233 0.0000492444233829 0.9996483555073551 0.9997749007321909
0.2922827910715137 -0.0000398109587580 0.0000748368374579 0.0000518565948375 0.9996360292151591 0.9997670094348765
0.2973280464825105 -0.0000411969171439 0.0000748343798799 0.0000545881765324 0.9996233589845781 0.9997588978894542
0.3024255975657966 -0.0000426213094117 0.0000748318541618 0.0000574438054802 0.9996103374575467 0.9997505613803600
0.3075755478240905 -0.0000440849086732 0.0000748292589339 0.0000604281768078 0.9995969575714462 0.9997419953809036
0.3127781048430296 -0.0000455885279291 0.0000748265927553 0.0000635461905878 0.9995832118992797 0.9997331951308294
0.3180334665524773 -0.0000471329889577 0.0000748238541699 0.0000668028940948 0.9995690929340999 0.9997241558183988
0.3233417729473019 -0.0000487191076289 0.0000748210417322 0.0000702034531399 0.9995545932232793 0.9997148726663395
0.3287032722313768 -0.0000503477434345 0.0000748181539192 0.0000737532613982 0.9995397049157290 0.9997053406419503
0.3341180939723782 -0.0000520197316628 0.0000748151892509 0.0000774577983105 0.9995244203819497 0.9996955548540620
0.3395864050645359 -0.0000537359298428 0.0000748121462080 0.0000813227317510 0.9995087317894682 0.9996855102812064
0.3451084288239639 -0.0000554972249029 0.0000748090232192 0.0000853539401986 0.9994926310374164 0.9996752017297128
0.3506843026295780 -0.0000573044882011 0.0000748058187406 0.0000895574144068 0.9994761101676305 0.9996646240968983
0.3563142199032535 -0.0000591586205125 0.0000748025311766 0.0000939393633448 0.9994591609534229 0.9996537721077644
0.3619984020972835 -0.0000610605441267 0.0000747991588933 0.0000985062023060 0.9994417749718332 0.9996426403612355
0.3677369345274534 -0.0000630111474482 0.0000747957003169 0.0001032644225661 0.9994239441100735 0.9996312236544075
0.3735300870925101 -0.0000650113930348 0.0000747921537423 0.0001082208564157 0.9994056595779359 0.9996195163501997
0.3793779440015488 -0.0000670621917970 0.0000747885175560 0.0001133823742458 0.9993869130577789 0.9996075131136495
0.3852807404761754 -0.0000691645188747 0.0000747847900308 0.0001187561747475 0.9993676956453014 0.9995952082336882
0.3912386126628806 -0.0000713193267149 0.0000747809694797 0.0001243495720624 0.9993479986441234 0.9995825961318847
0.3972517815857731 -0.0000735276104844 0.0000747770541402 0.0001301701668825 0.9993278129678697 0.9995696709795793
0.4033203832604585 -0.0000757903467052 0.0000747730422827 0.0001362256914902 0.9993071297011183 0.9995564270570438
0.4094445837034510 -0.0000781085348027 0.0000747689321374 0.0001425241216545 0.9992859397196346 0.9995428585102946
0.4156245744769224 -0.0000804831963056 0.0000747647218952 0.0001490736810403 0.9992642336977032 0.9995289593557620
0.4218605159707199 -0.0000829153533798 0.0000747604097461 0.0001558827872404 0.9992420023043695 0.9995147236059286
0.4281525708618105 -0.0000854060413513 0.0000747559938567 0.0001629600897925 0.9992192360889934 0.9995001451960244
0.4345009247462104 -0.0000879563171982 0.0000747514723554 0.0001703144996668 0.9991959254036493 0.9994852179343096
0.4409057414055767 -0.0000905672419415 0.0000747468433637 0.0001779551440523 0.9991720605641098 0.9994699356051377
0.4473671725330823 -0.0000932398841310 0.0000747421049898 0.0001858913797820 0.9991476318180040 0.9994542919485435
0.4538854217638814 -0.0000959753466220 0.0000747372552810 0.0001941328783548 0.9991226291000987 0.9994382805035034
0.4604606389501406 -0.0000987747228980 0.0000747322923016 0.0002026895011545 0.9990970424315460 0.9994218948635775
0.4670929844473626 -0.0001016391234746 0.0000747272140858 0.0002115713820818 0.9990708616785700 0.9994051285223552
0.4737826186826233 -0.0001045696716935 0.0000747220186450 0.0002207889202440 0.9990440765909396 0.9993879748980612
0.4805297203430591 -0.0001075675119389 0.0000747167039538 0.0002303528114992 0.9990166767268981 0.9993704272854513
0.4873344495338357 -0.0001106337935730 0.0000747112679777 0.0002402740031857 0.9989886516000265 0.9993524789498366
0.4941969515015133 -0.0001137696721416 0.0000747057086717 0.0002505637016020 0.9989599906682455 0.9993341231200122
0.5011174520506227 -0.0001169763534913 0.0000747000239016 0.0002612335236041 0.9989306829306354 0.9993153527300086
0.5080960739524172 -0.0001202550095989 0.0000746942115937 0.0002722952247672 0.9989007176967604 0.9992961609117726
0.5151329740669119 -0.0001236068410771 0.0000746882696233 0.0002837609092421 0.9988700840154126 0.9992765406292773
0.5222283060276465 -0.0001270330602117 0.0000746821958455 0.0002956429797129 0.9988387708296869 0.9992564847778055
0.5293822569525667 -0.0001305349090189 0.0000746759880628 0.0003079542065964 0.9988067668119814 0.9992359860782318
0.5365949836705430 -0.0001341136285824 0.0000746696440794 0.0003207076277202 0.9987740606442732 0.9992150372565010
0.5438666444321835 -0.0001377704741748 0.0000746631616748 0.0003339166057035 0.9987406408799545 0.9991936309551001
0.5511974386380868 -0.0001415067357626 0.0000746565385669 0.0003475949096036 0.9987064957564831 0.9991717596130139
0.5585874929613927 -0.0001453236802825 0.0000746497725149 0.0003617565105426 0.9986716137229448 0.9991494158036101
0.5660369384929458 -0.0001492225898674 0.0000746428612512 0.0003764157234013 0.9986359830907491 0.9991265920108646
0.5735459510036975 -0.0001532047835485 0.0000746358024429 0.0003915872965145 0.9985995918353411 0.9991032805023012
0.5811147092742456 -0.0001572715963464 0.0000746285937291 0.0004072863424626 0.9985624277873375 0.9990794734513754
0.5887433768881877 -0.0001614243694843 0.0000746212327381 0.0004235283064529 0.9985244787219982 0.9990551629947475
0.5964320853415629 -0.0001656644405560 0.0000746137171049 0.0004403289315766 0.9984857324491159 0.9990303412898289
0.6041809973178515 -0.0001699931780231 0.0000746060444101 0.0004577044001130 0.9984461764978154 0.9990050003128174
0.6119902704939997 -0.0001744119617913 0.0000745982122143 0.0004756712649574 0.9984057982941061 0.9989791319723883
0.6198600733530959 -0.0001789221922223 0.0000745902180418 0.0004942464929441 0.9983645850785735 0.9989527280569180
0.6277905464141851 -0.0001835252679577 0.0000745820594206 0.0005134473801655 0.9983225241090762 0.9989257803642944
0.6357818692899048 -0.0001882226246259 0.0000745737338132 0.0005332917191194 0.9982796023070993 0.9988982804752949
0.6438341649224704 -0.0001930156790033 0.0000745652387161 0.0005537975713038 0.9982358067680404 0.9988702200804705
0.6519476243060899 -0.0001979059026103 0.0000745565715286 0.0005749835860966 0.9981911240887844 0.9988415905492680
0.6601224082799039 -0.0002028947640346 0.0000745477296560 0.0005968687642022 0.9981455408947769 0.9988123832676702
0.6683586362984906 -0.0002079837208893 0.0000745387105231 0.0006194724241751 0.9980990439135444 0.9987825896852636
0.6766564695514083 -0.0002131742706087 0.0000745295114846 0.0006428144324537 0.9980516195106335 0.9987522010178361
0.6850160652708789 -0.0002184679230010 0.0000745201298735 0.0006669150919511 0.9980032539404594 0.9987212084080439
0.6934375652859776 -0.0002238661927847 0.0000745105630144 0.0006917951142605 0.9979539334145549 0.9986896029690894
0.7019211393869375 -0.0002293706273599 0.0000745008081746 0.0007174757547611 0.9979036438479041 0.9986573756221069
0.7104669387558520 -0.0002349827772079 0.0000744908626161 0.0007439786846950 0.9978523711294515 0.9986245172694443
0.7190751118920637 -0.0002407042058741 0.0000744807235782 0.0007713260435407 0.9978001010309526 0.9985910187361932
0.7277458209513670 -0.0002465365009818 0.0000744703882580 0.0007995404998789 0.9977468191064258 0.9985568707056814
0.7364791960482817 -0.0002524812435568 0.0000744598538646 0.0008286451108634 0.9976925109724645 0.9985220638990571
0.7452753694027316 -0.0002585400304535 0.0000744491175796 0.0008586634356473 0.9976371621034151 0.9984865889439596
0.7541345472363008 -0.0002647145248972 0.0000744381764673 0.0008896197985172 0.9975807573697512 0.9984504360785623
0.7630568450472425 -0.0002710063427487 0.0000744270276764 0.0009215387319295 0.9975232820771489 0.9984135958174841
0.7720424041090830 -0.0002774171324323 0.0000744156682984 0.0009544453788012 0.9974647212363906 0.9983760584837778
0.7810913962370583 -0.0002839485795165 0.0000744040953595 0.0009883655299406 0.9974050595216182 0.9983378141820768
0.7902039507129757 -0.0002906023543915 0.0000743923059133 0.0010233253626331 0.9973442817483640 0.9982988531049386
0.7993802070737897 -0.0002973801497549 0.0000743802969743 0.0010593516402853 0.9972823725312040 0.9982591653133250
0.8086203521669588 -0.0003042837089422 0.0000743680654678 0.0010964718763462 0.9972193160250855 0.9982187405706814
0.8179245133749292 -0.0003113147468658 0.0000743556083700 0.0011347139215004 0.9971550966475643 0.9981775688058562
0.8272928104912042 -0.0003184749873991 0.0000743429226419 0.0011741061656918 0.9970896987374018 0.9981356398941756
0.8367254396272453 -0.0003257662283164 0.0000743300051141 0.0012146779083111 0.9970231059615425 0.9980929432771333
0.8462225081258488 -0.0003331902149051 0.0000743168527105 0.0012564586703636 0.9969553024695635 0.9980494687024669
0.8557841691405774 -0.0003407487431158 0.0000743034622663 0.0012994787723324 0.9968862719516574 0.9980052056201005
0.8654105719359304 -0.0003484436216807 0.0000742898305943 0.0013437691352790 0.9968159979847154 0.9979601434039379
0.8751018621437942 -0.0003562766722090 0.0000742759544853 0.0013893612897755 0.9967444640315622 0.9979142713512797
0.8848581658811026 -0.0003642497160290 0.0000742618307312 0.0014362873065139 0.9966716535612055 0.9978675787598459
0.8946796635739407 -0.0003723646346903 0.0000742474560179 0.0014845801625612 0.9965975494964349 0.9978200545734250
0.9045664590733870 -0.0003806232625536 0.0000742328271157 0.0015342731157328 0.9965221351947983 0.9977716880108741
0.9145186908500192 -0.0003890274777634 0.0000742179407178 0.0015854002498621 0.9964453936179419 0.9977224680333219
0.9245365609161337 -0.0003975792286952 0.0000742027933940 0.0016379966573434 0.9963673070902661 0.9976723831892245
0.9346201661245700 -0.0004062803905979 0.0000741873818441 0.0016920975711360 0.9962878586080718 0.9976214224539309
0.9447696474876348 -0.0004151328917015 0.0000741717026751 0.0017477391416129 0.9962070306881373 0.9975695744910829
0.9549851504227301 -0.0004241386800822 0.0000741557524594 0.0018049582474509 0.9961248056704234 0.9975168278466389
0.9652668075100661 -0.0004332997084728 0.0000741395277622 0.0018637924090462 0.9960411658568704 0.9974631710377980
0.9756147902498185 -0.0004426179805557 0.0000741230250591 0.0019242800969435 0.9959560930888853 0.9974085922818260
0.9860292183073578 -0.0004520954698423 0.0000741062408800 0.0019864602192871 0.9958695694880842 0.9973530799711475
0.9965102512043115 -0.0004617342020043 0.0000740891716636 0.0020503726649699 0.9957815767047603 0.9972966221910815
1.0070579884421451 -0.0004715361635393 0.0000740718139184 0.0021160577115599 0.9956920967518358 0.9972392072547830
1.0176725941059064 -0.0004815034165117 0.0000740541640204 0.0021835567974814 0.9956011109575149 0.9971808230311160
1.0283541883585725 -0.0004916379982586 0.0000740362183901 0.0022529118639059 0.9955086008810120 0.9971214575320874
1.0391029217463932 -0.0005019419908767 0.0000740179733699 0.0023241658339880 0.9954145476783713 0.9970610985057792
1.0499189663671344 -0.0005124175141623 0.0000739994252363 0.0023973625844863 0.9953189321670988 0.9969997334776503
1.0608023975221850 -0.0005230666103442 0.0000739805704043 0.0024725461466879 0.9952217358784013 0.9969373504257334
1.0717533795603611 -0.0005338914239185 0.0000739614051088 0.0025497619726799 0.9951229394158816 0.9968739367271298
1.0827720699240058 -0.0005448941098477 0.0000739419255672 0.0026290563130758 0.9950225232936515 0.9968094796957210
1.0938586073946566 -0.0005560768213467 0.0000739221280012 0.0027104761369313 0.9949204680479478 0.9967439666536841
1.1050130866921763 -0.0005674416829682 0.0000739020086844 0.0027940689375571 0.9948167544828805 0.9966773850891415
1.1162356763291521 -0.0005789909102656 0.0000738815637304 0.0028798836207833 0.9947113625785639 0.9966097219550722
1.1275264706123693 -0.0005907266590194 0.0000738607893598 0.0029679694072809 0.9946042728672163 0.9965409645525817
1.1388856140842001 -0.0006026511527151 0.0000738396816747 0.0030583767868165 0.9944954652700195 0.9964710997840116
1.1503132723899676 -0.0006147666541382 0.0000738182367087 0.0031511573309293 0.9943849193565726 0.9964001143192949
1.1618095885292781 -0.0006270754194480 0.0000737964505086 0.0032463633567479 0.9942726147641298 0.9963279948649806
1.1733746425835658 -0.0006395796532742 0.0000737743192136 0.0033440475777201 0.9941585316074237 0.9962547284273147
1.1850086129724064 -0.0006522816823244 0.0000737518387484 0.0034442644658021 0.9940426488949030 0.9961803012949768
1.1967116101579385 -0.0006651837764110 0.0000737290051395 0.0035470688717899 0.9939249461618330 0.9961047000876849
1.2084837960118675 -0.0006782882783709 0.0000737058142858 0.0036525170594949 0.9938054022852010 0.9960279109948919
1.2203252799253925 -0.0006915974895262 0.0000736822621610 0.0037606658052510 0.9936839965288373 0.9959499204468938
1.2322361877531576 -0.0007051137454853 0.0000736583446798 0.0038715730124711 0.9935607078520933 0.9958707146706164
1.2442166343454977 -0.0007188393854327 0.0000736340577520 0.0039852974756383 0.9934355151901992 0.9957902798695250
1.2562667507952154 -0.0007327767832065 0.0000736093972275 0.0041018991490568 0.9933083971710137 0.9957086020414562
1.2683866878820047 -0.0007469283522460 0.0000735843588881 0.0042214392089793 0.9931793320701620 0.9956256669495571
1.2805766008707282 -0.0007612965287005 0.0000735589384768 0.0043439799312444 0.9930482979653558 0.9955414602212103
1.2928365696742807 -0.0007758836762725 0.0000735331318665 0.0044695838837174 0.9929152736043850 0.9954559679056809
1.3051667778780660 -0.0007906922980362 0.0000735069346854 0.0045983157528990 0.9927802364736585 0.9953691752326558
1.3175673238614951 -0.0008057248122354 0.0000734803427134 0.0047302404310778 0.9926431648430389 0.9952810679261881
1.3300383315065745 -0.0008209836835861 0.0000734533516501 0.0048654241563477 0.9925040365686785 0.9951916314351125
1.3425799288338549 -0.0008364713982192 0.0000734259571591 0.0050039343133390 0.9923628293217940 0.9951008510798413
1.3551922470347613 -0.0008521904627145 0.0000733981548697 0.0051458394400496 0.9922195205977435 0.9950087120579695
1.3678754379762610 -0.0008681434264111 0.0000733699403375 0.0052912094474177 0.9920740875129165 0.9949151993134363
1.3806296182842379 -0.0008843328113132 0.0000733413091686 0.0054401149966171 0.9919265074440198 0.9948202979473428
1.3934548949224301 -0.0009007611429771 0.0000733122569646 0.0055926277822632 0.9917767577467028 0.9947239930368683
1.4063513817210291 -0.0009174309714079 0.0000732827792862 0.0057488207374003 0.9916248155653394 0.9946262695127220
1.4193191978865567 -0.0009343448695032 0.0000732528716557 0.0059087680361059 0.9914706578475132 0.9945271121682043
1.4323585139413697 -0.0009515054940969 0.0000732225294491 0.0060725456956149 0.9913142607880124 0.9944265053012621
1.4454694171171223 -0.0009689154094578 0.0000731917482084 0.0062402299124616 0.9911556014377473 0.9943244337491856
1.4586520466731849 -0.0009865772644575 0.0000731605233284 0.0064118987587344 0.9909946560893418 0.9942208818498968
1.4719065646691556 -0.0010044937559794 0.0000731288501212 0.0065876318660574 0.9908314006110441 0.9941158336563735
1.4852330165748826 -0.0010226674393675 0.0000730967241518 0.0067675085697639 0.9906658121741642 0.9940092740479944
1.4986315700637407 -0.0010411010513695 0.0000730641406667 0.0069516110925941 0.9904978663107413 0.9939011868369960
1.5121023757506022 -0.0010597973233799 0.0000730310949245 0.0071400227430192 0.9903275386157128 0.9937915558633796
1.5256455180800241 -0.0010787589113563 0.0000729975823198 0.0073328272046801 0.9901548053855961 0.9936803654058471
1.5392611327684007 -0.0010979885583562 0.0000729635980960 0.0075301101844689 0.9899796421380557 0.9935675992286765
1.5529493089086104 -0.0011174889575973 0.0000729291375869 0.0077319580360525 0.9898020248597269 0.9934532413846749
1.5667102067223235 -0.0011372629195024 0.0000728941959224 0.0079384594966858 0.9896219284850102 0.9933372752355201
1.5805438960423017 -0.0011573131409871 0.0000728587684356 0.0081497033076145 0.9894393289978078 0.9932196848047071
1.5944505816094572 -0.0011776425305763 0.0000728228500886 0.0083657816398285 0.9892542004709217 0.9931004528707809
1.6084303165043903 -0.0011982537925206 0.0000727864362074 0.0085867857219750 0.9890665188538846 0.9929795634063651
1.6224832402030707 -0.0012191497727415 0.0000727495218707 0.0088128095106602 0.9888762588228571 0.9928569995491840
1.6366094729781182 -0.0012403333052232 0.0000727121021816 0.0090439480817133 0.9886833951799121 0.9927327445029048
1.6508091505974787 -0.0012618072634752 0.0000726741721762 0.0092802982014658 0.9884879023848503 0.9926067812352279
1.6650823553956573 -0.0012835744559415 0.0000726357270092 0.0095219571875459 0.9882897555077498 0.9924790930913581
1.6794292213580433 -0.0013056377848342 0.0000725967616727 0.0097690246720129 0.9880889287834027 0.9923496628622551
1.6938498470385388 -0.0013280001138157 0.0000725572712303 0.0100216011537574 0.9878853968162675 0.9922184735607530
1.7083443949887003 -0.0013506644218011 0.0000725172505457 0.0102797897476352 0.9876791331810341 0.9920855075192274
1.7229129695879990 -0.0013736336136712 0.0000724766946169 0.0105436940649327 0.9874701121458926 0.9919507474999972
1.7375556610296490 -0.0013969105866762 0.0000724355984586 0.0108134189583704 0.9872583080684431 0.9918141763057584
1.7522725969059898 -0.0014204983124828 0.0000723939569585 0.0110890714895159 0.9870436946495859 0.9916757762981425
1.7670638889835375 -0.0014443997532326 0.0000723517650242 0.0113707599805729 0.9868262456978668 0.9915355298901515
1.7819296528569073 -0.0014686178926138 0.0000723090175297 0.0116585943890925 0.9866059348472094 0.9913934193638042
1.7968700342726924 -0.0014931557794849 0.0000722657092376 0.0119526868523859 0.9863827351606359 0.9912494266140823
1.8118851150883510 -0.0015180163735158 0.0000722218350722 0.0122531498557337 0.9861566205348469 0.9911035340546813
1.8269749923642786 -0.0015432026734240 0.0000721773898928 0.0125600977654531 0.9859275645341106 0.9909557238655026
1.8421398502627215 -0.0015687178393912 0.0000721323682781 0.0128736483679207 0.9856955392777087 0.9908059772741025
1.8573797348065384 -0.0015945648153639 0.0000720867651928 0.0131939182615974 0.9854605188752645 0.9906542767722987
1.8726947502348246 -0.0016207466566845 0.0000720405754093 0.0135210268654027 0.9852224764476322 0.9905006041933668
1.8880850650234289 -0.0016472665443883 0.0000719937934829 0.0138550966656039 0.9849813839978905 0.9903449406279535
1.9035507689412723 -0.0016741275402999 0.0000719464141836 0.0141962501669895 0.9847372146384821 0.9901872678614921
1.9190919674153673 -0.0017013327474431 0.0000718984322137 0.0145446119025820 0.9844899411332613 0.9900275674326791
1.9347087619780197 -0.0017288852764231 0.0000718498422668 0.0149003080285099 0.9842395362036939 0.9898658208307528
1.9504012445021390 -0.0017567882348089 0.0000718006390467 0.0152634661984421 0.9839859726258960 0.9897020095578037
1.9661695683446458 -0.0017850448543819 0.0000717508170435 0.0156342172475515 0.9837292220749715 0.9895361143816628
1.9820138279591104 -0.0018136571807678 0.0000717003709652 0.0160126924255351 0.9834692570666371 0.9893681165894399
1.9978649808066407 -0.0018425022613879 0.0000716495180787 0.0163973338626072 0.9832071973576595 0.9891987389980148
2.0138612928874049 -0.0018718355189867 0.0000715978096928 0.0167916288437096 0.9829407310023546 0.9890264863290112
2.0299336883570347 -0.0019015347400283 0.0000715454614804 0.0171940485000911 0.9826709695081389 0.9888520759081577
2.0460824000754809 -0.0019316033708484 0.0000714924675753 0.0176047346025461 0.9823978827236132 0.9886754872019895
2.0623075867523122 -0.0019620447392506 0.0000714388223259 0.0180238290339146 0.9821214416055042 0.9884967003674228
2.0786093968573267 -0.0019928621704845 0.0000713845200909 0.0184514753507537 0.9818416171656489 0.9883156955707098
2.0949878422893287 -0.0020240587449357 0.0000713295556661 0.0188878153897694 0.9815583826714271 0.9881324544107477
2.1114430987528974 -0.0020556378668611 0.0000712739232828 0.0193329971916042 0.9812717084824221 0.9879469565785691
2.1279752750959959 -0.0020876028284372 0.0000712176173759 0.0197871689717166 0.9809815660096424 0.9877591824178614
2.1445844504215681 -0.0021199568774359 0.0000711606324646 0.0202504800413165 0.9806879271013924 0.9875691125275521
2.1612707048202680 -0.0021527032755202 0.0000711029630502 0.0207230816371261 0.9803907635147092 0.9873767274193909
2.1780341803941821 -0.0021858454193131 0.0000710446034025 0.0212051287068534 0.9800900458176462 0.9871820068065992
2.1948749831477139 -0.0022193866487241 0.0000709855478980 0.0216967771752744 0.9797857451295641 0.9869849307299028
2.2117931643054405 -0.0022533302066112 0.0000709257910908 0.0221981833243960 0.9794778334874065 0.9867854797946660
2.2287888996398255 -0.0022876795984099 0.0000708653270797 0.0227095091222287 0.9791662805841814 0.9865836330577290
2.2458622504593202 -0.0023224381128776 0.0000708041503518 0.0232309151668950 0.9788510581172891 0.9863793708434767
2.2630132807562182 -0.0023576090546415 0.0000707422553735 0.0237625641012404 0.9785321376794414 0.9861726733775138
2.2802421728057598 -0.0023931959839204 0.0000706796361689 0.0243046242974380 0.9782094885862064 0.9859635193777156
2.2975489508339164 -0.0024292021482904 0.0000706162873196 0.0248572612615864 0.9778830830292069 0.9857518893937895
2.3149337379471420 -0.0024656310110825 0.0000705522030352 0.0254206456647408 0.9775528912858930 0.9855377627018562
2.3323966579915800 -0.0025024860508271 0.0000704873775064 0.0259949503426994 0.9772188835391510 0.9853211184830825
2.3499378041893846 -0.0025397706943204 0.0000704218050230 0.0265803492610502 0.9768810304847056 0.9851019362171900
2.3675572752473037 -0.0025774883917851 0.0000703554798415 0.0271770186888980 0.9765393026507009 0.9848801952407108
2.3852551532292665 -0.0026156425693104 0.0000702883962694 0.0277851364626770 0.9761936708295171 0.9846558750266334
2.4030315483087703 -0.0026542367249804 0.0000702205484958 0.0284048835319071 0.9758441052078566 0.9844289546192834
2.4208865529484105 -0.0026932743303798 0.0000701519307653 0.0290364424138408 0.9754905762600227 0.9841994132134267
2.4388202781792940 -0.0027327589092875 0.0000700825372394 0.0296799984758644 0.9751330540361512 0.9839672296916274
2.4568327924922015 -0.0027726939030407 0.0000700123622335 0.0303357377592090 0.9747715093822974 0.9837323834160044
2.4749241863768310 -0.0028130828117273 0.0000699413999689 0.0310038492840019 0.9744059126628353 0.9834948533980762
2.4930945825164783 -0.0028539292187597 0.0000698696445299 0.0316845255070106 0.9740362335394352 0.9832546181542055
2.5113440718294044 -0.0028952366479936 0.0000697970901149 0.0323779599766019 0.9736624422654776 0.9830116565459656
2.5296727312668499 -0.0029370086018496 0.0000697237309700 0.0330843479543800 0.9732845093417304 0.9827659475560998
2.5480806534248126 -0.0029792486282822 0.0000696495612708 0.0338038875579237 0.9729024049114463 0.9825174698947076
2.5665679492824474 -0.0030219603282271 0.0000695745751104 0.0345367799284296 0.9725160986943796 0.9822662019554589
2.5851347361295560 -0.0030651473287494 0.0000694987665460 0.0352832288093364 0.9721255602310429 0.9820121219735938
2.6037810312181007 -0.0031088130335427 0.0000694221300379 0.0360434362148244 0.9717307611396332 0.9817552094940136
2.6225069883112933 -0.0031529611744582 0.0000693446594807 0.0368176120065927 0.9713316701300680 0.9814954421265304
2.6413126636955235 -0.0031975952649640 0.0000692663491636 0.0376059644245931 0.9709282579470152 0.9812327987615406
2.6601981585503989 -0.0032427189335914 0.0000691871931848 0.0384087059131096 0.9705204943563257 0.9809672576082725
2.6791635821645658 -0.0032883358386036 0.0000691071856020 0.0392260516709729 0.9701083489180131 0.9806987966969249
2.6982089919729595 -0.0033344495228546 0.0000690263206867 0.0400582170536834 0.9696917922986549 0.9804273947330253
2.7173344700698445 -0.0033810635966024 0.0000689445926043 0.0409054208449422 0.9692707946206786 0.9801530300217679
2.7365401587519931 -0.0034281818268319 0.0000688619952572 0.0417678869521614 0.9688453246576519 0.9798756799422700
2.7558260863206083 -0.0034758077103938 0.0000687785230340 0.0426458366232583 0.9684153536902560 0.9795953234603159
2.7751923821969982 -0.0035239450011063 0.0000686941698852 0.0435394981021462 0.9679808507478547 0.9793119380259099
2.7946390955120939 -0.0035725972624666 0.0000686089301080 0.0444490984163786 0.9675417866482283 0.9790255022064438
2.8141663326946653 -0.0036217682085757 0.0000685227977482 0.0453748697049358 0.9670981309214080 0.9787359936799146
2.8337741924003095 -0.0036714615432114 0.0000684357668837 0.0463170462671794 0.9666498532639323 0.9784433901824554
2.8534627282454554 -0.0037216808637024 0.0000683478317918 0.0472758627260841 0.9661969244069937 0.9781476700746531
2.8732320524210442 -0.0037724299239316 0.0000682589864899 0.0482515590428532 0.9657393137455287 0.9778488107931307
2.8930822249668466 -0.0038237123520263 0.0000681692252295 0.0492443751486300 0.9652769918859214 0.9775467905131717
2.9130133283255626 -0.0038755318403790 0.0000680785421639 0.0502545545887797 0.9648099289337038 0.9772415870300215
2.9330254661325847 -0.0039278921441657 0.0000679869313514 0.0512823445483353 0.9643380945089808 0.9769331777677629
2.9531187143387334 -0.0039807969538572 0.0000678943869784 0.0523279933776810 0.9638614588970011 0.9766215405304819
2.9732931677916254 -0.0040342500165885 0.0000678009031472 0.0533917529838341 0.9633799919559377 0.9763066527876918
2.9935488425238654 -0.0040882548762519 0.0000677064743313 0.0544738736549719 0.9628936654592575 0.9759884932057751
3.0083240960768194 -0.0041278604816817 0.0000676372358100 0.0552721580283260 0.9625370785245947 0.9757551506911393
3.0230993496297733 -0.0041676408894788 0.0000675676956348 0.0560780232691526 0.9621789409567378 0.9755207424835201
3.0376582715107818 -0.0042070117363096 0.0000674988789916 0.0568795353073767 0.9618245331017102 0.9752887250944484
3.0581843508524442 -0.0042628133980873 0.0000674013610097 0.0580221711122026 0.9613223191991815 0.9749598588349224
3.0787793223639537 -0.0043191477628034 0.0000673029338294 0.0591835520172442 0.9608154309915854 0.9746278295151041
3.0994560071679813 -0.0043760531010726 0.0000672035313012 0.0603646499809061 0.9603035280702374 0.9742924111049307
3.1202143946585688 -0.0044335329063990 0.0000671031480748 0.0615657296593965 0.9597865831485868 0.9739535825266964
3.1410546455666668 -0.0044915911502786 0.0000670017779829 0.0627870682114861 0.9592645647365411 0.9736113198864131
3.1619767955591658 -0.0045502314632602 0.0000668994154712 0.0640289382457128 0.9587374445081056 0.9732656013015087
3.1829809367520161 -0.0046094576375671 0.0000667960547214 0.0652916183420523 0.9582051927829685 0.9729164039384047
3.2040671087384887 -0.0046692733216756 0.0000666916901845 0.0665753866011854 0.9576677812738530 0.9725637058135707
3.2252353802487961 -0.0047296822494205 0.0000665863161813 0.0678805255192201 0.9571251810291111 0.9722074844432378
3.2464858232529399 -0.0047906881677452 0.0000664799270289 0.0692073204831664 0.9565773630842882 0.9718477172697784
3.2678185760760923 -0.0048522950196299 0.0000663725167223 0.0705560638093954 0.9560242968222021 0.9714843805832784
3.2892336372069115 -0.0049145063488617 0.0000662640799723 0.0719270417362854 0.9554659553187010 0.9711174530324732
3.3107311364582226 -0.0049773260825980 0.0000661546108419 0.0733205515620247 0.9549023083192054 0.9707469110099842
3.3323111060647777 -0.0050407578676845 0.0000660441039031 0.0747368870668753 0.9543333281978401 0.9703727325672029
3.3539736031215752 -0.0051048054251597 0.0000659325536195 0.0761763463128121 0.9537589867774209 0.9699948953240124
3.3757187184460675 -0.0051694725786632 0.0000658199542977 0.0776392323529472 0.9531792550778223 0.9696133763016034
3.3975464975846101 -0.0052347630202252 0.0000657063004951 0.0791258479676646 0.9525941054181692 0.9692281533047775
3.4194570294010522 -0.0053006805734753 0.0000655915865621 0.0806365016294443 0.9520035090593632 0.9688392033696969
3.4414503781296557 -0.0053672289910522 0.0000654758069956 0.0821715029228816 0.9514074380223310 0.9684465039597631
3.4635266226530357 -0.0054344120721833 0.0000653589562343 0.0837311652407035 0.9508058640366344 0.9680500322725123
3.4856858025400763 -0.0055022334981729 0.0000652410289455 0.0853158019727876 0.9501987600157606 0.9676497662111284
3.5079279862569104 -0.0055706970393726 0.0000651220196654 0.0869257313101716 0.9495860982059633 0.9672456831637626
3.5302532568067413 -0.0056398065129649 0.0000650019228731 0.0885612753196181 0.9489678505674259 0.9668377602532551
3.5526616734866843 -0.0057095656646933 0.0000648807331969 0.0902227571631896 0.9483439898348386 0.9664259750359447
3.5751532422782062 -0.0057799780736761 0.0000647584455792 0.0919104987651178 0.9477144903696333 0.9660103060644996
3.5977280569716688 -0.0058510475930900 0.0000646350545121 0.0936248313577606 0.9470793242221255 0.9655907302872537
3.6203862465292733 -0.0059227781906304 0.0000645105543154 0.0953660918151496 0.9464384625631604 0.9651672239904495
3.6431277964048863 -0.0059951733810845 0.0000643849401213 0.0971346088458635 0.9457918807553949 0.9647397661493252
3.6659527815916459 -0.0060682369615776 0.0000642582065991 0.0989307207846739 0.9451395517856934 0.9643083340881473
3.6888612565326460 -0.0061419726640010 0.0000641303485587 0.1007547671940429 0.9444814493736110 0.9638729055331103
3.7118532601308960 -0.0062163841693059 0.0000640013609263 0.1026070891793273 0.9438175478455343 0.9634334585289424
3.7349289004351127 -0.0062914753823051 0.0000638712382683 0.1044880362624269 0.9431478196860700 0.9629899698168890
3.7580881805133335 -0.0063672498663951 0.0000637399757720 0.1063979522730270 0.9424722405832724 0.9625424181740913
3.7813312620937483 -0.0064436957940501 0.0000636075685758 0.1083371969724325 0.9417907816672125 0.9620907792779269
3.8029791054923900 -0.0065152647841104 0.0000634836469490 0.1101636377164245 0.9411530095285486 0.9616679189170245
3.8263871333822790 -0.0065930548256004 0.0000633489983669 0.1121607092661141 0.9404600462621222 0.9612082732515279
3.8498757703410682 -0.0066715314557301 0.0000632132088223 0.1141878691537214 0.9397612279822961 0.9607445410551545
3.8734483241104609 -0.0067507091681103 0.0000630762547079 0.1162457552123904 0.9390564336929100 0.9602766365590664
3.8971048581931478 -0.0068305917027547 0.0000629381310654 0.1183347329507802 0.9383456383834025 0.9598045375577618
3.9208454333279281 -0.0069111827889543 0.0000627988329870 0.1204551704969900 0.9376288173150618 0.9593282219347914
3.9446701011296690 -0.0069924861231373 0.0000626583556548 0.1226074380090888 0.9369059462207306 0.9588476677948046
3.9685788997129516 -0.0070745053528671 0.0000625166943687 0.1247919072278451 0.9361770014495223 0.9583628535593813
3.9925719157617960 -0.0071572442901027 0.0000623738441787 0.1270089571751749 0.9354419580749004 0.9578737567076475
4.0166491352890636 -0.0072407063967623 0.0000622298007737 0.1292589603836800 0.9347007944682498 0.9573803568185063
4.0408106123942531 -0.0073248953650861 0.0000620845594798 0.1315422984047995 0.9339534871451376 0.9568826321413025
4.0650564319752442 -0.0074098149927024 0.0000619381154773 0.1338593585829279 0.9332000118811207 0.9563805603354213
4.0893866459771955 -0.0074954689602784 0.0000617904641846 0.1362105280257912 0.9324403456886955 0.9558741197861709
4.1138012454259458 -0.0075818607292225 0.0000616416014350 0.1385961906801689 0.9316744677251834 0.9553632902112483
4.1383003284081186 -0.0076689941350205 0.0000614915224547 0.1410167436868963 0.9309023540353257 0.9548480491538472
4.1628839078211248 -0.0077568727078305 0.0000613402230339 0.1434725786520329 0.9301239835784626 0.9543283760013331
4.1875520208256045 -0.0078455000589007 0.0000611876988622 0.1459640922925228 0.9293393348057151 0.9538042497019095
4.2123047405426712 -0.0079348799250033 0.0000610339454522 0.1484916877672891 0.9285483852720390 0.9532756485032204
4.2371420736286822 -0.0080250157989609 0.0000608789587768 0.1510557642443612 0.9277511149097384 0.9527425521389857
4.2620640411487560 -0.0081159112192162 0.0000607227347706 0.1536567250093289 0.9269475034676186 0.9522049401181799
4.2870707263702714 -0.0082075699466574 0.0000605652690275 0.1562949826102733 0.9261375289534004 0.9516627906806661
4.3121621728861657 -0.0082999955939897 0.0000604065574382 0.1589709482858634 0.9253211709150452 0.9511160829909441
4.3373383998944384 -0.0083931916787453 0.0000602465961000 0.1616850333902559 0.9244984099735837 0.9505647968264563
4.3625993842205757 -0.0084871615539408 0.0000600853814351 0.1644376472762483 0.9236692284366286 0.9500089129896356
4.3749782745064181 -0.0085333697393851 0.0000600061199336 0.1657973220932383 0.9232615669046291 0.9497355074791320
4.3872520543857840 -0.0085792895822178 0.0000599273631813 0.1671524732770551 0.9228565063601714 0.9494637751338255
4.4127058566587793 -0.0086748640483311 0.0000597635015599 0.1699851762914084 0.9220137556576993 0.9488981932242481
4.4382193768640636 -0.0087711278772025 0.0000595985366953 0.1728548770814771 0.9211653581925860 0.9483285103572000
4.4638179040499120 -0.0088681791974975 0.0000594323026312 0.1757647978037367 0.9203104611823688 0.9477541466152698
4.4895014242418885 -0.0089660213506510 0.0000592647960079 0.1787153621184097 0.9194490481150943 0.9471750830531839
4.5152699444362412 -0.0090646577490261 0.0000590960133910 0.1817069985687773 0.9185811021093737 0.9465913003676345
4.5411234776113334 -0.0091640918199902 0.0000589259513685 0.1847401389296876 0.9177066064118866 0.9460027792302121
4.5670621102009603 -0.0092643272677696 0.0000587546061036 0.1878152262742511 0.9168255421009063 0.9454094987395364
4.5930857930388642 -0.0093653672665315 0.0000585819747158 0.1909326902464602 0.9159378951842176 0.9448114411993657
4.6191945903946854 -0.0094672154216917 0.0000584080536375 0.1940929765062287 0.9150436481524510 0.9442085864309222
4.6453885627148983 -0.0095698753196260 0.0000582328393854 0.1972965330132990 0.9141427839443640 0.9436009144401997
4.6716677107737103 -0.0096733503068800 0.0000580563289377 0.2005438030584563 0.9132352878867429 0.9429884067271748
4.6980319941664952 -0.0097776435580125 0.0000578785196183 0.2038352271937249 0.9123211470983906 0.9423710458866061
4.7244814702637550 -0.0098827586253082 0.0000576994081603 0.2071712605685437 0.9114003456761640 0.9417488123563353
4.7510162229900121 -0.0099886991627278 0.0000575189911787 0.2105523644246374 0.9104728671253837 0.9411216860536288
4.7776362174252398 -0.0100954683438394 0.0000573372661620 0.2139789874482007 0.9095386994585279 0.9404896498232517
4.8043414591499998 -0.0102030694944195 0.0000571542303954 0.2174515858055578 0.9085978296573877 0.9398526856952183
4.8311319857349675 -0.0103115060616549 0.0000569698810142 0.2209706222688304 0.9076502439509118 0.9392107750695806
4.8580078253619039 -0.0104207814484742 0.0000567842152872 0.2245365608954874 0.9066959292697132 0.9385638996996905
4.8849690245703794 -0.0105308991262926 0.0000565972304256 0.2281498706892093 0.9057348722660996 0.9379120410274047
4.9087617274984146 -0.0106284544838723 0.0000564316185921 0.2313686269806420 0.9048836904574633 0.9373343608845994
4.9304554106016116 -0.0107177359056355 0.0000562801271238 0.2343280780840592 0.9041051077318308 0.9368056663777065
4.9576555871163031 -0.0108301288516618 0.0000560895257445 0.2380720550927998 0.9031255574081322 0.9361401165581903
4.9849310916320979 -0.0109433336381711 0.0000558976669405 0.2418637531889955 0.9021395853422119 0.9354697651131718
5.0122919952680531 -0.0110573950124736 0.0000557044781558 0.2457050254870803 0.9011468197016355 0.9347943494159006
5.0397382763698833 -0.0111723161002346 0.0000555099575032 0.2495963448684723 0.9001472518628130 0.9341138534167139
5.0672699309574902 -0.0112881000914167 0.0000553141030502 0.2535381888425045 0.8991408729885477 0.9334282607963110
5.0948869957141891 -0.0114047503392955 0.0000551169126532 0.2575310429890987 0.8981276731754377 0.9327375543824759
5.1225894508029191 -0.0115222699511158 0.0000549183846509 0.2615753869693155 0.8971076450158963 0.9320417185769421
5.1503773497300225 -0.0116406623374838 0.0000547185169364 0.2656717133412140 0.8960807788325121 0.9313407361054676
5.1782506492585210 -0.0117599304898551 0.0000545173081786 0.2698205026246143 0.8950470689527994 0.9306345922989371
5.2062093942121290 -0.0118800777676185 0.0000543147564945 0.2740222504924344 0.8940065068871632 0.9299232704363437
5.2342535120024412 -0.0120011070176648 0.0000541108609346 0.2782774370583765 0.8929590889628257 0.9292067569606605
5.2623830322649265 -0.0121230215176612 0.0000539056198942 0.2825865598069694 0.8919048081585899 0.9284850358975134
5.2905979424426084 -0.0122458243556924 0.0000536990321594 0.2869501118749412 0.8908436594830312 0.9277580925313055
5.3188982986788007 -0.0123695189122394 0.0000534910960978 0.2913685991141960 0.8897756358138960 0.9270259105554695
5.3321072402765646 -0.0124274300125377 0.0000533937975427 0.2934452252194756 0.8892758980317210 0.9266831335124890
5.3406418138692420 -0.0124649076413267 0.0000533308479406 0.2947918370827469 0.8889525868385698 0.9264613078010542
5.3491763874619194 -0.0125024225286922 0.0000532678339158 0.2961422682277614 0.8886289466967112 0.9262392075135781
5.3578131653400156 -0.0125404294339203 0.0000532039995739 0.2975127627027941 0.8883010967711924 0.9260141683109593
5.3863484536249446 -0.0126663427675067 0.0000529926255691 0.3020686519439625 0.8872155252181044 0.9252686628215711
5.4149368817465549 -0.0127930147655632 0.0000527801386519 0.3066760336843655 0.8861242917316239 0.9245187119112828
5.4436107427655864 -0.0129205907097939 0.0000525662991802 0.3113405453318706 0.8850261668774746 0.9237634595968800
5.4723699643310102 -0.0130490733525125 0.0000523511069459 0.3160626825893959 0.8839211509533309 0.9230028939626662
5.5012145170799105 -0.0131784656273044 0.0000521345615148 0.3208429497296734 0.8828092431185147 0.9222370021808057
5.5301444128561270 -0.0133087706451409 0.0000519166622358 0.3256818595950033 0.8816904414396820 0.9214657705385108
5.5591596331091404 -0.0134399913739080 0.0000516974087781 0.3305799217451558 0.8805647456513204 0.9206891863388688
5.5882601537118486 -0.0135721307487781 0.0000514768009476 0.3355376464418198 0.8794321562108809 0.9199072372513022
5.6174459332408118 -0.0137051916184058 0.0000512548387769 0.3405555425517279 0.8782926747641060 0.9191199116337926
5.6467169491505471 -0.0138391769095168 0.0000510315222522 0.3456341236852936 0.8771463027401583 0.9183271975629169
5.6760732166585166 -0.0139740897158643 0.0000508068511665 0.3507739116359742 0.8759930406005910 0.9175290823119430
5.7055146807708494 -0.0141099328027793 0.0000505808259461 0.3559754174885627 0.8748328920814172 0.9167255552860202
5.7350412964595323 -0.0142467089731724 0.0000503534470414 0.3612391553865613 0.8736658610648911 0.9159166058607022
5.7499717644368422 -0.0143160768006614 0.0000502382054554 0.3639188498487047 0.8730744044776049 0.9155063750258357
5.7593359495424519 -0.0143596415047262 0.0000501658378929 0.3656057046680100 0.8727029963030952 0.9152486818609575
5.7687001346480615 -0.0144032533027300 0.0000500934013490 0.3672973333558568 0.8723312388441118 0.9149906793451372
5.7984474819851215 -0.0145421530166297 0.0000498628332212 0.3727028667561051 0.8711479664215630 0.9141690321514494
5.8282414280570967 -0.0146818140368698 0.0000496312107286 0.3781653063509241 0.8699593522450434 0.9133429892141368
5.8581204527624031 -0.0148224186517671 0.0000493982365802 0.3836921413703512 0.8687638722417477 0.9125114788080592
5.8880844991864016 -0.0149639695534063 0.0000491639118332 0.3892838906389162 0.8675615335255586 0.9116744918719893
5.9181334914899510 -0.0151064693369337 0.0000489282377975 0.3949410704582166 0.8663523445337152 0.9108320201357528
5.9482674302823391 -0.0152499209540882 0.0000486912152875 0.4006642126062424 0.8651363111862285 0.9099840534436378
5.9784861896193791 -0.0153943267486123 0.0000484528462175 0.4064538258750902 0.8639134450717751 0.9091305854611564
6.0087897815989573 -0.0155396897167613 0.0000482131315202 0.4123104463356908 0.8626837527696691 0.9082716062287467
6.0391781458953044 -0.0156860125049438 0.0000479720728039 0.4182345972519969 0.8614472443510024 0.9074071080913851
6.0696512243752183 -0.0158332977648617 0.0000477296717663 0.4242268031710040 0.8602039303730898 0.9065370836039116
6.1002089914720052 -0.0159815483017688 0.0000474859299525 0.4302875959535931 0.8589538206364891 0.9056615246603529
6.1159981837173980 -0.0160583669144756 0.0000473597291303 0.4334396189182549 0.8583065905940531 0.9052079063248121
6.1224042682575002 -0.0160895764204828 0.0000473084760752 0.4347224470452471 0.8580437418952013 0.9050236258653819
6.1288103527976023 -0.0161208023373837 0.0000472571946321 0.4360075686725735 0.8577807489470948 0.9048392095579545
6.1368493192352043 -0.0161600134365735 0.0000471928015638 0.4376235083391541 0.8574505167118018 0.9046075943895786
6.1676246745865626 -0.0163104767247876 0.0000469458709505 0.4438431925193783 0.8561842156127741 0.9037189389745069
6.1984529969271813 -0.0164617581275803 0.0000466978587294 0.4501268031277863 0.8549124534787818 0.9028256364489065
6.2293657645909928 -0.0166140141510107 0.0000464485144580 0.4564812151349655 0.8536339479408117 0.9019267717660172
6.2603628386419290 -0.0167672470000331 0.0000461978411574 0.4629069409486951 0.8523487165035216 0.9010223415615327
6.2914441843920947 -0.0169214593898821 0.0000459458411189 0.4694045148820267 0.8510567729574625 0.9001123397337631
6.3226097296302255 -0.0170766538487636 0.0000456925170470 0.4759744640137554 0.8497581332417687 0.8991967615656035
6.3538593862131316 -0.0172328328230838 0.0000454378718877 0.4826173124272028 0.8484528145622690 0.8982756031078659
6.3851930289351486 -0.0173899985703634 0.0000451819090031 0.4893335764792827 0.8471408362869538 0.8973488618152643
6.4166106215091707 -0.0175481537917563 0.0000449246311426 0.4961237917674300 0.8458222146720213 0.8964165328219622
6.4481120562510243 -0.0177073008292779 0.0000446660417516 0.5029884788016231 0.8444969695714829 0.8954786136808121
6.4638023199067653 -0.0177867812656640 0.0000445370122117 0.5064287291364160 0.8438357430638728 0.8950103011795959
6.4716828291036572 -0.0178267394760699 0.0000444721497695 0.5081619044951985 0.8435033532552568 0.8947748008477815
6.4788429427731167 -0.0178630705829611 0.0000444131837667 0.5097397124419046 0.8432011838950197 0.8945606619907513
6.5105533375688074 -0.0180243232075106 0.0000441516596838 0.5167626102806000 0.8418610748357496 0.8936103906880218
6.5423039397852261 -0.0181863528746500 0.0000438891917826 0.5238519756028805 0.8405162326921682 0.8926558190609568
6.5741380774580120 -0.0183493823863258 0.0000436254261555 0.5310179096964797 0.8391648462007516 0.8916956463790018
6.6060555643665149 -0.0185134136537787 0.0000433603674679 0.5382609153123622 0.8378069416087902 0.8907298741428948
6.6380562938623253 -0.0186784489941550 0.0000430940198440 0.5455815126632733 0.8364425424209806 0.8897585017930578
6.6701400726962499 -0.0188444902768372 0.0000428263882469 0.5529802016329817 0.8350716764707505 0.8887815317409611
6.7023068785897335 -0.0190115402562552 0.0000425574763310 0.5604575210408757 0.8336943649193455 0.8877989615320387
6.7345564782887335 -0.0191796005940947 0.0000422872896298 0.5680139603308142 0.8323106385845530 0.8868107954872819
6.7668887834252214 -0.0193486737050782 0.0000420158325837 0.5756500419397066 0.8309205227183737 0.8858170338503912
6.7752948150176229 -0.0193927260074680 0.0000419451631513 0.5776452294818023 0.8305586478813105 0.8855581676775925
6.7800562533882287 -0.0194176959652764 0.0000419051167473 0.5787771782858685 0.8303535869923293 0.8854114466657403
6.7848176917588345 -0.0194426655304676 0.0000418650587947 0.5799104381358400 0.8301484656598189 0.8852646598178577
6.8172718194931567 -0.0196131927892790 0.0000415916971209 0.5876697181631745 0.8287487543770972 0.8842624070660873
6.8498151629931225 -0.0197847723616112 0.0000413170202626 0.5955115779642888 0.8273424298424134 0.8832543524114546
6.8824406448078195 -0.0199573699822000 0.0000410410918876 0.6034348727549297 0.8259298206899800 0.8822407128505357
6.9151480983857976 -0.0201309876384891 0.0000407639176327 0.6114401024610582 0.8245109584344030 0.8812214926446478
6.9479374434880405 -0.0203056277811699 0.0000404855025203 0.6195277872421662 0.8230858714780532 0.8801966937181303
6.9808084467892826 -0.0204812920511732 0.0000402058529894 0.6276984085319776 0.8216545955090157 0.8791663231350704
7.0137609104058560 -0.0206579822792897 0.0000399249752999 0.6359524549288498 0.8202171653297947 0.8781303872352102
7.0467946108193571 -0.0208357001609973 0.0000396428760509 0.6442904070082917 0.8187736175128312 0.8770888935470301
7.0601355464034938 -0.0209076407227420 0.0000395287997062 0.6476758129968860 0.8181899086125956 0.8766674302346923
7.0687562752424604 -0.0209541789756767 0.0000394550402070 0.6498689437829956 0.8178125058354103 0.8763948282365975
7.0760940861611772 -0.0209938084851142 0.0000393922306249 0.6517391178701853 0.8174911330243647 0.8761626349182137
7.0827244730757428 -0.0210296363530722 0.0000393354549477 0.6534316977704073 0.8172006373907519 0.8759527010726391
7.1159720955934755 -0.0212096497026318 0.0000390504477515 0.6619577755294770 0.8157424669365356 0.8748982074050512
7.1492559455821887 -0.0213904543222479 0.0000387646196640 0.6705579116113922 0.8142802370117117 0.8738395844143865
7.1826202950384150 -0.0215722924177529 0.0000384775966870 0.6792439473545234 0.8128120369894146 0.8727754319362928
7.2160648376287746 -0.0217551652310636 0.0000381893867391 0.6880163329842519 0.8113379103519345 0.8717057620883364
7.2495893897233064 -0.0219390746782783 0.0000378999968023 0.6968755485821430 0.8098578958267065 0.8706305834694942
7.2831935843582523 -0.0221240216744299 0.0000376094355617 0.7058220234610928 0.8083720408826626 0.8695499109618166
7.3168771895260170 -0.0223100078782656 0.0000373177106582 0.7148562199844295 0.8068803876835159 0.8684637555332191
7.3301047948184159 -0.0223832095296167 0.0000372030212033 0.7184222029446923 0.8062939975367309 0.8680364239589968
7.3368044780243808 -0.0224203209868689 0.0000371449044621 0.7202322725119168 0.8059968643843484 0.8678198130840575
7.3417891501756811 -0.0224479479298104 0.0000371016527797 0.7215807063856062 0.8057757357255361 0.8676585768249107
7.3467738223269814 -0.0224755728220211 0.0000370583918680 0.7229306019856704 0.8055545586530034 0.8674972772673333
7.3612361246186930 -0.0225557965352524 0.0000369328196512 0.7268554022567058 0.8049125735063974 0.8670289324696784
7.3951352163126796 -0.0227442697614180 0.0000366381544882 0.7361032351592848 0.8034062174993776 0.8659290750477773
7.4290806311817841 -0.0229336061907115 0.0000363426325074 0.7454315223141978 0.8018956416888963 0.8648248202353797
7.4631042351963810 -0.0231239856569623 0.0000360459830682 0.7548494390937335 0.8003794656975680 0.8637151407175303
7.4972057186438112 -0.0233154093957044 0.0000357482151148 0.7643574121479856 0.7988577385210512 0.8626000521659025
7.5313846605070491 -0.0235078780217164 0.0000354493386826 0.7739558335863321 0.7973305147642745 0.8614795743279413
7.5656406921539698 -0.0237013924461533 0.0000351493634696 0.7836451062629922 0.7957978473400904 0.8603537256858883
7.5826593547607555 -0.0237977592572987 0.0000350001782904 0.7884845828714203 0.7950356777236824 0.8597933448649356
7.5915367714012634 -0.0238480867458020 0.0000349223187358 0.7910157822127714 0.7946379194100397 0.8595007590926652
7.5991151658860190 -0.0238910677444467 0.0000348558314152 0.7931802786921137 0.7942982628127064 0.8592508381813559
7.6066935603707746 -0.0239340690602398 0.0000347893247517 0.7953481693130595 0.7939585130242837 0.8590007804100824
7.6411665766140136 -0.0241300511885432 0.0000344865472587 0.8052524343399271 0.7924118802752946 0.8578615843656989
7.6756673359392948 -0.0243268064618907 0.0000341831255167 0.8152350260858550 0.7908621360097432 0.8567186683841090
7.7102436626619086 -0.0245246093449362 0.0000338786467126 0.8253101284422966 0.7893071748948269 0.8555704621592726
7.7448950237475849 -0.0247234598143924 0.0000335731225930 0.8354780758710393 0.7877470604647289 0.8544169919185527
7.7796209406005126 -0.0249233581585902 0.0000332665645417 0.8457392135835538 0.7861818544326920 0.8532582825570931
7.8144209192950571 -0.0251243045797875 0.0000329589841926 0.8560938772106339 0.7846116198186268 0.8520943599503160
7.8223518005251238 -0.0251701870650022 0.0000328888363254 0.8584637318250030 0.7842535335076296 0.8518287218810155
7.8302826817551905 -0.0252161018193865 0.0000328186699174 0.8608373126430648 0.7838953626185694 0.8515629429799941
7.8448543593108377 -0.0253005014577736 0.0000326897055113 0.8652080866645553 0.7832370642280132 0.8510742522915372
7.8581927022610314 -0.0253778504424097 0.0000325716027487 0.8692199507853433 0.7826342382681298 0.8506265097312734
7.8931931979470598 -0.0255812500299688 0.0000322614540136 0.8797974177891247 0.7810512986385086 0.8494497391264381
7.9282315911252015 -0.0257854956391028 0.0000319506276403 0.8904590627272621 0.7794651008474917 0.8482690022615414
7.9633418670088787 -0.0259907875232850 0.0000316388303774 0.9012155824759409 0.7778741518585790 0.8470831690976790
7.9985233763111721 -0.0261971249677654 0.0000313260758191 0.9120672362216311 0.7762785248392288 0.8458922732298536
8.0337754454703170 -0.0264045071110474 0.0000310123778850 0.9230142688155657 0.7746782946439122 0.8446963495800848
8.0496402583018902 -0.0264980430732763 0.0000308711009069 0.9279649080386245 0.7739576842381817 0.8441572825521435
8.0573223907379337 -0.0265433664824168 0.0000308026699665 0.9303674930147344 0.7736086499146410 0.8438960635749529
8.0650045231739771 -0.0265887090846220 0.0000307342254167 0.9327735778661093 0.7732595529666882 0.8436347213325344
8.1004157953051532 -0.0267981043118440 0.0000304185446816 0.9439098273171127 0.7716495756852180 0.8424284624568001
8.1358687160590613 -0.0270083802981699 0.0000301022015833 0.9551336741429479 0.7700364389396446 0.8412181959452961
8.1713895779688972 -0.0272196953635525 0.0000297849701667 0.9664537876368565 0.7684189942236674 0.8400030410707262
8.2069775613386380 -0.0274320477379174 0.0000294668661640 0.9778703307239348 0.7667973257424412 0.8387830402000115
8.2426318901544828 -0.0276454359024375 0.0000291479050171 0.9893834719488260 0.7651715162417340 0.8375582347245462
8.2589919338446283 -0.0277435636453003 0.0000290014634752 0.9946915237380024 0.7644251513654564 0.8369953912133800
8.2651021323487619 -0.0277802341868430 0.0000289467572931 0.9966780612932427 0.7641463401840336 0.8367850441010842
8.2712123308528955 -0.0278169159303301 0.0000288920442791 0.9986668124232018 0.7638674986292605 0.8365746239828824
8.3070136234190368 -0.0280322204446884 0.0000285713222965 1.0103639181752320 0.7622330963102613 0.8353402566862875
8.3428502032573224 -0.0282483808089175 0.0000282500455537 1.0221486459391274 0.7605961046466811 0.8341021972732910
8.3787498301773002 -0.0284655667999560 0.0000279279743141 1.0340304235777658 0.7589553059578142 0.8328595062346817
8.4147113495543913 -0.0286837745357751 0.0000276051278639 1.0460092509752597 0.7573108026504111 0.8316122405660632
8.4507338010680737 -0.0289030012887334 0.0000272815238343 1.0580851816752928 0.7556626887117426 0.8303604510859230
8.4559820950215236 -0.0289349957737761 0.0000272343593354 1.0598509999060799 0.7554225010235677 0.8301778719579179
8.4612303889749736 -0.0289669906235423 0.0000271871914219 1.0616184493735206 0.7551822970193381 0.8299952423437224
8.4663366045612598 -0.0289981282519918 0.0000271412966378 1.0633396171358405 0.7549485802262522 0.8298175083784225
8.5024487101674495 -0.0292187107826880 0.0000268166092750 1.0755561027054412 0.7532952716169663 0.8285591861223133
8.5386160530765149 -0.0294402829844396 0.0000264912377165 1.0878686498813281 0.7516387355129728 0.8272965817062792
8.5748404258736279 -0.0296628588212395 0.0000261651751294 1.1002782018751978 0.7499789413389231 0.8260296519894660
8.6111206211915778 -0.0298864339290965 0.0000258384417210 1.1127846778923767 0.7483159962209013 0.8247584588224837
8.6257665995511061 -0.0299768752206292 0.0000257064970434 1.1178554790962349 0.7476445249351912 0.8242446415705235
8.6404125779106344 -0.0300674235581671 0.0000255745272287 1.1229389614437562 0.7469729694180673 0.8237304543930096
8.6464187344401751 -0.0301045721609367 0.0000255204016570 1.1250273082802456 0.7466975481248982 0.8235194853232627
8.6518706367606093 -0.0301383034869568 0.0000254712676092 1.1269247863911203 0.7464475313837502 0.8233279312143726
8.6883194308461356 -0.0303641949160742 0.0000251426973882 1.1396555342848742 0.7447757711024596 0.8220459929993229
8.7247665715769003 -0.0305907373237910 0.0000248140038779 1.1524641752309384 0.7431036585576114 0.8207618741389295
8.7612638871544473 -0.0308182543830241 0.0000244847295719 1.1653690398697754 0.7414288700550323 0.8194737751283023
8.7978098148264028 -0.0310467393062929 0.0000241548982122 1.1783698523829773 0.7397515306716851 0.8181817732094877
8.8147738576701755 -0.0311530245632362 0.0000240017582406 1.1844313942109030 0.7389728426137255 0.8175813112128759
8.8214665419897145 -0.0311949774897132 0.0000239413361087 1.1868274721007270 0.7386656184777278 0.8173442886661766
8.8275770219420941 -0.0312332963864796 0.0000238861674231 1.1890174184243059 0.7383851133038075 0.8171278223503310
8.8642547972513999 -0.0314636933440485 0.0000235549635746 1.2022086814060895 0.7367012768328065 0.8158272485217375
8.9009298053494579 -0.0316947420446128 0.0000232236939045 1.2154781886074812 0.7350173985027403 0.8145246557281337
8.9376469529337932 -0.0319267269421265 0.0000228919627708 1.2288422637942669 0.7333314709788537 0.8132184769984114
8.9744043233453823 -0.0321596387112295 0.0000225597973237 1.2423004223374845 0.7316436365535235 0.8119088049329228
8.9788027673507003 -0.0321875544136056 0.0000225200456148 1.2439161686775484 0.7314416662253489 0.8117519507899162
8.9832012113560182 -0.0322154701314167 0.0000224802936457 1.2455330522779919 0.7312396958085757 0.8115950676001578
8.9879704245136089 -0.0322457442908195 0.0000224371901631 1.2472875169170365 0.7310207002400128 0.8114249270873064
9.0249205520216993 -0.0324806809593960 0.0000221032090954 1.2609257613429348 0.7293240190380214 0.8101055923411292
9.0617664468387957 -0.0327156318215028 0.0000217701226809 1.2746053787129528 0.7276321923252909 0.8087879769083967
9.0986457246704937 -0.0329514731592767 0.0000214366970581 1.2883771688075871 0.7259389555197753 0.8074671970692524
9.1228661590230473 -0.0331067309356850 0.0000212177045086 1.2974651715069829 0.7248270165823865 0.8065987186928543
9.1352860032468364 -0.0331864582094687 0.0000211054050199 1.3021386870704126 0.7242568669734487 0.8061530555007994
9.1477058474706254 -0.0332662217539455 0.0000209931060622 1.3068212400786259 0.7236867430163789 0.8057071758001217
9.1622463685488018 -0.0333597018455631 0.0000208616301747 1.3123148150863100 0.7230193067470488 0.8051848889827183
9.1992243746914824 -0.0335979063255622 0.0000205272679054 1.3263412909422034 0.7213221450504086 0.8038553444264872
9.2362083340072552 -0.0338368322495677 0.0000201928512804 1.3404500365142638 0.7196250342001524 0.8025237205377529
9.2732141320074195 -0.0340765840027203 0.0000198582465420 1.3546471297424572 0.7179272992565739 0.8011894749846600
9.2792472953257814 -0.0341157364394827 0.0000198036965145 1.3569693065753730 0.7176505520749517 0.8009717771486711
9.2852804586441433 -0.0341548964653612 0.0000197491477036 1.3592936085561527 0.7173738164738969 0.8007540314910451
9.2917043612498933 -0.0341966029828626 0.0000196910672868 1.3617707802079919 0.7170791710141787 0.8005221310484684
9.3287299271073447 -0.0344373900261801 0.0000193563238185 1.3760954355676736 0.7153811946707976 0.7991844762961150
9.3657797820608728 -0.0346790223785156 0.0000190213946156 1.3905095026089813 0.7136826156548349 0.7978441827160823
9.4028415605285733 -0.0349214215953246 0.0000186864012408 1.4050082083735218 0.7119840545188409 0.7965017267427028
9.4204861425457160 -0.0350370669222495 0.0000185269338283 1.4119389252517283 0.7111756075474308 0.7958620035143628
9.4381307245628587 -0.0351528121353214 0.0000183674830790 1.4188877502611228 0.7103673053941197 0.7952218983411999
9.4608456842641431 -0.0353020480627840 0.0000181622332807 1.4278600482427444 0.7093269512306973 0.7943972944213189
9.4979330330747977 -0.0355462676443346 0.0000178271723262 1.4425737872582771 0.7076289049754774 0.7930496107411086
9.5350133032033106 -0.0357911336409825 0.0000174922532158 1.4573645189426319 0.7059319336268577 0.7917005627756242
9.5435824582783813 -0.0358478202713594 0.0000174148663542 1.4607939604611406 0.7055398801766558 0.7913885739498137
9.5485382193351231 -0.0358806205293339 0.0000173701137325 1.4627792363258867 0.7053131654689857 0.7912081042503536
9.5511548199463636 -0.0358979437998832 0.0000173464853735 1.4638280195485396 0.7051934678984656 0.7911128063725842
9.5537714205576041 -0.0359152635334890 0.0000173228579107 1.4648771994735530 0.7050737743524091 0.7910175006443581
9.5572811124090862 -0.0359384985273328 0.0000172911668116 1.4662851055882753 0.7049132337740245 0.7908896531032930
9.5923780309239071 -0.0361711905027531 0.0000169743029528 1.4804034013458833 0.7033082453014221 0.7896104075231322
9.6294460385143967 -0.0364176270522762 0.0000166397428544 1.4953919963530609 0.7016139762486956 0.7882578180929165
9.6665011589404930 -0.0366646738949175 0.0000163054101238 1.5104547593357860 0.6999212267710113 0.7869041897010676
9.6751119704921162 -0.0367221820715899 0.0000162277352866 1.5139663751277681 0.6995280068714296 0.7865894228877068
9.6837227820437395 -0.0367797023899185 0.0000161500686736 1.5174822703516808 0.6991348402452031 0.7862745766424848
9.6930972160232098 -0.0368423653667438 0.0000160655221638 1.5213148256759608 0.6987068684958672 0.7859317193761306
9.7300959634269226 -0.0370901176766466 0.0000157319170883 1.5364905145035743 0.6970184044156952 0.7845776350545833
9.7670996344905028 -0.0373385999297790 0.0000153984031899 1.5517471038878319 0.6953307784767063 0.7832219492079634
9.7798278551559328 -0.0374242322630652 0.0000152837167753 1.5570131573914570 0.6947505373037084 0.7827553084758316
9.7925560758213628 -0.0375099473536765 0.0000151690478387 1.5622885288312611 0.6941704297433716 0.7822885044676595
9.8295037060782366 -0.0377591202021136 0.0000148362948823 1.5776546841534362 0.6924872601916090 0.7809325464989850
9.8690316830220386 -0.0380264677819774 0.0000144804796545 1.5941807610917842 0.6906878608891458 0.7794804132366329
9.8810011671520606 -0.0381075814609034 0.0000143727726693 1.5992027067362018 0.6901432617410918 0.7790403962485698
9.8929706512820825 -0.0381887687251016 0.0000142650836826 1.6042328635001557 0.6895987946025053 0.7786002435510362
9.9002295849554116 -0.0382380408866740 0.0000141997842301 1.6072874172001426 0.6892686656814855 0.7783332458067744
9.9074885186287407 -0.0382873286924900 0.0000141344923037 1.6103449887547516 0.6889385861294748 0.7780661987561631
9.9145284119172494 -0.0383351456156362 0.0000140711777361 1.6133131791049411 0.6886185143177226 0.7778071630236495
9.9513427557117300 -0.0385856141351986 0.0000137401886651 1.6288811948970030 0.6869455107659770 0.7764518202660297
9.9881205224903571 -0.0388365313750896 0.0000134097148603 1.6445111059150328 0.6852755056808055 0.7750965986459435
10.0025384540475688 -0.0389350887765433 0.0000132802124135 1.6506595517147438 0.6846211907401170 0.7745649854716538
10.0169563856047805 -0.0390337298561690 0.0000131507419491 1.6568198587085627 0.6839670907169454 0.7740331904093163
10.0321868999934782 -0.0391380291178601 0.0000130140094183 1.6633402312262133 0.6832763626705083 0.7734712281383712
10.0688204222110240 -0.0393893895312941 0.0000126852756124 1.6790776270668735 0.6816159897306185 0.7721187454713335
10.1054080159852671 -0.0396411308362203 0.0000123571651181 1.6948715305310191 0.6799591668612843 0.7707668386817321
10.1113567808020051 -0.0396821177063109 0.0000123038388590 1.6974466497083434 0.6796899262176976 0.7705469288179104
10.1173055456187431 -0.0397231162062075 0.0000122505188661 1.7000237796972419 0.6794207256449606 0.7703269902466615
10.1535745593950271 -0.0399734790774211 0.0000119255604463 1.7157797546910456 0.6777803171192983 0.7689854333285137
10.1899914211460665 -0.0402255542660602 0.0000115995046221 1.7316750369967600 0.6761347743236847 0.7676373670435281
10.1969591953636378 -0.0402738639451078 0.0000115371457572 1.7347249059995324 0.6758201074308008 0.7673793200140105
10.2014775596284881 -0.0403052047426082 0.0000114967127942 1.7367041117365838 0.6756160881086992 0.7672119655525280
10.2059959238933384 -0.0403365454095279 0.0000114562841958 1.7386844734069564 0.6754120934745251 0.7670445956107224
10.2111732579022707 -0.0403724686946703 0.0000114099639999 1.7409550768959112 0.6751783783500599 0.7668527970407585
10.2473956989335075 -0.0406241942914119 0.0000110860287545 1.7568834331877869 0.6735441506562081 0.7655103471503359
10.2835887956014993 -0.0408764057966407 0.0000107626009677 1.7728729469371427 0.6719128940159074 0.7641680260280287
10.2893383435559276 -0.0409165351391605 0.0000107112450621 1.7754198095667468 0.6716539108680671 0.7639547017605258
10.2941754861514347 -0.0409503014991712 0.0000106680444079 1.7775639508969023 0.6714360592040270 0.7637752121657924
10.2987217738997963 -0.0409820449112427 0.0000106274457836 1.7795803692863654 0.6712313344771849 0.7636065001526285
10.3346778871693967 -0.0412334852487234 0.0000103064988707 1.7955690581976267 0.6696131427421084 0.7622716677165180
10.3706278522663844 -0.0414855677670340 0.0000099858665244 1.8116277967076833 0.6679969511701953 0.7609361831097692
10.3743104960509651 -0.0415114293892035 0.0000099530365299 1.8132769274142342 0.6678314905955277 0.7607993300513638
10.3779931398355458 -0.0415372913171445 0.0000099202097931 1.8149268205421420 0.6676660484785386 0.7606624680655226
10.3817839877556217 -0.0415639183800659 0.0000098864216251 1.8166259873690329 0.6674957646961932 0.7605215754754548
10.4169491682235194 -0.0418112846650185 0.0000095731350210 1.8324265075515773 0.6659171023377712 0.7592141643874665
10.4526355882893913 -0.0420629924290965 0.0000092554750261 1.8485321751450299 0.6643168156292495 0.7578865727053736
10.4583795476975485 -0.0421035619789321 0.0000092043720448 1.8511311559227592 0.6640594087719777 0.7576728145925612
10.4641235071057057 -0.0421441436152452 0.0000091532766915 1.8537319848453140 0.6638020493279476 0.7574590363361990
10.4994493220070169 -0.0423941129905136 0.0000088391976100 1.8697679003261400 0.6622203216732347 0.7561438463587501
10.5101332656878057 -0.0424698458138763 0.0000087442628550 1.8746315526781987 0.6617423043968500 0.7557459347165913
10.5208172093685945 -0.0425456400923578 0.0000086493541399 1.8795015846857563 0.6612644564264880 0.7553479567721170
10.5278854222810097 -0.0425958173829427 0.0000085865794614 1.8827269732717331 0.6609484184779056 0.7550846290506835
10.5341797596491666 -0.0426405151385997 0.0000085306880349 1.8856015731992111 0.6606670453677976 0.7548501082119096
10.5404740970173236 -0.0426852282791808 0.0000084748061797 1.8884783850730404 0.6603857317239152 0.7546155648879638
10.5756468453723560 -0.0429354790728626 0.0000081627092093 1.9045946921082784 0.6588148572749748 0.7533045298423371
10.5871269633134606 -0.0430173039327583 0.0000080609065440 1.9098698610675666 0.6583025457909861 0.7528764710982337
10.5986070812545652 -0.0430992002606986 0.0000079591354717 1.9151523708720646 0.6577904382165153 0.7524483415304573
10.6013237854424265 -0.0431185910253079 0.0000079350565775 1.9164035202941978 0.6576692808642017 0.7523470168500332
10.6040404896302878 -0.0431379812409004 0.0000079109797659 1.9176550805462469 0.6575481349532474 0.7522456882620228
10.6071781310003974 -0.0431603791840836 0.0000078831747284 1.9191010738069230 0.6574082325154581 0.7521286545601515
10.6385545447014938 -0.0433846528493561 0.0000076052565129 1.9335911259688354 0.6560100588396934 0.7509580353707787
10.6486667274104576 -0.0434570473228158 0.0000075157389918 1.9382727295832474 0.6555597790088953 0.7505806535034889
10.6587789101194215 -0.0435294975669465 0.0000074262469147 1.9429600130878311 0.6551096625299955 0.7502032202056819
10.6653588906396113 -0.0435766708033531 0.0000073680283054 1.9460130698590907 0.6548168606136575 0.7499575976410990
10.6688327231999320 -0.0436015849662602 0.0000073372967790 1.9476258688419874 0.6546623069944022 0.7498279151238180
10.6723065557602528 -0.0436265000824564 0.0000073065686606 1.9492393375089188 0.6545077727704399 0.7496982266729746
10.6759543762780229 -0.0436526683807925 0.0000072743049096 1.9509343379632476 0.6543455196236361 0.7495620363717233
10.7104679085778400 -0.0439006177413776 0.0000069692117460 1.9670079519411432 0.6528114476720445 0.7482731662863221
10.7223769237887314 -0.0439863250741812 0.0000068640092501 1.9725695249005786 0.6522825644394307 0.7478283064518890
10.7285252146072771 -0.0440306038625300 0.0000068097105427 1.9754438824470559 0.6520096087381221 0.7475986120864427
10.7324999558878798 -0.0440592402334174 0.0000067746128030 1.9773032078596520 0.6518331820143001 0.7474501102574383
10.7364746971684824 -0.0440878796450128 0.0000067395195579 1.9791634074541202 0.6516567815139274 0.7473016012194225
10.7402250995329016 -0.0441149083005749 0.0000067064109541 1.9809194166888242 0.6514903613857156 0.7471614676170922
10.7743028217456640 -0.0443608568939025 0.0000064057422341 1.9969108853212925 0.6499792807536947 0.7458878672874825
10.7871520539344505 -0.0444537598095962 0.0000062924532822 2.0029572304828873 0.6494100279815007 0.7454075159840728
10.7921130928356277 -0.0444896536948872 0.0000062487247159 2.0052941396313022 0.6491903170634370 0.7452220353129466
10.7970741317368049 -0.0445255558378758 0.0000062050031361 2.0076324068631193 0.6489706482077358 0.7450365442213400
10.8031200290840079 -0.0445693220996299 0.0000061517300471 2.0104838317871598 0.6487030001453991 0.7448104767437630
10.8367930679828923 -0.0448134519231271 0.0000058552040825 2.0264019034404788 0.6472134713904537 0.7435511026147787
10.8446145951007207 -0.0448702481760901 0.0000057863720034 2.0301082704185167 0.6468677681091147 0.7432585114170224
10.8487955514328167 -0.0449006222748668 0.0000057495851204 2.0320908706471701 0.6466830181973460 0.7431020984086020
10.8512554424543310 -0.0449184976070660 0.0000057279436007 2.0332577950350856 0.6465743338089941 0.7430100686597582
10.8537153334758454 -0.0449363725483451 0.0000057063040101 2.0344250523931176 0.6464656600054252 0.7429180365447861
10.8568199266922534 -0.0449589360331228 0.0000056789954640 2.0358987064274801 0.6463285195433451 0.7428018807639356
10.8878658588563333 -0.0451848663522290 0.0000054060583905 2.0506643968342311 0.6449580530357282 0.7416401198869534
10.9013201999682465 -0.0452829447082288 0.0000052878604117 2.0570798365118801 0.6443646689416954 0.7411365368168390
10.9051000800559663 -0.0453105171960867 0.0000052546629799 2.0588839868051085 0.6441980212908802 0.7409950476318984
10.9088799601436861 -0.0453380925575200 0.0000052214699631 2.0606889212828472 0.6440313992790068 0.7408535532795578
10.9126663809551907 -0.0453657220553746 0.0000051882237090 2.0624977651073100 0.6438645147392286 0.7407118089298270
10.9452754211849044 -0.0456040028683585 0.0000049020743008 2.0781082548855090 0.6424283638442096 0.7394908830270333
10.9521469433152649 -0.0456542906689000 0.0000048418149131 2.0814052005935757 0.6421259791253014 0.7392335573435750
10.9563584733009414 -0.0456851250080283 0.0000048048889681 2.0834271642934534 0.6419406914967286 0.7390758355474411
10.9605700032866178 -0.0457159639262576 0.0000047679685660 2.0854500991157678 0.6417554364020838 0.7389181078287151
10.9645792752357760 -0.0457453294227762 0.0000047328261969 2.0873767849300684 0.6415791084785142 0.7387679494881468
10.9972320616589272 -0.0459848289598078 0.0000044467919733 2.1031010710050735 0.6401441463083275 0.7375448179746817
