0.0001005283253147 -0.0000000000104671 0.0000655121901115 0.0000000000000020 0.9999999999643876 0.9999999999754019
0.0001393110908487 -0.0000000000201028 0.0000655121901051 0.0000000000000053 0.9999999999312819 0.9999999999527577
0.0001870299688062 -0.0000000000362347 0.0000655121900945 0.0000000000000129 0.9999999998758570 0.9999999999148470
0.0002445112099743 -0.0000000000619313 0.0000655121900776 0.0000000000000289 0.9999999997875710 0.9999999998544590
0.0003125693999514 -0.0000000001012073 0.0000655121900517 0.0000000000000603 0.9999999996526306 0.9999999997621588
0.0003919725271908 -0.0000000001591601 0.0000655121900135 0.0000000000001189 0.9999999994535232 0.9999999996259676
0.0004834679659192 -0.0000000002421368 0.0000655121899588 0.0000000000002230 0.9999999991684414 0.9999999994309692
0.0005877706632081 -0.0000000003578844 0.0000655121898825 0.0000000000004008 0.9999999987707695 0.9999999991589579
0.0007055663772069 -0.0000000005157079 0.0000655121897785 0.0000000000006933 0.9999999982285384 0.9999999987880666
0.0008375244025722 -0.0000000007266472 0.0000655121896395 0.0000000000011595 0.9999999975038179 0.9999999982923509
0.0009842955086225 -0.0000000010036452 0.0000655121894570 0.0000000000018822 0.9999999965521416 0.9999999976413949
0.0011465092858354 -0.0000000013617103 0.0000655121892210 0.0000000000029745 0.9999999953219445 0.9999999967999281
0.0013247680301941 -0.0000000018180653 0.0000655121889202 0.0000000000045889 0.9999999937540545 0.9999999957274761
0.0015196562071351 -0.0000000023923278 0.0000655121885418 0.0000000000069266 0.9999999917810725 0.9999999943779371
0.0017317571987131 -0.0000000031067344 0.0000655121880710 0.0000000000102505 0.9999999893266001 0.9999999926990538
0.0019616269206154 -0.0000000039862365 0.0000655121874914 0.0000000000148982 0.9999999863049129 0.9999999906321899
0.0022098226855686 -0.0000000050587727 0.0000655121867845 0.0000000000212989 0.9999999826200220 0.9999999881116882
0.0024768681896451 -0.0000000063553015 0.0000655121859301 0.0000000000299912 0.9999999781655645 0.9999999850647953
0.0027632872259523 -0.0000000079101091 0.0000655121849054 0.0000000000416450 0.9999999728237439 0.9999999814109373
0.0030695860804144 -0.0000000097609049 0.0000655121836857 0.0000000000570853 0.9999999664650026 0.9999999770614953
0.0033962701785449 -0.0000000119490930 0.0000655121822436 0.0000000000773200 0.9999999589470898 0.9999999719191686
0.0037438330138705 -0.0000000145198938 0.0000655121805494 0.0000000001035701 0.9999999501146426 0.9999999658776872
0.0041127426436378 -0.0000000175223998 0.0000655121785707 0.0000000001373029 0.9999999397989945 0.9999999588216818
0.0045034948695739 -0.0000000210101849 0.0000655121762722 0.0000000001802744 0.9999999278160832 0.9999999506252517
0.0049165280054417 -0.0000000250407639 0.0000655121736159 0.0000000002345636 0.9999999139683063 0.9999999411532349
0.0053522956602443 -0.0000000296763672 0.0000655121705609 0.0000000003026253 0.9999998980418597 0.9999999302593873
0.0058112616669379 -0.0000000349841568 0.0000655121670630 0.0000000003873435 0.9999998798059969 0.9999999177858759
0.0062938547161366 -0.0000000410359015 0.0000655121630747 0.0000000004920793 0.9999998590141433 0.9999999035640413
0.0068005097911017 -0.0000000479086013 0.0000655121585454 0.0000000006207395 0.9999998354017513 0.9999998874129302
0.0073316600718022 -0.0000000556846112 0.0000655121534208 0.0000000007778429 0.9999998086858760 0.9999998691390053
0.0078877051550991 -0.0000000644513299 0.0000655121476434 0.0000000009685832 0.9999997785662437 0.9999998485368762
0.0084690748464989 -0.0000000743023388 0.0000655121411513 0.0000000011989273 0.9999997447213385 0.9999998253866229
0.0090761691673078 -0.0000000853366716 0.0000655121338794 0.0000000014756816 0.9999997068109128 0.9999997994555124
0.0097093957106593 -0.0000000976595977 0.0000655121257583 0.0000000018065980 0.9999996644732947 0.9999997704961573
0.0103691415629425 -0.0000001113822858 0.0000655121167147 0.0000000022004592 0.9999996173265447 0.9999997382473069
0.0110557957482184 -0.0000001266223944 0.0000655121066711 0.0000000026671959 0.9999995649664266 0.9999997024324593
0.0117697441430972 -0.0000001435041762 0.0000655120955456 0.0000000032179993 0.9999995069660479 0.9999996627596153
0.0125113815849978 -0.0000001621589865 0.0000655120832516 0.0000000038654554 0.9999994428741146 0.9999996189200848
0.0132810709078690 -0.0000001827244472 0.0000655120696985 0.0000000046236412 0.9999993722178031 0.9999995705904512
0.0140791698040956 -0.0000002053451935 0.0000655120547908 0.0000000055082794 0.9999992945001933 0.9999995174308156
0.0149060888454897 -0.0000002301748343 0.0000655120384275 0.0000000065369613 0.9999992091935354 0.9999994590801909
0.0157621577277812 -0.0000002573722651 0.0000655120205037 0.0000000077291507 0.9999991157519170 0.9999993951651668
0.0166477315898701 -0.0000002871048393 0.0000655120009092 0.0000000091064674 0.9999990136003658 0.9999993252924552
0.0175631790979649 -0.0000003195483771 0.0000655119795281 0.0000000106928655 0.9999989021348225 0.9999992490488721
0.0185088465284568 -0.0000003548861381 0.0000655119562397 0.0000000125147664 0.9999987807256667 0.9999991660037495
0.0194850759345914 -0.0000003933095585 0.0000655119309177 0.0000000146012809 0.9999986487151876 0.9999990757072046
0.0204922359665785 -0.0000004350197332 0.0000655119034297 0.0000000169844957 0.9999985054124894 0.9999989776866558
0.0215306280862906 -0.0000004802237365 0.0000655118736392 0.0000000196994757 0.9999983501061345 0.9999988714554702
0.0226006064945558 -0.0000005291397301 0.0000655118414023 0.0000000227847784 0.9999981820465925 0.9999987565009585
0.0237025028567912 -0.0000005819940645 0.0000655118065700 0.0000000262825260 0.9999980004561986 0.9999986322911870
0.0248366660314204 -0.0000006390232920 0.0000655117689864 0.0000000302387839 0.9999978045222391 0.9999984982702478
0.0260033963792295 -0.0000007004710557 0.0000655117284908 0.0000000347036059 0.9999975934076392 0.9999983538655690
0.0272030212182655 -0.0000007665919738 0.0000655116849156 0.0000000397315708 0.9999973662376183 0.9999981984787869
0.0284358582362177 -0.0000008376500317 0.0000655116380866 0.0000000453819625 0.9999971221052127 0.9999980314895237
0.0297022315201336 -0.0000009139196666 0.0000655115878231 0.0000000517191549 0.9999968600675512 0.9999978522528398
0.0310024512359268 -0.0000009956847679 0.0000655115339379 0.0000000588128478 0.9999965791492890 0.9999976601015821
0.0323368426669238 -0.0000010832406563 0.0000655114762365 0.0000000667385662 0.9999962783358070 0.9999974543417333
0.0337057210924757 -0.0000011768927625 0.0000655114145175 0.0000000755778992 0.9999959565777538 0.9999972342555169
0.0351093709009703 -0.0000012769551936 0.0000655113485740 0.0000000854187086 0.9999956127959692 0.9999969991047664
0.0365481155387973 -0.0000013837557957 0.0000655112781899 0.0000000963559926 0.9999952458640921 0.9999967481190276
0.0380222558076484 -0.0000014976320948 0.0000655112031427 0.0000001084918959 0.9999948546225047 0.9999964805050976
0.0395320730151769 -0.0000016189314375 0.0000655111232036 0.0000001219361050 0.9999944378778520 0.9999961954466947
0.0410778744574598 -0.0000017480147707 0.0000655110381347 0.0000001368066870 0.9999939943900541 0.9999958920955755
0.0426599640860025 -0.0000018852546833 0.0000655109476904 0.0000001532303416 0.9999935228790336 0.9999955695761361
0.0442786381903044 -0.0000020310351847 0.0000655108516177 0.0000001713428353 0.9999930220254801 0.9999952269859345
0.0459341599381721 -0.0000021857493793 0.0000655107496575 0.0000001912891683 0.9999924904788375 0.9999948634011541
0.0476268452939655 -0.0000023498075889 0.0000655106415394 0.0000002132251087 0.9999919268293984 0.9999944778575158
0.0493569623635012 -0.0000025236282079 0.0000655105269877 0.0000002373165425 0.9999913296397243 0.9999940693717695
0.0511248074858049 -0.0000027076451301 0.0000655104057164 0.0000002637409912 0.9999906974191277 0.9999936369242388
0.0529306511055793 -0.0000029023025504 0.0000655102774328 0.0000002926874573 0.9999900286415349 0.9999931794710402
0.0547747810401806 -0.0000031080596118 0.0000655101418344 0.0000003243576677 0.9999893217295183 0.9999926959331594
0.0566574921626765 -0.0000033253897467 0.0000655099986090 0.0000003589666203 0.9999885750565601 0.9999921851980006
0.0585790474705048 -0.0000035547763218 0.0000655098474383 0.0000003967425087 0.9999877869620175 0.9999916461296214
0.0605397065929274 -0.0000037967158021 0.0000655096879949 0.0000004379278222 0.9999869557402493 0.9999910775612962
0.0625397457474271 -0.0000040517204792 0.0000655095199414 0.0000004827804860 0.9999860796312458 0.9999904782891050
0.0645794466057003 -0.0000043203175429 0.0000655093429303 0.0000005315744404 0.9999851568238168 0.9999898470741154
0.0666590837788359 -0.0000046030476959 0.0000655091566052 0.0000005846001201 0.9999841854603527 0.9999891826456370
0.0687789148135418 -0.0000049004638055 0.0000655089606018 0.0000006421649116 0.9999831636414572 0.9999884837043910
0.0709392023126298 -0.0000052131340000 0.0000655087545458 0.0000007045944791 0.9999820894153086 0.9999877489152323
0.0731402144508634 -0.0000055416420774 0.0000655085380523 0.0000007722336605 0.9999809607762580 0.9999869769061902
0.0753822124381178 -0.0000058865858968 0.0000655083107275 0.0000008454469661 0.9999797756703545 0.9999861662722471
0.0776654526696471 -0.0000062485777864 0.0000655080721678 0.0000009246194833 0.9999785319939453 0.9999853155743804
0.0799902077890034 -0.0000066282481403 0.0000655078219578 0.0000010101585449 0.9999772275813195 0.9999844233311096
0.0823567152669323 -0.0000070262372621 0.0000655075596754 0.0000011024927979 0.9999758602327302 0.9999834880376639
0.0847652618319523 -0.0000074432095493 0.0000655072848830 0.0000012020763726 0.9999744276656631 0.9999825081326477
0.0872160768715455 -0.0000078798356881 0.0000655069971384 0.0000013093856858 0.9999729275760106 0.9999814820398846
0.0897094160827530 -0.0000083368069685 0.0000655066959862 0.0000014249237561 0.9999713575888882 0.9999804081347737
0.0922455432656628 -0.0000088148326980 0.0000655063809590 0.0000015492206892 0.9999697152675254 0.9999792847503706
0.0948246880921697 -0.0000093146323457 0.0000655060515825 0.0000016828326539 0.9999679981402529 0.9999781101958457
0.0974471218557112 -0.0000098369501427 0.0000655057073665 0.0000018263467833 0.9999662036503443 0.9999768827221744
0.1001130814993928 -0.0000103825406781 0.0000655053478136 0.0000019803784584 0.9999643292055018 0.9999756005559860
0.1028228224944453 -0.0000109521794428 0.0000655049724128 0.0000021455752918 0.9999623721416362 0.9999742618747852
0.1055765684065343 -0.0000115466525398 0.0000655045806460 0.0000023226153359 0.9999603297582162 0.9999728648311332
0.1083745800863729 -0.0000121667715260 0.0000655041719786 0.0000025122126132 0.9999581992672802 0.9999714075177679
0.1112170859124698 -0.0000128133586408 0.0000655037458687 0.0000027151139707 0.9999559778441881 0.9999698880023183
0.1141043466752306 -0.0000134872614112 0.0000655033017577 0.0000029321048234 0.9999536625774417 0.9999683042929794
0.1170365985983606 -0.0000141893400317 0.0000655028390789 0.0000031640065386 0.9999512505120481 0.9999666543681721
0.1200140584106903 -0.0000149204681082 0.0000655023572565 0.0000034116778010 0.9999487386469624 0.9999649361747929
0.1230369718636729 -0.0000156815446346 0.0000655018556983 0.0000036760199827 0.9999461238939439 0.9999631476000681
0.1261055712857009 -0.0000164734840284 0.0000655013338016 0.0000039579752538 0.9999434031117916 0.9999612864949712
0.1292201069038113 -0.0000172972243129 0.0000655007909483 0.0000042585309044 0.9999405730782339 0.9999593506549922
0.1323808265454637 -0.0000181537223559 0.0000655002265080 0.0000045787192347 0.9999376305062908 0.9999573378313279
0.1355879274156628 -0.0000190439404814 0.0000654996398465 0.0000049196138793 0.9999345720902717 0.9999552457623444
0.1388416415830294 -0.0000199688695884 0.0000654990303109 0.0000052823398992 0.9999313944263486 0.9999530721192449
0.1421422432624972 -0.0000209295326764 0.0000654983972270 0.0000056680772248 0.9999280940004509 0.9999508144977857
0.1454899474934143 -0.0000219269559895 0.0000654977399188 0.0000060780508867 0.9999246672874006 0.9999484704860873
0.1488849422325179 -0.0000229621771001 0.0000654970577025 0.0000065135353395 0.9999211107231435 0.9999460376456374
0.1523274547809789 -0.0000240362651143 0.0000654963498736 0.0000069758645382 0.9999174206353353 0.9999435134638061
0.1558177801768288 -0.0000251503314417 0.0000654956156999 0.0000074664390355 0.9999135932063450 0.9999408953285351
0.1593560595629921 -0.0000263054593323 0.0000654948544677 0.0000079866967925 0.9999096247153351 0.9999381806939308
0.1629425916585144 -0.0000275028035912 0.0000654940654159 0.0000085381589816 0.9999055111956924 0.9999353668459264
0.1665775554754667 -0.0000287435009614 0.0000654932477957 0.0000091223918020 0.9999012487429135 0.9999324511128882
0.1702611752945298 -0.0000300287240439 0.0000654924008344 0.0000097410326191 0.9998968333293637 0.9999294307388984
0.1739936817178989 -0.0000313596691869 0.0000654915237438 0.0000103957866711 0.9998922608458883 0.9999263029122163
0.1777752848160483 -0.0000327375470673 0.0000654906157262 0.0000110884244253 0.9998875271341721 0.9999230647874102
0.1816062175188774 -0.0000341635984325 0.0000654896759641 0.0000118207914129 0.9998826279326639 0.9999197134483638
0.1854866782340888 -0.0000356390731809 0.0000654887036341 0.0000125947996978 0.9998775589484478 0.9999162459574361
0.1894169004289839 -0.0000371652564958 0.0000654876978894 0.0000134124434607 0.9998723157674650 0.9999126592940443
0.1933970814366907 -0.0000387434419691 0.0000654866578777 0.0000142757870765 0.9998668939468520 0.9999089504178246
0.1974274762598667 -0.0000403749686945 0.0000654855827168 0.0000151869874930 0.9998612888875115 0.9999051161814582
0.2015082642981514 -0.0000420611682740 0.0000654844715294 0.0000161482673324 0.9998554960161737 0.9999011534552101
0.2056396588576702 -0.0000438034084955 0.0000654833234144 0.0000171619411395 0.9998495106353511 0.9998970590242816
0.2098218875604916 -0.0000456030864700 0.0000654821374513 0.0000182304144288 0.9998433279469169 0.9998928296049369
0.2140551697869190 -0.0000474616194769 0.0000654809127066 0.0000193561808987 0.9998369430835636 0.9998884618660159
0.2183396848358644 -0.0000493804304344 0.0000654796482427 0.0000205418156722 0.9998303511587224 0.9998839524630798
0.2226756352461548 -0.0000513609755363 0.0000654783431004 0.0000217899943245 0.9998235471716260 0.9998792979734608
0.2270632711678479 -0.0000534047569563 0.0000654769962901 0.0000231035043022 0.9998165259636677 0.9998744948664017
0.2315027953420247 -0.0000555132796832 0.0000654756068203 0.0000244852204046 0.9998092823666997 0.9998695396044992
0.2359944159094363 -0.0000576880753943 0.0000654741736822 0.0000259381222486 0.9998018111210227 0.9998644285875955
0.2405383321373736 -0.0000599306958114 0.0000654726958534 0.0000274652926072 0.9997941068982170 0.9998591581683909
0.2451347253210884 -0.0000622427078791 0.0000654711723019 0.0000290699165495 0.9997861643177151 0.9998537246637745
0.2497838167840033 -0.0000646257231193 0.0000654696019661 0.0000307553046269 0.9997779778459641 0.9998481242858357
0.2544858214247814 -0.0000670813752851 0.0000654679837699 0.0000325248808454 0.9997695418732017 0.9998423531943773
0.2592409423177252 -0.0000696113173817 0.0000654663166244 0.0000343821832537 0.9997608507236971 0.9998364075039162
0.2640493715762864 -0.0000722172217801 0.0000654645994281 0.0000363308666583 0.9997518986553688 0.9998302832834132
0.2689113128088422 -0.0000749007923911 0.0000654628310588 0.0000383747146470 0.9997426798179717 0.9998239765276612
0.2738269586336885 -0.0000776637527035 0.0000654610103811 0.0000405176337830 0.9997331882941973 0.9998174831853944
0.2787965218560783 -0.0000805078634419 0.0000654591362356 0.0000427636704394 0.9997234180390253 0.9998107991177887
0.2838202086209465 -0.0000834349080415 0.0000654572074475 0.0000451170030825 0.9997133629296286 0.9998039201325939
0.2888982320792483 -0.0000864467007072 0.0000654552228220 0.0000475819520087 0.9997030167377017 0.9997968419651931
0.2940307548096800 -0.0000895450519450 0.0000654531811668 0.0000501629540955 0.9996923732478730 0.9997895603596052
0.2992179594952487 -0.0000927318098804 0.0000654510812648 0.0000528645993525 0.9996814261157820 0.9997820709713794
0.3044601034034481 -0.0000960088958778 0.0000654489218505 0.0000556916662072 0.9996701687457281 0.9997743692838797
0.3097573239030738 -0.0000993781840617 0.0000654467016899 0.0000586490219083 0.9996585947045514 0.9997664508914278
0.3151098428482154 -0.0001028416283428 0.0000654444194962 0.0000617417349304 0.9996466972852849 0.9997583112007673
0.3205178474445460 -0.0001064011882138 0.0000654420739791 0.0000649750146953 0.9996344697620727 0.9997499456054544
0.3259815453108018 -0.0001100588642074 0.0000654396638214 0.0000683542466876 0.9996219052683762 0.9997413494025200
0.3315011429674360 -0.0001138166845014 0.0000654371876874 0.0000718849846363 0.9996089968430055 0.9997325178239499
0.3370767718106462 -0.0001176766534100 0.0000654346442575 0.0000755729047857 0.9995957376070639 0.9997234461577346
0.3427086630710576 -0.0001216408714070 0.0000654320321486 0.0000794239232520 0.9995821203516738 0.9997141294657892
0.3483970066841098 -0.0001257114393211 0.0000654293499776 0.0000834441101090 0.9995681378670908 0.9997045628091102
0.3541420101176636 -0.0001298904992825 0.0000654265963342 0.0000876397326678 0.9995537828020610 0.9996947411515380
0.3599438287481662 -0.0001341801840916 0.0000654237698140 0.0000920172086050 0.9995390478377575 0.9996846594787482
0.3658026848605033 -0.0001385827044352 0.0000654208689619 0.0000965831982082 0.9995239253882082 0.9996743125932707
0.3717187407578400 -0.0001431002554819 0.0000654178923326 0.0001013445135404 0.9995084079211550 0.9996636953340076
0.3776922063138757 -0.0001477350975415 0.0000654148384382 0.0001063082061092 0.9994924876810101 0.9996528023866609
0.3837232618855570 -0.0001524894979619 0.0000654117057861 0.0001114815106429 0.9994761568884523 0.9996416284202837
0.3898120461962236 -0.0001573657197277 0.0000654084928868 0.0001168718349744 0.9994594077796075 0.9996301681140731
0.3959588203969959 -0.0001623661535235 0.0000654051981667 0.0001224869110828 0.9994422321524477 0.9996184158469845
0.4021637296436338 -0.0001674931272079 0.0000654018200935 0.0001283345893709 0.9994246220212404 0.9996063661455091
0.4084269679916951 -0.0001727490380438 0.0000653983570895 0.0001344229895400 0.9994065691623770 0.9995940133728960
0.4147487195038879 -0.0001781363054831 0.0000653948075622 0.0001407604529148 0.9993880652765701 0.9995813518401145
0.4211291759040477 -0.0001836573861199 0.0000653911698951 0.0001473555645867 0.9993691019375150 0.9995683757707061
0.4275684972702540 -0.0001893147396127 0.0000653874424694 0.0001542171173316 0.9993496707089575 0.9995550793808706
0.4340668636393777 -0.0001951108731508 0.0000653836236352 0.0001613541692480 0.9993297629919876 0.9995414567749533
0.4406244928370939 -0.0002010483592507 0.0000653797116998 0.0001687760728019 0.9993093699639408 0.9995275019036116
0.4472415289195363 -0.0002071297352534 0.0000653757049936 0.0001764923547761 0.9992884829236119 0.9995132088000209
0.4539181921283757 -0.0002133576393948 0.0000653716017807 0.0001845128917800 0.9992670928239301 0.9994985712600623
0.4606546403217512 -0.0002197346841282 0.0000653674003423 0.0001928477554368 0.9992451907070712 0.9994835831400475
0.4674510340009219 -0.0002262635149196 0.0000653630989379 0.0002015072908451 0.9992227675025426 0.9994682382185262
0.4743075738097395 -0.0002329468474299 0.0000653586957811 0.0002105021725711 0.9991998138995120 0.9994525301088892
0.4812244479992092 -0.0002397874182314 0.0000653541890715 0.0002198433461948 0.9991763205161002 0.9994364523751932
0.4882017909763902 -0.0002467879422571 0.0000653495770234 0.0002295419735145 0.9991522780455436 0.9994199986321647
0.4952398084964055 -0.0002539512374306 0.0000653448577832 0.0002396096092953 0.9991276768281936 0.9994031622522681
0.5023387027134844 -0.0002612801521186 0.0000653400294775 0.0002500581100136 0.9991025071007108 0.9993859365362112
0.5094985830358032 -0.0002687774710946 0.0000653350902748 0.0002608995026515 0.9990767593190382 0.9993683149339588
0.5167196894006348 -0.0002764461476337 0.0000653300382328 0.0002721463235644 0.9990504233613552 0.9993502904992145
0.5240021773957503 -0.0002842890804128 0.0000653248714455 0.0002838113044067 0.9990234892942983 0.9993318564137825
0.5313462053095896 -0.0002923092031183 0.0000653195879836 0.0002959075052889 0.9989959470652553 0.9993130057769488
0.5387519681559684 -0.0003005095227607 0.0000653141858700 0.0003084483801706 0.9989677863708232 0.9992937315154160
0.5462196080033006 -0.0003088930213235 0.0000653086631442 0.0003214476338686 0.9989389969945976 0.9992740266144630
0.5537493339001813 -0.0003174627892928 0.0000653030177743 0.0003349194335486 0.9989095683486552 0.9992538838040833
0.5613412781934237 -0.0003262218641654 0.0000652972477636 0.0003488781641712 0.9988794900281655 0.9992332959385544
0.5689956233918947 -0.0003351733739956 0.0000652913510558 0.0003633386591017 0.9988487513184834 0.9992122556590294
0.5767125695369140 -0.0003443205025955 0.0000652853255581 0.0003783161555746 0.9988173413147018 0.9991907554753208
0.5844922808788469 -0.0003536664266631 0.0000652791691828 0.0003938261988381 0.9987852491375884 0.9991687879136716
0.5923348737648411 -0.0003632142982708 0.0000652728798582 0.0004098846147706 0.9987524639937465 0.9991463455579080
0.6002405933723181 -0.0003729674606162 0.0000652664553874 0.0004265078802864 0.9987189744348242 0.9991234205423050
0.6082095507587139 -0.0003829291278685 0.0000652598936584 0.0004437125914992 0.9986847694568926 0.9991000053041017
0.6162419514077954 -0.0003931026657048 0.0000652531924597 0.0004615159463438 0.9986498375372018 0.9990760919240842
0.6243379343609899 -0.0004034913915388 0.0000652463496119 0.0004799354086416 0.9986141673201839 0.9990516725961446
0.6324977083519070 -0.0004140987472796 0.0000652393628537 0.0004989890180972 0.9985777470243150 0.9990267392211915
0.6407214064923223 -0.0004249281128008 0.0000652322299650 0.0005186950665050 0.9985405650826297 0.9990012838455915
0.6490092187091840 -0.0004359829775036 0.0000652249486539 0.0005390724120623 0.9985026095537072 0.9989752982578870
0.6573612675353566 -0.0004472667764691 0.0000652175166645 0.0005601401878392 0.9984638686842841 0.9989487743739229
0.6657777414122499 -0.0004587830683818 0.0000652099316596 0.0005819181372817 0.9984243302984316 0.9989217038186091
0.6742588161210333 -0.0004705354318532 0.0000652021912893 0.0006044264327049 0.9983839821535740 0.9988940781696074
0.6828046655600232 -0.0004825274797368 0.0000651942931815 0.0006276857091948 0.9983428118913986 0.9988658889236713
0.6914154177482423 -0.0004947627962488 0.0000651862349832 0.0006517169480966 0.9983008072537812 0.9988371276444429
0.7000912546101506 -0.0005072450775153 0.0000651780142680 0.0006765417583121 0.9982579556003315 0.9988077856320599
0.7088323280959506 -0.0005199780136145 0.0000651696286138 0.0007021821547962 0.9982142443134179 0.9987778542004232
0.7176388227021190 -0.0005329653788278 0.0000651610755434 0.0007286607466367 0.9981696604884006 0.9987473244650290
0.7265108899696519 -0.0005462109363841 0.0000651523525872 0.0007560005535854 0.9981241912607024 0.9987161875668737
0.7354486652507584 -0.0005597184611249 0.0000651434572683 0.0007842250561014 0.9980778237280610 0.9986844346191650
0.7444523554802008 -0.0005734918732436 0.0000651343870146 0.0008133584852164 0.9980305444915082 0.9986520563929144
0.7535220752845335 -0.0005875349898139 0.0000651251393220 0.0008434253099477 0.9979823405083740 0.9986190439010241
0.7626580440421192 -0.0006018518270054 0.0000651157115558 0.0008744508867109 0.9979331980549597 0.9985853876878267
0.7718603712019708 -0.0006164462676018 0.0000651061011697 0.0009064607557260 0.9978831038678807 0.9985510786106684
0.7811291974934714 -0.0006313222787486 0.0000650963055621 0.0009394811137146 0.9978320443967010 0.9985161073280149
0.7904647188690960 -0.0006464839541695 0.0000650863220483 0.0009735389244425 0.9977800056591328 0.9984804642001847
0.7998670954255802 -0.0006619353690904 0.0000650761479567 0.0010086616080423 0.9977269737390739 0.9984441396303843
0.8093364685713799 -0.0006776806056742 0.0000650657806111 0.0010448771016022 0.9976729346993731 0.9984071240049008
0.8188730013195961 -0.0006937238195330 0.0000650552172876 0.0010822140199972 0.9976178743536347 0.9983694075367229
0.8284768716993894 -0.0007100692307204 0.0000650444552204 0.0011207016488239 0.9975617782972330 0.9983309802866966
0.8381481912528063 -0.0007267209842504 0.0000650334916935 0.0011603696234167 0.9975046323860814 0.9982918324914223
0.8478871617416505 -0.0007436834181375 0.0000650223238644 0.0012012485724932 0.9974464218168412 0.9982519539330854
0.8576939207319361 -0.0007609607989770 0.0000650109489380 0.0012433695011229 0.9973871320344677 0.9982113345610804
0.8675685937394315 -0.0007785574091035 0.0000649993641096 0.0012867640013988 0.9973267484331689 0.9981699642870883
0.8775113876950525 -0.0007964777149006 0.0000649875664536 0.0013314646813257 0.9972652557789541 0.9981278325893550
0.8875224201717371 -0.0008147260622331 0.0000649755531245 0.0013775044228481 0.9972026392548682 0.9980849292287211
0.8976018382674633 -0.0008333068878091 0.0000649633212176 0.0014249169116215 0.9971388837357894 0.9980412437516845
0.9077498219094352 -0.0008522247285461 0.0000649508677627 0.0014737366790213 0.9970739737564238 0.9979967654683538
0.9179664882383293 -0.0008714840439023 0.0000649381898413 0.0015239986551981 0.9970078941210235 0.9979514838701488
0.9282520314045067 -0.0008910894773775 0.0000649252844143 0.0015757388564896 0.9969406290062562 0.9979053880149562
0.9386065636208926 -0.0009110455567595 0.0000649121485194 0.0016289936130003 0.9968721629897815 0.9978584672318762
0.9490302576523609 -0.0009313569647421 0.0000648987790931 0.0016838002906047 0.9968024801218821 0.9978107104849326
0.9595232699088716 -0.0009520283931863 0.0000648851730664 0.0017401969191682 0.9967315644256096 0.9977621067157076
0.9700857268597064 -0.0009730645143126 0.0000648713273842 0.0017982221190852 0.9966593999957108 0.9977126449110588
0.9807177877839812 -0.0009944701046027 0.0000648572389233 0.0018579154507405 0.9965859705736940 0.9976623138117731
0.9914195854319231 -0.0010162499270820 0.0000648429045700 0.0019193171017864 0.9965112599517871 0.9976111021893299
1.0021912673801110 -0.0010384088140678 0.0000648283211659 0.0019824681273384 0.9964352516892016 0.9975589986513139
1.0130330127637095 -0.0010609517038975 0.0000648134854837 0.0020474105722202 0.9963579289863037 0.9975059915550247
1.0239449563711738 -0.0010838834842135 0.0000647983943300 0.0021141870339603 0.9962792752223008 0.9974520693759499
1.0349272590932292 -0.0011072091375680 0.0000647830444500 0.0021828410910984 0.9961992734559361 0.9973972203653684
1.0459800385103870 -0.0011309335947033 0.0000647674326238 0.0022534168847159 0.9961179069288564 0.9973414328953307
1.0571034567128923 -0.0011550619212580 0.0000647515555434 0.0023259596799728 0.9960351584253926 0.9972846950196029
1.0682976455373621 -0.0011795991582047 0.0000647354099182 0.0024005154056823 0.9959510108199603 0.9972269948488475
1.0795628011158958 -0.0012045505290126 0.0000647189923384 0.0024771312953813 0.9958654463667699 0.9971683200634489
1.0908990037970816 -0.0012299210420842 0.0000647022995363 0.0025558546824037 0.9957784480633368 0.9971086588483798
1.1023064133103280 -0.0012557159210363 0.0000646853281040 0.0026367343268035 0.9956899981750733 0.9970479988813494
1.1137851744306688 -0.0012819403973984 0.0000646680746292 0.0027198197959394 0.9956000789463565 0.9969863278202550
1.1253354623022398 -0.0013085998141246 0.0000646505356273 0.0028051618046845 0.9955086722457668 0.9969236330597311
1.1369573954840981 -0.0013356994255142 0.0000646327076730 0.0028928115893325 0.9954157602522764 0.9968599022016480
1.1486511339538339 -0.0013632446226298 0.0000646145872523 0.0029828216391667 0.9953213246825183 0.9967951225249717
1.1604167619966566 -0.0013912406582658 0.0000645961709431 0.0030752448127322 0.9952253477338868 0.9967292816325438
1.1722545147322636 -0.0014196931851369 0.0000645774550613 0.0031701361245016 0.9951278102396676 0.9966623661853489
1.1841644186633824 -0.0014486073971808 0.0000645584362259 0.0032675499112056 0.9950286946129807 0.9965943639219776
1.1961466907688787 -0.0014779889877998 0.0000645391107284 0.0033675430372923 0.9949279815620248 0.9965252614049840
1.2082014817760780 -0.0015078435342190 0.0000645194749380 0.0034701728597429 0.9948256522007582 0.9964550454687345
1.2203288994946100 -0.0015381765481520 0.0000644995252682 0.0035754973913385 0.9947216878753202 0.9963837031002439
1.2325290687584842 -0.0015689936227279 0.0000644792580804 0.0036835758134342 0.9946160696605948 0.9963112210935896
1.2448021462715664 -0.0016003004727095 0.0000644586696570 0.0037944686396312 0.9945087782226203 0.9962375859552807
1.2571482881814731 -0.0016321028546210 0.0000644377562546 0.0039082374564883 0.9943997940925745 0.9961627840920807
1.2695676012793335 -0.0016644064392318 0.0000644165141872 0.0040249444745765 0.9942890981039443 0.9960868021109158
1.2820602305668043 -0.0016972170364875 0.0000643949396790 0.0041446533444721 0.9941766706219072 0.9960096262897905
1.2946263025108145 -0.0017305404492119 0.0000643730289603 0.0042674286466037 0.9940624920449017 0.9959312429218650
1.3072659508449422 -0.0017643825402215 0.0000643507782232 0.0043933361475959 0.9939465425748674 0.9958516381575645
1.3199793826414206 -0.0017987494127733 0.0000643281835035 0.0045224434990508 0.9938288015992952 0.9957707975800784
1.3327666093418216 -0.0018336466826140 0.0000643052411589 0.0046548175137558 0.9937092501854072 0.9956887079176795
1.3456278389670131 -0.0018690805383115 0.0000642819471721 0.0047905281637292 0.9935878674476991 0.9956053545494951
1.3585632281724722 -0.0019050570740723 0.0000642582975896 0.0049296461002642 0.9934646328340195 0.9955207230748656
1.3715728701739414 -0.0019415822490681 0.0000642342885481 0.0050722424842270 0.9933395262649994 0.9954347994090257
1.3846569178784049 -0.0019786622296941 0.0000642099160501 0.0052183903233450 0.9932125269619261 0.9953475689779442
1.3978154711007402 -0.0020163030733879 0.0000641851761712 0.0053681632541099 0.9930836145299988 0.9952590174620933
1.4110486620765912 -0.0020545109696367 0.0000641600649022 0.0055216365010800 0.9929527681331125 0.9951691302294570
1.4243566652776081 -0.0020932922730737 0.0000641345781270 0.0056788870439338 0.9928199663808929 0.9950778922576161
1.4377395947272844 -0.0021326532058369 0.0000641087118185 0.0058399924324919 0.9926851883482491 0.9949852888339505
1.4511975615751824 -0.0021726000211210 0.0000640824619314 0.0060050314476949 0.9925484130154936 0.9948913051708521
1.4647307265938592 -0.0022131391607682 0.0000640558242979 0.0061740847751949 0.9924096187290905 0.9947959260349197
1.4783392158686131 -0.0022542770060659 0.0000640287947925 0.0063472339957779 0.9922687840552296 0.9946991363332280
1.4920231837986360 -0.0022960200660805 0.0000640013692075 0.0065245623850253 0.9921258871353195 0.9946009206701929
1.5057826721800274 -0.0023383745458796 0.0000639735435371 0.0067061530864279 0.9919809071643270 0.9945012643634664
1.5196178617123983 -0.0023813470458423 0.0000639453134752 0.0068920924018398 0.9918338217583977 0.9944001516343640
1.5329204966140231 -0.0024230281308632 0.0000639179326466 0.0070740694342205 0.9916911623024355 0.9943020726450464
1.5469059241142353 -0.0024672331018653 0.0000638888955521 0.0072687939980631 0.9915398750050655 0.9941980524570094
1.5609656598920261 -0.0025120700103840 0.0000638594451505 0.0074681039779062 0.9913864360330314 0.9940925428348737
1.5751016176043917 -0.0025575511476791 0.0000638295734479 0.0076721151800517 0.9912308038110890 0.9939855147586573
1.5893138943719096 -0.0026036831266732 0.0000637992761825 0.0078809197532304 0.9910729562128091 0.9938769525677793
1.6036026144970750 -0.0026504726874078 0.0000637685490115 0.0080946116791371 0.9909128706916980 0.9937668403001486
1.6179679324427705 -0.0026979267108042 0.0000637373875024 0.0083132868702929 0.9907505242345876 0.9936551616597247
1.6324099193777204 -0.0027460518433168 0.0000637057873788 0.0085370414545582 0.9905858946460888 0.9935419008998345
1.6469287454358890 -0.0027948551001247 0.0000636737441251 0.0087659745769645 0.9904189584853980 0.9934270414035804
1.6615245333125410 -0.0028443433809920 0.0000636412533039 0.0090001861834799 0.9902496927229634 0.9933105668231911
1.6761973523231184 -0.0028945234429304 0.0000636083105744 0.0092397768744480 0.9900780748341481 0.9931924611443822
1.6909473878459360 -0.0029454024792700 0.0000635749113123 0.0094848506844365 0.9899040808191577 0.9930727073234077
1.7057747190180432 -0.0029969873600850 0.0000635410511080 0.0097355114761358 0.9897276878012360 0.9929512890747911
1.7206795166946804 -0.0030492853139575 0.0000635067253198 0.0099918662368729 0.9895488716955725 0.9928281892666393
1.7356618261056354 -0.0031023031692583 0.0000634719295715 0.0102540213961478 0.9893676098040438 0.9927033917064759
1.7507218118520949 -0.0031560482132844 0.0000634366591888 0.0105220870520900 0.9891838778780738 0.9925768791189675
1.7658596052376208 -0.0032105276584139 0.0000634009095498 0.0107961743819892 0.9889976519444418 0.9924486344024579
1.7810753105236692 -0.0032657486598622 0.0000633646760731 0.0110763957257379 0.9888089082448606 0.9923186405871801
1.7963690349858703 -0.0033217184219782 0.0000633279541485 0.0113628651287842 0.9886176228730073 0.9921868805850274
1.8117408817902021 -0.0033784441722350 0.0000632907391538 0.0116556982270872 0.9884237718638645 0.9920533372507591
1.8271909953465695 -0.0034359333299822 0.0000632530263445 0.0119550131436297 0.9882273306175560 0.9919179929846943
1.8427194877114816 -0.0034941932354816 0.0000632148110314 0.0122609291114050 0.9880282748258222 0.9917808303705896
1.8583264720990902 -0.0035532312721407 0.0000631760885004 0.0125735671152467 0.9878265800547338 0.9916418318878689
1.8740120763370971 -0.0036130549181482 0.0000631368539792 0.0128930501877566 0.9876222215688093 0.9915009797900300
1.8897763652732060 -0.0036736714491103 0.0000630971028317 0.0132195018319488 0.9874151753472556 0.9913582568047703
1.9056195219110625 -0.0037350886331192 0.0000630568301030 0.0135530497753914 0.9872054157102932 0.9912136444974280
1.9215416040806448 -0.0037973137944707 0.0000630160311328 0.0138938209429576 0.9869929185176808 0.9910671254754729
1.9375427566691914 -0.0038603546333193 0.0000629747010186 0.0142419459102737 0.9867776583697300 0.9909186814585660
1.9536230820974478 -0.0039242187229097 0.0000629328349448 0.0145975561884834 0.9865596103249337 0.9907682944623691
1.9697826967015686 -0.0039889137293587 0.0000628904280394 0.0149607854439007 0.9863387491499450 0.9906159462810290
1.9860216954034497 -0.0040544472706374 0.0000628474754660 0.0153317687277843 0.9861150498015738 0.9904616188192435
2.0023402364965301 -0.0041208272592777 0.0000628039721996 0.0157106444390454 0.9858884862575559 0.9903052932851988
2.0187383779735493 -0.0041880612387881 0.0000627599134613 0.0160975505690639 0.9856590337821396 0.9901469517532929
2.0352162541493328 -0.0042561571000694 0.0000627152942492 0.0164926287982956 0.9854266664813622 0.9899865754769853
2.0517739340431600 -0.0043251225015246 0.0000626701097181 0.0168960211827280 0.9851913592827026 0.9898241462544799
2.0684115372369609 -0.0043949653465262 0.0000626243548674 0.0173078729356600 0.9849530863063403 0.9896596453042302
2.0851291915184089 -0.0044656936116672 0.0000625780246529 0.0177283314711633 0.9847118214520199 0.9894930536694072
2.1019269977762627 -0.0045373151977493 0.0000625311140853 0.0181575455354961 0.9844675389079747 0.9893243525688895
2.1188050923812600 -0.0046098381942924 0.0000624836180565 0.0185956668035853 0.9842202122493297 0.9891535227742456
2.1357635520968348 -0.0046832704719709 0.0000624355316070 0.0190428474434212 0.9839698158287461 0.9889805455697619
2.1528024880601819 -0.0047576200842036 0.0000623868496626 0.0194992425482322 0.9837163234074235 0.9888054018065224
2.1699220099751368 -0.0048328951146985 0.0000623375671349 0.0199650092445308 0.9834597086757874 0.9886280722615245
2.1871222187386268 -0.0049091036442776 0.0000622876789426 0.0204403065024768 0.9831999453672419 0.9884485377158567
2.2044031951927838 -0.0049862536988366 0.0000622371800461 0.0209252948173906 0.9829370074361407 0.9882667790773431
2.2217650280135230 -0.0050643533717051 0.0000621860653671 0.0214201369850247 0.9826708686413578 0.9880827770923196
2.2392078739885810 -0.0051434110990244 0.0000621343296089 0.0219249998943915 0.9824015016088785 0.9878965116968320
2.2567318004319477 -0.0052234349489037 0.0000620819677215 0.0224400500316384 0.9821288802547661 0.9877079636914285
2.2743369167484166 -0.0053044332135197 0.0000620289745143 0.0229654572541209 0.9818529777682576 0.9875171133462105
2.2920233493701532 -0.0053864142995499 0.0000619753447280 0.0235013941387840 0.9815737669861183 0.9873239406589736
2.3097911252257175 -0.0054693861847619 0.0000619210733900 0.0240480324284444 0.9812912222439727 0.9871284266357281
2.3276404141791613 -0.0055533575453414 0.0000618661550776 0.0246055504467611 0.9810053155378976 0.9869305506343727
2.3455712818484606 -0.0056383366047636 0.0000618105846704 0.0251741255567945 0.9807160204453983 0.9867302930772168
2.3635838132722085 -0.0057243317080290 0.0000617543569753 0.0257539379423336 0.9804233101705749 0.9865276340979470
2.3816781213993550 -0.0058113513658166 0.0000616974666977 0.0263451709514037 0.9801271573949256 0.9863225534375911
2.3998543125161427 -0.0058994040910940 0.0000616399085485 0.0269480100276886 0.9798275348344829 0.9861150308296126
2.4181124404547698 -0.0059884981735007 0.0000615816773917 0.0275626411601962 0.9795244160081469 0.9859050465317505
2.4364526568307237 -0.0060786424109487 0.0000615227677661 0.0281892559406158 0.9792177727493981 0.9856925796018121
2.4548750010013718 -0.0061698450831872 0.0000614631745568 0.0288280444923487 0.9789075786992678 0.9854776103169519
2.4733796243288571 -0.0062621150538590 0.0000614028922746 0.0294792031513873 0.9785938055584028 0.9852601175762452
2.4919665609308050 -0.0063554606348683 0.0000613419157988 0.0301429265279456 0.9782764269504043 0.9850400815775223
2.5106359500437652 -0.0064498906938605 0.0000612802396533 0.0308194153341802 0.9779554146566051 0.9848174812069963
2.5293878678524409 -0.0065454138131906 0.0000612178585562 0.0315088704518023 0.9776307414768650 0.9845922960218114
2.5482223849059067 -0.0066420385739308 0.0000611547672349 0.0322114949398790 0.9773023802645788 0.9843645055807281
2.5671395868882283 -0.0067397736622839 0.0000610909603561 0.0329274948283499 0.9769703035660452 0.9841340891933669
2.5861395724407195 -0.0068386278607095 0.0000610264325324 0.0336570790923772 0.9766344836518380 0.9839010259412111
2.6052224299920961 -0.0069386099282288 0.0000609611784003 0.0344004587971086 0.9762948929245513 0.9836652949599151
2.6243882643595207 -0.0070397287391529 0.0000608951925297 0.0351578481459269 0.9759515034486254 0.9834268751123523
2.6436371611832228 -0.0071419930962455 0.0000608284695464 0.0359294631091578 0.9756042875859866 0.9831857454292637
2.6629692027446592 -0.0072454118118636 0.0000607610040791 0.0367155220351365 0.9752532177214045 0.9829418849181095
2.6823844204290448 -0.0073499934501334 0.0000606927909276 0.0375162436834482 0.9748982671385066 0.9826952731712054
2.7018829691747883 -0.0074557472666287 0.0000606238244502 0.0383318544405523 0.9745394068316395 0.9824458881500396
2.7214648792800125 -0.0075626818710875 0.0000605540994364 0.0391625780992015 0.9741766100457356 0.9821937093388552
2.7411302445704604 -0.0076708062420325 0.0000604836104447 0.0400086436566331 0.9738098488339629 0.9819387153522476
2.7608791613644774 -0.0077801293993378 0.0000604123520171 0.0408702828404339 0.9734390951703710 0.9816808847074364
2.7807117053300350 -0.0078906602750196 0.0000603403187630 0.0417477291029479 0.9730643213892048 0.9814201961291883
2.8006279775078657 -0.0080024079681788 0.0000602675051933 0.0426412196539095 0.9726854993215727 0.9811566279487433
2.8206280428472055 -0.0081153814011601 0.0000601939059451 0.0435509927414961 0.9723026014624251 0.9808901589149800
2.8324308820207298 -0.0081824064351471 0.0000601502470729 0.0440938068046125 0.9720754731192204 0.9807320631787043
2.8442337211942541 -0.0082496914065718 0.0000601064215619 0.0446410355021491 0.9718474813205782 0.9805733432344819
2.8561404534439871 -0.0083178313431968 0.0000600620416450 0.0451975707777756 0.9716166087836506 0.9804125941298034
2.8763919486748462 -0.0084343406023961 0.0000599861694626 0.0461545550479817 0.9712219176448758 0.9801377281571967
2.8967083325751677 -0.0085519991715887 0.0000599095628799 0.0471278442947075 0.9708234189276456 0.9798601397653752
2.9171088831471432 -0.0086709262399125 0.0000598321447664 0.0481185912062336 0.9704207118247143 0.9795795475475347
2.9375936830597742 -0.0087911309525779 0.0000597539096720 0.0491270503485552 0.9700137684288883 0.9792959297063749
2.9581627734313423 -0.0089126222314140 0.0000596748523037 0.0501534769574318 0.9696025616615007 0.9790092649734962
2.9788162315981053 -0.0090354092303832 0.0000595949672297 0.0511981307731176 0.9691870637316184 0.9787195315349063
2.9995541310961107 -0.0091595011020184 0.0000595142490318 0.0522612741131533 0.9687672469283320 0.9784267075823551
3.0203765639706859 -0.0092849071311722 0.0000594326922182 0.0533431730418510 0.9683430831697719 0.9781307709980016
3.0412835722809834 -0.0094116363217842 0.0000593502914929 0.0544440938198386 0.9679145454021975 0.9778317003298731
3.0622752248290634 -0.0095396978564098 0.0000592670414568 0.0555643068650547 0.9674816060469148 0.9775294737077994
3.0833515977262054 -0.0096691009814105 0.0000591829366829 0.0567040858037024 0.9670442373904070 0.9772240691146264
3.1045127875412990 -0.0097998550895681 0.0000590979716625 0.0578637082367519 0.9666024113069221 0.9769154641915394
3.1257588116291148 -0.0099319691020452 0.0000590121412075 0.0590434502588836 0.9661561013481736 0.9766036376971247
3.1470897428147939 -0.0100654522979251 0.0000589254399114 0.0602435938098568 0.9657052799415243 0.9762885675498855
3.1685056634040403 -0.0102003140342918 0.0000588378623314 0.0614644242532571 0.9652499193380533 0.9759702314892094
3.1900066404196554 -0.0103365635903730 0.0000587494030902 0.0627062289871570 0.9647899921404957 0.9756486074436401
3.2115926918533937 -0.0104742099483129 0.0000586600570179 0.0639692954134741 0.9643254720442089 0.9753236740488385
3.2332639532275680 -0.0106132628551212 0.0000585698184640 0.0652539207008609 0.9638563302550659 0.9749954081411097
3.2550204618376948 -0.0107537314484597 0.0000584786821887 0.0665603992106665 0.9633825401290368 0.9746637880018207
3.2768622374480416 -0.0108956247625428 0.0000583866430351 0.0678890270711342 0.9629040754654017 0.9743287921637037
3.2987893711150496 -0.0110389523066361 0.0000582936955544 0.0692401076273812 0.9624209085580363 0.9739903980455054
3.3208018877199583 -0.0111837231721744 0.0000581998345851 0.0706139431011740 0.9619330132080424 0.9736485840604492
3.3428998482059638 -0.0113299466976698 0.0000581050548220 0.0720108408431088 0.9614403624836257 0.9733033280469189
3.3650833884231210 -0.0114776327350254 0.0000580093506446 0.0734311159918107 0.9609429278261716 0.9729546066400150
3.3873524607921337 -0.0116267899288211 0.0000579127172318 0.0748750749367218 0.9604406848477269 0.9726023993350842
3.4097071293528125 -0.0117774276729663 0.0000578151492946 0.0763430340727597 0.9599336067413078 0.9722466838682261
3.4321475262590586 -0.0119295558371733 0.0000577166412540 0.0778353173595872 0.9594216652068002 0.9718874368624766
3.4546736043242112 -0.0120831830878381 0.0000576171883284 0.0793522398528318 0.9589048361032811 0.9715246377935828
3.4772854730163023 -0.0122383191631680 0.0000575167850607 0.0808941300112990 0.9583830917943384 0.9711582636179520
3.4999831518553890 -0.0123949731978052 0.0000574154264036 0.0824613132406521 0.9578564067874591 0.9707882927296481
3.5227667142519978 -0.0125531547056560 0.0000573131070836 0.0840541216360935 0.9573247544300336 0.9704147026399711
3.5456362031427227 -0.0127128729996818 0.0000572098219768 0.0856728882175582 0.9567881088625415 0.9700374713483412
3.5685916982261725 -0.0128741376590174 0.0000571055658071 0.0873179516547387 0.9562464434507738 0.9696565762397065
3.5916331844411458 -0.0130369576041197 0.0000570003337448 0.0889896468393017 0.9556997338942818 0.9692719962696481
3.6147607077486570 -0.0132013421873178 0.0000568941207012 0.0906883159820983 0.9551479545648316 0.9688837093893091
3.6379743369242128 -0.0133673009311329 0.0000567869214989 0.0924143060360593 0.9545910793888515 0.9684916931640837
3.6612740804991817 -0.0135348429337043 0.0000566787312560 0.0941679625198371 0.9540290838446476 0.9680959261788099
3.6846600320271543 -0.0137039779095635 0.0000565695447144 0.0959496403839101 0.9534619414728315 0.9676963855800419
3.6961866150726972 -0.0137877001067732 0.0000565155091811 0.0968357734946097 0.9531812779119502 0.9674986081725557
3.7077131981182401 -0.0138716446028071 0.0000564613298670 0.0977271878382480 0.9528998713017784 0.9673002702584191
3.7312953926516803 -0.0140441208471622 0.0000563500355634 0.0995674403585430 0.9523218323173067 0.9668927471246401
3.7549387890118635 -0.0142180337807406 0.0000562378483845 0.1014348306327974 0.9517391860808431 0.9664818176842375
3.7786685511964366 -0.0143935759592187 0.0000561246451488 0.1033316705579698 0.9511512937126068 0.9660670271027753
3.8024846655033651 -0.0145707563127793 0.0000560104212042 0.1052583219733023 0.9505581319847330 0.9656483544268952
3.8263871937157674 -0.0147495843315600 0.0000558951715617 0.1072151557996724 0.9499596759364966 0.9652257774019433
3.8503761505346237 -0.0149300691564583 0.0000557788914817 0.1092025421976781 0.9493559019211585 0.9647992746212276
3.8744515647538309 -0.0151122200330200 0.0000556615761816 0.1112208555007840 0.9487467860887075 0.9643688244544159
3.8986134690942986 -0.0152960462365245 0.0000555432208849 0.1132704734217556 0.9481323046393788 0.9639344052254789
3.9228618849156995 -0.0154815569552102 0.0000554238208968 0.1153517757568533 0.9475124342164954 0.9634959954896156
3.9471968258263908 -0.0156687613153969 0.0000553033715881 0.1174651446478001 0.9468871518245673 0.9630535739748862
3.9716183284100328 -0.0158576686178530 0.0000551818682436 0.1196109672607665 0.9462564340424515 0.9626071190246090
3.9961264481367627 -0.0160482883104781 0.0000550593060807 0.1217896355417188 0.9456202571183170 0.9621566086629173
4.0207212075327483 -0.0162406295855915 0.0000549356805084 0.1240015416303543 0.9449785983165366 0.9617020215475848
4.0454025719923274 -0.0164347011819119 0.0000548109872549 0.1262470754787672 0.9443314365788527 0.9612433374391872
4.0701705627502278 -0.0166305122675968 0.0000546852218004 0.1285266350081979 0.9436787495811556 0.9607805351152001
4.0950252271191614 -0.0168280722146662 0.0000545583795228 0.1308406236173267 0.9430205144906968 0.9603135929042230
4.1199665719736078 -0.0170273900713218 0.0000544304560374 0.1331894440240925 0.9423567097273937 0.9598424899343387
4.1449946517821710 -0.0172284752621754 0.0000543014467473 0.1355735064827535 0.9416873126338704 0.9593672044792846
4.1701094623433406 -0.0174313367375835 0.0000541713473902 0.1379932187474800 0.9410123023110610 0.9588877159702963
4.1953110112784362 -0.0176359835347145 0.0000540401536787 0.1404489926599738 0.9403316577519844 0.9584040036712430
4.2205993138057680 -0.0178424247452355 0.0000539078613213 0.1429412437941748 0.9396453579527669 0.9579160467562754
4.2459743667687055 -0.0180506693029882 0.0000537744661593 0.1454703888941145 0.9389533826214489 0.9574238248129959
4.2714361497956794 -0.0182607259893623 0.0000536399641637 0.1480368458864492 0.9382557121619799 0.9569273178311042
4.2969847499231220 -0.0184726044655320 0.0000535043507745 0.1506410465532360 0.9375523242501307 0.9564265037638828
4.3226201158448516 -0.0186863132414654 0.0000533676222023 0.1532834116715726 0.9368432005811996 0.9559213633302157
4.3483422647791548 -0.0189018613837187 0.0000532297743345 0.1559643718984211 0.9361283212013687 0.9554118759793384
4.3606019240401919 -0.0190049883240966 0.0000531638428406 0.1572526570135875 0.9357864178876910 0.9551681171783183
4.3691633787207751 -0.0190771564840352 0.0000531177119368 0.1581563487357958 0.9355472019822565 0.9549975352208235
4.3777248334013583 -0.0191494378682775 0.0000530715091872 0.1590633568800798 0.9353076166707782 0.9548266619532857
4.3870885370967736 -0.0192286269774151 0.0000530208946371 0.1600591587666396 0.9350451587470541 0.9546394437710500
4.4130585958111039 -0.0194490262884754 0.0000528800651793 0.1628418376469175 0.9343149335664053 0.9541183781709364
4.4390847950016257 -0.0196710353329771 0.0000527382684426 0.1656613716131446 0.9335797455474188 0.9535935083329932
4.4651978849409044 -0.0198949232691760 0.0000525953342267 0.1685214798678553 0.9328387136202162 0.9530641989514851
4.4913977636002409 -0.0201206980637392 0.0000524512592974 0.1714225964165772 0.9320918225188228 0.9525304322807694
4.5176843936367215 -0.0203483682152948 0.0000523060401171 0.1743651649563837 0.9313390554318689 0.9519921893725417
4.5440577835208318 -0.0205779426036688 0.0000521596729427 0.1773496371093383 0.9305803945086712 0.9514494504339596
4.5705179173858843 -0.0208094298844911 0.0000520121542119 0.1803764646271542 0.9298158228650987 0.9509021962605876
4.5970648290244309 -0.0210428391359422 0.0000518634801319 0.1834461078359043 0.9290453224507692 0.9503504067091775
4.6236984720902594 -0.0212781787197401 0.0000517136474060 0.1865590206861529 0.9282688778133618 0.9497940633921397
4.6504188110449718 -0.0215154570730442 0.0000515626527286 0.1897156610441329 0.9274864734852197 0.9492331478071956
4.6772258286476145 -0.0217546827777005 0.0000514104927425 0.1929164916470172 0.9266980937595466 0.9486676411755439
4.7041195287818711 -0.0219958645895681 0.0000512571640210 0.1961619805511835 0.9259037225989045 0.9480975243744584
4.7310999034160259 -0.0222390111445911 0.0000511026632552 0.1994525972068667 0.9251033446079105 0.9475227786340389
4.7581669321832303 -0.0224841309522894 0.0000509469872590 0.2027888123197750 0.9242969450573404 0.9469433855545284
4.7853205367992215 -0.0227312319771615 0.0000507901332353 0.2061710920523195 0.9234845112626380 0.9463593280976617
4.8125607674763353 -0.0229803233345716 0.0000506320976997 0.2095999212175883 0.9226660270115946 0.9457705865802211
4.8398875470108411 -0.0232314129619883 0.0000504728779594 0.2130757713930433 0.9218414802247832 0.9451771441804525
4.8673008336867909 -0.0234845090984357 0.0000503124711750 0.2165991211095838 0.9210108580938562 0.9445789834432230
4.8948006382446634 -0.0237396204500994 0.0000501508742565 0.2201704582868514 0.9201741465455874 0.9439760858909402
4.9223869245639973 -0.0239967552739848 0.0000499880844446 0.2237902674734161 0.9193313332533278 0.9433684341914117
4.9353643056790206 -0.0241181410816148 0.0000499112672571 0.2255060701847391 0.9189336530353391 0.9430815898226071
4.9408896292843565 -0.0241699048803781 0.0000498785153968 0.2262391185067533 0.9187641027748722 0.9429592698719890
4.9464149528896924 -0.0242217064407780 0.0000498457367795 0.2269736725541260 0.9185944143427830 0.9428368356707064
4.9527467132708685 -0.0242811253423937 0.0000498081406791 0.2278172897167245 0.9183997897204367 0.9426963914449711
4.9805547330773292 -0.0245428407172651 0.0000496426023958 0.2315457848029968 0.9175428916541725 0.9420778114143546
5.0084089564472860 -0.0248062259967110 0.0000494761016501 0.2353189119685808 0.9166810904514006 0.9414553152828996
5.0363495878550015 -0.0250716671638124 0.0000493083968726 0.2391425342127335 0.9158131376726889 0.9408279931947602
5.0643764567807672 -0.0253391710629663 0.0000491394864182 0.2430171305201992 0.9149390269216395 0.9401958315262422
5.0924894883281144 -0.0256087454139987 0.0000489693681380 0.2469431950001427 0.9140587492271989 0.9395588146811754
5.1206887404727510 -0.0258803991931307 0.0000487980391408 0.2509212428162366 0.9131722918148187 0.9389169241938019
5.1489740964558717 -0.0261541396788258 0.0000486254976580 0.2549517670624732 0.9122796477549699 0.9382701457119424
5.1773455009842202 -0.0264299747147360 0.0000484517416161 0.2590352716617549 0.9113808085767169 0.9376184636520121
5.2058028832109731 -0.0267079119695671 0.0000482767691045 0.2631722605321050 0.9104757666878136 0.9369618629505003
5.2343461988536184 -0.0269879593479464 0.0000481005781170 0.2673632436667494 0.9095645140406456 0.9363003280959263
5.2629754084151594 -0.0272701247813828 0.0000479231666849 0.2716087340602902 0.9086470428189642 0.9356338436254780
5.2916904096660344 -0.0275544155595719 0.0000477445332979 0.2759092375612071 0.9077233476146424 0.9349623957070570
5.3204911635915693 -0.0278408395719823 0.0000475646761238 0.2802652715273257 0.9067934213949055 0.9342859692093526
5.3493775722954542 -0.0281294040997624 0.0000473835937686 0.2846773465311487 0.9058572594320721 0.9336045505579513
5.3783495989309387 -0.0284201170089511 0.0000472012845282 0.2891459844832895 0.9049148554340721 0.9329181249202627
5.4074071544007749 -0.0287129856199042 0.0000470177470985 0.2936717013348644 0.9039662052171420 0.9322266788781776
5.4365501400172249 -0.0290080171287418 0.0000468329803111 0.2982550133985399 0.9030113053400629 0.9315301994354964
5.4437721977152966 -0.0290813158797978 0.0000467870868373 0.2993976994869401 0.9027741340856572 0.9313571383370970
5.4505519493282071 -0.0291501913429160 0.0000467439660681 0.3004728918696416 0.9025512960296396 0.9311945089674465
5.4798666828788063 -0.0294488068974531 0.0000465570920648 0.3051496625330544 0.9015856411505808 0.9304894614150185
5.5092217336432006 -0.0297491447219199 0.0000463692716068 0.3098781950929371 0.9006152045108385 0.9297804251806970
5.5386619920356344 -0.0300516691680972 0.0000461802175207 0.3146661553622007 0.8996385048120037 0.9290663082084335
5.5681873236298882 -0.0303563869121128 0.0000459899292066 0.3195140621331862 0.8986555417246017 0.9283470992374753
5.5977976361907782 -0.0306633050348801 0.0000457984058739 0.3244224426647411 0.8976663139738453 0.9276227861955598
5.6274927728297017 -0.0309724299173085 0.0000456056472306 0.3293918150179143 0.8966708229062131 0.9268933588094456
5.6572726928917536 -0.0312837691214417 0.0000454116523118 0.3344227182128161 0.8956690664344622 0.9261588041691032
5.6871372881318312 -0.0315973294827597 0.0000452164206700 0.3395156816280059 0.8946610451891059 0.9254191112328594
5.7170864210941907 -0.0319131175010824 0.0000450199521316 0.3446712310668688 0.8936467612581294 0.9246742699076055
5.7471199413820111 -0.0322311395071749 0.0000448222466930 0.3498898913279941 0.8926262176526256 0.9239242706586863
5.7772378199537950 -0.0325514030914418 0.0000446233036340 0.3551722097272609 0.8915994137306694 0.9231691011444192
5.8074398790299648 -0.0328739142414200 0.0000444231232982 0.3605187090211838 0.8905663543856441 0.9224087529699549
5.8377259916705926 -0.0331986794536326 0.0000442217057800 0.3659299219764441 0.8895270432722981 0.9216432167100809
5.8680960480088000 -0.0335257053812088 0.0000440190511454 0.3714063856340649 0.8884814839452921 0.9208724827441208
5.8811449504417963 -0.0336666340589098 0.0000439317703219 0.3737749125023022 0.8880312165839721 0.9205403838266222
5.8941938528747926 -0.0338077649468281 0.0000438443676395 0.3761527663559628 0.8875803338266008 0.9202077197257236
5.9128778564145152 -0.0340102769050735 0.0000437190051985 0.3795737444235118 0.8869336729014471 0.9197304143495248
5.9434769100408662 -0.0343430380664161 0.0000435131523614 0.3852177626002130 0.8858719297097488 0.9189462344538882
5.9741378175577227 -0.0346778445085312 0.0000433062090792 0.3909249201094934 0.8848047055578213 0.9181573797127089
6.0048820736597088 -0.0350149371862026 0.0000430980307007 0.3966997256414708 0.8837312577314979 0.9173632890086481
6.0357094714605131 -0.0353543214991858 0.0000428886184258 0.4025427036925501 0.8826515958816989 0.9165639565703995
6.0666198962923863 -0.0356960038308069 0.0000426779729200 0.4084543968665463 0.8815657269529416 0.9157593745051498
6.0976131728532144 -0.0360399898694825 0.0000424660953512 0.4144353369969162 0.8804736605301979 0.9149495367559152
6.1286891300743696 -0.0363862853202442 0.0000422529869512 0.4204860572696134 0.8793754065770855 0.9141344374290639
6.1598475775568025 -0.0367348956423368 0.0000420386491776 0.4266070875673742 0.8782709762718849 0.9133140714156167
6.1910883423386354 -0.0370858264595667 0.0000418230834622 0.4327989615768543 0.8771603807103069 0.9124884334291289
6.2224112357060974 -0.0374390831900282 0.0000416062914394 0.4390622102319173 0.8760436320830339 0.9116575188808637
6.2538161089940560 -0.0377946716765289 0.0000413882745600 0.4453973728364771 0.8749207416873350 0.9108213224008213
6.2666489586185392 -0.0379403791088705 0.0000412989990193 0.4480021164154970 0.8744609790744827 0.9104787388133794
6.2794818082430224 -0.0380863209918490 0.0000412096148818 0.4506161743223189 0.8740006857030839 0.9101356393002311
6.2882187181468057 -0.0381857841660285 0.0000411486996193 0.4524012212753956 0.8736870042598066 0.9099017542840165
6.2961826234354099 -0.0382765364564400 0.0000410931305333 0.4540321022264027 0.8734008630491501 0.9096883547202190
6.3278193671336398 -0.0386379388963026 0.0000408719726120 0.4605463329390054 0.8722621668870584 0.9088386700211629
6.3594976855139338 -0.0390012344209356 0.0000406498739103 0.4671261047848496 0.8711188039741016 0.9079847563662338
6.3912571386360995 -0.0393668814358138 0.0000404265591153 0.4737800985615465 0.8699693607113539 0.9071255451115519
6.4230974230420088 -0.0397348838121917 0.0000402020312758 0.4805088217962796 0.8688138568891501 0.9062610366283042
6.4550182908047544 -0.0401052460226537 0.0000399762931525 0.4873127930319124 0.8676523108672374 0.9053912301137493
6.4870195495064173 -0.0404779731543540 0.0000397493472127 0.4941925422762543 0.8664847395488170 0.9045161235661233
6.5191009773618989 -0.0408530699282680 0.0000395211962289 0.5011485929814605 0.8653111614632930 0.9036357160924833
6.5512622300277030 -0.0412305395978966 0.0000392918439476 0.5081814412603396 0.8641316002032740 0.9027500104952767
6.5835031288442307 -0.0416103873253755 0.0000390612930371 0.5152916185313416 0.8629460738701458 0.9018590053529714
6.6158233853969461 -0.0419926169561458 0.0000388295470489 0.5224796314937489 0.8617546051629166 0.9009627025932153
6.6270182726605782 -0.0421253484339151 0.0000387491309373 0.5249834788768625 0.8613412120002328 0.9006515252074940
6.6382131599242102 -0.0422582531711284 0.0000386686404353 0.5274945939644637 0.8609274611663157 0.9003399776581450
6.6442379499877742 -0.0423298506230426 0.0000386252918915 0.5288490191133063 0.8607046439567052 0.9001721581049686
6.6502627400513381 -0.0424014746029090 0.0000385819230725 0.5302055514900506 0.8604817236720863 0.9000042316461103
6.6563321478786222 -0.0424736746577854 0.0000385382116879 0.5315742614304676 0.8602570485815376 0.8998349535692157
6.6888793228389680 -0.0428617118097560 0.0000383034409196 0.5389504929240579 0.8590504598977021 0.8989253559890651
6.7214564854523839 -0.0432515635100910 0.0000380678361879 0.5463952726033929 0.8578397987238191 0.8980118195119129
6.7541118386563292 -0.0436438104692080 0.0000378310521624 0.5539200464394489 0.8566232947648569 0.8970929946315287
6.7868450373854934 -0.0440384556393217 0.0000375930933461 0.5615253019950287 0.8554009758833283 0.8961688866697219
6.8196557208010571 -0.0444355017431099 0.0000373539644643 0.5692115213243994 0.8541728711372838 0.8952395017657252
6.8525435191773800 -0.0448349513553368 0.0000371136704149 0.5769791823951125 0.8529390105270593 0.8943048466881928
6.8855081442603217 -0.0452368080057768 0.0000368722156066 0.5848287805455921 0.8516994215957425 0.8933649262592951
6.9185492091675753 -0.0456410739912349 0.0000366296052751 0.5927607858066213 0.8504541361881062 0.8924197484776299
6.9516663470174178 -0.0460477518143260 0.0000363858446169 0.6007756707092897 0.8492031860048188 0.8914693211545875
6.9641212664949066 -0.0462010810170268 0.0000362940175066 0.6038067266114783 0.8487320030388015 0.8911110855946714
6.9765761859723954 -0.0463546193214212 0.0000362021078968 0.6068469546731875 0.8482604312218609 0.8907524184795871
6.9846019710220686 -0.0464536454196026 0.0000361428401406 0.6088108996303961 0.8479563513770814 0.8905210699580676
6.9926277560717418 -0.0465527395581732 0.0000360835392860 0.6107786572349363 0.8476521112728869 0.8902895428656087
7.0259556242674224 -0.0469651625341916 0.0000358369247590 0.6189907892377456 0.8463870222749065 0.8893261990465599
7.0593173109369882 -0.0473794944406494 0.0000355894809257 0.6272772387532152 0.8451179310064876 0.8883588174553697
7.0927534682155162 -0.0477962442694568 0.0000353409102657 0.6356485348520264 0.8438433163483534 0.8873862237532636
7.1262636018056149 -0.0482154127040892 0.0000350912194818 0.6441051049889539 0.8425632179989841 0.8864084314773767
7.1598473082460981 -0.0486370015201565 0.0000348404147105 0.6526473962166113 0.8412776728063041 0.8854254519294560
7.1935040948703071 -0.0490610113350653 0.0000345885028621 0.6612758296935342 0.8399867216413255 0.8844372994285921
7.2272334896363954 -0.0494874429806857 0.0000343354908035 0.6699908282123291 0.8386904052035389 0.8834439881116304
7.2610350269175763 -0.0499162973289585 0.0000340813854618 0.6787928126273451 0.8373887645566307 0.8824455323437502
7.2752571229358800 -0.0500971903507215 0.0000339743063874 0.6825167478129593 0.8368403415922213 0.8820245304392123
7.2894792189541837 -0.0502783503617112 0.0000338671312337 0.6862528208029637 0.8362914764671449 0.8816029984358803
7.3234457653520790 -0.0507119064392889 0.0000336107890456 0.6952248160348184 0.8349788520363741 0.8805941195976157
7.3550880555600786 -0.0511171576937848 0.0000333715037088 0.7036452914393431 0.8337538281853171 0.8796515805412642
7.3891620415097998 -0.0515550204737221 0.0000331133139678 0.7127802893093937 0.8324323063026817 0.8786337198876009
7.4233017140790327 -0.0519952515313137 0.0000328540974855 0.7220031006160004 0.8311058270923929 0.8776109140589102
7.4575104072507576 -0.0524379001749939 0.0000325938330569 0.7313151364670082 0.8297742878934035 0.8765830665780076
7.4917874702057752 -0.0528829645338988 0.0000323325297534 0.7407167382282217 0.8284377410765434 0.8755502003010784
7.5261322937062491 -0.0533304432194132 0.0000320701964406 0.7502082531943902 0.8270962380079273 0.8745123372978924
7.5605442709177426 -0.0537803348230939 0.0000318068420742 0.7597900240019279 0.8257498305623331 0.8734695000210401
7.5693041229469724 -0.0538951039555315 0.0000317397227203 0.7622406129270248 0.8254067318495895 0.8732035690941929
7.5741095499618947 -0.0539581056062289 0.0000317028890354 0.7635869205363446 0.8252184553671360 0.8730576058910640
7.5775763718757609 -0.0540035727792743 0.0000316763099123 0.7645590696858549 0.8250825984195685 0.8729522670268256
7.5810431937896272 -0.0540490388042433 0.0000316497265837 0.7655319485602085 0.8249467188166885 0.8728468985631803
7.6154869832793173 -0.0545016000994052 0.0000313853414490 0.7752374157515921 0.8235955031345329 0.8717984317419488
7.6500713481287290 -0.0549575504287344 0.0000311193838090 0.7850550597526389 0.8222365791866607 0.8707427698225477
7.6847202491861601 -0.0554158986822599 0.0000308524414790 0.7949640248114472 0.8208729577740370 0.8696822299399666
7.7194330709173622 -0.0558766430226154 0.0000305845239803 0.8049646230338079 0.8195046938523789 0.8686168369823759
7.7542090211527217 -0.0563397792134823 0.0000303156423019 0.8150571093087856 0.8181318499172969 0.8675466217261557
7.7890473203006332 -0.0568053031144323 0.0000300458074443 0.8252417348826242 0.8167544885620568 0.8664716150598010
7.8239470973820087 -0.0572732092892584 0.0000297750312240 0.8355187166953453 0.8153726765835484 0.8653918511962705
7.8375252282989090 -0.0574556748598169 0.0000296695586641 0.8395372195706681 0.8148345308874073 0.8649709888859325
7.8460481565167131 -0.0575703197817149 0.0000296033192532 0.8420653792909721 0.8144965874931682 0.8647065966109695
7.8545710847345172 -0.0576850148498132 0.0000295370549894 0.8445979863054237 0.8141585274021553 0.8644420357693980
7.8896229344568676 -0.0581576905810150 0.0000292642512036 0.8550604990470893 0.8127669927655963 0.8633522233544301
7.9246964963394104 -0.0586322271851108 0.0000289908303289 0.8656048724066984 0.8113726794720199 0.8622589103701012
7.9598281895659744 -0.0591091209048551 0.0000287165146105 0.8762423821545390 0.8099741771762657 0.8611609751142542
7.9950170384996504 -0.0595883644526809 0.0000284413171979 0.8869731729782009 0.8085715596189730 0.8600584575683052
8.0302620922354979 -0.0600699507861817 0.0000281652511517 0.8977973877865059 0.8071649001130818 0.8589513974681371
8.0655622919511600 -0.0605538712938673 0.0000278883304805 0.9087151267367825 0.8057542768288680 0.8578398384715372
8.0800601635116802 -0.0607530764343880 0.0000277744777994 0.9132212851919240 0.8051744299414808 0.8573825220695759
8.0945580350722004 -0.0609525480406359 0.0000276605556099 0.9177403868820395 0.8045942960510761 0.8569247442480955
8.1299891273544738 -0.0614409337616712 0.0000273818652269 0.9288390330176416 0.8031753261951923 0.8558040568783765
8.1657327821301671 -0.0619352343164368 0.0000271003068206 0.9401140018331337 0.8017421644110292 0.8546707235411628
8.2012355301360671 -0.0624277998470632 0.0000268202467696 0.9513909991841065 0.8003170426085183 0.8535423091691373
8.2367884537132756 -0.0629226547276757 0.0000265393999705 0.9627619095724252 0.7988883346388184 0.8524096081820903
8.2723899122082702 -0.0634197816054154 0.0000262577856025 0.9742265852787377 0.7974561450627558 0.8512726859163522
8.3080386512778155 -0.0639191683477282 0.0000259754198966 0.9857849884840564 0.7960205634393717 0.8501315960146307
8.3216250541811885 -0.0641099150775282 0.0000258677072963 0.9902107969738979 0.7954730534101402 0.8496960104177746
8.3266812088478837 -0.0641809604368852 0.0000258276086275 0.9918607689392429 0.7952692454565524 0.8495338105946155
8.3317373635145788 -0.0642520190851699 0.0000257875035818 0.9935123225879585 0.7950654087488018 0.8493715580151361
8.3386548520866004 -0.0643492708439459 0.0000257326236241 0.9957744289970364 0.7947864868746214 0.8491494896467447
8.3744408599586428 -0.0648533392401683 0.0000254484979868 1.0075241976713052 0.7933427103541993 0.8479991022997723
8.4102195453604214 -0.0653589110304283 0.0000251640726406 1.0193508301299052 0.7918978560186977 0.8468463401848979
8.4460403960161052 -0.0658666871208772 0.0000248789615562 1.0312708425720176 0.7904499690180055 0.8456896298226989
8.4819019030902236 -0.0663766510734393 0.0000245931834281 1.0432840487333970 0.7889991513924016 0.8445290358191931
8.5178025908803523 -0.0668887867551350 0.0000243067567739 1.0553902585500115 0.7875455042664515 0.8433646222995830
8.5308556904472894 -0.0670753940887308 0.0000242025332888 1.0598117639979980 0.7870166742617474 0.8429406262451532
8.5439087900142265 -0.0672622149041500 0.0000240982667443 1.0642438413565543 0.7864876878949273 0.8425162972108527
8.5474946799188540 -0.0673135748709190 0.0000240696156102 1.0654632533624597 0.7863423400080869 0.8423996692686611
8.5510805698234815 -0.0673649334652168 0.0000240409621757 1.0666834633718771 0.7861969803897385 0.8422830163083402
8.5548030504764938 -0.0674182596557297 0.0000240112142057 1.0679509968231919 0.7860460715806881 0.8421618934500893
8.5905968907410983 -0.0679319064224804 0.0000237249953832 1.0801829751847136 0.7845943689012816 0.8409958562494139
8.6266088514671857 -0.0684502993768854 0.0000234367187158 1.0925697702806436 0.7831327078320209 0.8398202269691377
8.6626534088663387 -0.0689707846558352 0.0000231478739391 1.1050484379316197 0.7816686526070969 0.8386410613538174
8.6987289934093575 -0.0694933438560226 0.0000228584807194 1.1176186761819529 0.7802023100145377 0.8374584295321259
8.7348338213764833 -0.0700179552842539 0.0000225685605104 1.1302800918559524 0.7787337958587474 0.8362724092239194
8.7488125826616905 -0.0702215074496338 0.0000224562347926 1.1352039935833402 0.7781649747277937 0.8358125686007128
8.7627913439468976 -0.0704252514503529 0.0000223438696159 1.1401400452940889 0.7775960152466070 0.8353523688397250
8.7815071990994511 -0.0706983707462408 0.0000221933637214 1.1467678418683669 0.7768340359308279 0.8347356575205310
8.8176932106949177 -0.0712276704115520 0.0000219021611173 1.1596440798158472 0.7753601284939573 0.8335414762836361
8.8538835637050752 -0.0717586681113239 0.0000216106556042 1.1726033328447456 0.7738852059458244 0.8323447921792038
8.8900951653854818 -0.0722916141652049 0.0000213187185681 1.1856517585609330 0.7724086241369653 0.8311450692439317
8.9263258923236339 -0.0728264806878398 0.0000210263745306 1.1987887431668687 0.7709305140574310 0.8299423995500157
8.9390397415076279 -0.0730145612633645 0.0000209237285903 1.2034180525971638 0.7704116563977608 0.8295198229301434
8.9451022012801609 -0.0731043165514524 0.0000208747724699 1.2056290307347468 0.7701642148968102 0.8293182230093421
8.9494886351619858 -0.0731692823321653 0.0000208393467691 1.2072301889533108 0.7699851690915409 0.8291723176238096
8.9534446557216754 -0.0732278723954747 0.0000208073952976 1.2086752626910895 0.7698236832601819 0.8290407004503182
8.9893896277937859 -0.0737611248841887 0.0000205169501481 1.2218500511696122 0.7683560407995487 0.8278435716387921
9.0256648214775748 -0.0743009112978447 0.0000202236056323 1.2352274218707888 0.7668742913596568 0.8266332047614073
9.0619508297292608 -0.0748425028835115 0.0000199299491611 1.2486907448289091 0.7653915184183012 0.8254202512222162
9.0982458133035031 -0.0753858746836885 0.0000196360031789 1.2622394101441972 0.7639078420173840 0.8242047963958009
9.1089528173865464 -0.0755464837989658 0.0000195492489414 1.2662519282421600 0.7634700622213489 0.8238458209965278
9.1196598214695896 -0.0757072363402690 0.0000194624766973 1.2702715846906949 0.7630322408103432 0.8234866569058737
9.1267137582617863 -0.0758132209430420 0.0000194053000821 1.2729236959703281 0.7627437752412167 0.8232499313653076
9.1311326463260993 -0.0758796459625584 0.0000193694782893 1.2745866704498310 0.7625630592582655 0.8231015948573415
9.1355515343904123 -0.0759460700428579 0.0000193336548504 1.2762508608141236 0.7623823363603767 0.8229532264334172
9.1403286341712100 -0.0760179027078161 0.0000192949242554 1.2780513244469798 0.7621869559071606 0.8227927948430006
9.1767465963771961 -0.0765664527686695 0.0000189995508403 1.2918237704002515 0.7606972400227339 0.8215685346506607
9.2130569239102673 -0.0771150330914447 0.0000187048572813 1.3056377292510293 0.7592115303726973 0.8203457660366494
9.2493663306398108 -0.0776652501345294 0.0000184099859902 1.3195334283351929 0.7577255072032970 0.8191209305934193
9.2856722687119913 -0.0782170667212083 0.0000181149652829 1.3335098732992532 0.7562393195336188 0.8178941402991268
9.3005736939102448 -0.0784440331706263 0.0000179938272131 1.3392701252006269 0.7556292496724015 0.8173900222380306
9.3091063786710411 -0.0785740885800480 0.0000179244515827 1.3425747193927500 0.7552798994020239 0.8171012053541665
9.3170405858214274 -0.0786950836411573 0.0000178599348133 1.3456515980433024 0.7549550405317887 0.8168325452587812
9.3533216580953980 -0.0792493685858064 0.0000175648180002 1.3597712970368165 0.7534694151928180 0.8156028038065362
9.3896061250371581 -0.0798053579481083 0.0000172695176714 1.3739742629579210 0.7519834701925309 0.8143709498017622
9.4258770176427955 -0.0803627931813206 0.0000169741794374 1.3882538077027242 0.7504979445053127 0.8131375856688429
9.4621316172399457 -0.0809216327429714 0.0000166788330196 1.4026087467077710 0.7490129934164722 0.8119028317195586
9.4661392660045092 -0.0809835095231620 0.0000166461765691 1.4042005872482166 0.7488488404424577 0.8117662216020652
9.4701469147690727 -0.0810453836352747 0.0000166135197323 1.4057934270233867 0.7486846867018446 0.8116295880742760
9.4746827859160128 -0.0811154344891122 0.0000165765568192 1.4075974141952430 0.7484988962857458 0.8114749175494033
9.5111206071100938 -0.0816791112320393 0.0000162795510478 1.4221357453452141 0.7470063810813358 0.8102313284458116
9.5473286579397634 -0.0822408917937946 0.0000159842944184 1.4366642020152909 0.7455232853781535 0.8089936947756656
9.5835110607012002 -0.0828039283371039 0.0000156891309920 1.4512638049342490 0.7440412912344752 0.8077550845713127
9.6196648717550790 -0.0833681741048641 0.0000153940922352 1.4659331629765988 0.7425605618348873 0.8065156278650706
9.6337814589652364 -0.0835888520894725 0.0000152788684010 1.4716830023863061 0.7419824311239626 0.8060311806483719
9.6465564400628487 -0.0837887729103297 0.0000151745822864 1.4768970656151965 0.7414592643414801 0.8055925386939570
9.6826565675294827 -0.0843548363353747 0.0000148798219356 1.4916860192337593 0.7399809939836485 0.8043518048194699
9.7187195981847250 -0.0849219694942482 0.0000145852758037 1.5065406057244242 0.7385044501376229 0.8031105964422828
9.7547428967968877 -0.0854901288403244 0.0000142909726832 1.5214594554770193 0.7370297817078575 0.8018690345571460
9.7608988699870913 -0.0855873861516925 0.0000142406719713 1.5240169778990200 0.7367778054642007 0.8016566954127229
9.7649813595800730 -0.0856519111868654 0.0000142073126103 1.5257143610060109 0.7366107058025777 0.8015158500845904
9.7690638491730546 -0.0857164325988542 0.0000141739536708 1.5274127786471929 0.7364436097562694 0.8013749830622162
9.8050835228239404 -0.0862866229818416 0.0000138795899807 1.5424426863104836 0.7349695032799951 0.8001311829975587
9.8410020675969516 -0.0868568607475646 0.0000135859880748 1.5575105574604173 0.7334998801262386 0.7988892198814099
9.8768704263319549 -0.0874279477745246 0.0000132927387295 1.5726372259466683 0.7320326943736206 0.7976473669838411
9.8881896651319305 -0.0876085118843037 0.0000132001850184 1.5774274176492542 0.7315697700265600 0.7972551332093482
9.8995089039319062 -0.0877892402814820 0.0000131076264496 1.5822255518088488 0.7311068891802551 0.7968627408766736
9.9049795793774749 -0.0878766279714221 0.0000130628915208 1.5845473737078588 0.7308831910649241 0.7966730380199448
9.9104502548230435 -0.0879640397173030 0.0000130181563116 1.5868710504915138 0.7306595033715982 0.7964832983606215
9.9461648178246111 -0.0885356390122543 0.0000127260840819 1.6020864327354667 0.7291994581911528 0.7952437102312565
9.9818707079738846 -0.0891087381068760 0.0000124340450418 1.6173771062115010 0.7277402632711045 0.7940028824682669
10.0175140612738929 -0.0896824714614230 0.0000121424863665 1.6327197326937501 0.7262841575530918 0.7927627151754422
10.0244766867727861 -0.0897947367970621 0.0000120855297845 1.6357259650993596 0.7259997852641150 0.7925202846110799
10.0296651514033446 -0.0898784362972635 0.0000120430858431 1.6379681240479134 0.7257878888249808 0.7923395914623764
10.0339528843978059 -0.0899476160798321 0.0000120080107784 1.6398222952190251 0.7256127873715291 0.7921902434670263
10.0382406173922671 -0.0900168098605749 0.0000119729359344 1.6416776039675973 0.7254376943334212 0.7920408740802105
10.0740878475364237 -0.0905962282964338 0.0000116796848598 1.6572332590073169 0.7239741861181689 0.7907912523750855
10.1095572968529339 -0.0911711779574727 0.0000113895097610 1.6727031957425786 0.7225267303892273 0.7895533544851164
10.1449525111260623 -0.0917465522547881 0.0000110999338772 1.6882182743741798 0.7210829657811459 0.7883166371927592
10.1515024979412392 -0.0918532055953884 0.0000110463466304 1.6910978723700412 0.7208158684409598 0.7880876264424436
10.1565747564852700 -0.0919358189493206 0.0000110048499783 1.6933296313319324 0.7206090467521916 0.7879102497919241
10.1616470150293008 -0.0920184531982427 0.0000109633540221 1.6955629794548763 0.7204022395011686 0.7877328448130386
10.1967619239513265 -0.0925914436034184 0.0000106760817882 1.7110678728667863 0.7189709352184229 0.7865039104408709
10.2319631456203748 -0.0931674575187026 0.0000103881103923 1.7266872751820324 0.7175368555142728 0.7852706181370989
10.2670792398280355 -0.0937436941835559 0.0000101008483101 1.7423450771211522 0.7161070210749004 0.7840389966173641
10.2725009583817535 -0.0938327886412908 0.0000100564992145 1.7447693268965845 0.7158863343347762 0.7838487261597766
10.2779226769354715 -0.0939219085779320 0.0000100121513124 1.7471953890440297 0.7156656669209995 0.7836584250578139
10.3129060238403394 -0.0944978781271324 0.0000097260116047 1.7628929886848985 0.7142422993388873 0.7824297861126845
10.3478155511396679 -0.0950742374849183 0.0000094405018341 1.7786326314172349 0.7128227839532556 0.7812024930072882
10.3571516486238036 -0.0952286496428567 0.0000093641511344 1.7828547136017774 0.7124433012654481 0.7808740611888511
10.3664877461079392 -0.0953831769210554 0.0000092878028226 1.7870821621931241 0.7120638823878649 0.7805455422604586
10.3735848415302456 -0.0955007222259727 0.0000092297661844 1.7902993651059083 0.7117754996252054 0.7802957513919402
10.3776467087184656 -0.0955680266803711 0.0000091965508528 1.7921420556992085 0.7116104669419769 0.7801527665853798
10.3811975171592472 -0.0956268682989105 0.0000091675157355 1.7937537332312290 0.7114662084276124 0.7800277585675740
10.3847483256000288 -0.0956857198997864 0.0000091384813755 1.7953661866968367 0.7113219593051330 0.7799027380920707
10.4194449376183762 -0.0962616646735882 0.0000088547945602 1.8111630491859931 0.7099129393203932 0.7786804535376757
10.4540531331983377 -0.0968377325246943 0.0000085718734077 1.8269934110454298 0.7085084476660657 0.7774601219503646
10.4667318675069581 -0.0970491739539159 0.0000084682368352 1.8328113007173916 0.7079941523112024 0.7770127664564185
10.4794106018155784 -0.0972608295266403 0.0000083646069981 1.8386390679662208 0.7074799888158516 0.7765652590875725
10.4830424109715885 -0.0973214942915023 0.0000083349238067 1.8403102449539217 0.7073327317509496 0.7764370432673545
10.4866742201275986 -0.0973821607971622 0.0000083052420800 1.8419822321798462 0.7071854854891748 0.7763088150859095
10.5208474803990519 -0.0979538600905045 0.0000080259834829 1.8577543516461241 0.7058005267974837 0.7751016596962944
10.5551373049139325 -0.0985290792619891 0.0000077458297743 1.8736523217006138 0.7044118569075976 0.7738893086974702
10.5655588382405838 -0.0987042150894309 0.0000076606962666 1.8784984055866603 0.7039900114109037 0.7735206340817158
10.5759803715672351 -0.0988794967907956 0.0000075755687020 1.8833511505555467 0.7035682635050476 0.7731518621543852
10.5788729918146789 -0.0989281741905558 0.0000075519416096 1.8846992683447803 0.7034512197929760 0.7730494879525879
10.5817656120621226 -0.0989768558730222 0.0000075283153796 1.8860478991739509 0.7033341836056318 0.7729471063087336
10.5847191697052487 -0.0990265668260717 0.0000075041923593 1.8874254702748621 0.7032146896455839 0.7728425601697535
10.6142547461365098 -0.0995243218499906 0.0000072629901158 1.9012305913191874 0.7020201914224252 0.7717966751990887
10.6482146662853783 -0.1000980928115191 0.0000069857223611 1.9171697381370045 0.7006477715301790 0.7705931797831264
10.6585664879187210 -0.1002733023572567 0.0000069012190432 1.9220424290058005 0.7002296435366377 0.7702261275534431
10.6689183095520637 -0.1004486570086674 0.0000068167228579 1.9269216799370088 0.6998116196121110 0.7698589841911503
10.6722283537812412 -0.1005047581349213 0.0000067897063284 1.9284832275811210 0.6996779765732867 0.7697415692150077
10.6755383980104188 -0.1005608620841079 0.0000067626912228 1.9300454457586973 0.6995443441469972 0.7696241449931234
10.6787145225351718 -0.1006147060691174 0.0000067367700440 1.9315450891463928 0.6994161283832161 0.7695114629073284
10.7104757677827021 -0.1011538987319572 0.0000064775972375 1.9465754673223619 0.6981345219899115 0.7683841779126547
10.7440811287966405 -0.1017258916895040 0.0000062034567036 1.9625457007125904 0.6967796139841601 0.7671905343287098
10.7575896820761905 -0.1019562531921846 0.0000060932830667 1.9689848021796805 0.6962353016208433 0.7667104596254027
10.7650901193786730 -0.1020842455520884 0.0000060321180226 1.9725648376310867 0.6959331618605201 0.7664438414959736
10.7725905566811555 -0.1022122996350384 0.0000059709583227 1.9761483092944865 0.6956310811256378 0.7661771784016213
10.8058483992913459 -0.1027810346092125 0.0000056998242866 1.9920792387677204 0.6942923404215434 0.7649942257031257
10.8390717258301557 -0.1033506950270388 0.0000054290653331 2.0080610310040603 0.6929561859079055 0.7638116400584403
10.8438173937989255 -0.1034321899843623 0.0000053903976459 2.0103493886640633 0.6927654269370993 0.7636426486533285
10.8485630617676954 -0.1035136944770688 0.0000053517331875 2.0126391196029001 0.6925746927556764 0.7634736401072404
10.8815536149317751 -0.1040811492888757 0.0000050830054598 2.0285946313468095 0.6912494610742441 0.7622982703864843
10.9144479088811170 -0.1046484466918209 0.0000048151636973 2.0445696084813423 0.6899293320939694 0.7611255249282362
10.9206690003865337 -0.1047559047759684 0.0000047645202562 2.0475982645487218 0.6896798053660907 0.7609036419495664
10.9252391417112964 -0.1048348671602327 0.0000047273197023 2.0498246784142045 0.6894965266008646 0.7607406243027052
10.9295176456944567 -0.1049088101539143 0.0000046924953142 2.0519101688699513 0.6893249656372443 0.7605879957272514
