0.0000963068707287 -0.0000000000049094 0.0002351050294816 0.0000000000000026 0.9999999999445685 0.9999999999670574
0.0001327337612109 -0.0000000000093261 0.0002351050294599 0.0000000000000068 0.9999999998941621 0.9999999999374204
0.0001773893865190 -0.0000000000166574 0.0002351050294239 0.0000000000000162 0.9999999998104941 0.9999999998882263
0.0002310202922459 -0.0000000000282528 0.0002351050293669 0.0000000000000359 0.9999999996781632 0.9999999998104198
0.0002943549953693 -0.0000000000458679 0.0002351050292803 0.0000000000000742 0.9999999994771330 0.9999999996922201
0.0003680930396519 -0.0000000000717272 0.0002351050291532 0.0000000000001451 0.9999999991820169 0.9999999995187003
0.0004529025516361 -0.0000000001085876 0.0002351050289720 0.0000000000002704 0.9999999987613531 0.9999999992713621
0.0005494326691801 -0.0000000001598088 0.0002351050287202 0.0000000000004827 0.9999999981767977 0.9999999989276602
0.0006583052611804 -0.0000000002294178 0.0002351050283781 0.0000000000008302 0.9999999973823946 0.9999999984605736
0.0007801136360987 -0.0000000003221728 0.0002351050279221 0.0000000000013816 0.9999999963238423 0.9999999978381747
0.0009154545729786 -0.0000000004436568 0.0002351050273250 0.0000000000022327 0.9999999949374243 0.9999999970229999
0.0010648861712197 -0.0000000006003163 0.0002351050265549 0.0000000000035143 0.9999999931495700 0.9999999959717919
0.0012289528689475 -0.0000000007995478 0.0002351050255756 0.0000000000054017 0.9999999908758702 0.9999999946349203
0.0014081949167201 -0.0000000010497834 0.0002351050243456 0.0000000000081267 0.9999999880200945 0.9999999929558043
0.0016031360811625 -0.0000000013605516 0.0002351050228180 0.0000000000119904 0.9999999844734979 0.9999999908705051
0.0018142850742779 -0.0000000017425505 0.0002351050209403 0.0000000000173796 0.9999999801139922 0.9999999883072379
0.0020421308096103 -0.0000000022077074 0.0002351050186539 0.0000000000247841 0.9999999748054594 0.9999999851859694
0.0022871541938531 -0.0000000027692702 0.0002351050158935 0.0000000000348185 0.9999999683967078 0.9999999814178031
0.0025498218372968 -0.0000000034418675 0.0002351050125874 0.0000000000482451 0.9999999607207913 0.9999999769045792
0.0028306089908247 -0.0000000042416445 0.0002351050086561 0.0000000000660029 0.9999999515934559 0.9999999715379617
0.0031299510162607 -0.0000000051862041 0.0002351050040132 0.0000000000892351 0.9999999408138106 0.9999999651998321
0.0034483088027237 -0.0000000062948711 0.0002351049985636 0.0000000001193278 0.9999999281613148 0.9999999577605188
0.0037861135510812 -0.0000000075886028 0.0002351049922043 0.0000000001579444 0.9999999133967956 0.9999999490793948
0.0041437806502961 -0.0000000090900877 0.0002351049848238 0.0000000002070683 0.9999998962613237 0.9999999390042169
0.0045217265528691 -0.0000000108238846 0.0002351049763014 0.0000000002690520 0.9999998764746267 0.9999999273701926
0.0049203708572681 -0.0000000128165236 0.0002351049665066 0.0000000003466704 0.9999998537339334 0.9999999139993011
0.0053401284833281 -0.0000000150965594 0.0002351049552992 0.0000000004431782 0.9999998277133676 0.9999998986999359
0.0057813894780516 -0.0000000176945295 0.0002351049425290 0.0000000005623671 0.9999997980644235 0.9999998812671854
0.0062445358536307 -0.0000000206430986 0.0002351049280354 0.0000000007086368 0.9999997644143220 0.9999998614818659
0.0067299572254950 -0.0000000239772384 0.0002351049116466 0.0000000008870746 0.9999997263639532 0.9999998391093116
0.0072380289400885 -0.0000000277341702 0.0002351048931795 0.0000000011035300 0.9999996834885353 0.9999998138997624
0.0077691307645848 -0.0000000319535709 0.0002351048724392 0.0000000013647104 0.9999996353352614 0.9999997855869804
0.0083236282519415 -0.0000000366775127 0.0002351048492189 0.0000000016782676 0.9999995814239894 0.9999997538886551
0.0089018901939669 -0.0000000419506773 0.0002351048232988 0.0000000020529098 0.9999995212447960 0.9999997185049655
0.0095042754949918 -0.0000000478203255 0.0002351047944468 0.0000000024985049 0.9999994542583245 0.9999996791187844
0.0101311278255812 -0.0000000543363006 0.0002351047624178 0.0000000030261922 0.9999993798957475 0.9999996353956564
0.0107828035570439 -0.0000000615513869 0.0002351047269523 0.0000000036485322 0.9999992975546720 0.9999995869813907
0.0114596492602788 -0.0000000695211721 0.0002351046877771 0.0000000043796264 0.9999992066007136 0.9999995335029861
0.0121619828915227 -0.0000000783038625 0.0002351046446062 0.0000000052352355 0.9999991063696007 0.9999994745698683
0.0128901692256409 -0.0000000879612958 0.0002351045971354 0.0000000062330252 0.9999989961556219 0.9999994097670977
0.0136445442853430 -0.0000000985581221 0.0002351045450471 0.0000000073926493 0.9999988752209686 0.9999993386608619
0.0144254097237123 -0.0000001101617002 0.0002351044880102 0.0000000087358956 0.9999987427969217 0.9999992607991736
0.0152331013087416 -0.0000001228431485 0.0002351044256751 0.0000000102869805 0.9999985980718530 0.9999991757048163
0.0160679342799421 -0.0000001366766516 0.0002351043576770 0.0000000120726615 0.9999984401991445 0.9999990828799997
0.0169302545114336 -0.0000001517403796 0.0002351042836319 0.0000000141225558 0.9999982682866948 0.9999989818001902
0.0178203507321497 -0.0000001681150672 0.0002351042031428 0.0000000164691632 0.9999980814131341 0.9999988719236450
0.0187385318044543 -0.0000001858853704 0.0002351041157936 0.0000000191482645 0.9999978786123411 0.9999987526823078
0.0196851232297270 -0.0000002051399801 0.0002351040211483 0.0000000221991882 0.9999976588721488 0.9999986234810483
0.0206604178302148 -0.0000002259707213 0.0002351039187557 0.0000000256649203 0.9999974211446230 0.9999984837037054
0.0216647229415686 -0.0000002484735603 0.0002351038081439 0.0000000295925214 0.9999971643345669 0.9999983327063281
0.0226983331163044 -0.0000002727481177 0.0002351036888234 0.0000000340333246 0.9999968873050818 0.9999981698204450
0.0237615326597650 -0.0000002988977550 0.0002351035602859 0.0000000390432311 0.9999965888765771 0.9999979943524819
0.0248546463559566 -0.0000003270309420 0.0002351034219985 0.0000000446832838 0.9999962678111648 0.9999978055745870
0.0259779449309484 -0.0000003572589867 0.0002351032734138 0.0000000510195476 0.9999959228385673 0.9999976027398620
0.0271317074782721 -0.0000003896976021 0.0002351031139633 0.0000000581237344 0.9999955526382398 0.9999973850718524
0.0283162286454088 -0.0000004244672603 0.0002351029430546 0.0000000660736441 0.9999951558353212 0.9999971517621655
0.0295317863079864 -0.0000004616923729 0.0002351027600762 0.0000000749533536 0.9999947310099964 0.9999969019759751
0.0307786708853517 -0.0000005015022316 0.0002351025643927 0.0000000848538173 0.9999942766867570 0.9999966348457072
0.0320571574395950 -0.0000005440302381 0.0002351023553482 0.0000000958730852 0.9999937913431942 0.9999963494762094
0.0333675233870945 -0.0000005894145195 0.0002351021322640 0.0000001081168685 0.9999932734029696 0.9999960449406183
0.0347100451481330 -0.0000006377979148 0.0002351018944377 0.0000001216989775 0.9999927212359769 0.9999957202804535
0.0360849872014596 -0.0000006893276429 0.0002351016411459 0.0000001367416788 0.9999921331621230 0.9999953745078412
0.0374926290541464 -0.0000007441563793 0.0002351013716379 0.0000001533764787 0.9999915074390489 0.9999950065982940
0.0389332308648553 -0.0000008024410442 0.0002351010851426 0.0000001717442633 0.9999908422759548 0.9999946154988394
0.0404070587517513 -0.0000008643438314 0.0002351007808627 0.0000001919961134 0.9999901358218588 0.9999942001211155
0.0419143725516871 -0.0000009300318040 0.0002351004579770 0.0000002142937144 0.9999893861702142 0.9999937593440863
0.0434554424081559 -0.0000009996777000 0.0002351001156363 0.0000002388101849 0.9999885913497144 0.9999932920086338
0.0450305011729466 -0.0000010734578413 0.0002350997529741 0.0000002657299096 0.9999877493481555 0.9999927969315894
0.0466398489813307 -0.0000011515570766 0.0002350993690817 0.0000002952509288 0.9999868580560258 0.9999922728725642
0.0482837072661666 -0.0000012341619884 0.0002350989630421 0.0000003275830673 0.9999859153440350 0.9999917185795349
0.0499623469980213 -0.0000013214670860 0.0002350985338991 0.0000003629508808 0.9999849189924322 0.9999911327472834
0.0516760015541599 -0.0000014136705694 0.0002350980806784 0.0000004015926858 0.9999838667393567 0.9999905140458252
0.0534249353633933 -0.0000015109779632 0.0002350976023700 0.0000004437627185 0.9999827562393581 0.9999898610960204
0.0552094106840010 -0.0000016136005555 0.0002350970979353 0.0000004897312599 0.9999815850812223 0.9999891724800536
0.0570296530969699 -0.0000017217533919 0.0002350965663171 0.0000005397844382 0.9999803508108591 0.9999884467548913
0.0588859157989215 -0.0000018356590222 0.0002350960064217 0.0000005942266599 0.9999790508885448 0.9999876824271394
0.0607784453462070 -0.0000019555456589 0.0002350954171273 0.0000006533806013 0.9999776827099438 0.9999868779654048
0.0627074737819297 -0.0000020816466824 0.0002350947972868 0.0000007175877493 0.9999762436117478 0.9999860318036081
0.0646732708640466 -0.0000022142041618 0.0002350941457103 0.0000007872110543 0.9999747308315045 0.9999851423173648
0.0666760477030270 -0.0000023534625412 0.0002350934611963 0.0000008626325423 0.9999731415796649 0.9999842078663451
0.0687160529189616 -0.0000024996751078 0.0002350927424999 0.0000009442575659 0.9999714729657747 0.9999832267508763
0.0707935194257522 -0.0000026531004977 0.0002350919883499 0.0000010325139090 0.9999697220383457 0.9999821972353840
0.0729086792224913 -0.0000028140037606 0.0002350911974434 0.0000011278533002 0.9999678857727140 0.9999811175412530
0.0750617550547203 -0.0000029826557782 0.0002350903684489 0.0000012307520406 0.9999659610776697 0.9999799858507237
0.0772530100933535 -0.0000031593373132 0.0002350894999867 0.0000013417145397 0.9999639447492565 0.9999788002797257
0.0794826448013977 -0.0000033443308968 0.0002350885906678 0.0000014612693489 0.9999618335633522 0.9999775589323127
0.0817509105106748 -0.0000035379300122 0.0002350876390498 0.0000015899759835 0.9999596241708638 0.9999762598390368
0.0840580210096579 -0.0000037404319292 0.0002350866436717 0.0000017284214624 0.9999573131795052 0.9999749010050321
0.0864042058499998 -0.0000039521422170 0.0002350856030315 0.0000018772243813 0.9999548971022985 0.9999734803797312
0.0887896798696242 -0.0000041733721654 0.0002350845155991 0.0000020370343384 0.9999523723869975 0.9999719958741655
0.0912146997854061 -0.0000044044441568 0.0002350833797901 0.0000022085370617 0.9999497353547946 0.9999704453249229
0.0936794606432542 -0.0000046456820307 0.0002350821940128 0.0000023924486209 0.9999469823102739 0.9999688265587974
0.0961841955547145 -0.0000048974205303 0.0002350809566219 0.0000025895236248 0.9999441094336146 0.9999671373294039
0.0987291333888145 -0.0000051600014742 0.0002350796659373 0.0000028005538009 0.9999411128242772 0.9999653753428631
0.1013144828825525 -0.0000054337720924 0.0002350783202525 0.0000030263679396 0.9999379885199955 0.9999635382689664
0.1039404602245441 -0.0000057190878791 0.0002350769178203 0.0000032678355201 0.9999347324642258 0.9999616237220340
0.1066072898982155 -0.0000060163128816 0.0002350754568513 0.0000035258684780 0.9999313405028478 0.9999596292589725
0.1093151824656449 -0.0000063258173408 0.0002350739355258 0.0000038014206577 0.9999278084110974 0.9999575523951086
0.1120643538942579 -0.0000066479798780 0.0002350723519831 0.0000040954911794 0.9999241318686106 0.9999553905895125
0.1148550123587215 -0.0000069831860609 0.0002350707043281 0.0000044091247018 0.9999203064757916 0.9999531412546193
0.1176873844613675 -0.0000073318316473 0.0002350689906158 0.0000047434160582 0.9999163277167966 0.9999508017344604
0.1205616733049832 -0.0000076943176053 0.0002350672088755 0.0000050995072031 0.9999121910163725 0.9999483693380815
0.1234780882051086 -0.0000080710537332 0.0002350653570931 0.0000054785922434 0.9999078916985394 0.9999458413152448
0.1264368380231357 -0.0000084624579546 0.0002350634332147 0.0000058819185050 0.9999034249946485 0.9999432148611629
0.1294381383650928 -0.0000088689573896 0.0002350614351412 0.0000063107894295 0.9998987860311531 0.9999404871093055
0.1324821899434682 -0.0000092909855215 0.0002350593607421 0.0000067665633992 0.9998939698619485 0.9999376551504102
0.1355692113088474 -0.0000097289867475 0.0002350572078335 0.0000072506604226 0.9998889714164441 0.9999347160019455
0.1386993885429011 -0.0000101834093772 0.0002350549742122 0.0000077645563365 0.9998837855794658 0.9999316666550897
0.1418729371109485 -0.0000106547144753 0.0002350526576121 0.0000083097944933 0.9998784070903478 0.9999285040153909
0.1450900893216687 -0.0000111433745200 0.0002350502557115 0.0000088879866810 0.9998728305582515 0.9999252249117703
0.1483510127610018 -0.0000116498609812 0.0002350477661933 0.0000095008003320 0.9998670506039189 0.9999218261798704
0.1516559331439574 -0.0000121746630179 0.0002350451866536 0.0000101499826680 0.9998610616463072 0.9999183045365874
0.1550050170269091 -0.0000127182693397 0.0002350425146907 0.0000108373408434 0.9998548581095925 0.9999146567017887
0.1583984815770839 -0.0000132811856535 0.0002350397478196 0.0000115647656112 0.9998484342240682 0.9999108792812300
0.1618365248712616 -0.0000138639237201 0.0002350368835253 0.0000123342200551 0.9998417841510383 0.9999069688399910
0.1653193577534033 -0.0000144670066779 0.0002350339192371 0.0000131477486940 0.9998349019220704 0.9999029218667469
0.1688471711836383 -0.0000150909635373 0.0002350308523554 0.0000140074724616 0.9998277815018292 0.9998987348107115
0.1724201470285701 -0.0000157363308722 0.0002350276802436 0.0000149155929967 0.9998204167687762 0.9998944040702804
0.1760385024433457 -0.0000164036610059 0.0002350244001874 0.0000158744066856 0.9998128014217669 0.9998899259381007
0.1797024173045067 -0.0000170935089760 0.0002350210094596 0.0000168862887727 0.9998049291288046 0.9998852966885357
0.1834121011864960 -0.0000178064449084 0.0002350175052586 0.0000179537135862 0.9997967933858397 0.9998805124946261
0.1871677389029774 -0.0000185430439031 0.0002350138847587 0.0000190792423568 0.9997883876322002 0.9998755694959601
0.1909695224755824 -0.0000193038920974 0.0002350101450797 0.0000202655346849 0.9997797051814035 0.9998704637579796
0.1948176424679373 -0.0000200895851134 0.0002350062832949 0.0000215153489432 0.9997707392388812 0.9998651912823949
0.1987123030887150 -0.0000209007312962 0.0002350022964154 0.0000228315502809 0.9997614828650372 0.9998597479854510
0.2026536780551180 -0.0000217379426219 0.0002349981814342 0.0000242170986969 0.9997519290790069 0.9998541297589352
0.2066419418553072 -0.0000226018409901 0.0002349939352957 0.0000256750615953 0.9997420707868572 0.9998483324279458
0.2106773281666134 -0.0000234930713504 0.0002349895548312 0.0000272086394783 0.9997319006318082 0.9998423516628010
0.2147599928397333 -0.0000244122719193 0.0002349850369049 0.0000288211183443 0.9997214113341046 0.9998361831788963
0.2188901278924952 -0.0000253600990038 0.0002349803782925 0.0000305159146877 0.9997105954077578 0.9998298225701188
0.2230679447334467 -0.0000263372239140 0.0002349755756957 0.0000322965742376 0.9996994451957819 0.9998232653295556
0.2272936009315433 -0.0000273443158742 0.0002349706258268 0.0000341667438975 0.9996879530652200 0.9998165069641741
0.2315672903783034 -0.0000283820630057 0.0002349655253051 0.0000361302128521 0.9996761111677032 0.9998095428539994
0.2358891786832573 -0.0000294511571052 0.0002349602707322 0.0000381908877061 0.9996639116131665 0.9998023683542604
0.2402594837166311 -0.0000305523135660 0.0002349548585936 0.0000403528340601 0.9996513462425349 0.9997949786616958
0.2446783502721202 -0.0000316862402241 0.0002349492854122 0.0000426202193937 0.9996384069832358 0.9997873690236152
0.2491459915236809 -0.0000328536730379 0.0002349435475725 0.0000449973865056 0.9996250854420679 0.9997795344984522
0.2536625790830684 -0.0000340553482776 0.0002349376414580 0.0000474888020562 0.9996113732225602 0.9997714701423889
0.2582282664258574 -0.0000352920080299 0.0002349315634234 0.0000500990699275 0.9995972618621740 0.9997631709724096
0.2628432946003119 -0.0000365644292431 0.0002349253096523 0.0000528329968548 0.9995827425008852 0.9997546317713721
0.2675077973807126 -0.0000378733708037 0.0002349188764173 0.0000556954839558 0.9995678064850998 0.9997458474431660
0.2722219543993286 -0.0000392196150970 0.0002349122598754 0.0000586916182233 0.9995524448934294 0.9997368127337948
0.2769859645655084 -0.0000406039614358 0.0002349054561008 0.0000618266637465 0.9995366486116899 0.9997275222754647
0.2817999959294921 -0.0000420272116900 0.0002348984611552 0.0000651060333718 0.9995204084968917 0.9997179706830155
0.2866642352631776 -0.0000434901846331 0.0002348912710172 0.0000685353248811 0.9995037152135620 0.9997081524576360
0.2915788304066851 -0.0000449936987235 0.0002348838816674 0.0000721202847625 0.9994865594302246 0.9996980621024055
0.2965439873345938 -0.0000465386016343 0.0002348762889427 0.0000758668821616 0.9994689314824794 0.9996876939241105
0.3015598707396989 -0.0000481257401453 0.0002348684886848 0.0000797812418343 0.9994508217165599 0.9996770422352899
0.3066266345380316 -0.0000497559690393 0.0002348604766961 0.0000838696683461 0.9994322203878458 0.9996661012945252
0.3117444867879799 -0.0000514301723050 0.0002348522486358 0.0000881387041456 0.9994131174189490 0.9996548651641274
0.3169135851050160 -0.0000531492296251 0.0002348438001843 0.0000925950500937 0.9993935027821144 0.9996433279350347
0.3221341106227770 -0.0000549140402978 0.0002348351269258 0.0000972456300841 0.9993733662262928 0.9996314835662578
0.3274062269173945 -0.0000567255097425 0.0002348262244147 0.0001020975608349 0.9993526974311340 0.9996193259754320
0.3327300846945883 -0.0000585845507475 0.0002348170881696 0.0001071581586862 0.9993314859927721 0.9996068490304337
0.3381058864682606 -0.0000604921063207 0.0002348077135604 0.0001124350069903 0.9993097211631251 0.9995940463960037
0.3435337926196608 -0.0000624491171102 0.0002347980959691 0.0001179358726292 0.9992873922216464 0.9995809117523904
0.3490139853239305 -0.0000644565438902 0.0002347882306790 0.0001236687723713 0.9992644882187903 0.9995674386444224
0.3545466182491884 -0.0000665153494131 0.0002347781129640 0.0001296419265408 0.9992409981831016 0.9995536206032973
0.3601318538952419 -0.0000686265118848 0.0002347677380222 0.0001358638017078 0.9992169109674889 0.9995394510561247
0.3657698569202389 -0.0000707910227226 0.0002347571009871 0.0001423431097210 0.9991922152748381 0.9995249233409618
0.3714608258916276 -0.0000730098991761 0.0002347461968656 0.0001490888517280 0.9991668995140430 0.9995100306220855
0.3772049142184785 -0.0000752841538934 0.0002347350206874 0.0001561102319097 0.9991409521472693 0.9994947660942461
0.3830022559408160 -0.0000776148040875 0.0002347235674602 0.0001634166877249 0.9991143615853932 0.9994791229211279
0.3888530377494517 -0.0000800029006332 0.0002347118320266 0.0001710179866799 0.9990871158560646 0.9994630940400365
0.3947574381002273 -0.0000824495043543 0.0002346998091804 0.0001789241596767 0.9990592028742886 0.9994466723210399
0.4007156200362772 -0.0000849556828175 0.0002346874936830 0.0001871454953492 0.9990306104790294 0.9994298505884682
0.4067277243173402 -0.0000875225069795 0.0002346748802793 0.0001956925329980 0.9990013264715024 0.9994126216434076
0.4127939458015397 -0.0000901510838965 0.0002346619635371 0.0002045761773278 0.9989713382420293 0.9993949780441242
0.4189144152560404 -0.0000928425061856 0.0002346487380957 0.0002138075354667 0.9989406333466551 0.9993769124452724
0.4250893200882392 -0.0000955979043040 0.0002346351984088 0.0002233980992452 0.9989091989107581 0.9993584172469662
0.4313188228449116 -0.0000984184113036 0.0002346213389177 0.0002333596321206 0.9988770220311846 0.9993394848313318
0.4376030589465001 -0.0001013051610543 0.0002346071540604 0.0002437041661703 0.9988440897965497 0.9993201075744165
0.4439422065642730 -0.0001042593202165 0.0002345926381137 0.0002544441221032 0.9988103889225398 0.9993002776315563
0.4503364164548658 -0.0001072820563407 0.0002345777853510 0.0002655922021339 0.9987759061158703 0.9992799871514788
0.4567858643590962 -0.0001103745623293 0.0002345625899214 0.0002771614852234 0.9987406277952781 0.9992592281120838
0.4632907273773056 -0.0001135380457961 0.0002345470459022 0.0002891653960522 0.9987045402129520 0.9992379923918402
0.4698511280811377 -0.0001167737014437 0.0002345311474347 0.0003016176048778 0.9986676297696814 0.9992162719551898
0.4764672464884354 -0.0001200827656464 0.0002345148884559 0.0003145322414968 0.9986298823922490 0.9991940584861202
0.4831392271819785 -0.0001234664710948 0.0002344982629215 0.0003279237288673 0.9985912840508717 0.9991713436926010
0.4898672534657864 -0.0001269260840249 0.0002344812646231 0.0003418069355842 0.9985518203345691 0.9991481190566412
0.4966514175960835 -0.0001304628375552 0.0002344638875153 0.0003561969152104 0.9985114772116365 0.9991243762817753
0.5034919117805683 -0.0001340780301303 0.0002344461252327 0.0003711093089411 0.9984702399067605 0.9991001066321766
0.5103888937257742 -0.0001377729566694 0.0002344279714276 0.0003865600773274 0.9984280936864603 0.9990753013948325
0.5173425402984390 -0.0001415489367357 0.0002344094196320 0.0004025656227569 0.9983850235378249 0.9990499516904079
0.5243529915244349 -0.0001454072842917 0.0002343904634059 0.0004191426690101 0.9983410145135556 0.9990240486762625
0.5314203778769850 -0.0001493493217383 0.0002343710962688 0.0004363083245124 0.9982960515718796 0.9989975834521730
0.5385448876437371 -0.0001533764179536 0.0002343513115125 0.0004540802570936 0.9982501191427463 0.9989705468049246
0.5457266489664283 -0.0001574899225262 0.0002343311025242 0.0004724764150188 0.9982032018780259 0.9989429296498085
0.5529658440736879 -0.0001616912302891 0.0002343104624698 0.0004915153191095 0.9981552839155114 0.9989147225973303
0.5602625995225093 -0.0001659817184930 0.0002342893846022 0.0005112157894082 0.9981063495955638 0.9988859163749803
0.5676170808253576 -0.0001703628014785 0.0002342678619929 0.0005315971994395 0.9980563828376177 0.9988565014601405
0.5750294324306398 -0.0001748358957958 0.0002342458877035 0.0005526793255962 0.9980053675380735 0.9988264683142308
0.5824998145747543 -0.0001794024421281 0.0002342234546780 0.0005744824568233 0.9979532873203326 0.9987958072354783
0.5900283573706179 -0.0001840638773731 0.0002342005558796 0.0005970272698707 0.9979001258532747 0.9987645085463315
0.5976152223045277 -0.0001888216723278 0.0002341771841063 0.0006203350176370 0.9978458664215538 0.9987325623403984
0.6052605597855883 -0.0001936773058730 0.0002341533321170 0.0006444274146695 0.9977904922200956 0.9986999586557378
0.6129645159054287 -0.0001986322689746 0.0002341289926125 0.0006693266638173 0.9977339863085374 0.9986666874479531
0.6207272224429806 -0.0002036880580255 0.0002341041582678 0.0006950554298698 0.9976763316872443 0.9986327386348670
0.6285488569450465 -0.0002088462141899 0.0002340788215391 0.0007216370492395 0.9976175108487175 0.9985981018322821
0.6364295888182888 -0.0002141082891341 0.0002340529748322 0.0007490953685035 0.9975575061684980 0.9985627665840460
0.6443695451436688 -0.0002194758215178 0.0002340266106177 0.0007774546269779 0.9974963001733194 0.9985267225198773
0.6523688419787971 -0.0002249503568490 0.0002339997213338 0.0008067395634297 0.9974338753147645 0.9984899592220022
0.6604276331443375 -0.0002305334810753 0.0002339722992215 0.0008369756054422 0.9973702135863336 0.9984524659995340
0.6685460737969365 -0.0002362267965348 0.0002339443364422 0.0008681887543910 0.9973052967977843 0.9984142320499160
0.6767243129170986 -0.0002420319167147 0.0002339158251041 0.0009004055659674 0.9972391066349877 0.9983752464940685
0.6849625120995552 -0.0002479504796332 0.0002338867571960 0.0009336532339038 0.9971716245074616 0.9983354982864774
0.6932608132082665 -0.0002539841247911 0.0002338571247009 0.0009679594708950 0.9971028318112621 0.9982949763699260
0.7016193388184392 -0.0002601344927055 0.0002338269195981 0.0010033525108543 0.9970327099343970 0.9982536696785902
0.7100382320352477 -0.0002664032539411 0.0002337961337209 0.0010398612837869 0.9969612399259313 0.9982115669430095
0.7185176288031633 -0.0002727920890797 0.0002337647588549 0.0010775153119808 0.9968884027244799 0.9981686568245581
0.7270577087676309 -0.0002793027274597 0.0002337327865475 0.0011163449504947 0.9968141787166787 0.9981249276551981
0.7356585909534339 -0.0002859368682579 0.0002337002084962 0.0011563809300084 0.9967385486370139 0.9980803679674731
0.7443204100659990 -0.0002926962377096 0.0002336670162669 0.0011976547022720 0.9966614929155917 0.9980349661101441
0.7530433064026182 -0.0002995825818530 0.0002336332013300 0.0012401984094076 0.9965829917609835 0.9979887102968571
0.7618274443404253 -0.0003065976816852 0.0002335987549862 0.0012840449911227 0.9965030249876045 0.9979415885042778
0.7706729638912688 -0.0003137433149674 0.0002335636685534 0.0013292279594180 0.9964215724512390 0.9978935887285819
0.7795799682081482 -0.0003210212448910 0.0002335279334232 0.0013757813294690 0.9963386141783440 0.9978446990615496
0.7885486522277185 -0.0003284333253192 0.0002334915405437 0.0014237403040254 0.9962541291665811 0.9977949069835395
0.7975790980406690 -0.0003359813331386 0.0002334544812430 0.0014731402086491 0.9961680972958931 0.9977442004896092
0.8066714829871773 -0.0003436671398780 0.0002334167463864 0.0015240176105826 0.9960804973724887 0.9976925669365801
0.8158259169182238 -0.0003514925763801 0.0002333783270410 0.0015764094483049 0.9959913086714717 0.9976399939520759
0.8250425724581670 -0.0003594595428535 0.0002333392139353 0.0016303537707377 0.9959005096826574 0.9975864686951214
0.8343215853761611 -0.0003675699243755 0.0002332993978745 0.0016858891871497 0.9958080790737921 0.9975319784237368
0.8436630378524802 -0.0003758255742927 0.0002332588698215 0.0017430547512041 0.9957139958798191 0.9974765106064216
0.8530671214390552 -0.0003842284580473 0.0002332176201915 0.0018018909666299 0.9956182378639645 0.9974200519557553
0.8625339366490704 -0.0003927804765464 0.0002331756397185 0.0018624385788479 0.9955207835308356 0.9973625896150560
0.8720636562480393 -0.0004014836116575 0.0002331329187417 0.0019247396025393 0.9954216104685374 0.9973041101807367
0.8816563841857918 -0.0004103397988932 0.0002330894478302 0.0019888364326666 0.9953206967996652 0.9972446005576779
0.8913122858527508 -0.0004193510462302 0.0002330452172000 0.0020547727059103 0.9952180198275286 0.9971840471607690
0.9010314573772366 -0.0004285193132788 0.0002330002173070 0.0021225924366750 0.9951135574131535 0.9971224367267598
0.9108140667812938 -0.0004378466431199 0.0002329544382002 0.0021923409946064 0.9950072864732831 0.9970597554282681
0.9206602294601576 -0.0004473350453627 0.0002329078700956 0.0022640642554833 0.9948991843130173 0.9969959896595367
0.9305701020070359 -0.0004569865853524 0.0002328605029384 0.0023378092788135 0.9947892276096126 0.9969311254368655
0.9405437906939456 -0.0004668032957732 0.0002328123268371 0.0024136236503525 0.9946773934197889 0.9968651489925946
0.9505814308767033 -0.0004767872534665 0.0002327633316864 0.0024915560774850 0.9945636583047489 0.9967980462587662
0.9606831339075228 -0.0004869405273331 0.0002327135074230 0.0025716560004413 0.9944479989239060 0.9967298032171784
0.9708490853383549 -0.0004972652773534 0.0002326628435398 0.0026539743887567 0.9943303909071358 0.9966604052337452
0.9810793960319725 -0.0005077636049595 0.0002326113298204 0.0027385625740002 0.9942108105594643 0.9965898380641010
0.9913741788843605 -0.0005184376290684 0.0002325589559656 0.0028254728537201 0.9940892339951224 0.9965180873424936
1.0017335654853106 -0.0005292895037458 0.0002325057115075 0.0029147586512687 0.9939656369366011 0.9964451384629482
1.0121577217616626 -0.0005403214358682 0.0002324515857222 0.0030064746848754 0.9938399945137878 0.9963709764604175
1.0226467323864730 -0.0005515355628011 0.0002323965682307 0.0031006759642299 0.9937122826573260 0.9962955868329919
1.0332007837625339 -0.0005629341466310 0.0002323406480457 0.0031974194238611 0.9935824758867875 0.9962189542360661
1.0438199572407358 -0.0005745193530160 0.0002322838146566 0.0032967620782654 0.9934505498294801 0.9961410639689769
1.0545043348817220 -0.0005862933625699 0.0002322260574836 0.0033987619561484 0.9933164799521131 0.9960619012261396
1.0652540957846879 -0.0005982584786444 0.0002321673653484 0.0035034790616461 0.9931802403338393 0.9959814503722358
1.0760693696153156 -0.0006104169672531 0.0002321077272603 0.0036109740134269 0.9930418054893615 0.9958996960183464
1.0869502748421354 -0.0006227710979708 0.0002320471322149 0.0037213084021818 0.9929011499034381 0.9958166227468995
1.0978969358304107 -0.0006353231630117 0.0002319855691015 0.0038345449722121 0.9927582478139223 0.9957322149832810
1.1089094938006567 -0.0006480754903228 0.0002319230266383 0.0039507477586477 0.9926130730630226 0.9956464569076704
1.1199880657420012 -0.0006610303962746 0.0002318594936047 0.0040699816733545 0.9924655996361913 0.9955593327730757
1.1311327922761816 -0.0006741902410806 0.0002317949585698 0.0041923130246054 0.9923158010315158 0.9954708265325312
1.1423437786216857 -0.0006875573594323 0.0002317294102328 0.0043178088902013 0.9921636510496359 0.9953809223054931
1.1536211512065166 -0.0007011341269437 0.0002316628370968 0.0044465377460869 0.9920091230376893 0.9952896039308672
1.1649650200180883 -0.0007149229153958 0.0002315952276889 0.0045785690622142 0.9918521903990714 0.9951968552679109
1.1763755132669773 -0.0007289261345187 0.0002315265703550 0.0047139737142184 0.9916928261182054 0.9951026599150857
1.1878527402411925 -0.0007431461868160 0.0002314568534818 0.0048528235656665 0.9915310032750321 0.9950070015138143
1.1993968448568129 -0.0007575855337429 0.0002313860651724 0.0049951921279294 0.9913666942922352 0.9949098633031846
1.2110079622040535 -0.0007722466426304 0.0002313141935065 0.0051411540651948 0.9911998715396499 0.9948112284768512
1.2226861897056436 -0.0007871319492305 0.0002312412267244 0.0052907848269253 0.9910305077607344 0.9947110804349315
1.2344316521066119 -0.0008022439394590 0.0002311671528261 0.0054441614740493 0.9908585751427867 0.9946094022339560
1.2462444899493832 -0.0008175851359886 0.0002310919596374 0.0056013625732421 0.9906840454699646 0.9945061766769070
1.2581247989588642 -0.0008331580193779 0.0002310156351968 0.0057624674032481 0.9905068910209341 0.9944013868437950
1.2700727089197796 -0.0008489651301701 0.0002309381672548 0.0059275570136230 0.9903270834077007 0.9942950154045560
1.2820883125629472 -0.0008650089755649 0.0002308595437318 0.0060967132739604 0.9901445946376858 0.9941870452469395
1.2941718249247003 -0.0008812922428527 0.0002307797516720 0.0062700211478203 0.9899593946865084 0.9940774580400078
1.3063232123512656 -0.0008978173001359 0.0002306987796907 0.0064475634023194 0.9897714571770637 0.9939662375941516
1.3185426776019975 -0.0009145868496331 0.0002306166147726 0.0066294275735649 0.9895807519494765 0.9938533654642089
1.3308303290265022 -0.0009316034821555 0.0002305332444554 0.0068157012446277 0.9893872501287801 0.9937388239477191
1.3431862957481939 -0.0009488698328787 0.0002304486560668 0.0070064737267038 0.9891909223537150 0.9936225950364137
1.3556106887842700 -0.0009663885275591 0.0002303628369877 0.0072018354879896 0.9889917393887839 0.9935046607781112
1.3681036312418127 -0.0009841622245157 0.0002302757744473 0.0074018786322875 0.9887896716473343 0.9933850029939846
1.3806652275045515 -0.0010021935709441 0.0002301874557369 0.0076066964262064 0.9885846896887162 0.9932636035725343
1.3932955504348294 -0.0010204851830726 0.0002300978683073 0.0078163830737394 0.9883767644442046 0.9931404446031161
1.4059947432757660 -0.0010390397936369 0.0002300069990469 0.0080310354226356 0.9881658655410982 0.9930155073828529
1.4187629054837851 -0.0010578600873549 0.0002299148350873 0.0082507511053703 0.9879519631734999 0.9928887735242271
1.4316002033256254 -0.0010769488632344 0.0002298213630092 0.0084756304436290 0.9877350262580511 0.9927602238620062
1.4445066994513627 -0.0010963087821353 0.0002297265700784 0.0087057735042125 0.9875150253034215 0.9926298401530529
1.4574825720748179 -0.0011159426930430 0.0002296304426484 0.0089412839655393 0.9872919287029094 0.9924976028789398
1.4705278720967734 -0.0011358532683201 0.0002295329679465 0.0091822647941254 0.9870657068798451 0.9923634937023131
1.4836427049760739 -0.0011560432764610 0.0002294341327388 0.0094288215040349 0.9868363291886216 0.9922274936298263
1.4968272303225045 -0.0011765155850041 0.0002293339233160 0.0096810622545208 0.9866037638825594 0.9920895829922108
1.5100815082979151 -0.0011972729225233 0.0002292323266589 0.0099390949423259 0.9863679808183233 0.9919497430474417
1.5234056692715108 -0.0012183181410372 0.0002291293291538 0.0102030304403216 0.9861289484754251 0.9918079542129369
1.5367998086178971 -0.0012396540523719 0.0002290249173940 0.0104729805959846 0.9858866358157191 0.9916641971677700
1.5502640374703136 -0.0012612835076248 0.0002289190777914 0.0107490592376238 0.9856410113813812 0.9915184523171866
1.5637984609090356 -0.0012832093626884 0.0002288117967446 0.0110313817603666 0.9853920436871185 0.9913707000247430
1.5774032111825975 -0.0013054345322778 0.0002287030603756 0.0113200658436778 0.9851397006073571 0.9912209202480738
1.5910783899588523 -0.0013279618962044 0.0002285928549884 0.0116152302614486 0.9848839504411416 0.9910690931703534
1.6048241068488578 -0.0013507943614773 0.0002284811667654 0.0119169956967186 0.9846247612076054 0.9909151987816853
1.6186404156243077 -0.0013739347555166 0.0002283679822899 0.0122254833377409 0.9843621018587615 0.9907592175987696
1.6325274927833477 -0.0013973861249979 0.0002282532870846 0.0125408188779342 0.9840959388880738 0.9906011286503692
1.6464853885491004 -0.0014211513186155 0.0002281370676532 0.0128631269701890 0.9838262410670642 0.9904409122896264
1.6605142504276433 -0.0014452333635378 0.0002280193096385 0.0131925362937999 0.9835529751732932 0.9902785476562456
1.6746141586474106 -0.0014696351861891 0.0002278999991893 0.0135291758007827 0.9832761091599168 0.9901140145586800
1.6887852343048924 -0.0014943597968979 0.0002277791220570 0.0138731772474446 0.9829956100610484 0.9899472922291261
1.7030275375722552 -0.0015194101129413 0.0002276566644612 0.0142246727611072 0.9827114460001690 0.9897783605165894
1.7173412074484626 -0.0015447892029226 0.0002275326118955 0.0145837982682010 0.9824235834185415 0.9896071982388263
1.7317263605963933 -0.0015705001107619 0.0002274069499883 0.0149506910731018 0.9821319890729079 0.9894337843690336
1.7461830360075197 -0.0015965457539406 0.0002272796650001 0.0153254883841843 0.9818366311899119 0.9892580987222180
1.7607114059087290 -0.0016229293023569 0.0002271507419725 0.0157083327688406 0.9815374751705214 0.9890801193996379
1.7753115161846154 -0.0016496537108170 0.0002270201670131 0.0160993654483493 0.9812344888924540 0.9888998259421490
1.7899834999530242 -0.0016767221053953 0.0002268879254080 0.0164987319022718 0.9809276383299745 0.9887171967238463
1.8047274427262170 -0.0017041375379564 0.0002267540028215 0.0169065783173513 0.9806168903380806 0.9885322106079302
1.8195434472195586 -0.0017319031045263 0.0002266183847180 0.0173230533361879 0.9803022113113384 0.9883448461480170
1.8344315751093829 -0.0017600218360219 0.0002264810568962 0.0177483064365333 0.9799835684231774 0.9881550823253862
1.8493919776287420 -0.0017884969446654 0.0002263420042862 0.0181824916748159 0.9796609268344056 0.9879628968859061
1.8644247261799487 -0.0018173315043239 0.0002262012125107 0.0186257628767311 0.9793342533166143 0.9877682684971687
1.8795299118448492 -0.0018465286375980 0.0002260586669717 0.0190782764736853 0.9790035141329002 0.9875711754858364
1.8947076224395949 -0.0018760914723034 0.0002259143530637 0.0195401908622838 0.9786686755319647 0.9873715961312266
1.9099579950646834 -0.0019060232446481 0.0002257682556700 0.0200116680510807 0.9783297025806641 0.9871695079685795
1.9252811038347204 -0.0019363270799388 0.0002256203602343 0.0204928702453392 0.9779865616487188 0.9869648892694465
1.9406770308760253 -0.0019670061297618 0.0002254706520906 0.0209839619928881 0.9776392188557873 0.9867577181155570
1.9561458339866309 -0.0019980635072876 0.0002253191167797 0.0214851091646689 0.9772876408049346 0.9865479728356125
1.9716876330472728 -0.0020294981877919 0.0002251657398734 0.0219964817747652 0.9769317925838967 0.9863356308115191
1.9874195212081194 -0.0020615564054659 0.0002250093384514 0.0225221910852625 0.9765689312956560 0.9861190528907928
2.0031079171923434 -0.0020937655649345 0.0002248522206040 0.0230546028762695 0.9762044121503584 0.9859014335148698
2.0188698921777495 -0.0021263663897141 0.0002246932126311 0.0235977723273467 0.9758355122359603 0.9856811457581663
2.0347052520229760 -0.0021593615255017 0.0002245323024279 0.0241518677730563 0.9754622036351439 0.9854581710019586
2.0506140742504635 -0.0021927541831243 0.0002243694751540 0.0247170689071550 0.9750844520880830 0.9852324867955943
2.0665964336143663 -0.0022265475768550 0.0002242047159738 0.0252935575496056 0.9747022233507022 0.9850040706512240
2.0826523857261718 -0.0022607448890565 0.0002240380102297 0.0258815170510381 0.9743154835956207 0.9847729002827652
2.0987820340291261 -0.0022953494127582 0.0002238693427471 0.0264811347638012 0.9739241978009463 0.9845389526420196
2.1149855416907908 -0.0023303645810221 0.0002236986976925 0.0270926026440036 0.9735283294203927 0.9843022037196791
2.1312629428743630 -0.0023657935592229 0.0002235260605608 0.0277161101566981 0.9731278449941460 0.9840626313019550
2.1476142982254842 -0.0024016395769087 0.0002233514165581 0.0283518500149322 0.9727227103972761 0.9838202127271025
2.1640397639868021 -0.0024379060828593 0.0002231747498475 0.0290000210179172 0.9723128890894446 0.9835749238363733
2.1805393466348160 -0.0024745962049214 0.0002229960461806 0.0296608184492226 0.9718983482206731 0.9833267426272013
2.1971131973882994 -0.0025117133999256 0.0002228152897324 0.0303344457082465 0.9714790512884185 0.9830756448574605
2.2137613532780560 -0.0025492608789540 0.0002226324659012 0.0310211040008550 0.9710549646328168 0.9828216079329440
2.2304838851243960 -0.0025872419354013 0.0002224475597111 0.0317209982496229 0.9706260537312582 0.9825646086883384
2.2472808812057035 -0.0026256599100148 0.0002222605559832 0.0324343365125764 0.9701922835952085 0.9823046236235300
2.2641524371409356 -0.0026645181687473 0.0002220714394439 0.0331613296137353 0.9697536190220245 0.9820416290533398
2.2810986218699583 -0.0027038200240201 0.0002218801951089 0.0339021896844786 0.9693100254852154 0.9817756016404384
2.2981195443797127 -0.0027435688887854 0.0002216868075338 0.0346571330758615 0.9688614673969228 0.9815065173525891
2.3152152351169053 -0.0027837679997876 0.0002214912621614 0.0354263751283283 0.9684079112324843 0.9812343533360326
2.3323857754882833 -0.0028244207187069 0.0002212935438570 0.0362101358861674 0.9679493221332930 0.9809590858770144
2.3496312581974053 -0.0028655304412395 0.0002210936373512 0.0370086384278692 0.9674856649349517 0.9806806910170964
2.3669517709088743 -0.0029071005585123 0.0002208915274291 0.0378221081463945 0.9670169046042276 0.9803991448144285
2.3843473929354224 -0.0029491344484792 0.0002206871989719 0.0386507725892182 0.9665430063375722 0.9801144234021281
2.4018181811809556 -0.0029916354407620 0.0002204806371288 0.0394948607614261 0.9660639359588443 0.9798265032266157
2.4193641876978296 -0.0030346068577860 0.0002202718271173 0.0403546039296817 0.9655796594568461 0.9795353607691880
2.4369855579334465 -0.0030780522572354 0.0002200607530464 0.0412302405346449 0.9650901402553016 0.9792409709031578
2.4546822991271542 -0.0031219748628307 0.0002198474006825 0.0421220047796105 0.9645953456289728 0.9789433107508040
2.4724544713821288 -0.0031663780317278 0.0002196317551794 0.0430301359900828 0.9640952414378218 0.9786423565167829
2.4903022084432469 -0.0032112653111219 0.0002194138008045 0.0439548798965700 0.9635897914929810 0.9783380831039851
2.5082255152990043 -0.0032566399301092 0.0002191935234071 0.0448964782079927 0.9630789632808439 0.9780304675580005
2.5262245030342956 -0.0033025053892278 0.0002189709075561 0.0458551807531870 0.9625627213261203 0.9777194850711086
2.5442992191397593 -0.0033488650324498 0.0002187459386195 0.0468312366556650 0.9620410320128945 0.9774051118838734
2.5624497571897660 -0.0033957223257591 0.0002185186014126 0.0478249001572272 0.9615138604507516 0.9770873233965560
2.5806761624957275 -0.0034430806148876 0.0002182888813742 0.0488364255315098 0.9609811732029155 0.9767660958121442
2.5989784869298500 -0.0034909432649184 0.0002180567638901 0.0498660700193638 0.9604429367169426 0.9764414051899913
2.6173568095141486 -0.0035393137150072 0.0002178222340288 0.0509140950467646 0.9598991167117920 0.9761132270746686
2.6358112223587993 -0.0035881954431167 0.0002175852767133 0.0519807655232083 0.9593496785771694 0.9757815367351913
2.6543417669700706 -0.0036375917966209 0.0002173458775433 0.0530663461496386 0.9587945892794726 0.9754463103147712
2.6729485058027063 -0.0036875061803927 0.0002171040218840 0.0541711055078355 0.9582338152492624 0.9751075235549687
2.6916314742749181 -0.0037379419284407 0.0002168596954890 0.0552953132473107 0.9576673238257690 0.9747651526671423
2.7103907557518054 -0.0037889025057540 0.0002166128835232 0.0564392445895402 0.9570950809918003 0.9744191729626215
2.7292264090169680 -0.0038403913133101 0.0002163635715089 0.0576031760212452 0.9565170535665634 0.9740695601765308
2.7481385071963955 -0.0038924117931913 0.0002161117448172 0.0587873876583769 0.9559332080273980 0.9737162897545238
2.7671270980551523 -0.0039449673193920 0.0002158573891975 0.0599921607803370 0.9553435117376952 0.9733593375946181
2.7861922381004720 -0.0039980612907236 0.0002156004903288 0.0612177799408056 0.9547479319062111 0.9729986794167520
2.8053339918597930 -0.0040516971293408 0.0002153410338280 0.0624645329662831 0.9541464356063226 0.9726342907730674
2.8245523709026901 -0.0041058781088043 0.0002150790060821 0.0637327069496876 0.9535389917061907 0.9722661482165476
2.8438474570115244 -0.0041606076997547 0.0002148143925775 0.0650225963178048 0.9529255669950256 0.9718942269529033
2.8632193246969062 -0.0042158893539839 0.0002145471789455 0.0663344978622538 0.9523061286078293 0.9715185023077739
2.8826680009938301 -0.0042717263878484 0.0002142773515270 0.0676687079420443 0.9516806453334608 0.9711389505198220
2.9021936092831702 -0.0043281223946171 0.0002140048953803 0.0690255323397931 0.9510490829979598 0.9707555459383466
2.9217960890108587 -0.0043850804358026 0.0002137297981897 0.0704052668468914 0.9504114135237596 0.9703682665213040
2.9414755594752324 -0.0044426040915212 0.0002134520451917 0.0718082225409533 0.9497676031695786 0.9699770866950645
2.9612320403360908 -0.0045006966516744 0.0002131716230834 0.0732347062997414 0.9491176215900619 0.9695819828538828
2.9810655995438391 -0.0045593615459310 0.0002128885179472 0.0746850312382468 0.9484614370249067 0.9691829304368095
3.0009762276191294 -0.0046186019725901 0.0002126027170427 0.0761595075690312 0.9477990204534036 0.9687799064527058
3.0123253333651943 -0.0046525246689274 0.0002124390966621 0.0770083009415543 0.9474197958257879 0.9685490983694566
3.0211995159310692 -0.0046791267673882 0.0002123107976773 0.0776762290101143 0.9471224391340597 0.9683680757726552
3.0300736984969441 -0.0047057902586505 0.0002121821846070 0.0783478812809640 0.9468243549634979 0.9681865733015549
3.0501989421946138 -0.0047665131364096 0.0002118893448794 0.0798849275196777 0.9461456579702527 0.9677731785213054
3.0703764920272256 -0.0048277474617943 0.0002115941248109 0.0814453414090137 0.9454614615676329 0.9673562391230528
3.0906314456769852 -0.0048895719431384 0.0002112961476627 0.0830313513372625 0.9447708931482374 0.9669352179629411
3.1109637495615012 -0.0049519896112194 0.0002109954017727 0.0846432792235099 0.9440739262429388 0.9665100930619045
3.1313734568605036 -0.0050150038170523 0.0002106918740025 0.0862814580369884 0.9433705309719862 0.9660808402589194
3.1518605578891976 -0.0050786177128893 0.0002103855522393 0.0879462184567786 0.9426606798444330 0.9656474367463455
3.1724251400173058 -0.0051428347472814 0.0002100764230132 0.0896379017950935 0.9419443422361058 0.9652098576981031
3.1930672246828542 -0.0052076581601816 0.0002097644739299 0.0913568468332683 0.9412214900276713 0.9647680797101386
3.2137868460508514 -0.0052730912260446 0.0002094496925015 0.0931033961611058 0.9404920948945056 0.9643220791452217
3.2345841066252512 -0.0053391374318688 0.0002091320652915 0.0948779010167545 0.9397561263270795 0.9638718309198059
3.2554588641794275 -0.0054057994805335 0.0002088115827091 0.0966806944433078 0.9390135627386706 0.9634173152997945
3.2764113271562509 -0.0054730811861304 0.0002084882298966 0.0985121423657062 0.9382643703519419 0.9629585049798358
3.2974414373437826 -0.0055409855061291 0.0002081619961926 0.1003725904953235 0.9375085251251278 0.9624953785007255
3.3185492525345524 -0.0056095157633054 0.0002078328692585 0.1022623973841414 0.9367459991442288 0.9620279119190513
3.3397347729783502 -0.0056786750877934 0.0002075008377620 0.1041819192238022 0.9359767668388874 0.9615560826131340
3.3609980685082546 -0.0057484668301902 0.0002071658893936 0.1061315212592778 0.9352008003897968 0.9610798664661017
3.3823391484083301 -0.0058188941369799 0.0002068280129077 0.1081115660211206 0.9344180744549713 0.9605992407635472
3.4037580313763605 -0.0058899601777293 0.0002064871970321 0.1101224195994315 0.9336285636455192 0.9601141826448817
3.4252547664647626 -0.0059616682158059 0.0002061434301313 0.1121644536931901 0.9328322417447837 0.9596246686215901
3.4468293621374726 -0.0060340213723800 0.0002057967013394 0.1142380389188600 0.9320290843335004 0.9591306761893453
3.4684818226814573 -0.0061070227457311 0.0002054469999891 0.1163435481405281 0.9312190674669519 0.9586321830152297
3.4902122064129801 -0.0061806756085242 0.0002050943146687 0.1184813622002884 0.9304021654908059 0.9581291655917080
3.5120205082068012 -0.0062549830111875 0.0002047386351233 0.1206518584641732 0.9295783554454869 0.9576216019464141
3.5339067132534732 -0.0063299479606985 0.0002043799513992 0.1228554158960314 0.9287476150841700 0.9571094704231473
3.5558708871510829 -0.0064055737305766 0.0002040182523630 0.1250924242215298 0.9279099194428321 0.9565927475652545
3.5779130423913124 -0.0064818634046558 0.0002036535278862 0.1273632705594910 0.9270652459011898 0.9560714112336310
3.6000331811851631 -0.0065588200215637 0.0002032857681551 0.1296683435924383 0.9262135725837308 0.9555454396216102
3.6222312827771641 -0.0066364465291917 0.0002029149638896 0.1320080321529697 0.9253548788664192 0.9550148115679487
3.6445074161578206 -0.0067147461796944 0.0002025411044580 0.1343827371599790 0.9244891410123206 0.9544795038581501
3.6668615419897086 -0.0067937218358718 0.0002021641811923 0.1367928506773935 0.9236163398476577 0.9539394959676032
3.6892937177647487 -0.0068733766916531 0.0002017841839489 0.1392387777422611 0.9227364527993824 0.9533947651376597
3.7118039458525578 -0.0069537137370238 0.0002014011036654 0.1417209200997836 0.9218494598147730 0.9528452900356368
3.7343921988638127 -0.0070347358441625 0.0002010149319497 0.1442396786990006 0.9209553424102863 0.9522910501682716
3.7570584684555599 -0.0071164459410348 0.0002006256602535 0.1467954590291111 0.9200540817587091 0.9517320246963155
3.7798027675904478 -0.0071988470212133 0.0002002332798286 0.1493886714847744 0.9191456585871374 0.9511681923688701
3.8026251732050138 -0.0072819170214500 0.0001998377851775 0.1520197364350133 0.9182300512098009 0.9505995303729378
3.8236736452513194 -0.0073588773585760 0.0001994714701541 0.1544720982430101 0.9173820228873191 0.9500725074603283
3.8466499742211790 -0.0074432830086208 0.0001990699001520 0.1571774498560071 0.9164524136326297 0.9494944161878738
3.8697005065283165 -0.0075283757289486 0.0001986652563057 0.1599214133851854 0.9155157260478379 0.9489115326540537
3.8928291172085587 -0.0076141725865008 0.0001982574633473 0.1627048638970387 0.9145717869467794 0.9483237392467762
3.9160357131537520 -0.0077006760878818 0.0001978465154165 0.1655282137332971 0.9136205838398441 0.9477310181177289
3.9393203450857532 -0.0077878892609563 0.0001974324042996 0.1683918949418658 0.9126620988085803 0.9471333478962458
3.9626829900773002 -0.0078758148472864 0.0001970151232689 0.1712963330330756 0.9116963173943791 0.9465307092242963
3.9861236729906797 -0.0079644557557689 0.0001965946649305 0.1742419618149156 0.9107232236164309 0.9459230816502345
4.0096423491025375 -0.0080538146198686 0.0001961710233271 0.1772292087111428 0.9097428048387373 0.9453104466660386
4.0332390264358065 -0.0081438942594195 0.0001957441917488 0.1802585100601154 0.9087550467044465 0.9446927845442233
4.0569136396281040 -0.0082346972004319 0.0001953141650116 0.1833302950043704 0.9077599384080468 0.9440700776326189
4.0806662245500291 -0.0083262263429189 0.0001948809362955 0.1864450079846288 0.9067574653791104 0.9434423057774185
4.1044967533868242 -0.0084184843300308 0.0001944445001350 0.1896030874518123 0.9057476162033368 0.9428094506517225
4.1284052195016212 -0.0085114738731490 0.0001940048508816 0.1928049768296889 0.9047303790644989 0.9421714935287887
4.1523915419450637 -0.0086051973798118 0.0001935619844649 0.1960511116529065 0.9037057458187936 0.9415284178374292
4.1764557603313728 -0.0086996577137474 0.0001931158948021 0.1993419458067520 0.9026737036888622 0.9408802039500856
4.2005978042182273 -0.0087948572942409 0.0001926665780564 0.2026779203314884 0.9016342451158643 0.9402268353651074
4.2248176644687803 -0.0088907987666179 0.0001922140294713 0.2060594866612578 0.9005873604360304 0.9395682941089278
4.2491153370086510 -0.0089874847834698 0.0001917582444073 0.2094870990673836 0.8995330402793041 0.9389045622398567
4.2734907284824564 -0.0090849176271891 0.0001912992201224 0.2129612011583951 0.8984712796875652 0.9382356244426122
4.2979438901379767 -0.0091831001431738 0.0001908369513763 0.2164822590510437 0.8974020679478427 0.9375614616245725
4.3224747048155558 -0.0092820344876547 0.0001903714363313 0.2200507166455852 0.8963254022413347 0.9368820595159528
4.3470831779273382 -0.0093817232940164 0.0001899026710623 0.2236670373309455 0.8952412749442570 0.9361974006648012
4.3717692693465242 -0.0094821689983222 0.0001894306527340 0.2273316797882559 0.8941496809791736 0.9355074690713087
4.3965329549417245 -0.0095833740873417 0.0001889553784372 0.2310451068984449 0.8930506151210743 0.9348122484877975
4.4110075622867750 -0.0096427345507424 0.0001886767594990 0.2332329708272374 0.8924063394568844 0.9344044432746607
4.4194342975947523 -0.0096773621908531 0.0001885142787701 0.2345125880781310 0.8920306299280975 0.9341665410397015
4.4278610329027295 -0.0097120219003775 0.0001883515987471 0.2357965532209099 0.8916544587559225 0.9339282796975480
4.4357249277905542 -0.0097444085360850 0.0001881996029258 0.2369986854480963 0.8913029976362484 0.9337056088262816
4.4607241848081012 -0.0098476589148262 0.0001877152458283 0.2408454736848732 0.8901830547808040 0.9329956698453525
4.4857654509748857 -0.0099515292313017 0.0001872283107533 0.2447372829893812 0.8890572124488564 0.9322813905314677
4.5108841642461233 -0.0100561680212014 0.0001867381100478 0.2486800139497272 0.8879238821904388 0.9315617507294804
4.5360801855507482 -0.0101615771777867 0.0001862446443730 0.2526741209939116 0.8867830671612664 0.9308367386445201
4.5613535024091769 -0.0102677591058480 0.0001857479121702 0.2567200798979551 0.8856347654109581 0.9301063390842476
4.5867040128343746 -0.0103747158194439 0.0001852479138881 0.2608183536408166 0.8844789796567680 0.9293705396680290
4.6121316769070937 -0.0104824495776596 0.0001847446490105 0.2649694165300627 0.8833157104116239 0.9286293264575949
4.6376364610960996 -0.0105909626528981 0.0001842381171438 0.2691737454385620 0.8821449584999542 0.9278826855543575
4.6632182346739324 -0.0107002568881583 0.0001837283200847 0.2734318024997932 0.8809667298356699 0.9271306061497637
4.6888770025746869 -0.0108103346896499 0.0001832152571903 0.2777440736135431 0.8797810247222729 0.9263730736990864
4.7146126733200511 -0.0109211980372348 0.0001826989299979 0.2821110299409170 0.8785878485302274 0.9256100767345055
4.7404251563861850 -0.0110328488981208 0.0001821793402956 0.2865331438474680 0.8773872072377549 0.9248416040226999
4.7663144182949280 -0.0111452894712788 0.0001816564889885 0.2910108986211137 0.8761791048118338 0.9240676428864144
4.7922803906873002 -0.0112585217910306 0.0001811303779472 0.2955447727791294 0.8749635474792881 0.9232881819368917
4.8183229774242404 -0.0113725477553638 0.0001806010098759 0.3001352410025440 0.8737405434223552 0.9225032108834537
4.8444420852966461 -0.0114873692590124 0.0001800683876953 0.3047827793573902 0.8725101013534590 0.9217127196217338
4.8706376374502414 -0.0116029882533554 0.0001795325142683 0.3094878677025856 0.8712722298806985 0.9209166978255053
4.8969095393818964 -0.0117194065971560 0.0001789933930943 0.3142509835951613 0.8700269391131976 0.9201151359785958
4.9232577362072574 -0.0118366263105788 0.0001784510271355 0.3190726126304497 0.8687742379499497 0.9193080236303309
4.9496821194238132 -0.0119546491617154 0.0001779054207337 0.3239532314398170 0.8675141385071808 0.9184953522468725
4.9612563972671513 -0.0120064908970429 0.0001776659138131 0.3261052510680379 0.8669610152966319 0.9181383768835414
4.9665690188279976 -0.0120303160883543 0.0001775558734421 0.3270959407413188 0.8667068909737752 0.9179743182513135
4.9718816403888439 -0.0120541446588474 0.0001774457691627 0.3280884609755702 0.8664526162945579 0.9178101301289938
4.9773728414726310 -0.0120787894892529 0.0001773318947278 0.3291162687826187 0.8661896367797219 0.9176402869761481
5.0040008475542193 -0.0121985783954197 0.0001767786914548 0.3341281071126229 0.8649121332020143 0.9168147256659150
5.0306573806200010 -0.0123189607403687 0.0001762232444165 0.3391915259569013 0.8636295384149673 0.9159850444948550
5.0573898195969669 -0.0124401514117155 0.0001756645739990 0.3443159017986203 0.8623395923285355 0.9151497666715902
5.0841980066857086 -0.0125621518449650 0.0001751026869973 0.3495017050288203 0.8610423128629602 0.9143088866473695
5.1110817551365146 -0.0126849633255647 0.0001745375911179 0.3547494003870284 0.8597377200739874 0.9134624001147675
5.1380410118794115 -0.0128085877339546 0.0001739692915544 0.3600594788339285 0.8584258282488385 0.9126102988770637
5.1650756609207988 -0.0129330266509068 0.0001733977951105 0.3654324194423288 0.8571066554246120 0.9117525770195206
5.1921855901448666 -0.0130582816616953 0.0001728231088008 0.3708687022505876 0.8557802201592764 0.9108892288178430
5.2193706569885236 -0.0131843541973729 0.0001722452405815 0.3763688012772389 0.8544465432168513 0.9100202498371778
5.2466307375468979 -0.0133112457615763 0.0001716641983110 0.3819331942693719 0.8531056451699196 0.9091456353737969
5.2739657436639789 -0.0134389580125839 0.0001710799893793 0.3875623663596066 0.8517575455446847 0.9082653798946010
5.3013755563441753 -0.0135674924540248 0.0001704926221274 0.3932567964514678 0.8504022660960812 0.9073794791740848
5.3288600199054130 -0.0136968504051188 0.0001699021059816 0.3990169556631739 0.8490398311187484 0.9064879305045056
5.3564189864651226 -0.0138270332085279 0.0001693084505049 0.4048433163902449 0.8476702652571906 0.9055907312683998
5.3840523695906013 -0.0139580424863426 0.0001687116642346 0.4107363638195320 0.8462935908252036 0.9046878771797322
5.4117599311667863 -0.0140898791299222 0.0001681117592860 0.4166965504062559 0.8449098384258857 0.9037793692506757
5.4395416089718509 -0.0142225448544829 0.0001675087442746 0.4227243657962628 0.8435190306249701 0.9028652030835385
5.4528430211762124 -0.0142862313867107 0.0001672195026542 0.4256287326983048 0.8428519594075142 0.9024263767606462
5.4585619023949086 -0.0143136288697475 0.0001670950433850 0.4268811075548737 0.8425649228970521 0.9022374795319313
5.4638266309118819 -0.0143388608435055 0.0001669804138698 0.4280359720542063 0.8423005577698891 0.9020634632779387
5.4917763747360269 -0.0144730970374797 0.0001663709796275 0.4341982323135665 0.8408951181976942 0.9011377148407275
5.5197709953141816 -0.0146080248647316 0.0001657590944661 0.4404231500869064 0.8394841498371245 0.9002072567876327
5.5478391884533158 -0.0147437838373091 0.0001651441418536 0.4467175269969351 0.8380662336323870 0.8992711351578945
5.5759807624199000 -0.0148803749609470 0.0001645261346868 0.4530818217541631 0.8366414021770736 0.8983293515077645
5.6041955263344292 -0.0150177992342331 0.0001639050861548 0.4595164921790093 0.8352096887749384 0.8973819077398922
5.6324833000796986 -0.0151560576978043 0.0001632810095191 0.4660219974458538 0.8337711269336806 0.8964288057696765
5.6608439434383255 -0.0152951515790298 0.0001626539174651 0.4725988049195975 0.8323257488710801 0.8954700465337324
5.6892772550407331 -0.0154350817978462 0.0001620238243337 0.4792473667635861 0.8308735906585138 0.8945056334018863
5.7177830496016897 -0.0155758493443020 0.0001613907444182 0.4859681375825174 0.8294146882954043 0.8935355695799780
5.7463611073288616 -0.0157174550294632 0.0001607546930865 0.4927615624508476 0.8279490802959809 0.8925598598320162
5.7750113276736741 -0.0158599002489006 0.0001601156833558 0.4996281135233924 0.8264767997962660 0.8915785052253964
5.8037334841222972 -0.0160031857680629 0.0001594737313498 0.5065682316622752 0.8249978871292922 0.8905915115056983
5.8325273237349959 -0.0161473122114581 0.0001588288540953 0.5135823494956930 0.8235123847468285 0.8895988857302627
5.8613926681107529 -0.0162922805690603 0.0001581810672586 0.5206709159965669 0.8220203320055758 0.8886006327861327
5.8903293545756013 -0.0164380919064289 0.0001575303864516 0.5278343825495988 0.8205217681761089 0.8875967573934976
5.9045150859794635 -0.0165097068237319 0.0001572109425371 0.5313671591701128 0.8197861046357023 0.8871034769545540
5.9187008173833258 -0.0165814050178713 0.0001568912010840 0.5349137662567781 0.8190497795692383 0.8866094450853095
5.9478051416281525 -0.0167288655471798 0.0001562342608414 0.5422335320881102 0.8175370457916757 0.8855935176078381
5.9769541128304207 -0.0168770361591046 0.0001555750657962 0.5496229711122730 0.8160192811651331 0.8845728957455866
6.0061735855179599 -0.0170260494626036 0.0001549130460552 0.5570890449298838 0.8144951767795471 0.8835466789980907
6.0354632665467989 -0.0171759057956413 0.0001542482216744 0.5646321624544191 0.8129647823092370 0.8825148786067197
6.0648229513252456 -0.0173266059443687 0.0001535806110039 0.5722527529434664 0.8114281435406694 0.8814775031108443
6.0942523643011661 -0.0174781503285226 0.0001529102343048 0.5799512249538945 0.8098853106985261 0.8804345639624744
6.1237512329231603 -0.0176305393790547 0.0001522371120717 0.5877279851413836 0.8083363345847818 0.8793860729309408
6.1533193502216372 -0.0177837738640320 0.0001515612635983 0.5955834549270749 0.8067812632783123 0.8783320398670598
6.1829564309048086 -0.0179378541455342 0.0001508827102603 0.6035180324430450 0.8052201496888931 0.8772724778212133
6.2126622520460719 -0.0180927809089242 0.0001502014722987 0.6115321297762555 0.8036530441563160 0.8762073980322325
6.2424364917892197 -0.0182485543236269 0.0001495175725139 0.6196261295455104 0.8020800029481678 0.8751368157029861
6.2722788857365348 -0.0184051748578914 0.0001488310326803 0.6278004268261784 0.8005010800120385 0.8740607444034456
6.2932854723730633 -0.0185157165239220 0.0001483471325908 0.6335915675856180 0.7993883091530818 0.8733014682360082
6.3142920590095919 -0.0186264263138680 0.0001478627326521 0.6394133848570098 0.7982744527574410 0.8725407059220137
6.3405901803894933 -0.0187652950135769 0.0001472556138063 0.6467449721566976 0.7968785162657115 0.8715862261021941
6.3706620501194742 -0.0189245507545469 0.0001465604235986 0.6551876119014650 0.7952802664118847 0.8704919626749430
6.4007944314759895 -0.0190846173639361 0.0001458628399564 0.6637103907502688 0.7936767168874500 0.8693925075629171
6.4309934298622249 -0.0192455289559601 0.0001451627389982 0.6723154685555083 0.7920675869384571 0.8682876450989359
6.4612587639893038 -0.0194072858788809 0.0001444601446531 0.6810032154674595 0.7904529356921821 0.8671773921186392
6.4915900258554720 -0.0195698878064623 0.0001437550840680 0.6897739614847038 0.7888328297089878 0.8660617705439180
6.5219869402712929 -0.0197333351261928 0.0001430475815777 0.6986280709332950 0.7872073291276448 0.8649407978596850
6.5524491839080037 -0.0198976279735807 0.0001423376629018 0.7075658905399339 0.7855764973090327 0.8638144937475573
6.5829763851128078 -0.0200627662281661 0.0001416253551526 0.7165877488182283 0.7839404008524975 0.8626828801144352
6.6135681895162932 -0.0202287498670290 0.0001409106853041 0.7256939751041181 0.7822991060791681 0.8615459786724570
6.6442242465726231 -0.0203955788937626 0.0001401936805010 0.7348848956417631 0.7806526797410808 0.8604038114310945
6.6749441642462761 -0.0205632530920197 0.0001394743691157 0.7441608198459054 0.7790011914480994 0.8592564023880708
6.6820224261499730 -0.0206019324477653 0.0001393085225571 0.7463074579936213 0.7786204415909812 0.8589916213647913
6.6885242367877300 -0.0206374644170704 0.0001391561496453 0.7482823594763972 0.7782706263693681 0.8587482714577362
6.7193701515169764 -0.0208063359530773 0.0001384327900355 0.7576919468160392 0.7766100942987233 0.8575920482616836
6.7502462794326075 -0.0209758693772081 0.0001377079601459 0.7671773449983064 0.7749464290807571 0.8564318651088578
6.7811850370894762 -0.0211462438092329 0.0001369809202293 0.7767488209367942 0.7732779370188283 0.8552665192127036
6.8121860031848840 -0.0213174588626815 0.0001362517004408 0.7864066545949273 0.7716046919560737 0.8540960376170360
6.8432487033939520 -0.0214895138644596 0.0001355203324235 0.7961511041273741 0.7699267711858455 0.8529204498245010
6.8743727578073157 -0.0216624086717408 0.0001347868458332 0.8059824519911676 0.7682442474778034 0.8517397822176609
6.9055578111116560 -0.0218361432909650 0.0001340512699704 0.8159009836467139 0.7665571928256060 0.8505540606720707
6.9368032493180385 -0.0220107162958033 0.0001333136404639 0.8259068967627441 0.7648656937718120 0.8493633213504034
6.9681087501448395 -0.0221861278956558 0.0001325739862814 0.8360004764055950 0.7631698216177550 0.8481675897652128
6.9994738472443077 -0.0223623775077908 0.0001318323400046 0.8461819562538021 0.7614696559883702 0.8469668973504222
7.0101780490507020 -0.0224226428682136 0.0001315791034949 0.8496723994708204 0.7608891945752000 0.8465565182618841
7.0208822508570963 -0.0224829668686013 0.0001313258028041 0.8531708483027343 0.7603086184793847 0.8461458307690902
7.0275769463170157 -0.0225207249121530 0.0001311673495630 0.8553629411764896 0.7599454533652295 0.8458888195311978
7.0321077122104940 -0.0225462706121493 0.0001310601033007 0.8568482594248560 0.7596996492603670 0.8457148141007000
7.0366384781039724 -0.0225718143136574 0.0001309528482676 0.8583350117364357 0.7594538252038836 0.8455407537963442
7.0681657431992759 -0.0227498479583836 0.0001302062134517 0.8687202596162810 0.7577427311741151 0.8443280455807899
7.0997194742110716 -0.0229285351144756 0.0001294584405496 0.8791837323455763 0.7560293145881970 0.8431116927376573
7.1313308259259243 -0.0231080535174895 0.0001287088143996 0.8897360204316768 0.7543119414067249 0.8418905135464815
7.1629992914179832 -0.0232884023746319 0.0001279573695848 0.9003773133935002 0.7525906959856212 0.8406645432840089
7.1947243371979841 -0.0234695807538471 0.0001272041415041 0.9111077854195299 0.7508656645800005 0.8394338186973991
7.2265054534911064 -0.0236515878709380 0.0001264491651726 0.9219276122124356 0.7491369325970954 0.8381983760538477
7.2583420716792357 -0.0238344226175798 0.0001256924771771 0.9328369428377834 0.7474045890722080 0.8369582543455547
7.2902335790630541 -0.0240180836426284 0.0001249341153217 0.9438359041469634 0.7456687258551559 0.8357134947312387
7.3221795255495090 -0.0242025705447308 0.0001241741137053 0.9549246722289875 0.7439294263430348 0.8344641324566802
7.3541792737599803 -0.0243878818572011 0.0001234125110362 0.9661033515711780 0.7421867845102328 0.8332102105109386
7.3582139670557973 -0.0244112833448542 0.0001233164626995 0.9675178766375100 0.7419670369878005 0.8330519366389302
7.3622486603516144 -0.0244346641874656 0.0001232204152780 0.9689335344522900 0.7417472833870447 0.8328936242287022
7.3668601139403433 -0.0244613939562071 0.0001231106328492 0.9705529479724131 0.7414961092911838 0.8327126338781814
7.3989360416338430 -0.0246476112571003 0.0001223468577544 0.9818580466744999 0.7397488354994832 0.8314523336881872
7.4310649403724511 -0.0248346491682795 0.0001215815580606 0.9932535329611488 0.7379984048569717 0.8301875481939337
7.4632456602687274 -0.0250225032606089 0.0001208147851603 1.0047393063239480 0.7362449404152533 0.8289183419583596
7.4954776253398245 -0.0252111724488472 0.0001200465769090 1.0163154606823297 0.7344885342789311 0.8276447574277360
7.5277601457159884 -0.0254006549958506 0.0001192769739962 1.0279820414460967 0.7327292850551894 0.8263668419659026
7.5600926057369184 -0.0255909496127838 0.0001185060154565 1.0397391128279638 0.7309672875868134 0.8250846404228156
7.5924743569111204 -0.0257820548332665 0.0001177337412124 1.0515867193727628 0.7292026387673920 0.8237981993577340
7.6249046999919097 -0.0259739689052705 0.0001169601924957 1.0635248789539624 0.7274354385001078 0.8225075677581086
7.6573829314403952 -0.0261666900638345 0.0001161854107324 1.0755535994484067 0.7256657871468575 0.8212127951962789
7.6642558313932740 -0.0262075400615288 0.0001160214455598 1.0781084152246974 0.7252913274744391 0.8209385173828733
7.6685570634395637 -0.0262331169509237 0.0001159188306760 1.0797089437387069 0.7250569865505486 0.8207668173893885
7.6728582954858533 -0.0262586692289410 0.0001158162214175 1.0813107509178772 0.7248226490846132 0.8205950788886472
7.6780908819544722 -0.0262897643768309 0.0001156913931473 1.0832611243643082 0.7245375758309232 0.8203861016569499
7.7106888200824955 -0.0264837848858045 0.0001149137133857 1.0954541449817741 0.7227617874736139 0.8190829427565690
7.7432929985246357 -0.0266783669607122 0.0001141358592033 1.1077228807782202 0.7209859782504839 0.8177773617115768
7.7759425829545288 -0.0268737458382978 0.0001133569211712 1.1200821772367051 0.7192080770994677 0.8164678170230902
7.8086367701111401 -0.0270699191935302 0.0001125769434175 1.1325319653047143 0.7174281905890584 0.8151543640830956
7.8413748102410130 -0.0272668850337444 0.0001117959688405 1.1450721870862055 0.7156464224885546 0.8138370565269166
7.8741558907313252 -0.0274646410006001 0.0001110140418759 1.1577027514724627 0.7138628800822834 0.8125159509011324
7.9069793076169459 -0.0276631854043440 0.0001102312043977 1.1704236000929202 0.7120776648172154 0.8111910997469000
7.9398441607699297 -0.0278625153819690 0.0001094475029799 1.1832345893780583 0.7102908888623294 0.8098625638890133
7.9505682880683395 -0.0279276746569196 0.0001091918044898 1.1874309697452015 0.7097080063728406 0.8094286191851443
7.9612924153667493 -0.0279928910116857 0.0001089361227166 1.1916352318434824 0.7091252062580019 0.8089944646482685
7.9671888227695806 -0.0280287275115918 0.0001087955586130 1.1939502029014015 0.7088048021565496 0.8087556660213945
7.9725614620902157 -0.0280613904711723 0.0001086674863434 1.1960616124057912 0.7085128813264385 0.8085380246135955
8.0055975470179508 -0.0282625461899583 0.0001078800820657 1.2090879951162588 0.7067183608903864 0.8071986173069120
8.0385850196259430 -0.0284639434119391 0.0001070940353521 1.2221696990808981 0.7049273585987915 0.8058592452478467
8.0716107725083770 -0.0286661131512418 0.0001063073000227 1.2353410609278483 0.7031352165840719 0.8045164138274392
8.1046738328745356 -0.0288690521294803 0.0001055199243568 1.2486018594641410 0.7013420508696159 0.8031701885951483
8.1377733156018071 -0.0290727576121372 0.0001047319545112 1.2619518980538253 0.6995479726344583 0.8018206318793890
8.1709082869059664 -0.0292772265736567 0.0001039434377580 1.2753909501733374 0.6977530955875779 0.8004678083226032
8.2040778235661218 -0.0294824560606234 0.0001031544210652 1.2889187831002089 0.6959575327323864 0.7991117824614650
8.2372809943265217 -0.0296884430773170 0.0001023649515297 1.3025351504026446 0.6941613973520475 0.7977526194753756
8.2430867790145470 -0.0297244875113887 0.0001022269513233 1.3049237398740041 0.6938474635913275 0.7975147825423549
8.2488925637025723 -0.0297605268208353 0.0001020889669816 1.3073146144502388 0.6935335694772050 0.7972768927855420
8.2821410826099449 -0.0299672388610637 0.0001012989864535 1.3210506425713331 0.6917367528281021 0.7959135387110140
8.3154233697312510 -0.0301747115580346 0.0001005086079182 1.3348755583618164 0.6899395001136732 0.7945471029989094
8.3487360974901357 -0.0303829270399392 0.0000997179351493 1.3487880925668507 0.6881420534656661 0.7931777500248146
8.3820782768212627 -0.0305918819590407 0.0000989270162394 1.3627879285150573 0.6863445283287714 0.7918055486145488
8.4154488871783535 -0.0308015727739735 0.0000981358999127 1.3768747253448064 0.6845470415582052 0.7904305691609788
8.4488469370503072 -0.0310119961288663 0.0000973446340810 1.3910481434332194 0.6827497081342944 0.7890528811223811
8.4822713640983327 -0.0312231482240099 0.0000965532681997 1.4053078020415639 0.6809526465137365 0.7876725571305049
8.4931422977631179 -0.0312919447102104 0.0000962960019918 1.4099617627398104 0.6803685458073225 0.7872232933952531
8.4983546486967665 -0.0313249521600072 0.0000961726698303 1.4121960362312020 0.6800885497746655 0.7870078257037114
8.5023802846130891 -0.0313504540890842 0.0000960774264523 1.4139228712872487 0.6798723310161169 0.7868413893531754
8.5058566164110303 -0.0313724607685114 0.0000959951902246 1.4154149512489307 0.6796856358478488 0.7866976460189317
8.5090280811775205 -0.0313925337310334 0.0000959201731079 1.4167768854996674 0.6795153300584738 0.7865664945547168
8.5407427288424227 -0.0315935417185927 0.0000951702852435 1.4304332860163418 0.6778131666969248 0.7852542450162644
8.5742400914986323 -0.0318063993139435 0.0000943788197247 1.4449304161801133 0.6760171264082165 0.7838668031290458
8.6077579527228529 -0.0320199552141148 0.0000935874826330 1.4595114574326011 0.6742218967918884 0.7824770743680977
8.6412970869463557 -0.0322342172559744 0.0000927962792325 1.4741767675499642 0.6724274958117669 0.7810850564177075
8.6748563265911738 -0.0324491809441120 0.0000920052604918 1.4889258538611521 0.6706340451125279 0.7796908275654888
8.7084345359915236 -0.0326648419796569 0.0000912144764204 1.5037582257285482 0.6688416641140155 0.7782944649669983
8.7420305158287999 -0.0328811956463211 0.0000904239783105 1.5186733524257006 0.6670504750902490 0.7768960486062534
8.7475525575246937 -0.0329168123807495 0.0000902941161163 1.5211320553310719 0.6667562729044647 0.7766660726806838
8.7530745992205876 -0.0329524448144237 0.0000901642736429 1.5235927784841827 0.6664621302753510 0.7764360622392112
8.7566250454346157 -0.0329753415626880 0.0000900808051949 1.5251759892844174 0.6662730395868103 0.7762881567915783
8.7600614870329849 -0.0329974980328437 0.0000900000270425 1.5267091582849983 0.6660900438385770 0.7761449870465084
8.7935130641948067 -0.0332134934972137 0.0000892141096276 1.5416744154177744 0.6643099191054335 0.7747506319271886
8.8271535797122826 -0.0334312889992264 0.0000884245119551 1.5567987906294072 0.6625220139423106 0.7733471643316369
8.8608076392983453 -0.0336497565052382 0.0000876353789737 1.5720039741342104 0.6607357240787769 0.7719419224843608
8.8944741108783703 -0.0338688916748887 0.0000868467592960 1.5872894106287256 0.6589511654372889 0.7705349842599457
8.9281517224608091 -0.0340886892442459 0.0000860587045434 1.6026544694306712 0.6571684606829944 0.7691264334933109
8.9618393171301580 -0.0343091446837311 0.0000852712633629 1.6180985601841282 0.6553877256813481 0.7677163493125319
8.9712869251707801 -0.0343710776833299 0.0000850505822536 1.6224431758228686 0.6548887783764546 0.7673206984098883
8.9807345332114021 -0.0344330575628823 0.0000848299698584 1.6267936365558555 0.6543900328081405 0.7669249629216062
8.9860513133085860 -0.0344679582860213 0.0000847058473800 1.6292444913627673 0.6541094455560380 0.7667022200335332
8.9913680934057698 -0.0345028738845653 0.0000845817468865 1.6316971958638582 0.6538289227562545 0.7664794507016278
8.9956509380652818 -0.0345309872835308 0.0000844818006230 1.6336742763401488 0.6536029985536446 0.7662999833789107
8.9999337827247938 -0.0345590926977983 0.0000843818723699 1.6356525564282776 0.6533771158363829 0.7661204989897809
9.0335394281294032 -0.0347799577398263 0.0000835982810045 1.6512168758450076 0.6516061805183295 0.7647115767935370
9.0672549155226072 -0.0350021418208595 0.0000828130389610 1.6669061361089879 0.6498321123582987 0.7632970285813029
9.1009750326578835 -0.0352249573644283 0.0000820286212952 1.6826716178381500 0.6480605115494459 0.7618812947419531
9.1346985861677847 -0.0354483994954300 0.0000812450759211 1.6985126515397002 0.6462914918889323 0.7604644562984627
9.1684242565493257 -0.0356724624805899 0.0000804624533488 1.7144284966657097 0.6445251729502474 0.7590465995989075
9.2021506755201461 -0.0358971402320377 0.0000796808048672 1.7304183770780015 0.6427616759690707 0.7576278130652181
9.2136415596149703 -0.0359738297013205 0.0000794147203122 1.7358830721160698 0.6421614994049268 0.7571442204837082
9.2191248576945490 -0.0360104500085762 0.0000792877898480 1.7384937595962613 0.6418752226912744 0.7569134213559722
9.2234453361459305 -0.0360392925436396 0.0000791878008674 1.7405521777072148 0.6416497093588424 0.7567315509348546
9.2277658145973120 -0.0360681270639758 0.0000790878324517 1.7426118012208822 0.6414242436713158 0.7565496665426230
9.2613916066297186 -0.0362928862911645 0.0000783103673643 1.7586827817554576 0.6396711282437556 0.7551336104973922
9.2951183670422566 -0.0365189340154827 0.0000775316095629 1.7748752034823456 0.6379157348800544 0.7537124864470811
9.3288408314805196 -0.0367455705150623 0.0000767540127179 1.7911387006708224 0.6361636025702173 0.7522907568092391
9.3625576651796720 -0.0369727897678903 0.0000759776255562 1.8074724541028757 0.6344148462850149 0.7508685085467665
9.3962674642097781 -0.0372005852470586 0.0000752024979970 1.8238755988202782 0.6326695835713403 0.7494458314872495
9.4299688370432690 -0.0374289504663768 0.0000744286792623 1.8403472634326572 0.6309279302904409 0.7480228148718583
9.4353321106950325 -0.0374653507784670 0.0000743056369117 1.8429752698783426 0.6306510573293781 0.7477962923119071
9.4378829538593152 -0.0374826688464117 0.0000742471264460 1.8442258279974222 0.6305194015786237 0.7476885493396932
9.4404337970235979 -0.0374999709554865 0.0000741886266389 1.8454768010744185 0.6303877636947113 0.7475808025898476
9.4431139589222326 -0.0375181489626460 0.0000741271692068 1.8467916410422305 0.6302494719980908 0.7474675893898165
9.4699155779085800 -0.0377001477159252 0.0000735129925284 1.8599652161582709 0.6288676830215282 0.7463352312170981
9.5036024167761148 -0.0379294670585859 0.0000727420717414 1.8765878665964619 0.6271338523933219 0.7449114084914858
9.5372731269237523 -0.0381593097625125 0.0000719726883779 1.8932745924470584 0.6254041587843323 0.7434876642446442
9.5709296127870882 -0.0383896915658822 0.0000712048143917 1.9100260943655405 0.6236785437385565 0.7420639480563682
9.6045704177584739 -0.0386206053036426 0.0000704384982581 1.9268414056971073 0.6219571208012128 0.7406403514073592
9.6381941587429267 -0.0388520442608946 0.0000696737863222 1.9437195844621162 0.6202399985990605 0.7392169625251342
9.6437692332596257 -0.0388904809472449 0.0000695471098026 1.9465250046836757 0.6199556206974277 0.7389809060245262
9.6493443077763246 -0.0389289032600579 0.0000694204740804 1.9493323825707389 0.6196713372750710 0.7387448362895630
9.6547167245786909 -0.0389659252563233 0.0000692984781698 1.9520395619654352 0.6193974775735291 0.7385173353785708
9.6882286153015631 -0.0391972319286664 0.0000685382125348 1.9689673057277937 0.6176912198311177 0.7370979682307175
9.7218093170296189 -0.0394296595767990 0.0000677776362448 1.9860005670979892 0.6159849732291860 0.7356752415958268
9.7553679991557285 -0.0396625847728212 0.0000670188249281 2.0030932754007833 0.6142834011645684 0.7342530309879879
9.7889032446608564 -0.0398960003228103 0.0000662618236062 2.0202444191782822 0.6125866086781590 0.7328314253058779
9.8224135671934327 -0.0401298984854931 0.0000655066783795 2.0374529399441061 0.6108947030817883 0.7314105161774759
9.8324416282632896 -0.0402000212908391 0.0000652809526054 2.0426162449698602 0.6103891059259010 0.7309852391695220
9.8424696893331465 -0.0402702033030799 0.0000650553443791 2.0477858103752853 0.6098838379302790 0.7305599331467861
9.8466194857091338 -0.0402992415144812 0.0000649620227016 2.0499269021960251 0.6096748445081202 0.7303839253573950
9.8507692820851211 -0.0403282721783681 0.0000648687250486 2.0520690651265658 0.6094659070480687 0.7302079127274445
9.8842087210467895 -0.0405625741287728 0.0000641176652627 2.0693698666729765 0.6077843431236081 0.7287894163274479
9.9176461412751529 -0.0407975234971483 0.0000633679798447 2.0867390041132254 0.6061065961504849 0.7273707213818186
9.9510531332257823 -0.0410329239142492 0.0000626203182266 2.1041614738176029 0.6044341239658150 0.7259530605946074
9.9844283905594331 -0.0412687685863136 0.0000618747200752 2.1216362566834901 0.6027670187469603 0.7245365168081952
10.0177703752647158 -0.0415050490107364 0.0000611312297328 2.1391622018344028 0.6011053829673343 0.7231211824198939
10.0306080863118616 -0.0415962041106811 0.0000608453291711 2.1459284883979337 0.6004666234215518 0.7225761857653600
10.0334672268551763 -0.0416165192944013 0.0000607816829410 2.1474368164370925 0.6003244403549625 0.7224548038609476
10.0363263673984910 -0.0416368168593873 0.0000607180517896 2.1489456469841581 0.6001822848527850 0.7223334207403104
10.0392538406876906 -0.0416576002867624 0.0000606529113695 2.1504910587745538 0.6000367611099764 0.7222091353331320
10.0685285735796857 -0.0418657211649110 0.0000600020961844 2.1659741246623714 0.5985831648092783 0.7209662149789873
10.1017859924381099 -0.0421027908858330 0.0000592640483116 2.1836273589833586 0.5969354558093501 0.7195540709844874
10.1350054886077121 -0.0423402688761590 0.0000585282430623 2.2013280444897738 0.5952935263871700 0.7181434233945145
10.1681853755356055 -0.0425781452326900 0.0000577947257554 2.2190749039132269 0.5936574804538244 0.7167343695703868
10.2013242058756504 -0.0428164116678236 0.0000570635358732 2.2368667764478007 0.5920274087142102 0.7153269963844323
10.2114337291423780 -0.0428892354720454 0.0000568407592161 2.2423077701612391 0.5915309204603920 0.7148976462739364
10.2139595991675485 -0.0429074405620330 0.0000567851191836 2.2436681755374259 0.5914069305436443 0.7147903724398802
10.2164854691927189 -0.0429256377348448 0.0000567294901006 2.2450289686281879 0.5912829633866064 0.7146830984371630
10.2191567611257241 -0.0429448747748093 0.0000566706700200 2.2464685284249657 0.5911518838614902 0.7145696481609305
10.2458696804557761 -0.0431374915837066 0.0000560829839246 2.2608879566123603 0.5898425190355208 0.7134351374613813
10.2789112274755290 -0.0433763642128587 0.0000553573690720 2.2787833907821970 0.5882265654691807 0.7120318407843816
10.3119086482383899 -0.0436156092614070 0.0000546341707896 2.2967208647891231 0.5866167910344480 0.7106304341358235
10.3448590904588205 -0.0438552079422335 0.0000539134572072 2.3146984170511224 0.5850133495095359 0.7092310625461749
10.3777610354552170 -0.0440951509913433 0.0000531952665961 2.3327147967277679 0.5834163279709733 0.7078338140271532
10.3823809205401858 -0.0441288983332715 0.0000530945403936 2.3352497594899675 0.5831924107655322 0.7076376275590514
10.3870008056251546 -0.0441626595164001 0.0000529938432500 2.3377860054339736 0.5829685742286927 0.7074414428687655
10.3908927047039956 -0.0441910901809403 0.0000529090408821 2.3399235937784577 0.5827800709585560 0.7072761737228892
10.3947846037828366 -0.0442195164655728 0.0000528242622905 2.3420620922694551 0.5825916244684881 0.7071109058791787
10.4276632188469804 -0.0444600530252963 0.0000521088827350 2.3601643367654197 0.5810019296420968 0.7057147866022738
10.4604431937650606 -0.0447005699710588 0.0000513971288617 2.3782767843285977 0.5794211086418916 0.7043229738800978
10.4931700659987452 -0.0449414014832429 0.0000506880122212 2.3964240149834026 0.5778469657914109 0.7029335561614105
10.5258424221728628 -0.0451825386504583 0.0000499815664596 2.4146047960657930 0.5762795770785885 0.7015466152215735
10.5342137966197136 -0.0452444375474602 0.0000498008003251 2.4192733509409994 0.5758786455080115 0.7011912793206572
10.5425851710665643 -0.0453063832223402 0.0000496201327388 2.4239460785553102 0.5754779872668357 0.7008359558997794
10.5475208971418439 -0.0453429280786157 0.0000495136581617 2.4267030529837803 0.5752418891769315 0.7006264647501043
10.5524566232171235 -0.0453794892430223 0.0000494072179350 2.4294614767284020 0.5750058863578946 0.7004169781439736
10.5568286167511598 -0.0454118661589173 0.0000493129683472 2.4319060579984040 0.5747969173192010 0.7002314218365725
10.5612006102851961 -0.0454442388304799 0.0000492187495224 2.4343517757475635 0.5745880224611957 0.7000458691528737
10.5936493687233355 -0.0456849080478599 0.0000485203071130 2.4525392818169003 0.5730399584549765 0.6986688229016941
10.6261514756200945 -0.0459266842865792 0.0000478222177812 2.4708193012604722 0.5714935117221743 0.6972897368586547
10.6585938304934338 -0.0461687310926726 0.0000471269197010 2.4891280767481243 0.5699540884655729 0.6959134311911012
10.6909750531746504 -0.0464110392982104 0.0000464344432356 2.5074643540236807 0.5684217564653188 0.6945399841242262
10.7002754220439709 -0.0464807670533708 0.0000462358341002 2.5127422382296665 0.5679824253747482 0.6941455616086813
10.7095757909132914 -0.0465505544900016 0.0000460373504855 2.5180252188669039 0.5675434423128107 0.6937511631578985
10.7122230237234390 -0.0465704295331371 0.0000459808776034 2.5195298840926683 0.5674185550269705 0.6936389070763527
10.7148702565335867 -0.0465902926032946 0.0000459244186581 2.5210349619127883 0.5672936953291831 0.6935266529900311
10.7173148557089597 -0.0466086336980907 0.0000458722917416 2.5224251992380879 0.5671784179323321 0.6934229932115684
10.7417608474626896 -0.0467922719615604 0.0000453515014344 2.5363469089096768 0.5660269713063003 0.6923864907312571
10.7739793693780399 -0.0470349315608102 0.0000446664618961 2.5547486195995321 0.5645131249372796 0.6910207109198969
10.8061380042399016 -0.0472778639755972 0.0000439842167490 2.5731768349054325 0.5630063093120210 0.6896578006505905
10.8382297979815974 -0.0475210176444328 0.0000433049127636 2.5916270900414591 0.5615068486834941 0.6882980724336563
10.8492642697529682 -0.0476047923767436 0.0000430716932435 2.5979849475749051 0.5609922515785772 0.6878306263774281
10.8602987415243391 -0.0476886537154586 0.0000428386548850 2.6043499126600738 0.5604781568703301 0.6873632246705164
10.8639701052851176 -0.0477165751037396 0.0000427611591254 2.6064692239979599 0.5603072200198704 0.6872077218309635
10.8671941552852225 -0.0477410805856074 0.0000426931268270 2.6083309697141379 0.5601571549514356 0.6870711693706781
10.8700997716857195 -0.0477631670228290 0.0000426318283640 2.6100093534192212 0.5600219481625354 0.6869481072606969
10.8991559356906897 -0.0479843629635635 0.0000420195375925 2.6268202460928394 0.5586718041736175 0.6857176619125216
10.9310500878617667 -0.0482278611016139 0.0000413489000778 2.6453296599090468 0.5571938292753327 0.6843674157781731
10.9628753132168892 -0.0484715657332160 0.0000406812392142 2.6638579613831639 0.5557232846880049 0.6830205020262182
10.9946278153065062 -0.0487154482549182 0.0000400166316796 2.6824024329963216 0.5542603385167704 0.6816770969107918
11.0070443009382384 -0.0488110167586945 0.0000397571603636 2.6896699258486239 0.5536894244429251 0.6811518932922449
11.0134850316485089 -0.0488606034795804 0.0000396226659125 2.6934432607462537 0.5533935328281351 0.6808794848491767
11.0198560745096579 -0.0489096619943515 0.0000394896937524 2.6971781270304134 0.5531010143991475 0.6806100423058389
11.0514831361245331 -0.0491536406628369 0.0000388305124371 2.7157534008813355 0.5516514438565470 0.6792727554228637
11.0830319209177812 -0.0493977540415385 0.0000381744893492 2.7343401552658628 0.5502096982846602 0.6779392503285135
11.1145036198302982 -0.0496420113198562 0.0000375215949394 2.7529385588958419 0.5487757111718506 0.6766094904665946
11.1458970724584177 -0.0498864034553741 0.0000368718482872 2.7715473965681547 0.5473495227904255 0.6752835382414957
11.1482741885770533 -0.0499049391995685 0.0000368227115749 2.7729587623412386 0.5472417043511671 0.6751831578488640
11.1506513046956890 -0.0499234609916920 0.0000367735877544 2.7743704519957366 0.5471339094922043 0.6750827804242694
11.1538237446537192 -0.0499481850991505 0.0000367080422744 2.7762549623151589 0.5469900870368729 0.6749488238363848
11.1851907814578340 -0.0501930522149081 0.0000360608126912 2.7949188038748698 0.5455704016306203 0.6736246356692066
11.2164095090113598 -0.0504375068156554 0.0000354181655253 2.8135502708148072 0.5441616577990748 0.6723072393991998
11.2475462697470974 -0.0506820656424727 0.0000347787239789 2.8321882367459792 0.5427608324330224 0.6709938456559398
11.2786001615399929 -0.0509267211867132 0.0000341425000495 2.8508316211644362 0.5413679495150482 0.6696845039556746
11.2809298790892178 -0.0509451059364247 0.0000340948306046 2.8522324936681738 0.5412636231649144 0.6695862976865189
11.2832595966384428 -0.0509634773261925 0.0000340471737097 2.8536336748346836 0.5411593198394091 0.6694880946325166
11.2865990582764102 -0.0509898176743232 0.0000339788765322 2.8556426929235883 0.5410098508951247 0.6693473341054609
11.3173559011557341 -0.0512328251894261 0.0000333506786057 2.8741757842964328 0.5396355248116829 0.6680512265709088
11.3482244317452903 -0.0514774622542686 0.0000327217037021 2.8928301510910734 0.5382603928191637 0.6667509922823627
11.3790068533967013 -0.0517221677463370 0.0000320959889209 2.9114862327745783 0.5368932870460240 0.6654549783280486
11.3872899476291760 -0.0517881431166826 0.0000319278756666 2.9165154611700688 0.5365261355443252 0.6651063432053634
11.3955730418616508 -0.0518541732891036 0.0000317598717146 2.9215485674265973 0.5361592884139448 0.6647577523268617
11.4016869880210638 -0.0519029469263840 0.0000316359342249 2.9252661076991688 0.5358887053582715 0.6645004777692428
11.4078009341804769 -0.0519517503978020 0.0000315120564012 2.9289857589979031 0.5356182884013599 0.6642432275844797
11.4136690839870063 -0.0519985756761779 0.0000313932250264 2.9325578554933416 0.5353588972465275 0.6639963424993952
11.4442458363134527 -0.0522430127242946 0.0000307749292119 2.9512021557164791 0.5340097863212526 0.6627102832350298
11.4747566872023867 -0.0524876761096041 0.0000301594584692 2.9698587745008687 0.5326677417059474 0.6614276204002583
11.5051768694311978 -0.0527323669846707 0.0000295473052123 2.9885120742473701 0.5313338347245233 0.6601494041357339
11.5133261858690421 -0.0527980463260025 0.0000293835673425 2.9935179670953325 0.5309771974297691 0.6598070899257422
11.5214755023068864 -0.0528637802462357 0.0000292199365136 2.9985275869710826 0.5306208587187320 0.6594648224431011
11.5259876120728393 -0.0529001992879471 0.0000291293835407 3.0013029134467617 0.5304236897864371 0.6592753361338758
11.5288184722962317 -0.0529230568593067 0.0000290725881270 3.0030447131401288 0.5303000344227775 0.6591564613686016
11.5316493325196241 -0.0529459011687164 0.0000290158102004 3.0047869621818477 0.5301764142549307 0.6590375922911061
11.5352465156919166 -0.0529749379194586 0.0000289436812212 3.0070014917910379 0.5300193817142729 0.6588865531791480
11.5650413706280304 -0.0532158555169611 0.0000283470528682 3.0253719329069089 0.5287209504460104 0.6576358778925168
11.5951903126378753 -0.0534603869247944 0.0000277447966052 3.0440112579216838 0.5274111707083619 0.6563709948840529
11.6252454667201643 -0.0537049147901371 0.0000271458818122 3.0626431446258975 0.5261095650976595 0.6551107156267065
11.6340839123168429 -0.0537769687844082 0.0000269700358226 3.0681318925759555 0.5257275770839630 0.6547402289079312
11.6429223579135215 -0.0538490887808137 0.0000267943169799 3.0736249956768904 0.5253459444086291 0.6543698013430050
11.6474689253944952 -0.0538861940135827 0.0000267039798623 3.0764523877864081 0.5251497671037320 0.6541792735589061
11.6516663729441881 -0.0539204539842694 0.0000266206120681 3.0790636936518117 0.5249687367988843 0.6540033899066811
11.6816293448074422 -0.0541654491137171 0.0000260263355348 3.0977326765341808 0.5236788063985677 0.6527482580120245
11.7114111982634999 -0.0544097225627690 0.0000254371040430 3.1163382834034374 0.5224007362584068 0.6515014035172323
11.7410946976363757 -0.0546539480666684 0.0000248512628306 3.1349314474809065 0.5211309286214730 0.6502593633722270
11.7525806573037030 -0.0547486550054733 0.0000246249605430 3.1421391392889748 0.5206406646332734 0.6497789479648673
11.7549552677668796 -0.0547682490263248 0.0000245782017497 3.1436301713641774 0.5205393829434284 0.6496796400160827
11.7573298782300562 -0.0547878338636281 0.0000245314554638 3.1451215158020553 0.5204381265268965 0.6495803366203031
11.7598965666742039 -0.0548090061094957 0.0000244809388893 3.1467338436548244 0.5203287087018429 0.6494730058684974
11.7855634511156815 -0.0550210439603515 0.0000239763682370 3.1628771806368117 0.5192361972664400 0.6483999923418037
11.8149936154175386 -0.0552648799117173 0.0000233991506704 3.1814322928599230 0.5179872376168870 0.6471703180375611
11.8443295986111998 -0.0555086947484153 0.0000228252003319 3.1999756286073993 0.5167462562409983 0.6459452956916013
11.8538127388281165 -0.0555876732886058 0.0000226399689913 3.2059800943495085 0.5163459487978297 0.6455494501980112
11.8579185870588937 -0.0556218928678222 0.0000225598167489 3.2085813431982881 0.5161727597626071 0.6453780874029434
11.8604475374472855 -0.0556429774950513 0.0000225104617462 3.2101840150769840 0.5160661248383419 0.6452725455693842
11.8629764878356774 -0.0556640538630541 0.0000224611205418 3.2117870393401220 0.5159595189123153 0.6451670091705405
11.8655287991366389 -0.0556853280240651 0.0000224113348827 3.2134052286061237 0.5158519581573136 0.6450605033976612
11.8910519121462546 -0.0558983893725288 0.0000219140704341 3.2296068494849965 0.5147780126461007 0.6439957514583600
11.9201158536636544 -0.0561417200786307 0.0000213491327937 3.2480997633553028 0.5135587637593753 0.6427839694015883
11.9490825113565666 -0.0563849952203600 0.0000207874788315 3.2665769489265788 0.5123475092321060 0.6415769768296353
11.9552996873267396 -0.0564373091780827 0.0000206671112750 3.2705487490659944 0.5120880451411169 0.6413180137936096
11.9615168632969127 -0.0564896583483789 0.0000205468078873 3.2745226689957074 0.5118287615022510 0.6410590850287744
11.9745781259274082 -0.0565996685667801 0.0000202942983193 3.2828781218501684 0.5112846334035960 0.6405152302015702
11.9864815742566773 -0.0567000620211916 0.0000200644194379 3.2905010474327767 0.5107894337700964 0.6400197178340503
12.0151723640903914 -0.0569425743617809 0.0000195113123715 3.3089064059267677 0.5095985827091473 0.6388259115774505
12.0437903946683065 -0.0571852291466693 0.0000189609728878 3.3273099316377763 0.5084145949592306 0.6376358771172241
12.0544604633332675 -0.0572758963121011 0.0000187561312029 3.3341830304926727 0.5079741358551747 0.6371923716599563
12.0576985357737829 -0.0573034322977273 0.0000186940049264 3.3362700562441900 0.5078405744379779 0.6370578007041032
12.0609366082142984 -0.0573309593135389 0.0000186319005068 3.3383576542223050 0.5077070614051603 0.6369232394245473
12.0647361150195174 -0.0573632705654290 0.0000185590506218 3.3408079406660369 0.5075504619536299 0.6367653595284045
12.0930887637483035 -0.0576048100531499 0.0000180161911854 3.3591173059332853 0.5063840307162122 0.6355876521474139
12.1214107529162405 -0.0578468435905013 0.0000174752587583 3.3774506010069820 0.5052226409054178 0.6344119685790635
12.1496211972574599 -0.0580886796760633 0.0000169377896009 3.3957550828616787 0.5040695879014045 0.6332416691100127
12.1776043061325314 -0.0583291543845526 0.0000164060050811 3.4139547867818183 0.5029295349580836 0.6320815508993742
12.2055874150076029 -0.0585703812401965 0.0000158755316938 3.4321969946297628 0.5017931886658512 0.6309221869658643
12.2334616416492814 -0.0588114226207662 0.0000153484270582 3.4504104266959006 0.5006649551925381 0.6297680916135341
12.2367105641595977 -0.0588395667220159 0.0000152870743658 3.4525360593387786 0.5005336922478159 0.6296336238291793
12.2399594866699140 -0.0588677054404614 0.0000152257430541 3.4546622634622102 0.5004024786739059 0.6294991664208516
12.2429955061444407 -0.0588940072423979 0.0000151684473411 3.4566496531424109 0.5002799087728115 0.6293735294306420
12.2706944695330158 -0.0591343866011199 0.0000146464270929 3.4748045293167991 0.4991636717103020 0.6282277069636780
12.2983004996014191 -0.0593747097188114 0.0000141274397318 3.4929397637838715 0.4980548116842248 0.6270864870376598
12.3063911988057431 -0.0594452856562631 0.0000139755788880 3.4982625883727883 0.4977305178953241 0.6267521658828857
12.3144818980100670 -0.0595159265244297 0.0000138238280284 3.5035889466068246 0.4974065361597972 0.6264179105152576
12.3190570989302444 -0.0595559019460779 0.0000137380632864 3.5066025069450069 0.4972234662483332 0.6262289219865921
12.3224712878256515 -0.0595857367208914 0.0000136740876412 3.5088520761304682 0.4970869170849284 0.6260879053182282
12.3258854767210586 -0.0596155748449535 0.0000136101335247 3.5111022741512707 0.4969504231138344 0.6259469004055123
12.3530218063969617 -0.0598531450949031 0.0000131025162590 3.5290094340873663 0.4958675329988121 0.6248265980998369
12.3802753594068822 -0.0600924850570401 0.0000125939524613 3.5470338825463923 0.4947835056543991 0.6237022108747401
12.3879435781517309 -0.0601599621782542 0.0000124510852208 3.5521125547468477 0.4944791377040064 0.6233859839110283
12.3956117968965795 -0.0602274988203401 0.0000123083169233 3.5571943907535255 0.4941750511566398 0.6230698174563828
12.3997580220705110 -0.0602640408869018 0.0000122311629632 3.5599434697585433 0.4940107480460380 0.6228988907118095
12.4039042472444425 -0.0603005812060866 0.0000121540424571 3.5626934733004618 0.4938465262876427 0.6227279817069561
12.4076676184625860 -0.0603337607822303 0.0000120840685697 3.5651903474325781 0.4936975395986632 0.6225728694507033
12.4345443314496791 -0.0605711374291786 0.0000115850319401 3.5830443008212081 0.4926354999713581 0.6214655370536731
12.4614358991420779 -0.0608093854219360 0.0000110869366168 3.6009469500457159 0.4915763397942390 0.6203583455127687
12.4706014835687657 -0.0608907587514353 0.0000109174466274 3.6070576650898372 0.4912161341411538 0.6199811491264574
12.4751448675461400 -0.0609311277165142 0.0000108334828241 3.6100884194477652 0.4910377296132350 0.6197942054734153
12.4775550720755373 -0.0609525436793611 0.0000107889571288 3.6116966435386937 0.4909431282488291 0.6196950431854010
12.4798216169216758 -0.0609726849937661 0.0000107470951625 3.6132092939910305 0.4908541908494368 0.6196017970203487
12.5024870653830611 -0.0611743911536916 0.0000103289513882 3.6283509434959869 0.4899661744207466 0.6186696334473970
12.5290534294580702 -0.0614114939027957 0.0000098399431658 3.6461336299702465 0.4889284673108118 0.6175777297594252
12.5366332336353015 -0.0614792785550752 0.0000097006394197 3.6512142393401001 0.4886330158148504 0.6172663302141247
12.5442130378125327 -0.0615471235781264 0.0000095614324861 3.6562979226915413 0.4883378409682591 0.6169549920980858
12.5476647788507290 -0.0615780393290759 0.0000094980716011 3.6586139822597299 0.4882035140073010 0.6168132332902342
12.5511165198889252 -0.0616089536941338 0.0000094347340918 3.6609306790481790 0.4880692437310898 0.6166714872501575
12.5542399345093116 -0.0616369363760803 0.0000093774389528 3.6630275628968878 0.4879477944792178 0.6165432349649416
12.5803023140722612 -0.0618708313530221 0.0000088999979943 3.6805447004081069 0.4869362309675461 0.6154734815748979
12.6065092569734372 -0.0621067512471445 0.0000084210629063 3.6981955909274076 0.4859223593526830 0.6143985337927804
12.6139783743769911 -0.0621741239648331 0.0000082847758166 3.7032329020132781 0.4856340075374153 0.6140923044177192
12.6163559603082724 -0.0621955827368446 0.0000082414123370 3.7048370146354124 0.4855422752710288 0.6139948375430665
12.6187335462395538 -0.0622170392753223 0.0000081980603509 3.7064414288681422 0.4854505698775680 0.6138973768219367
12.6209993545149448 -0.0622374905287504 0.0000081567558584 3.7079706952849163 0.4853632011247560 0.6138045037539479
12.6436574372688550 -0.0624423066049105 0.0000077441867084 3.7232784190641941 0.4844908773565605 0.6128760809600698
12.6695397162094441 -0.0626769458965581 0.0000072739683130 3.7407978826602397 0.4834974596403481 0.6118162332961593
12.6793476188582730 -0.0627660507414795 0.0000070960773555 3.7474460802767084 0.4831218576329541 0.6114148041510558
12.6815267835885432 -0.0627858626888334 0.0000070565747344 3.7489239027369554 0.4830384678534724 0.6113256271894014
12.6837059483188135 -0.0628056738737645 0.0000070170815257 3.7504019780197866 0.4829551007477315 0.6112364554690281
12.6859980893326174 -0.0628265142417633 0.0000069755502995 3.7519569552145282 0.4828674361846517 0.6111426663963142
12.7089194994706567 -0.0630352338066823 0.0000065607247989 3.7675221059111443 0.4819921890915734 0.6102050950475769
12.7344690610932822 -0.0632685649604968 0.0000060993786987 3.7849048815074968 0.4810195854099539 0.6091607094063767
12.7402078335445577 -0.0633210733161390 0.0000059959054154 3.7888140575937754 0.4808015606712512 0.6089262264426766
12.7431389599910130 -0.0633479064653328 0.0000059430769617 3.7908113775072123 0.4806902642886192 0.6088064764760850
12.7460700864374683 -0.0633747430908923 0.0000058902644144 3.7928091539417816 0.4805790092428665 0.6086867361071127
12.7487618089140504 -0.0633993908242901 0.0000058417794254 3.7946441611882236 0.4804768775176828 0.6085767841556097
12.7740083771817385 -0.0636309621070996 0.0000053876161917 3.8118740420261612 0.4795206598071589 0.6075459025031171
12.7992216255379212 -0.0638629380659629 0.0000049351231526 3.8291149530769930 0.4785687902028694 0.6065170957112624
12.8020934795996517 -0.0638894059726699 0.0000048836509009 3.8310808770993878 0.4784605655527523 0.6063999574098892
12.8037143021788005 -0.0639043480771652 0.0000048546070184 3.8321906022474392 0.4783995031927056 0.6063338507787430
12.8053351247579492 -0.0639192872835501 0.0000048255689523 3.8333004667349426 0.4783384532823191 0.6062677471134561
12.8076175257523310 -0.0639403287365211 0.0000047846859188 3.8348635858294893 0.4782525059517450 0.6061746666459472
