0.0001090930224854 -0.0000000000065055 0.0000455003683560 0.0000000000000021 0.9999999999783800 0.9999999999808843
0.0001528240835824 -0.0000000000127676 0.0000455003683510 0.0000000000000057 0.9999999999573964 0.9999999999624835
0.0002070362331907 -0.0000000000234339 0.0000455003683426 0.0000000000000141 0.9999999999216562 0.9999999999311416
0.0002727776637017 -0.0000000000406801 0.0000455003683289 0.0000000000000322 0.9999999998638682 0.9999999998804652
0.0003510441572051 -0.0000000000673746 0.0000455003683078 0.0000000000000686 0.9999999997744220 0.9999999998020260
0.0004427902324932 -0.0000000001071947 0.0000455003682762 0.0000000000001378 0.9999999996409950 0.9999999996850182
0.0005489470380133 -0.0000000001647559 0.0000455003682306 0.0000000000002625 0.9999999994481223 0.9999999995158797
0.0006703854464852 -0.0000000002457148 0.0000455003681665 0.0000000000004781 0.9999999991768507 0.9999999992779895
0.0008079827247314 -0.0000000003569337 0.0000455003680784 0.0000000000008371 0.9999999988041857 0.9999999989511829
0.0009625676765051 -0.0000000005065786 0.0000455003679598 0.0000000000014153 0.9999999983027658 0.9999999985114650
0.0011349358233683 -0.0000000007042510 0.0000455003678032 0.0000000000023199 0.9999999976404182 0.9999999979306227
0.0013258554838871 -0.0000000009611202 0.0000455003675997 0.0000000000036986 0.9999999967797186 0.9999999971758361
0.0015361096096160 -0.0000000012901197 0.0000455003673391 0.0000000000057520 0.9999999956773292 0.9999999962091008
0.0017664150975041 -0.0000000017059699 0.0000455003670096 0.0000000000087464 0.9999999942839271 0.9999999949871631
0.0020174806271596 -0.0000000022253829 0.0000455003665982 0.0000000000130311 0.9999999925435136 0.9999999934609154
0.0022900062173945 -0.0000000028672096 0.0000455003660897 0.0000000000190573 0.9999999903929246 0.9999999915749661
0.0025846783096550 -0.0000000036525756 0.0000455003654675 0.0000000000274013 0.9999999877613743 0.9999999892672399
0.0029021612052687 -0.0000000046049970 0.0000455003647130 0.0000000000387897 0.9999999845700662 0.9999999864686364
0.0032431043053856 -0.0000000057505340 0.0000455003638055 0.0000000000541296 0.9999999807316797 0.9999999831025804
0.0036081330196578 -0.0000000071178932 0.0000455003627223 0.0000000000745417 0.9999999761500268 0.9999999790847203
0.0039978643538052 -0.0000000087386135 0.0000455003614383 0.0000000001013995 0.9999999707194289 0.9999999743223815
0.0044129201660471 -0.0000000106472779 0.0000455003599263 0.0000000001363735 0.9999999643240080 0.9999999687139453
0.0048538800567437 -0.0000000128814440 0.0000455003581563 0.0000000001814758 0.9999999568379183 0.9999999621490521
0.0053213381515197 -0.0000000154820405 0.0000455003560961 0.0000000002391191 0.9999999481240188 0.9999999545074364
0.0058158680921146 -0.0000000184933501 0.0000455003537105 0.0000000003121730 0.9999999380339304 0.9999999456589778
0.0063380288705459 -0.0000000219631654 0.0000455003509617 0.0000000004040306 0.9999999264075130 0.9999999354632421
0.0068883673357888 -0.0000000259429353 0.0000455003478089 0.0000000005186813 0.9999999130723756 0.9999999237690516
0.0074674409236112 -0.0000000304880826 0.0000455003442082 0.0000000006607955 0.9999998978428105 0.9999999104135510
0.0080757859832091 -0.0000000356579299 0.0000455003401126 0.0000000008358071 0.9999998805200441 0.9999998952224262
0.0087139419889778 -0.0000000415160338 0.0000455003354718 0.0000000010500154 0.9999998608911157 0.9999998780089226
0.0093823826097778 -0.0000000481296615 0.0000455003302324 0.0000000013106631 0.9999998387306307 0.9999998585753810
0.0100816695453417 -0.0000000555714137 0.0000455003243370 0.0000000016261066 0.9999998137953242 0.9999998367084713
0.0108122679712645 -0.0000000639175514 0.0000455003177251 0.0000000020058666 0.9999997858296664 0.9999998121841074
0.0115746971618517 -0.0000000732496915 0.0000455003103321 0.0000000024608239 0.9999997545601811 0.9999997847624654
0.0123694202747441 -0.0000000836537115 0.0000455003020900 0.0000000030033065 0.9999997196991166 0.9999997541912021
0.0131969527568228 -0.0000000952212423 0.0000455002929261 0.0000000036473093 0.9999996809394427 0.9999997202010690
0.0140577725233302 -0.0000001080486978 0.0000455002827641 0.0000000044086044 0.9999996379581025 0.9999996825087619
0.0149523383041352 -0.0000001222375783 0.0000455002715235 0.0000000053049211 0.9999995904149965 0.9999996408160318
0.0158811132280121 -0.0000001378949576 0.0000455002591196 0.0000000063561538 0.9999995379513509 0.9999995948082523
0.0168445617930737 -0.0000001551336205 0.0000455002454630 0.0000000075845655 0.9999994801892539 0.9999995441540154
0.0178431219099323 -0.0000001740716997 0.0000455002304601 0.0000000090149655 0.9999994167328764 0.9999994885061991
0.0188772579861669 -0.0000001948337982 0.0000455002140122 0.0000000106750091 0.9999993471647084 0.9999994274986692
0.0199474203733537 -0.0000002175504288 0.0000455001960159 0.0000000125953930 0.9999992710474379 0.9999993607479251
0.0210540434343610 -0.0000002423580671 0.0000455001763631 0.0000000148101011 0.9999991879237738 0.9999992878529465
0.0221975473590637 -0.0000002693992734 0.0000455001549409 0.0000000173566710 0.9999990973160374 0.9999992083948328
0.0233783650978958 -0.0000002988234641 0.0000455001316308 0.0000000202765396 0.9999989987235759 0.9999991219345375
0.0245969312892427 -0.0000003307868696 0.0000455001063092 0.0000000236153391 0.9999988916229070 0.9999990280129923
0.0258536416726830 -0.0000003654515759 0.0000455000788475 0.0000000274231001 0.9999987754709269 0.9999989261539224
0.0271489505205657 -0.0000004029883220 0.0000455000491107 0.0000000317548801 0.9999986496955391 0.9999988158556269
0.0284832445341226 -0.0000004435731652 0.0000455000169590 0.0000000366707405 0.9999985137068266 0.9999986966007776
0.0298569243206512 -0.0000004873898267 0.0000454999822472 0.0000000422363586 0.9999983668891946 0.9999985678495270
0.0312704024840864 -0.0000005346298991 0.0000454999448233 0.0000000485234463 0.9999982086006736 0.9999984290388981
0.0327240939443863 -0.0000005854927689 0.0000454999045293 0.0000000556101508 0.9999980381731792 0.9999982795830120
0.0342183661933981 -0.0000006401839547 0.0000454998612026 0.0000000635812324 0.9999978549180812 0.9999981188779717
0.0357536429881401 -0.0000006989189462 0.0000454998146724 0.0000000725290484 0.9999976581133398 0.9999979462905807
0.0373303109051843 -0.0000007619200388 0.0000454997647625 0.0000000825535678 0.9999974470141123 0.9999977611676446
0.0389487468532901 -0.0000008294173671 0.0000454997112907 0.0000000937629872 0.9999972208492902 0.9999975628329345
0.0406093290688683 -0.0000009016494815 0.0000454996540679 0.0000001062743231 0.9999969788195678 0.9999973505854930
0.0423124512890701 -0.0000009788641885 0.0000454995928980 0.0000001202140961 0.9999967200946250 0.9999971236971633
0.0440584729920892 -0.0000010613164773 0.0000454995275788 0.0000001357185116 0.9999964438200775 0.9999968814186843
0.0458477792429364 -0.0000011492713682 0.0000454994579004 0.0000001529345471 0.9999961491079299 0.9999966229713184
0.0476807394547766 -0.0000012430021889 0.0000454993836464 0.0000001720202413 0.9999958350423548 0.9999963475519190
0.0495577199210734 -0.0000013427912751 0.0000454993045929 0.0000001931454448 0.9999955006773414 0.9999960543308688
0.0514790723023680 -0.0000014489294677 0.0000454992205097 0.0000002164923539 0.9999951450383853 0.9999957424535603
0.0534451684372839 -0.0000015617181659 0.0000454991311580 0.0000002422566339 0.9999947671156041 0.9999954110343601
0.0554563532541130 -0.0000016814668659 0.0000454990362925 0.0000002706475787 0.9999943658719900 0.9999950591638443
0.0575130077500016 -0.0000018084970007 0.0000454989356587 0.0000003018897404 0.9999939402305399 0.9999946858975129
0.0596154771222916 -0.0000019431378408 0.0000454988289957 0.0000003362227279 0.9999934890879935 0.9999942902678364
0.0617640949008474 -0.0000020857278938 0.0000454987160354 0.0000003739022817 0.9999930113101435 0.9999938712801436
0.0639592367407917 -0.0000022366186996 0.0000454985964992 0.0000004152021142 0.9999925057191191 0.9999934279014689
0.0662012270040556 -0.0000023961687534 0.0000454984701032 0.0000004604131471 0.9999919711137484 0.9999929590784097
0.0684904027151622 -0.0000025647478452 0.0000454983365545 0.0000005098455251 0.9999914062550193 0.9999924637243748
0.0708271497470998 -0.0000027427401907 0.0000454981955486 0.0000005638305354 0.9999908098555880 0.9999919407103846
0.0732117547512495 -0.0000029305333889 0.0000454980467785 0.0000006227182327 0.9999901806167811 0.9999913888975185
0.0756445941901773 -0.0000031285329396 0.0000454978899230 0.0000006868828170 0.9999895171799505 0.9999908070942566
0.0781259869442392 -0.0000033371510204 0.0000454977246556 0.0000007567202015 0.9999888181640788 0.9999901940894568
0.0806562660172300 -0.0000035568122135 0.0000454975506400 0.0000008326508383 0.9999880821465930 0.9999895486355277
0.0832357333705847 -0.0000037879497640 0.0000454973675329 0.0000009151195121 0.9999873076759006 0.9999888694594238
0.0858647250894233 -0.0000040310114303 0.0000454971749797 0.0000010045984958 0.9999864932517883 0.9999881552454535
0.0885436102551655 -0.0000042864600377 0.0000454969726136 0.0000011015890913 0.9999856373235672 0.9999874046336530
0.0912726849164245 -0.0000045547635710 0.0000454967600641 0.0000012066190932 0.9999847383232701 0.9999866162488987
0.0940522633916653 -0.0000048364036564 0.0000454965369496 0.0000013202471031 0.9999837946372335 0.9999857886759836
0.0968826724675074 -0.0000051318753923 0.0000454963028779 0.0000014430638301 0.9999828046066630 0.9999849204601142
0.0997642616406385 -0.0000054416888371 0.0000454960574450 0.0000015756941350 0.9999817665226514 0.9999840101025396
0.1026972906953810 -0.0000057663569305 0.0000454958002445 0.0000017187931582 0.9999806786666500 0.9999830560960428
0.1056821132272518 -0.0000061064154336 0.0000454955308521 0.0000018730562793 0.9999795392436567 0.9999820568663488
0.1087190299364627 -0.0000064624071924 0.0000454952488377 0.0000020392137710 0.9999783464349469 0.9999810108183660
0.1118083323052704 -0.0000068348867846 0.0000454949537621 0.0000022180341743 0.9999770983825024 0.9999799163225307
0.1149503564403479 -0.0000072244273007 0.0000454946451712 0.0000024103291372 0.9999757931662924 0.9999787716948820
0.1181453873157566 -0.0000076316089199 0.0000454943226057 0.0000026169494851 0.9999744288425535 0.9999775752306310
0.1213937686009666 -0.0000080570327746 0.0000454939855892 0.0000028387937417 0.9999730033973352 0.9999763251634203
0.1246957798973796 -0.0000085013054365 0.0000454936336413 0.0000030768019101 0.9999715147984829 0.9999750197109113
0.1280517148351308 -0.0000089650488769 0.0000454932662694 0.0000033319621594 0.9999699609622666 0.9999736570455161
0.1314618680544583 -0.0000094488990211 0.0000454928829697 0.0000036053118784 0.9999683397582264 0.9999722352986461
0.1349265483686685 -0.0000099535078825 0.0000454924832258 0.0000038979407446 0.9999666490020221 0.9999707525544403
0.1384460501332161 -0.0000104795396760 0.0000454920665116 0.0000042109903996 0.9999648864684597 0.9999692068611871
0.1420206833393396 -0.0000110276753928 0.0000454916322878 0.0000045456590392 0.9999630498761627 0.9999675962178801
0.1456507482542364 -0.0000115986092484 0.0000454911800043 0.0000049032013165 0.9999611368994771 0.9999659185846568
0.1493365267825012 -0.0000121930472631 0.0000454907091021 0.0000052849293386 0.9999591451732288 0.9999641718869694
0.1530782883684854 -0.0000128117080560 0.0000454902190120 0.0000056922150364 0.9999570722900659 0.9999623540132514
0.1568763413801013 -0.0000134553315725 0.0000454897091479 0.0000061264980619 0.9999549157712179 0.9999604627892734
0.1607309743472263 -0.0000141246697417 0.0000454891789142 0.0000065892819542 0.9999526730978027 0.9999584960055955
0.1646424653925098 -0.0000148204879398 0.0000454886277048 0.0000070821371627 0.9999503417059245 0.9999564514132669
0.1686111145378145 -0.0000155435708987 0.0000454880548981 0.0000076067075170 0.9999479189668797 0.9999543267064644
0.1726371959254072 -0.0000162947143419 0.0000454874598640 0.0000081647066280 0.9999454022151855 0.9999521195470702
0.1767209993985002 -0.0000170747326286 0.0000454868419574 0.0000087579257736 0.9999427887229692 0.9999498275422100
0.1808627722689123 -0.0000178844477647 0.0000454862005274 0.0000093882279666 0.9999400757367899 0.9999474482765429
0.1850628601261572 -0.0000187247171030 0.0000454855348950 0.0000100575720464 0.9999372603848341 0.9999449792308690
0.1893215013615298 -0.0000195963932509 0.0000454848443850 0.0000107679839910 0.9999343398112469 0.9999424178999349
0.1936389647015517 -0.0000205003508810 0.0000454841283045 0.0000115215802297 0.9999313110863072 0.9999397617136545
0.1980155290859804 -0.0000214374832520 0.0000454833859464 0.0000123205678765 0.9999281712180869 0.9999370080473317
0.2024514809063997 -0.0000224087020180 0.0000454826165886 0.0000131672475292 0.9999249171530967 0.9999341542222224
0.2069471173701507 -0.0000234149383518 0.0000454818194936 0.0000140640172889 0.9999215457725232 0.9999311975022324
0.2115026448935589 -0.0000244571199023 0.0000454809939270 0.0000150133547169 0.9999180539694396 0.9999281351616263
0.2161183852167627 -0.0000255362174039 0.0000454801391200 0.0000160178616114 0.9999144384926446 0.9999249643480715
0.2207945944686518 -0.0000266532040768 0.0000454792543020 0.0000170802306177 0.9999106960826964 0.9999216822019360
0.2255315444477433 -0.0000278090741836 0.0000454783386856 0.0000182032650544 0.9999068234097442 0.9999182858017620
0.2303295009590190 -0.0000290048381529 0.0000454773914707 0.0000193898775621 0.9999028170898718 0.9999147721785957
0.2351887240969388 -0.0000302415226722 0.0000454764118445 0.0000206430932890 0.9998986736847896 0.9999111383157128
0.2401094724913215 -0.0000315201718263 0.0000454753989802 0.0000219660542304 0.9998943896980294 0.9999073811452764
0.2450920164961693 -0.0000328418507640 0.0000454743520345 0.0000233620264646 0.9998899615626616 0.9999034975375605
0.2501366353301124 -0.0000342076454135 0.0000454732701476 0.0000248344036205 0.9998853856422593 0.9998994843017890
0.2552435855442432 -0.0000356186541101 0.0000454721524498 0.0000263867013918 0.9998806582589501 0.9998953382107345
0.2604131201913998 -0.0000370759926035 0.0000454709980578 0.0000280225661552 0.9998757756766503 0.9998910559860084
0.2656454744810680 -0.0000385807899639 0.0000454698060777 0.0000297457737833 0.9998707341147854 0.9998866343100877
0.2709409396011997 -0.0000401342101070 0.0000454685755881 0.0000315602581626 0.9998655296761816 0.9998820697630686
0.2762997756487803 -0.0000417374272903 0.0000454673056594 0.0000334700873954 0.9998601584291704 0.9998773588946680
0.2817222267902126 -0.0000433916300607 0.0000454659953506 0.0000354794715545 0.9998546163943692 0.9998724982126240
0.2872085534011658 -0.0000450980310481 0.0000454646437018 0.0000375927783367 0.9998488995118765 0.9998674841539182
0.2927590139826816 -0.0000468578618375 0.0000454632497381 0.0000398145311607 0.9998430036584636 0.9998623130998457
0.2983738605805320 -0.0000486723715970 0.0000454618124707 0.0000421494114744 0.9998369246521773 0.9998569813800462
0.3040533358537867 -0.0000505428260824 0.0000454603308977 0.0000446022614188 0.9998306582556845 0.9998514852754288
0.3097976801592720 -0.0000524705099180 0.0000454588040024 0.0000471780908165 0.9998242001686405 0.9998458210114716
0.3156071581955960 -0.0000544567358868 0.0000454572307455 0.0000498820941885 0.9998175459965736 0.9998399847309232
0.3214820253710058 -0.0000565028340597 0.0000454556100746 0.0000527196410415 0.9998106912873175 0.9998339725257472
0.3274225281675564 -0.0000586101518102 0.0000454539409231 0.0000556962800856 0.9998036315309696 0.9998277804370784
0.3334288957319956 -0.0000607800506366 0.0000454522222136 0.0000588177388753 0.9997963621705496 0.9998214044645612
0.3395013817367426 -0.0000630139212996 0.0000454504528454 0.0000620899500710 0.9997888785512967 0.9998148405218710
0.3456402346874287 -0.0000653131735870 0.0000454486317030 0.0000655190419893 0.9997811759549727 0.9998080844667893
0.3518457141371983 -0.0000676792425565 0.0000454467576508 0.0000691113528425 0.9997732495789586 0.9998011320828605
0.3581180371583314 -0.0000701135681347 0.0000454448295494 0.0000728734045222 0.9997650946046136 0.9997939791393401
0.3644574554515522 -0.0000726176245562 0.0000454428462322 0.0000768119521751 0.9997567060986637 0.9997866213046902
0.3708642441074158 -0.0000751929171754 0.0000454408065083 0.0000809339860267 0.9997480790238991 0.9997790541559497
0.3773385993655703 -0.0000778409412974 0.0000454387091946 0.0000852466704043 0.9997392083771016 0.9997712732997052
0.3838807886319808 -0.0000805632425194 0.0000454365530683 0.0000897574454846 0.9997300889869191 0.9997632741947859
0.3904910145248739 -0.0000833613614025 0.0000454343369106 0.0000944739427597 0.9997207156992262 0.9997550523148401
0.3971695355218243 -0.0000862368836887 0.0000454320594672 0.0000994040735443 0.9997110832089161 0.9997466030007786
0.4039166031533290 -0.0000891914134584 0.0000454297194681 0.0001045559930986 0.9997011861454296 0.9997379215357813
0.4107325611817594 -0.0000922266210203 0.0000454273155928 0.0001099381855380 0.9996910189238193 0.9997290030146414
0.4176173836892643 -0.0000953440331263 0.0000454248466341 0.0001155590992101 0.9996805764389706 0.9997198429527112
0.4245714670253732 -0.0000985453868445 0.0000454223112179 0.0001214277816451 0.9996698528804776 0.9997104362463155
0.4315950201065563 -0.0001018323584274 0.0000454197080187 0.0001275534038997 0.9996588426421056 0.9997007779705012
0.4386882766342325 -0.0001052066581201 0.0000454170356840 0.0001339454350808 0.9996475400042252 0.9996908631004585
0.4458514587963018 -0.0001086700135930 0.0000454142928475 0.0001406136181337 0.9996359391893304 0.9996806865602041
0.4530848171866335 -0.0001122241894323 0.0000454114781140 0.0001475680137561 0.9996240342967696 0.9996702431653101
0.4603886106127749 -0.0001158709782770 0.0000454085900661 0.0001548189912561 0.9996118193324605 0.9996595276489498
0.4677630221755181 -0.0001196121584243 0.0000454056272979 0.0001623771495726 0.9995992883509085 0.9996485347864681
0.4752082537018313 -0.0001234495400014 0.0000454025883782 0.0001702534133718 0.9995864353005753 0.9996372592597138
0.4827246028104578 -0.0001273850065377 0.0000453994718182 0.0001784591284500 0.9995732538846622 0.9996256955348886
0.4903122722707267 -0.0001314204169056 0.0000453962761485 0.0001870058674659 0.9995597378895775 0.9996138381506787
0.4979714643546292 -0.0001355576529394 0.0000453929998817 0.0001959055321694 0.9995458810254624 0.9996016815783375
0.5057024028270296 -0.0001397986317223 0.0000453896415026 0.0002051703873248 0.9995316768850633 0.9995892201855813
0.5135053455832482 -0.0001441453137490 0.0000453861994618 0.0002148130879991 0.9995171189164234 0.9995764482126085
0.5213804981172666 -0.0001485996552471 0.0000453826722135 0.0002248465819305 0.9995022005825974 0.9995633599121965
0.5293280971992262 -0.0001531636545149 0.0000453790581787 0.0002352842188150 0.9994869152064820 0.9995499494135460
0.5373483647265646 -0.0001578393263420 0.0000453753557654 0.0002461397010264 0.9994712560565181 0.9995362107974461
0.5454414975584874 -0.0001626286954715 0.0000453715633742 0.0002574270743178 0.9994552163686113 0.9995221381154837
0.5536077248821180 -0.0001675338303670 0.0000453676793709 0.0002691608143070 0.9994387892330777 0.9995077252908287
0.5618472508511557 -0.0001725568095899 0.0000453637021137 0.0002813557554325 0.9994219677072772 0.9994929662170284
0.5701603536497644 -0.0001776997825760 0.0000453596299048 0.0002940272470806 0.9994047446121138 0.9994778545794316
0.5785471564255302 -0.0001829648283295 0.0000453554611024 0.0003071908141208 0.9993871130052832 0.9994623842703891
0.5870079634158185 -0.0001883541641340 0.0000453511939555 0.0003208626809052 0.9993690654823650 0.9994465487759987
0.5955429691294432 -0.0001938699647853 0.0000453468267468 0.0003350593317436 0.9993505947822228 0.9994303417072590
0.6041523959539329 -0.0001995144485351 0.0000453423577249 0.0003497977327906 0.9993316934992259 0.9994137565475404
0.6128364581020990 -0.0002052898544143 0.0000453377851222 0.0003650952834230 0.9993123541592299 0.9993967867192201
0.6215953258576482 -0.0002111984177240 0.0000453331071742 0.0003809697576611 0.9992925693016803 0.9993794256556979
0.6304292499279236 -0.0002172424537630 0.0000453283220535 0.0003974395370231 0.9992723311992900 0.9993616665553837
0.6393384527620601 -0.0002234242859300 0.0000453234279264 0.0004145234297161 0.9992516320988371 0.9993435025929571
0.6483230833274871 -0.0002297462124908 0.0000453184229793 0.0004322405824399 0.9992304643324738 0.9993249270170160
0.6573834346863864 -0.0002362106594323 0.0000453133052979 0.0004506109168100 0.9992088198059665 0.9993059327009529
0.6665196757167152 -0.0002428199923447 0.0000453080730159 0.0004696546128690 0.9991866906286198 0.9992865126956991
0.6757320482732573 -0.0002495766560061 0.0000453027242048 0.0004893925118108 0.9991640686459548 0.9992666598195911
0.6850207408762252 -0.0002564830836545 0.0000452972569452 0.0005098458655100 0.9991409457435313 0.9992463669249553
0.6943859669415597 -0.0002635417538159 0.0000452916692825 0.0005310365102041 0.9991173136567297 0.9992256267311370
0.7038279580090759 -0.0002707551865242 0.0000452859592295 0.0005529868684265 0.9990931639834600 0.9992044318356090
0.7133468401222839 -0.0002781258480668 0.0000452801248416 0.0005757196661717 0.9990684885031114 0.9991827749938578
0.7229428867413147 -0.0002856563454407 0.0000452741640635 0.0005992585379959 0.9990432785255953 0.9991606485480250
0.7326162624885598 -0.0002933492290852 0.0000452680748849 0.0006236274318157 0.9990175255518179 0.9991380450065328
0.7423672120621595 -0.0003012071405530 0.0000452618552237 0.0006488510787204 0.9989912207793709 0.9991149566101931
0.7521959546607030 -0.0003092327301575 0.0000452555029913 0.0006749547472772 0.9989643553782855 0.9990913755741837
0.7621026466888683 -0.0003174286247341 0.0000452490161182 0.0007019641431966 0.9989369205989996 0.9990672941827775
0.7720874872759498 -0.0003257975134086 0.0000452423924859 0.0007299056971641 0.9989089074853051 0.9990427045373373
0.7821507289313652 -0.0003343421591690 0.0000452356299176 0.0007588066224614 0.9988803068356965 0.9990175985223230
0.7922925108117040 -0.0003430652576417 0.0000452287262908 0.0007886944490553 0.9988511096761382 0.9989919682202387
0.8025130924004749 -0.0003519696358650 0.0000452216793790 0.0008195977078812 0.9988213065948007 0.9989658053276022
0.8128126726262823 -0.0003610580985237 0.0000452144869740 0.0008515454210578 0.9987908882568082 0.9989391016067415
0.8231913923054066 -0.0003703334269273 0.0000452071468866 0.0008845670983242 0.9987598454077042 0.9989118488888035
0.8336495058481095 -0.0003797985322340 0.0000451996568253 0.0009186932926809 0.9987281683607072 0.9988840386235552
0.8441872009217759 -0.0003894562957695 0.0000451920145228 0.0009539550483925 0.9986958475312190 0.9988556623485653
0.8548046578621469 -0.0003993096208467 0.0000451842176947 0.0009903840922099 0.9986628732634562 0.9988267115369510
0.8655020460145781 -0.0004093614290260 0.0000451762640430 0.0010280128295885 0.9986292358430399 0.9987971776083731
0.8762795896905001 -0.0004196147227452 0.0000451681512061 0.0010668745930403 0.9985949252874918 0.9987670517450228
0.8871375276853081 -0.0004300725494736 0.0000451598767873 0.0011070035280918 0.9985599314662907 0.9987363249969518
0.8980759763495312 -0.0004407378684276 0.0000451514384603 0.0011484340885773 0.9985242445469354 0.9987049886736870
0.9090952230320312 -0.0004516138347985 0.0000451428337447 0.0011912021455978 0.9984878540439661 0.9986730335091318
0.9201953800695059 -0.0004627034624051 0.0000451340602720 0.0012353436891784 0.9984507499478381 0.9986404506527508
0.9313766857987119 -0.0004740099194800 0.0000451251155527 0.0012808959986930 0.9984129217353110 0.9986072308005121
0.9426392985701654 -0.0004855363244070 0.0000451159971371 0.0013278968481580 0.9983743590529844 0.9985733647950478
0.9539834127617685 -0.0004972858618449 0.0000451067025238 0.0013763849819196 0.9983350513288584 0.9985388432844717
0.9654092251432644 -0.0005092617496269 0.0000450972291860 0.0014263999977372 0.9982949878831863 0.9985036568196436
0.9769169164893555 -0.0005214672194449 0.0000450875745866 0.0014779822788516 0.9982541579931880 0.9984677959109258
0.9885067139427728 -0.0005339055833171 0.0000450777361255 0.0015311732893437 0.9982125506708064 0.9984312508329051
1.0001788045036109 -0.0005465801421844 0.0000450677112125 0.0015860152026725 0.9981701549685783 0.9983940118929524
1.0119333232218710 -0.0005594941704741 0.0000450574972789 0.0016425508370875 0.9981269600313429 0.9983560694765836
1.0237705396656893 -0.0005726511213560 0.0000450470916155 0.0017008245693188 0.9980829544098131 0.9983174134444098
1.0356905462390613 -0.0005860542830848 0.0000450364916443 0.0017608808381530 0.9980381272101360 0.9982780341418375
1.0476935938534391 -0.0005997071516454 0.0000450256946242 0.0018227658068200 0.9979924668476291 0.9982379213042211
1.0597798128523739 -0.0006136131183108 0.0000450146978973 0.0018865259827573 0.9979459620918792 0.9981970649748456
1.0719494111103276 -0.0006277756937110 0.0000450034987125 0.0019522092416914 0.9978986013174751 0.9981554548466109
1.0842025946300216 -0.0006421984191056 0.0000449920942955 0.0020198644471050 0.9978503728008880 0.9981130805227285
1.0965395288396014 -0.0006568848200874 0.0000449804818852 0.0020895412442095 0.9978012648753953 0.9980699316527506
1.1089603609580454 -0.0006718384310786 0.0000449686587146 0.0021612901806222 0.9977512658492717 0.9980259978606096
1.1214653193921778 -0.0006870629159058 0.0000449566219152 0.0022351633037104 0.9977003636027721 0.9979812683903801
1.1340546190586220 -0.0007025619562589 0.0000449443686056 0.0023112136522322 0.9976485459612525 0.9979357324340010
1.1467283347845258 -0.0007183390924689 0.0000449318960173 0.0023894944739037 0.9975958012275801 0.9978893795990760
1.1594867207375068 -0.0007343981182399 0.0000449192011825 0.0024700611845248 0.9975421168625943 0.9978421987491720
1.1723299585960067 -0.0007507427709716 0.0000449062811789 0.0025529698656895 0.9974874805205947 0.9977941789136587
1.1852581712214638 -0.0007673767445543 0.0000448931331200 0.0026382773223245 0.9974318800066423 0.9977453092501266
1.1982715694517572 -0.0007843038773247 0.0000448797540061 0.0027260420573399 0.9973753026484359 0.9976955784921967
1.2113703214812364 -0.0008015279857257 0.0000448661408563 0.0028163234430367 0.9973177358524966 0.9976449754382326
1.2245546047309694 -0.0008190529307339 0.0000448522906555 0.0029091820761110 0.9972591668822803 0.9975934887561971
1.2378246270627644 -0.0008368826473044 0.0000448382003317 0.0030046799563285 0.9971995827599502 0.9975411068971590
1.2511805492995416 -0.0008550210409278 0.0000448238668371 0.0031028799523422 0.9971389706122454 0.9974878183992170
1.2646225024500053 -0.0008734720081227 0.0000448092871327 0.0032038459134549 0.9970773176021124 0.9974336118273053
1.2781506619826875 -0.0008922395379471 0.0000447944581078 0.0033076432388523 0.9970146105896718 0.9973784754749833
1.2917652451104844 -0.0009113277115476 0.0000447793765801 0.0034143389098127 0.9969508361339574 0.9973223973657798
1.3054664052796554 -0.0009307405551140 0.0000447640394124 0.0035240006897656 0.9968859809843998 0.9972653656852092
1.3192543204624270 -0.0009504821623504 0.0000447484434156 0.0036366978186203 0.9968200316717988 0.9972073684209855
1.3331291201204296 -0.0009705565902100 0.0000447325854312 0.0037525004362170 0.9967529748568257 0.9971483936693547
1.3470910022458988 -0.0009909680273419 0.0000447164621983 0.0038714805661085 0.9966847967675103 0.9970884291402471
1.3611401394258360 -0.0010117206599297 0.0000447000704594 0.0039937113691776 0.9966154836476265 0.9970274625514408
1.3752766779030425 -0.0010328186684816 0.0000446834069635 0.0041192671318644 0.9965450217675721 0.9969654816380096
1.3895008209204975 -0.0010542663522334 0.0000446664683672 0.0042482240243657 0.9964733970090952 0.9969024737868759
1.4038126877582953 -0.0010760679178478 0.0000446492514021 0.0043806588554523 0.9964005955711697 0.9968384266575838
1.4182124803632068 -0.0010982277307344 0.0000446317526762 0.0045166506021486 0.9963266031309218 0.9967733274440063
1.4327003552234543 -0.0011207501214329 0.0000446139688271 0.0046562792612732 0.9962514054904205 0.9967071634431651
1.4472764325316883 -0.0011436393966300 0.0000445958965128 0.0047996259163536 0.9961749885400359 0.9966399220228840
1.4619409754311574 -0.0011669001221241 0.0000445775321889 0.0049467745374840 0.9960973373140096 0.9965715897905566
1.4766940547099421 -0.0011905365944428 0.0000445588725254 0.0050978086793464 0.9960184377546663 0.9965021541453877
1.4915358799412550 -0.0012145533640824 0.0000445399139941 0.0052528147975630 0.9959382749658683 0.9964316017413132
1.5064665777661042 -0.0012389548826125 0.0000445206531467 0.0054118800272541 0.9958568343912925 0.9963599195237141
1.5214863174728757 -0.0012637457043777 0.0000445010864562 0.0055750934943365 0.9957741011413956 0.9962870941369152
1.5365952422326346 -0.0012889303748803 0.0000444812104044 0.0057425456120093 0.9956900603662082 0.9962131122521055
1.5517935278455099 -0.0013145135281158 0.0000444610214059 0.0059143287435671 0.9956046969307623 0.9961379602814331
1.5670813391237224 -0.0013404998148643 0.0000444405158641 0.0060905367519661 0.9955179956546710 0.9960616245886895
1.5824588392466929 -0.0013668939180310 0.0000444196901595 0.0062712651201075 0.9954299412611946 0.9959840914442764
1.5979261699110903 -0.0013937005180503 0.0000443985406771 0.0064566107303951 0.9953405184929088 0.9959053471268610
1.6134835084030335 -0.0014209243915364 0.0000443770637281 0.0066466725651505 0.9952497117828906 0.9958253776336248
1.6291309586078431 -0.0014485702208974 0.0000443552557011 0.0068415503998843 0.9951575058900497 0.9957441692395526
1.6448686753633039 -0.0014766428110820 0.0000443331128901 0.0070413463306067 0.9950638851764133 0.9956617078607765
1.6606968359585959 -0.0015051470424218 0.0000443106315325 0.0072461644844270 0.9949688337648016 0.9955779791931436
1.6766156269359378 -0.0015340878485531 0.0000442878078266 0.0074561108940776 0.9948723356128040 0.9954929687771109
1.6926251582018590 -0.0015634700589609 0.0000442646380554 0.0076712923674962 0.9947743750380508 0.9954066624602895
1.7087256088060345 -0.0015932986637817 0.0000442411183779 0.0078918184282463 0.9946749358355780 0.9953190456196570
1.7249170629259216 -0.0016235785117446 0.0000442172450679 0.0081177991163657 0.9945740022851679 0.9952301040488521
1.7411997332158711 -0.0016543147255141 0.0000441930141858 0.0083493480919860 0.9944715577671031 0.9951398227382166
1.7575737195835945 -0.0016855122513443 0.0000441684219345 0.0085865793013386 0.9943675862636842 0.9950481871976514
1.7740391944167297 -0.0017171762070462 0.0000441434643846 0.0088296096072961 0.9942620711997190 0.9949551824345743
1.7905962818416272 -0.0017493116530849 0.0000441181376550 0.0090785570789781 0.9941549962057664 0.9948607936263183
1.8072452058287556 -0.0017819238797928 0.0000440924376868 0.0093335432372186 0.9940463441614833 0.9947650052765717
1.8239860257090732 -0.0018150178912218 0.0000440663606501 0.0095946890561384 0.9939360989156714 0.9946678027314583
1.8408188772802121 -0.0018485988735318 0.0000440399025749 0.0098621186166787 0.9938242437259823 0.9945691708038288
1.8577439813285042 -0.0018826722192076 0.0000440130593321 0.0101359593783499 0.9937107611789058 0.9944690937022079
1.8747614303728128 -0.0019172430997451 0.0000439858269702 0.0104163387840456 0.9935956346134118 0.9943675562859204
1.8918713331370578 -0.0019523167514548 0.0000439582014905 0.0107033865387331 0.9934788471692451 0.9942645432256957
1.9090738615770848 -0.0019878985747003 0.0000439301787686 0.0109972354667895 0.9933603814569844 0.9941600387122645
1.9263692010853544 -0.0020239940354499 0.0000439017546323 0.0112980207594881 0.9932402198864108 0.9940540267455803
1.9437573895319717 -0.0020606083261984 0.0000438729251287 0.0116058771466732 0.9931183457955624 0.9939464921307350
1.9612385875795662 -0.0020977469290154 0.0000438436860810 0.0119209436021431 0.9929947415767109 0.9938374188243545
1.9788129584540615 -0.0021354153683081 0.0000438140332830 0.0122433613379169 0.9928693894999957 0.9937267906608069
1.9964806793843493 -0.0021736192360004 0.0000437839624794 0.0125732740496424 0.9927422716300985 0.9936145912783239
2.0142418813745198 -0.0022123640610059 0.0000437534694691 0.0129108268112603 0.9926133702609803 0.9935008045024092
2.0320966881242875 -0.0022516553909121 0.0000437225500404 0.0132561667828881 0.9924826676444150 0.9933854141060041
2.0500451259394841 -0.0022914985904777 0.0000436912001300 0.0136094414343998 0.9923501466605728 0.9932684044013177
2.0680874055141185 -0.0023318994659424 0.0000436594153318 0.0139708040933149 0.9922157887419182 0.9931497584064511
2.0862236532149305 -0.0023728636734029 0.0000436271913624 0.0143404087666783 0.9920795758417019 0.9930294595829501
2.1044539904998794 -0.0024143968923943 0.0000435945239247 0.0147184116801993 0.9919414898569567 0.9929074913261051
2.1227785646454520 -0.0024565048963703 0.0000435614086526 0.0151049719483176 0.9918015123946806 0.9927838367580620
2.1411974763837631 -0.0024991933868774 0.0000435278412417 0.0155002500805029 0.9916596253236007 0.9926584792148714
2.1597108741643787 -0.0025424682102702 0.0000434938172784 0.0159044099964222 0.9915158100542664 0.9925314016101686
2.1783188651737082 -0.0025863351518513 0.0000434593324026 0.0163176171476787 0.9913700482238126 0.9924025870397867
2.1970215632628185 -0.0026308000462260 0.0000434243822205 0.0167400395573993 0.9912223213296415 0.9922720184577792
2.2158191339897457 -0.0026758688864529 0.0000433889622193 0.0171718489015264 0.9910726103674384 0.9921396783560118
2.2347116864047671 -0.0027215475665808 0.0000433530679695 0.0176132180864201 0.9909208966870767 0.9920055495202819
2.2536993470000959 -0.0027678420570317 0.0000433166949870 0.0180643229361580 0.9907671614104649 0.9918696145154169
2.2727821963289658 -0.0028147582499412 0.0000432798388553 0.0185253407091337 0.9906113859456874 0.9917318561395024
2.2919603506372073 -0.0028623021576915 0.0000432424950690 0.0189964520525832 0.9904535513282481 0.9915922568410315
2.3112339613539201 -0.0029104799153208 0.0000432046590323 0.0194778410878198 0.9902936382138766 0.9914507987119582
2.3306031524365367 -0.0029592976256447 0.0000431663261810 0.0199696939060167 0.9901316273933103 0.9913074639425701
2.3500679947835659 -0.0030087612911722 0.0000431274920358 0.0204721978719974 0.9899675000186113 0.9911622350214858
2.3696286679937333 -0.0030588772247235 0.0000430881518802 0.0209855458168856 0.9898012362412585 0.9910150935301673
2.3892852087096768 -0.0031096514081617 0.0000430483012639 0.0215099295307285 0.9896328173404580 0.9908660220258386
2.4090377690051015 -0.0031610901529906 0.0000430079354844 0.0220455465405412 0.9894622235320942 0.9907150021020763
2.4288865094950203 -0.0032131998308064 0.0000429670497990 0.0225925974209156 0.9892894348639237 0.9905620151803628
2.4488314458298972 -0.0032659864663665 0.0000429256397439 0.0231512815075445 0.9891144325652848 0.9904070437048901
2.4688727280900014 -0.0033194564705498 0.0000428837005594 0.0237218046119317 0.9889371966173202 0.9902500689908205
2.4890105048955067 -0.0033736162878208 0.0000428412274668 0.0243043753922485 0.9887577069229277 0.9900910722594525
2.5070995280027963 -0.0034226354396657 0.0000428027919814 0.0248356855511801 0.9885952822292456 0.9899471696696734
2.5251885511100860 -0.0034720030199782 0.0000427640884748 0.0253746293645398 0.9884317269052598 0.9898022437806148
2.5456054874044098 -0.0035281434539170 0.0000427200823930 0.0259921672160971 0.9882457662816233 0.9896374382751604
2.5661092923065185 -0.0035849704520082 0.0000426755460101 0.0266222629247737 0.9880575675397267 0.9894706207036060
2.5867100866768151 -0.0036425179346084 0.0000426304530436 0.0272654382676868 0.9878670197232429 0.9893016916481774
2.6074079651838029 -0.0037007923951182 0.0000425847987194 0.0279219171184224 0.9876741027707309 0.9891306322117919
2.6282029784490932 -0.0037598002343231 0.0000425385783442 0.0285919248896915 0.9874787969645864 0.9889574237748587
2.6490952334425022 -0.0038195480437238 0.0000424917870836 0.0292756917586623 0.9872810819938910 0.9887820471637624
2.6700848687431358 -0.0038800425402205 0.0000424444200135 0.0299734520079562 0.9870809371717908 0.9886044828428048
2.6911719438790112 -0.0039412902470198 0.0000423964723703 0.0306854403705598 0.9868783424919927 0.9884247118509912
2.7123565912202792 -0.0040032979310752 0.0000423479392080 0.0314118970986600 0.9866732771822796 0.9882427145182338
2.7336388254112913 -0.0040660720470462 0.0000422988158345 0.0321530614959803 0.9864657215443586 0.9880584720975799
2.7550188255327339 -0.0041296195658297 0.0000422490971625 0.0329091816828461 0.9862556542149027 0.9878719643336298
2.7764966846787136 -0.0041939472403642 0.0000421987782850 0.0336805060078978 0.9860430545943472 0.9876831716176493
2.7980724190424646 -0.0042590616233818 0.0000421478544608 0.0344672831751914 0.9858279027881983 0.9874920749355893
2.8197461212395862 -0.0043249695265660 0.0000420963207560 0.0352697677747799 0.9856101780903892 0.9872986545207318
2.8415179401271669 -0.0043916779672445 0.0000420441720857 0.0360882197579982 0.9853898591610432 0.9871028900104299
2.8633878794307277 -0.0044591935509120 0.0000419914036973 0.0369228968830190 0.9851669260666817 0.9869047622583943
2.8853561121086693 -0.0045275234358353 0.0000419380104162 0.0377740665944337 0.9849413570954733 0.9867042505041841
2.9074226910981320 -0.0045966744429335 0.0000418839873420 0.0386419950812795 0.9847131316975802 0.9865013349855715
2.9295876954626539 -0.0046666535048900 0.0000418293294977 0.0395269528301843 0.9844822290029474 0.9862959956208237
2.9518512192582085 -0.0047374676336502 0.0000417740318553 0.0404292142741885 0.9842486279297752 0.9860882121043522
2.9742133518026455 -0.0048091238587272 0.0000417180893842 0.0413490570472449 0.9840123073891317 0.9858779640880078
2.9966741297949238 -0.0048816290715075 0.0000416614971727 0.0422867599832228 0.9837732467991654 0.9856652316381410
3.0192336296527942 -0.0049549903203445 0.0000416042501982 0.0432426069197965 0.9835314251128043 0.9854499943700237
3.0418919702692677 -0.0050292148243269 0.0000415463433167 0.0442168869667871 0.9832868207739264 0.9852322314077877
3.0646492175627391 -0.0051043096622584 0.0000414877715054 0.0452098904727076 0.9830394127435549 0.9850119222972203
3.0875053949349121 -0.0051802818011737 0.0000414285298411 0.0462219093492017 0.9827891804062590 0.9847890469223157
3.1104606210745267 -0.0052571385542155 0.0000413686131427 0.0472532431938618 0.9825361020630677 0.9845635841623244
3.1335149297204552 -0.0053348869821403 0.0000413080164388 0.0483041913517742 0.9822801569039018 0.9843355136478371
3.1566684171992274 -0.0054135343859246 0.0000412467345834 0.0493750595339313 0.9820213233864306 0.9841048143160008
3.1799211454481271 -0.0054930879814137 0.0000411847625101 0.0504661554686050 0.9817595803084427 0.9838714653652642
3.2032731893333852 -0.0055735550587287 0.0000411220951078 0.0515777910801879 0.9814949062842013 0.9836354457880971
3.2267245983829493 -0.0056549428505604 0.0000410587273237 0.0527102806978052 0.9812272801788258 0.9833967347576450
3.2502754446623650 -0.0057372586969457 0.0000409946540354 0.0538639433548456 0.9809566805674456 0.9831553111447633
3.2739257465001059 -0.0058205097785957 0.0000409298702583 0.0550390990757337 0.9806830866130104 0.9829111543004961
3.2976756267404261 -0.0059047036731556 0.0000408643707133 0.0562360767422342 0.9804064762393057 0.9826642424250427
3.3215251327656543 -0.0059898477234610 0.0000407981503186 0.0574552052273599 0.9801268282085711 0.9824145544209290
3.3454742654889480 -0.0060759491326750 0.0000407312041160 0.0586968146633450 0.9798441218091111 0.9821620696142581
3.3695231516188153 -0.0061630155842265 0.0000406635267885 0.0599612454148565 0.9795583348211162 0.9819067659372012
3.3936717653417499 -0.0062510542394915 0.0000405951134408 0.0612488336245221 0.9792694468087064 0.9816486228675806
3.4179202177727364 -0.0063400727847149 0.0000405259587848 0.0625599264276082 0.9789774356846711 0.9813876183593975
3.4422685344652604 -0.0064300786231007 0.0000404560577685 0.0638948702080380 0.9786822803633061 0.9811237312122326
3.4667167675857669 -0.0065210792828483 0.0000403854052591 0.0652540165769950 0.9783839594226912 0.9808569398752413
3.4866489111551395 -0.0065957338167606 0.0000403274596809 0.0663760692737266 0.9781392974995763 0.9806380808012662
3.5065810547245122 -0.0066708020946572 0.0000402692055724 0.0675107398747165 0.9778933377123635 0.9804180102673267
3.5300004405092018 -0.0067595349298892 0.0000402003658060 0.0688601388268088 0.9776026898861312 0.9801578901834341
3.5548089471801561 -0.0068541569596793 0.0000401269794221 0.0703087944891429 0.9772928537895531 0.9798805192882964
3.5797143984860291 -0.0069497962264101 0.0000400528274907 0.0717831225536236 0.9769797939304830 0.9796001806439273
3.6047200157933901 -0.0070464724552069 0.0000399778955103 0.0732836800271033 0.9766634493651097 0.9793168170320015
3.6298257867119372 -0.0071441931006570 0.0000399021785155 0.0748108401386304 0.9763437994175145 0.9790304072232638
3.6550317897898270 -0.0072429659961845 0.0000398256712658 0.0763649855416767 0.9760208222562067 0.9787409288975606
3.6803380507517520 -0.0073427987969504 0.0000397483686773 0.0779464996694671 0.9756944967183531 0.9784483602772368
3.7057446042150657 -0.0074436992187883 0.0000396702656385 0.0795557704711671 0.9753648015295056 0.9781526794273555
3.7312514979575875 -0.0075456750564749 0.0000395913569958 0.0811931907465324 0.9750317152456792 0.9778538642027498
3.7568587646577591 -0.0076487340713528 0.0000395116376414 0.0828591563734803 0.9746952166220915 0.9775518925779053
3.7825663690058615 -0.0077528837743267 0.0000394311026809 0.0845540627540978 0.9743552853225256 0.9772467432832804
3.8083743834162327 -0.0078581321356529 0.0000393497468854 0.0862783163519580 0.9740118996038714 0.9769383937262283
3.8342828436151568 -0.0079644870046148 0.0000392675651398 0.0880323253469498 0.9736650382127501 0.9766268216920369
3.8602917646678887 -0.0080719561710276 0.0000391845523963 0.0898165006004332 0.9733146801857785 0.9763120051642632
3.8864011047233502 -0.0081805472111495 0.0000391007037933 0.0916312530452447 0.9729608053527390 0.9759939227766373
3.9126109050436693 -0.0082902680680199 0.0000390160142075 0.0934770033680595 0.9726033924466430 0.9756725521137418
3.9389212430337324 -0.0084011268641823 0.0000389304783993 0.0953541790360758 0.9722424197173639 0.9753478702604907
3.9653321223023368 -0.0085131314389015 0.0000388440913704 0.0972632064891445 0.9718778664403944 0.9750198551582329
3.9918434988581315 -0.0086262894502396 0.0000387568482850 0.0992045127444196 0.9715097125845187 0.9746884853062414
4.0184553730993740 -0.0087406087649134 0.0000386687441691 0.1011785320531442 0.9711379375445977 0.9743537386206880
4.0451678348774260 -0.0088560976598244 0.0000385797737567 0.1031857095353829 0.9707625194896595 0.9740155918455179
4.0719808280217800 -0.0089727638066093 0.0000384899322719 0.1052264835953812 0.9703834386662213 0.9736740235264908
4.0988943262573763 -0.0090906150241593 0.0000383992148497 0.1073012988751268 0.9700006749521666 0.9733290118083296
4.1259083713568163 -0.0092096594513959 0.0000383076164033 0.1094106094115227 0.9696142072987022 0.9729805339298938
4.1530229389880011 -0.0093299049599660 0.0000382151320770 0.1115548683147112 0.9692240156397681 0.9726285679443353
4.1802380584052274 -0.0094513596808281 0.0000381217568408 0.1137345370991237 0.9688300791842582 0.9722730911784199
4.2075537233983935 -0.0095740316106133 0.0000380274857945 0.1159500787019951 0.9684323776956139 0.9719140813856232
4.2221823889017722 -0.0096400439004589 0.0000379767732606 0.1171481077749063 0.9682184425462615 0.9717209032150099
4.2368110544051509 -0.0097062736685468 0.0000379259030681 0.1183542004029906 0.9680038460632366 0.9715270882037667
4.2569840205159410 -0.0097979657803598 0.0000378554945281 0.1200306769419077 0.9677068336730683 0.9712587728133638
4.2845978235006950 -0.0099241581676354 0.0000377586307093 0.1223505771547479 0.9672982350916536 0.9708895279578035
4.3122954818942389 -0.0100515221826893 0.0000376609108476 0.1247067564109116 0.9668860409314906 0.9705168874347411
4.3400937070640140 -0.0101801420842734 0.0000375622716181 0.1271010937532227 0.9664699845452550 0.9701406059979464
4.3679923386920043 -0.0103100252727849 0.0000374627087324 0.1295340632465602 0.9660500483300316 0.9697606633397485
4.3959914381603191 -0.0104411801940976 0.0000373622171288 0.1320061622488780 0.9656262114322657 0.9693770361332079
4.4240909564131448 -0.0105736148012653 0.0000372607921529 0.1345178827557974 0.9651984547255325 0.9689897025333704
4.4522908408721289 -0.0107073370471810 0.0000371584291799 0.1370697205412013 0.9647667592184875 0.9685986407368902
4.4805910690174704 -0.0108423550447770 0.0000370551234926 0.1396621782402410 0.9643311055400966 0.9682038285146015
4.5089916389851679 -0.0109786770261442 0.0000369508703133 0.1422957646488925 0.9638914740748271 0.9678052433322993
4.5374925511697723 -0.0111163112564817 0.0000368456648703 0.1449709931140613 0.9634478452430411 0.9674028626035268
4.5660937007783424 -0.0112552655109159 0.0000367395027982 0.1476883712878999 0.9630002011884011 0.9669966652200105
4.5947950695295479 -0.0113955479989133 0.0000366323794312 0.1504484190751012 0.9625485228001475 0.9665866288501394
4.6235965929178526 -0.0115371667223887 0.0000365242902951 0.1532516561426933 0.9620927917840923 0.9661727318166574
4.6524982541009949 -0.0116801299347615 0.0000364152307562 0.1560986109599808 0.9616329891869448 0.9657549517560461
4.6815000877617514 -0.0118244461673311 0.0000363051960030 0.1589898214735012 0.9611690953160268 0.9653332655430367
4.7106019487860218 -0.0119701230756431 0.0000361941819260 0.1619258119485961 0.9607010934491971 0.9649076526625634
4.7398037873576229 -0.0121171688021955 0.0000360821840782 0.1649071201457404 0.9602289654550260 0.9644780912288711
4.7691055926177350 -0.0122655917044439 0.0000359691978846 0.1679342920423046 0.9597526926721095 0.9640445587820111
4.7985072927103447 -0.0124153998499347 0.0000358552190264 0.1710078715660099 0.9592722575320631 0.9636070337638967
4.8159884450277533 -0.0125048874622534 0.0000357871636649 0.1728525191802456 0.9589854062556155 0.9633457049513159
4.8334695973451618 -0.0125946832069101 0.0000357188941978 0.1747100504098316 0.9586976601042287 0.9630834874184518
4.8522107056057049 -0.0126912930448010 0.0000356454667811 0.1767158176758872 0.9583881824026586 0.9628013841374082
4.8819166229746642 -0.0128451577569209 0.0000355285768523 0.1799256400690757 0.9578955404714602 0.9623521421967074
4.9116992348753561 -0.0130003199282453 0.0000354107679698 0.1831815221100035 0.9573990493366649 0.9618991711568899
4.9415814282388473 -0.0131569062642372 0.0000352919458346 0.1864864937602944 0.9568983122497504 0.9614421033095194
4.9715631563713440 -0.0133149250474692 0.0000351721061764 0.1898411255928450 0.9563933119194740 0.9609809167928450
5.0016443109885955 -0.0134743842512826 0.0000350512449990 0.1932459853717182 0.9558840322212809 0.9605155907115496
5.0318248220863673 -0.0136352920645114 0.0000349293581823 0.1967016491492449 0.9553704565224426 0.9600461036066811
5.0621046054820829 -0.0137976566153751 0.0000348064416924 0.2002086954037909 0.9548525685672389 0.9595724342630261
5.0924835601483913 -0.0139614859550345 0.0000346824915947 0.2037677046289087 0.9543303525313259 0.9590945617584665
5.1229616185574827 -0.0141267883289759 0.0000345575038489 0.2073792652155883 0.9538037921593506 0.9586124646739395
5.1535386977584974 -0.0142935719147358 0.0000344314745083 0.2110439677772415 0.9532728716042965 0.9581261218601852
5.1842147181669018 -0.0144618449230600 0.0000343043996438 0.2147624073316864 0.9527375751077639 0.9576355121442987
5.2149895214246325 -0.0146316151442110 0.0000341762756871 0.2185351731929779 0.9521978884448108 0.9571406156539021
5.2458630908053534 -0.0148028911620615 0.0000340470985145 0.2223628758973457 0.9516537950665606 0.9566414102794847
5.2768352076376930 -0.0149756804542349 0.0000339168648813 0.2262461048648590 0.9511052821407252 0.9561378772140005
5.3079059034616902 -0.0151499919044966 0.0000337855705276 0.2301854846198823 0.9505523325749783 0.9556299936322892
5.3314571148834107 -0.0152827663227060 0.0000336856210186 0.2332008361696198 0.9501314134736206 0.9552431926754257
5.3516625600865595 -0.0153971180627561 0.0000335995761057 0.2358080633745509 0.9497690647243346 0.9549100847716235
5.3716113828976360 -0.0155104178417120 0.0000335143576414 0.2384005793266166 0.9494102090919347 0.9545800695785657
5.4030042317088780 -0.0156895253848107 0.0000333797171200 0.2425175004164190 0.9488432636517614 0.9540584475847178
5.4344718462540262 -0.0158700545481752 0.0000332441014239 0.2466900156467983 0.9482722453107980 0.9535327797947721
5.4660373954804458 -0.0160521459273075 0.0000331074074791 0.2509217867889235 0.9476967209551960 0.9530026601655243
5.4977007338386876 -0.0162358074770506 0.0000329696320043 0.2552134385235050 0.9471166777069731 0.9524680690729809
5.5294616760613406 -0.0164210469291523 0.0000328307719345 0.2595655935842141 0.9465321036152341 0.9519289876345488
5.5613200960455096 -0.0166078723676358 0.0000326908239903 0.2639788862144410 0.9459429858427861 0.9513853960364311
5.5932759559230822 -0.0167962924104068 0.0000325497845436 0.2684539666872808 0.9453493101015377 0.9508372730083881
5.6253289764664123 -0.0169863142644965 0.0000324076510739 0.2729914550541800 0.9447510667825373 0.9502846014830540
5.6574790796920151 -0.0171779463328626 0.0000322644202171 0.2775920029567422 0.9441482427441773 0.9497273610144042
5.6897260913619441 -0.0173711964594552 0.0000321200890803 0.2822562518920554 0.9435408268443554 0.9491655328849662
5.7220698264164493 -0.0175660724301540 0.0000319746548668 0.2869848450061608 0.9429288083638474 0.9485990986503928
5.7545101226207702 -0.0177625821757077 0.0000318281147253 0.2917784319843484 0.9423121763721345 0.9480280395517773
5.7870468468056817 -0.0179607338138935 0.0000316804657201 0.2966376701444343 0.9416909196003589 0.9474523363958539
5.8196797610336972 -0.0181605183628379 0.0000315317059633 0.3015632043387318 0.9410650289352904 0.9468719718994785
5.8519198657871074 -0.0183589425853663 0.0000313840757197 0.3064807386956440 0.9404439323293706 0.9462956875855205
5.8847443268379376 -0.0185620300108496 0.0000312330970530 0.3115400000440823 0.9398087918203140 0.9457059956468246
5.9176634917944311 -0.0187667839081155 0.0000310810037781 0.3166673813068091 0.9391690067841048 0.9451116053021736
5.9506781542373517 -0.0189732181499968 0.0000309277889540 0.3218636974775078 0.9385245491945967 0.9445124811938079
5.9837881025199797 -0.0191813404117297 0.0000307734503072 0.3271296122238472 0.9378754106809412 0.9439086060836269
6.0169930825920472 -0.0193911581056786 0.0000306179858180 0.3324657851294648 0.9372215839586192 0.9432999636204259
6.0502929691780265 -0.0196026794649113 0.0000304613929183 0.3378728992456282 0.9365630594570626 0.9426865351993620
6.0836874833104453 -0.0198159117567327 0.0000303036698159 0.3433516155618712 0.9358998308889036 0.9420683051464329
6.1171763493421052 -0.0200308622680137 0.0000301448147646 0.3489025978353804 0.9352318921788523 0.9414452578617420
6.1507594261671628 -0.0202475391550169 0.0000299848254370 0.3545265346657736 0.9345592348303313 0.9408173753598532
6.1844363769749426 -0.0204659493190811 0.0000298237004955 0.3602240844575992 0.9338818545271121 0.9401846434291309
6.2055259648965659 -0.0206032895312403 0.0000297224494602 0.3638216964911690 0.9334562134312984 0.9397868309741699
6.2246197404371140 -0.0207280118642990 0.0000296305487631 0.3670985842457998 0.9330698969620258 0.9394256203044834
6.2585298781049419 -0.0209504097986919 0.0000294667941521 0.3729646335455745 0.9323815754121851 0.9387816726079141
6.2925049442953700 -0.0211743801382389 0.0000293020343832 0.3789016136122806 0.9316890835049745 0.9381333589665096
6.3265728820182794 -0.0214001147799493 0.0000291361321014 0.3849150591645718 0.9309918452569478 0.9374801300118715
6.3607334079766229 -0.0216276209767561 0.0000289690860355 0.3910056486930602 0.9302898567402043 0.9368219712339616
6.3949861984054497 -0.0218569057118082 0.0000288008951785 0.3971740552163436 0.9295831151583284 0.9361588690555047
6.4293310131306951 -0.0220879765289401 0.0000286315581788 0.4034209685468125 0.9288716162896864 0.9354908084330006
6.4637675101321905 -0.0223208402904252 0.0000284610742525 0.4097470617669766 0.9281553583189849 0.9348177764519884
6.4982953786656532 -0.0225555040672141 0.0000282894425304 0.4161530150753276 0.9274343390957209 0.9341397597550910
6.5329142900100292 -0.0227919748076374 0.0000281166623016 0.4226395067474641 0.9267085571573472 0.9334567455026853
6.5446352463853010 -0.0228723064922120 0.0000280580065952 0.4248501277165976 0.9264621817772404 0.9332247695333441
6.5563562027605728 -0.0229527698876304 0.0000279992716485 0.4270680907047144 0.9262154801515516 0.9329924260820427
6.5740256108914661 -0.0230743217721497 0.0000279105787593 0.4304255794911518 0.9258429606768689 0.9326414729713426
6.6088739695711149 -0.0233149592911929 0.0000277351285287 0.4370964492425218 0.9251061001064835 0.9319468652684229
6.6437807341987023 -0.0235572076791328 0.0000275586867232 0.4438440086282299 0.9243651408405180 0.9312478483455282
6.6787771421398494 -0.0238012912971869 0.0000273810943200 0.4506749538500726 0.9236194165985601 0.9305437823699543
6.7138628097819861 -0.0240472166948459 0.0000272023512569 0.4575899582293891 0.9228689287606223 0.9298346565134507
6.7490372970863124 -0.0242949900176494 0.0000270224578369 0.4645896843823706 0.9221136802630969 0.9291204612921427
6.7843002100094667 -0.0245446177248753 0.0000268414142068 0.4716748042924115 0.9213536734111156 0.9284011864999437
6.8196511577001733 -0.0247961062930357 0.0000266592205744 0.4788459909636190 0.9205889107886239 0.9276768220672309
6.8550896661032654 -0.0250494615980121 0.0000264758776556 0.4861039006103079 0.9198193971375698 0.9269473598427493
6.8760055888282219 -0.0251995771517938 0.0000263673415244 0.4904200416301633 0.9193638918522991 0.9265152793914397
6.8969215115531783 -0.0253501119774496 0.0000262585643636 0.4947603676644095 0.9189073989556831 0.9260820504612624
6.9216491096374249 -0.0255286385770217 0.0000261296533516 0.4999229310289554 0.9183664462580892 0.9255683911581876
6.9573560900427234 -0.0257875029493890 0.0000259429126949 0.5074376752994774 0.9175828867363148 0.9248238358089493
6.9931296546423116 -0.0260481175918691 0.0000257551262138 0.5150376717833547 0.9167950171772564 0.9240745513628125
7.0289885507672096 -0.0263106273193926 0.0000255661946925 0.5227276008130379 0.9160024231079652 0.9233201308901000
7.0649321989892533 -0.0265750371492741 0.0000253761198945 0.5305080928802931 0.9152051138055941 0.9225605698344946
7.1009601886333327 -0.0268413533234213 0.0000251849027782 0.5383798138505725 0.9144030951962914 0.9217958603284979
7.1370718892707270 -0.0271095804466475 0.0000249925455543 0.5463433805270191 0.9135963784834142 0.9210259994160769
7.1732667347333017 -0.0273797235729978 0.0000247990501860 0.5543994218320908 0.9127849738557922 0.9202509830614591
7.1932536537120955 -0.0275294415484391 0.0000246919048873 0.5588798941592201 0.9123357052059605 0.9198215675552737
7.2116009354819441 -0.0276672241061138 0.0000245933641013 0.5630128326792189 0.9119225389739988 0.9194264732578171
7.2479952825626244 -0.0279415232173936 0.0000243973721138 0.5712679293274485 0.9111008416537386 0.9186401867402199
7.2844407513813474 -0.0282175251647962 0.0000242004113945 0.5796105720825798 0.9102751727449324 0.9178493870982610
7.3209668497891167 -0.0284954610063805 0.0000240023226207 0.5880481708913938 0.9094448663065740 0.9170534231486827
7.3575728912717553 -0.0287753347386557 0.0000238031088855 0.5965813150704579 0.9086099373883144 0.9162522949581354
7.3942582235738579 -0.0290571505870684 0.0000236027731948 0.6052105987495537 0.9077704006980334 0.9154460021629134
7.4310220175058816 -0.0293409113791370 0.0000234013196227 0.6139365707853125 0.9069262754451859 0.9146345486247931
7.4435216791254213 -0.0294376960173573 0.0000233326690628 0.6169212777662972 0.9066386398560077 0.9143578728197902
7.4525923765463018 -0.0295080264675318 0.0000232828015017 0.6190928977721134 0.9064297091366526 0.9141568477369173
7.4613881297254050 -0.0295762971428832 0.0000232344059422 0.6212032683534152 0.9062269504941008 0.9139617167113459
7.4983431449655571 -0.0298639745373017 0.0000230306474576 0.6301192049130909 0.9053733430614468 0.9131397398593993
7.5353247069488001 -0.0301532188881527 0.0000228260560408 0.6391214507192813 0.9045163469306651 0.9123137153039736
7.5723817706990042 -0.0304444194656951 0.0000226203621424 0.6482224950010577 0.9036548350387226 0.9114825432913157
7.6095134580796540 -0.0307375784687639 0.0000224135706264 0.6574228520958040 0.9027888300152218 0.9106462305575002
7.6467188684759213 -0.0310326978598566 0.0000222056865944 0.6667230250275966 0.9019183555084270 0.9098047847462585
7.6839969411445956 -0.0313297782621790 0.0000219967161605 0.6761234702770709 0.9010434394271103 0.9089582175519678
7.6979050521347112 -0.0314409714707080 0.0000219185775914 0.6796517918133642 0.9007163171877793 0.9086414809300932
7.7118131631248268 -0.0315523518428766 0.0000218403452283 0.6831915993649221 0.9003888166503369 0.9083242612798071
7.7254607314861863 -0.0316618276101482 0.0000217634874412 0.6866762723439715 0.9000670844566285 0.9080125150139667
7.7629265234439728 -0.0319633204621190 0.0000215520322138 0.6962995313557879 0.8991819939965471 0.9071543124163540
7.8004246295741044 -0.0322664775883462 0.0000213397191313 0.7060149627872565 0.8982934258686052 0.9062918744492516
7.8379912458831367 -0.0325715984012185 0.0000211263448636 0.7158325207598265 0.8974005313397829 0.9054243629875091
7.8756251607423247 -0.0328786818840636 0.0000209119170023 0.7257525833410529 0.8965033446069117 0.9045517955547066
7.9133251868406083 -0.0331877271172548 0.0000206964431305 0.7357755255132065 0.8956018998522329 0.9036741896287089
7.9323492030722393 -0.0333442169435376 0.0000205874587613 0.7408658002283247 0.8951460042849528 0.9032300068276529
7.9513732193038704 -0.0335010592808958 0.0000204783058488 0.7459779432329997 0.8946894329226160 0.9027849338702443
7.9692372310242083 -0.0336486626386967 0.0000203756555626 0.7507983046444193 0.8942600884434057 0.9023661901653097
8.0071256933036299 -0.0339627801955164 0.0000201574515536 0.7610860105299186 0.8933475207042366 0.9014754702697980
8.0450460760149198 -0.0342786060963995 0.0000199384017876 0.7714696968075977 0.8924315410856273 0.9005804819169527
8.0830267194950434 -0.0345963831544624 0.0000197183446493 0.7819576747049897 0.8915114761787803 0.8996805522245447
8.1210660095136351 -0.0349161062495599 0.0000194972909267 0.7925501422676021 0.8905873736552515 0.8987757117885998
8.1396584404012824 -0.0350729074347625 0.0000193890089155 0.7977596321856711 0.8901347543405971 0.8983321743056476
8.1514301656934052 -0.0351723656772093 0.0000193203702001 0.8010689547631960 0.8898478604190299 0.8980509166104921
8.1632018909855280 -0.0352719582427899 0.0000192516695054 0.8043867790154934 0.8895607192812710 0.8977693229800195
8.1757171429566800 -0.0353779891269616 0.0000191785616897 0.8079234955855638 0.8892551712702124 0.8974695751635194
8.2139309134246776 -0.0357027194529029 0.0000189549038512 0.8187820182194557 0.8883205013666897 0.8965519877108706
8.2521597957937711 -0.0360290541697936 0.0000187305096404 0.8297348526338632 0.8873828901948770 0.8956305099186130
8.2904401030543209 -0.0363573089919188 0.0000185051688524 0.8407928642756466 0.8864414618731337 0.8947042663808393
8.3287698765590310 -0.0366874749348377 0.0000182788951216 0.8519560702348707 0.8854962760193964 0.8937732996863417
8.3464774584523926 -0.0368405079655021 0.0000181741456543 0.8571440267689876 0.8850587665586136 0.8933420228058542
8.3579271519963303 -0.0369396282478071 0.0000181063426053 0.8605089215641313 0.8847755882287871 0.8930627604490342
8.3693768455402680 -0.0370388726401920 0.0000180384832943 0.8638819681102288 0.8844921863693165 0.8927831846751126
8.3817801760332866 -0.0371465316264888 0.0000179649083949 0.8675451586072889 0.8841849286357176 0.8924799698464233
8.4202505862841370 -0.0374814430055153 0.0000177362874434 0.8789679545379275 0.8832302760446611 0.8915371784855493
8.4587332455211541 -0.0378179670409356 0.0000175069624295 0.8904868174891141 0.8822728306881806 0.8905905619759287
8.4972564228456609 -0.0381563563205495 0.0000172767683303 0.9021106185142655 0.8813119061137998 0.8896394270090007
8.5358177842004821 -0.0384965973340114 0.0000170457219198 0.9138391555399648 0.8803475750501395 0.8886838297692279
8.5462992263011248 -0.0385893414749824 0.0000169828134128 0.9170432611660596 0.8800850367766545 0.8884234795272076
8.5567806684017675 -0.0386821899259361 0.0000169198594915 0.9202542773157050 0.8798223191442273 0.8881628700059915
8.5679905273173027 -0.0387816135230050 0.0000168524801393 0.9236960982409428 0.8795411457654070 0.8878838624755152
8.6066550080349700 -0.0391255269498368 0.0000166196801557 0.9356282138003869 0.8785697743462212 0.8869192530239824
8.6453116738347688 -0.0394709020294526 0.0000163863131860 0.9476522589019771 0.8775961946444950 0.8859513261108054
8.6839968994117207 -0.0398180676491983 0.0000161521639479 0.9597798352576122 0.8766195110032539 0.8849791775890361
8.7227079722371474 -0.0401670054573538 0.0000159172523843 0.9720105019419031 0.8756398093171344 0.8840028777135650
8.7614419284009841 -0.0405176597631881 0.0000156816013436 0.9843437098309237 0.8746571823978821 0.8830225040712075
8.7963461289970120 -0.0408349682300366 0.0000154687382967 0.9955393285035142 0.8737697196137032 0.8821360750379932
8.8351190984668957 -0.0411889230886670 0.0000152317173702 1.0080670082680996 0.8727816981786517 0.8811480821274517
8.8739027411610003 -0.0415445325457874 0.0000149940417884 1.0206943005578941 0.8717911179743456 0.8801563387076733
8.8847165706197355 -0.0416439632535453 0.0000149276675740 1.0242322729289512 0.8715145152674401 0.8798791973949327
8.8955304000784707 -0.0417435087655276 0.0000148612482401 1.0277777423121504 0.8712377369715189 0.8796017865610117
8.9062415602525871 -0.0418422255600864 0.0000147954150217 1.0312969449016767 0.8709634138753266 0.8793267440386016
8.9450569177836208 -0.0422009568468209 0.0000145564767566 1.0441116384180140 0.8699678837755741 0.8783278278290673
8.9838623396111217 -0.0425611641501299 0.0000143170231567 1.0570199121473249 0.8689703827593346 0.8773257109524807
9.0226685337717942 -0.0429229497193154 0.0000140769931968 1.0700254882108038 0.8679706591040547 0.8763201276847206
9.0389088707430361 -0.0430748236354796 0.0000139763724973 1.0754971546480721 0.8675516277850229 0.8758982718273302
9.0497548733879114 -0.0431763983882350 0.0000139091187583 1.0791608629470191 0.8672715686055266 0.8756162032624096
9.0597161735095622 -0.0432697935621177 0.0000138473121899 1.0825324253543267 0.8670142047323514 0.8753569068034333
9.0985349692445787 -0.0436347431656877 0.0000136061017485 1.0957325506703866 0.8660099143085753 0.8743442850082949
9.1373214371788638 -0.0440009689295956 0.0000133645352195 1.1090192328348132 0.8650043258308971 0.8733290902438664
9.1760930236033094 -0.0443686364504179 0.0000131225097890 1.1223984557214439 0.8639970136096707 0.8723108816561881
9.1845260537378870 -0.0444488159660181 0.0000130697953987 1.1253214527194242 0.8637776406998221 0.8720889661664112
9.1929590838724646 -0.0445290643558441 0.0000130170554123 1.1282490785239909 0.8635581692817350 0.8718668902481735
9.2022883192482947 -0.0446179269165160 0.0000129586806192 1.1314932276158645 0.8633152594704306 0.8716210268133756
9.2410306836107488 -0.0449879387689360 0.0000127159264387 1.1450261905948820 0.8623052263157931 0.8705979108365061
9.2797418198677306 -0.0453592398568255 0.0000124728307949 1.1586460842632003 0.8612939643497045 0.8695722514034234
9.3184220154827226 -0.0457318331789387 0.0000122293979600 1.1723529506346364 0.8602814935866153 0.8685440584767874
9.3308219415140439 -0.0458516056978874 0.0000121512479681 1.1767677714863585 0.8599564970468766 0.8682137369698584
9.3422062655937097 -0.0459617104335388 0.0000120794513300 1.1808298735305465 0.8596579391930256 0.8679101678762786
9.3808230360826474 -0.0463362263013736 0.0000118355727956 1.1946722594257126 0.8586439267916188 0.8668782792938792
9.4194001531767562 -0.0467119487139258 0.0000115914283698 1.2085982286950414 0.8576290076661310 0.8658441389419653
9.4366672148018100 -0.0468806378834360 0.0000114819837430 1.2148631839213329 0.8571741065058242 0.8653801894613258
9.4451741299788381 -0.0469638631000233 0.0000114280264260 1.2179569394415692 0.8569498504595660 0.8651513739007262
9.4536810451558662 -0.0470471607116469 0.0000113740445840 1.2210554617144671 0.8567255015233628 0.8649223981564087
9.4621637237975111 -0.0471302962795007 0.0000113201920571 1.2241499043330253 0.8565016995255545 0.8646939153687480
9.5006685259338060 -0.0475086401868987 0.0000110754363313 1.2382559371264126 0.8554846601991510 0.8636547817437691
9.5390782959467693 -0.0478876420010417 0.0000108307870129 1.2524246852464798 0.8544682674655785 0.8626149564047059
9.5564088765546398 -0.0480591702252271 0.0000107202391671 1.2588495922103837 0.8540090651934317 0.8621447223857509
9.5661491586101519 -0.0481557166300456 0.0000106580642733 1.2624692981902397 0.8537508167958932 0.8618801479162883
9.5758894406656641 -0.0482523576809632 0.0000105958582109 1.2660952856430090 0.8534924510835092 0.8616153653046028
9.5906463866128906 -0.0483989685409337 0.0000105015536070 1.2716007856143214 0.8531007933030591 0.8612138120428288
9.6288770370954015 -0.0487798908474955 0.0000102569066261 1.2859309726604042 0.8520848907655859 0.8601712957383828
9.6670494010794918 -0.0491618187783561 0.0000100121566574 1.3003361104625373 0.8510687702561635 0.8591271843845144
9.6765224187282683 -0.0492568457179290 0.0000099513453225 1.3039259488885393 0.8508163345244525 0.8588675814580975
9.6859954363770449 -0.0493519639797898 0.0000098905052826 1.3075217556281924 0.8505637916918258 0.8586077832539636
9.6961092647184444 -0.0494536235192647 0.0000098255178441 1.3113673940208834 0.8502940475676748 0.8583301953809902
9.7340988988496449 -0.0498364776470276 0.0000095811190357 1.3258732477161455 0.8492797529191988 0.8572855337294679
9.7720278890293564 -0.0502202998343839 0.0000093366527935 1.3404519188867283 0.8482653919963005 0.8562394199822988
9.7814407872158746 -0.0503157985795516 0.0000092759129188 1.3440848000328163 0.8480133980649925 0.8559793224847141
9.7908536854023929 -0.0504113883862984 0.0000092151454578 1.3477235982387736 0.8477613020072146 0.8557190336741298
9.8009616400073440 -0.0505141441178443 0.0000091498600217 1.3516376794087921 0.8474904776488689 0.8554393120403008
9.8386640726349928 -0.0508984152434739 0.0000089060660236 1.3662973654497865 0.8464792807778719 0.8543940149853234
9.8763050713424718 -0.0512836290247227 0.0000086622306761 1.3810280668439110 0.8454681293596655 0.8533473723843291
9.8887292634571207 -0.0514111160101493 0.0000085816525106 1.3859110779479626 0.8451340299590036 0.8530012390594026
9.9011534555717695 -0.0515387704650946 0.0000085010273706 1.3908044391753234 0.8447997591204625 0.8526547750803928
9.9385552983104510 -0.0519240990656657 0.0000082580302350 1.4055979610396681 0.8437924415153644 0.8516097854995873
9.9556859127880255 -0.0521011063526966 0.0000081465928936 1.4124049878286054 0.8433305638369436 0.8511301670090111
9.9728165272656000 -0.0522784416282990 0.0000080350675663 1.4192317392816567 0.8428683679361780 0.8506499230493854
9.9956212326730789 -0.0525150081267150 0.0000078864670020 1.4283503101106616 0.8422525905806922 0.8500096410282274
10.0164374236344393 -0.0527314548370145 0.0000077506893908 1.4367043225955884 0.8416900220830882 0.8494242251808721
10.0534376833338239 -0.0531173859707297 0.0000075090330898 1.4516254327507039 0.8406889382194571 0.8483813946024392
10.0597522194753868 -0.0531834037873874 0.0000074677515189 1.4541811187153857 0.8405179476568961 0.8482031335322241
10.0660667556169496 -0.0532494630887547 0.0000074264584531 1.4567394945391721 0.8403469154448868 0.8480247881350440
10.0731203540134064 -0.0533233059691805 0.0000073803187200 1.4596004875278565 0.8401558162702064 0.8478254692777653
10.1098362193090505 -0.0537085863013385 0.0000071399164043 1.4745469691254571 0.8391602623598791 0.8467862649388715
10.1248194122873354 -0.0538662521142385 0.0000070417002898 1.4806725695706759 0.8387535938624384 0.8463613647714241
10.1398026052656203 -0.0540241727644267 0.0000069434199230 1.4868133478782244 0.8383466966671593 0.8459359921316295
10.1509021024189803 -0.0541413190163842 0.0000068705730915 1.4913722060116483 0.8380451219139011 0.8456205732297650
10.1609096226856668 -0.0542470581524673 0.0000068048630602 1.4954897067870743 0.8377731097540603 0.8453359636253497
10.1972596070620654 -0.0546320913527222 0.0000065659485753 1.5105026163579740 0.8367842453137431 0.8443004182969804
10.2143155449182874 -0.0548132747701599 0.0000064537185030 1.5175777492500850 0.8363198035130690 0.8438135716680928
10.2292556544008519 -0.0549722497307071 0.0000063553443331 1.5237914019059209 0.8359127414879893 0.8433866197974323
10.2441957638834165 -0.0551314761831530 0.0000062569083039 1.5300201967465314 0.8355054610752771 0.8429592018224580
10.2801612194462120 -0.0555158353491195 0.0000060196896437 1.5450769734633871 0.8345241236513814 0.8419283663693264
10.2890642338300058 -0.0556112109531126 0.0000059609128793 1.5488177481435270 0.8342810078123484 0.8416727739932117
10.2979672482137996 -0.0557066750322697 0.0000059021145760 1.5525639101417597 0.8340378162493894 0.8414170168410386
10.3070297378662179 -0.0558039400804285 0.0000058422409835 1.5563827097456766 0.8337901910253996 0.8411565093191751
10.3426071002112696 -0.0561866999827241 0.0000056069751243 1.5714285022208350 0.8328173180696558 0.8401321659996031
10.3613069572927028 -0.0563884711556820 0.0000054831801163 1.5793712812540619 0.8323054899340225 0.8395927085618996
10.3800068143741360 -0.0565906372259225 0.0000053592920341 1.5873378798563607 0.8317933375009346 0.8390525281115225
10.3993323306123173 -0.0567999946913871 0.0000052311612434 1.5955960671416580 0.8312637114939647 0.8384935156915710
10.4144867922619007 -0.0569644710320558 0.0000051306160174 1.6020896936891051 0.8308481569086316 0.8380546170370947
10.4237641175478064 -0.0570652933148678 0.0000050690339566 1.6060727222319560 0.8305936580329636 0.8377856966958285
10.4330414428337122 -0.0571662123638384 0.0000050074294523 1.6100616244157784 0.8303390814060598 0.8375165992306634
10.4416664849374108 -0.0572601245871444 0.0000049501361796 1.6137753393704586 0.8301023344460698 0.8372662630710255
10.4764936301380143 -0.0576402214038199 0.0000047185941226 1.6288226637432734 0.8291456959560372 0.8362538740885695
10.4842107005809719 -0.0577246369924559 0.0000046672460454 1.6321680977436583 0.8289335765565998 0.8360292101338992
10.4919277710239296 -0.0578091201147302 0.0000046158827183 1.6355176029559557 0.8287214047482263 0.8358044241773056
