0.0000964978459691 -0.0000000000114439 0.0000675337859566 0.0000000000000021 0.9999999999625890 0.9999999999733856
0.0001330116766439 -0.0000000000217446 0.0000675337859489 0.0000000000000055 0.9999999999285550 0.9999999999494301
0.0001777701423570 -0.0000000000388425 0.0000675337859361 0.0000000000000132 0.9999999998720633 0.9999999999096667
0.0002315438632592 -0.0000000000658971 0.0000675337859158 0.0000000000000291 0.9999999997826752 0.9999999998467477
0.0002950583569373 -0.0000000001070094 0.0000675337858850 0.0000000000000603 0.9999999996468408 0.9999999997511357
0.0003690148817932 -0.0000000001673777 0.0000675337858398 0.0000000000001180 0.9999999994473852 0.9999999996107416
0.0004540824848319 -0.0000000002534438 0.0000675337857754 0.0000000000002198 0.9999999991630246 0.9999999994105837
0.0005509183047750 -0.0000000003730681 0.0000675337856858 0.0000000000003925 0.9999999987677889 0.9999999991323820
0.0006601328261112 -0.0000000005356453 0.0000675337855640 0.0000000000006753 0.9999999982306378 0.9999999987542876
0.0007823435213146 -0.0000000007523334 0.0000675337854018 0.0000000000011240 0.9999999975147059 0.9999999982503516
0.0009181353395686 -0.0000000010361658 0.0000675337851892 0.0000000000018168 0.9999999965769308 0.9999999975902627
0.0010680700318767 -0.0000000014022183 0.0000675337849151 0.0000000000028601 0.9999999953675027 0.9999999967389602
0.0012327026418248 -0.0000000018678116 0.0000675337845665 0.0000000000043970 0.9999999938291946 0.9999999956561628
0.0014125682906166 -0.0000000024526496 0.0000675337841286 0.0000000000066163 0.9999999918969051 0.9999999942960466
0.0016081905259437 -0.0000000031790088 0.0000675337835846 0.0000000000097633 0.9999999894970335 0.9999999926068044
0.0018200812940542 -0.0000000040719122 0.0000675337829160 0.0000000000141533 0.9999999865469040 0.9999999905302421
0.0020487333776274 -0.0000000051592646 0.0000675337821018 0.0000000000201855 0.9999999829543207 0.9999999880014638
0.0022946335785364 -0.0000000064720768 0.0000675337811187 0.0000000000283612 0.9999999786168237 0.9999999849483494
0.0025582629132519 -0.0000000080446540 0.0000675337799412 0.0000000000393024 0.9999999734210704 0.9999999812911180
0.0028400739507053 -0.0000000099146263 0.0000675337785409 0.0000000000537741 0.9999999672427314 0.9999999769422557
0.0031405123820499 -0.0000000121232232 0.0000675337768871 0.0000000000727086 0.9999999599455859 0.9999999718058783
0.0034600507271849 -0.0000000147157375 0.0000675337749458 0.0000000000972370 0.9999999513799873 0.9999999657766513
0.0037991037371758 -0.0000000177410542 0.0000675337726804 0.0000000001287145 0.9999999413844213 0.9999999587408865
0.0041581111864666 -0.0000000212524658 0.0000675337700510 0.0000000001687611 0.9999999297828108 0.9999999505746451
0.0045374874858628 -0.0000000253074285 0.0000675337670145 0.0000000002192958 0.9999999163853216 0.9999999411443052
0.0049376494815474 -0.0000000299679929 0.0000675337635246 0.0000000002825822 0.9999999009869408 0.9999999303055604
0.0053589920364717 -0.0000000353007044 0.0000675337595314 0.0000000003612712 0.9999998833678042 0.9999999179036506
0.0058019359988219 -0.0000000413773829 0.0000675337549811 0.0000000004584615 0.9999998632906207 0.9999999037715495
0.0062668474147471 -0.0000000482742340 0.0000675337498166 0.0000000005777386 0.9999998405036086 0.9999998877320305
0.0067541346177922 -0.0000000560733590 0.0000675337439765 0.0000000007232579 0.9999998147355079 0.9999998695941570
0.0072641763480333 -0.0000000648619352 0.0000675337373955 0.0000000008997941 0.9999997856982871 0.9999998491551866
0.0077973440473670 -0.0000000747326761 0.0000675337300041 0.0000000011128179 0.9999997530856236 0.9999998261995021
0.0083540028934477 -0.0000000857840163 0.0000675337217287 0.0000000013685727 0.9999997165722920 0.9999998004981809
0.0089345256010613 -0.0000000981205829 0.0000675337124909 0.0000000016741659 0.9999996758126070 0.9999997718078991
0.0095392660514323 -0.0000001118528456 0.0000675337022080 0.0000000020376466 0.9999996304415805 0.9999997398717451
0.0101685860053583 -0.0000001270978591 0.0000675336907922 0.0000000024681165 0.9999995800724666 0.9999997044174928
0.0108228287076764 -0.0000001439788364 0.0000675336781515 0.0000000029758176 0.9999995242981736 0.9999996651585943
0.0115023452749712 -0.0000001626259605 0.0000675336641882 0.0000000035722606 0.9999994626885808 0.9999996217922921
0.0122074764304796 -0.0000001831761161 0.0000675336488000 0.0000000042703316 0.9999993947914241 0.9999995740002424
0.0129385441002459 -0.0000002057727490 0.0000675336318793 0.0000000050844049 0.9999993201327642 0.9999995214488437
0.0136959044065066 -0.0000002305676907 0.0000675336133124 0.0000000060305375 0.9999992382109538 0.9999994637849915
0.0144798847850125 -0.0000002577194566 0.0000675335929807 0.0000000071265473 0.9999991485022630 0.9999994006400375
0.0152908046852509 -0.0000002873939695 0.0000675335707600 0.0000000083921811 0.9999990504584885 0.9999993316281061
0.0161289798243532 -0.0000003197648617 0.0000675335465202 0.0000000098492802 0.9999989435059542 0.9999992563453922
0.0169947403906913 -0.0000003550144088 0.0000675335201248 0.0000000115219868 0.9999988270424282 0.9999991743679899
0.0178883957376318 -0.0000003933323484 0.0000675334914317 0.0000000134368639 0.9999987004410231 0.9999990852546388
0.0188102734651195 -0.0000004349176768 0.0000675334602919 0.0000000156231653 0.9999985630442623 0.9999989885425463
0.0197606865422297 -0.0000004799774781 0.0000675334265505 0.0000000181129733 0.9999984141679472 0.9999988837501106
0.0207398992762201 -0.0000005287252415 0.0000675333900474 0.0000000209412956 0.9999982531067172 0.9999987703808333
0.0217482589975747 -0.0000005813875198 0.0000675333506130 0.0000000241466597 0.9999980791120505 0.9999986479078354
0.0227860481590887 -0.0000006381968910 0.0000675333080733 0.0000000277709385 0.9999978914155183 0.9999985157902249
0.0238535659092203 -0.0000006993961409 0.0000675332622464 0.0000000318598265 0.9999976892149650 0.9999983734633696
0.0249511017778934 -0.0000007652370801 0.0000675332129437 0.0000000364630168 0.9999974716784197 0.9999982203416500
0.0260789550399088 -0.0000008359818706 0.0000675331599689 0.0000000416345534 0.9999972379397090 0.9999980558153708
0.0272374188104427 -0.0000009119023156 0.0000675331031185 0.0000000474330591 0.9999969871008082 0.9999978792524166
0.0284267713289180 -0.0000009932793832 0.0000675330421821 0.0000000539219794 0.9999967182334102 0.9999976899993558
0.0296472940349647 -0.0000010804045230 0.0000675329769415 0.0000000611699781 0.9999964303745799 0.9999974873783811
0.0308992685723465 -0.0000011735796995 0.0000675329071705 0.0000000692512570 0.9999961225266399 0.9999972706872305
0.0321829713440666 -0.0000012731171816 0.0000675328326353 0.0000000782458645 0.9999957936578711 0.9999970391996782
0.0334986873204095 -0.0000013793408128 0.0000675327530935 0.0000000882401532 0.9999954426983103 0.9999967921625783
0.0348466968789661 -0.0000014925852429 0.0000675326682944 0.0000000993270738 0.9999950685422933 0.9999965287976537
0.0362272612789090 -0.0000016131947813 0.0000675325779802 0.0000001116064244 0.9999946700522412 0.9999962483041615
0.0376406631795125 -0.0000017415270376 0.0000675324818831 0.0000001251855996 0.9999942460466329 0.9999959498504267
0.0390871730694578 -0.0000018779502861 0.0000675323797273 0.0000001401797374 0.9999937953087127 0.9999956325799715
0.0405670523005961 -0.0000020228437762 0.0000675322712290 0.0000001567121569 0.9999933165854656 0.9999952956107933
0.0420805632500151 -0.0000021765988340 0.0000675321560950 0.0000001749149106 0.9999928085839761 0.9999949380328018
0.0436279595710946 -0.0000023396180520 0.0000675320340238 0.0000001949291394 0.9999922699741074 0.9999945589097050
0.0452095011989572 -0.0000025123170041 0.0000675319047044 0.0000002169057460 0.9999916993828337 0.9999941572750188
0.0468254627818804 -0.0000026951255535 0.0000675317678148 0.0000002410060739 0.9999910953899205 0.9999937321290271
0.0484761166132831 -0.0000028884863354 0.0000675316230235 0.0000002674022464 0.9999904565329371 0.9999932824423085
0.0501616734825690 -0.0000030928476478 0.0000675314699949 0.0000002962766746 0.9999897813307452 0.9999928071722709
0.0518824191612909 -0.0000033086797913 0.0000675313083769 0.0000003278248561 0.9999890682295134 0.9999923052251505
0.0536386000162076 -0.0000035364617856 0.0000675311378106 0.0000003622541181 0.9999883156466056 0.9999917754869038
0.0554304561741062 -0.0000037766852688 0.0000675309579280 0.0000003997847099 0.9999875219576975 0.9999912168141397
0.0572582279330021 -0.0000040298554751 0.0000675307683508 0.0000004406505467 0.9999866854935487 0.9999906280318461
0.0591221748858612 -0.0000042964942282 0.0000675305686882 0.0000004851003409 0.9999858045301097 0.9999900079264262
0.0610225558572198 -0.0000045771375956 0.0000675303585389 0.0000005333979150 0.9999848772962737 0.9999893552511554
0.0629595998891224 -0.0000048723316109 0.0000675301374938 0.0000005858221076 0.9999839019880130 0.9999886687361290
0.0649335638990079 -0.0000051826409866 0.0000675299051303 0.0000006426689700 0.9999828767395873 0.9999879470679985
0.0669446486169924 -0.0000055086361762 0.0000675296610211 0.0000007042501206 0.9999817996662944 0.9999871889200611
0.0689931192948183 -0.0000058509126655 0.0000675294047203 0.0000007708970398 0.9999806688007313 0.9999863929073939
0.0710792190253960 -0.0000062100776647 0.0000675291357733 0.0000008429594220 0.9999794821367647 0.9999855576178043
0.0732031827359723 -0.0000065867522916 0.0000675288537150 0.0000009208063256 0.9999782376223169 0.9999846816067512
0.0753652357235343 -0.0000069815713084 0.0000675285580700 0.0000010048268894 0.9999769331602348 0.9999837633979574
0.0775656032501152 -0.0000073951849099 0.0000675282483516 0.0000010954315123 0.9999755666023862 0.9999828014792499
0.0798045265585604 -0.0000078282620756 0.0000675279240587 0.0000011930534757 0.9999741357385815 0.9999817942947653
0.0820822576766305 -0.0000082814901802 0.0000675275846767 0.0000012981498375 0.9999726382978623 0.9999807402458532
0.0843990003514459 -0.0000087555632752 0.0000675272296860 0.0000014111995968 0.9999710719872192 0.9999796377183299
0.0867549969849259 -0.0000092511994718 0.0000675268585487 0.0000015327086411 0.9999694344341608 0.9999784850420519
0.0891504489513485 -0.0000097691248108 0.0000675264707213 0.0000016632068561 0.9999677232400052 0.9999772805284270
0.0915855960918146 -0.0000103100901665 0.0000675260656415 0.0000018032532613 0.9999659359240342 0.9999760224311027
0.0940606675310817 -0.0000108748612391 0.0000675256427359 0.0000019534346207 0.9999640699565564 0.9999747089692389
0.0965758877508612 -0.0000114642198989 0.0000675252014192 0.0000021143667979 0.9999621227544669 0.9999733383243813
0.0991314759399560 -0.0000120789641073 0.0000675247410938 0.0000022866957844 0.9999600916815112 0.9999719086406457
0.1017276477895159 -0.0000127199084174 0.0000675242611498 0.0000024710989155 0.9999579740466291 0.9999704180235518
0.1043646259298940 -0.0000133878867553 0.0000675237609629 0.0000026682868120 0.9999557670947686 0.9999688645335547
0.1070426384829710 -0.0000140837524828 0.0000675232398940 0.0000028790046375 0.9999534680066798 0.9999672461858995
0.1097618851689542 -0.0000148083696578 0.0000675226972961 0.0000031040306194 0.9999510739277893 0.9999655609709439
0.1125225687086152 -0.0000155626209866 0.0000675221325084 0.0000033441795625 0.9999485819419283 0.9999638068356648
0.1153249412491042 -0.0000163474212903 0.0000675215448458 0.0000036003085787 0.9999459890268427 0.9999619816523386
0.1181692038947980 -0.0000171636902534 0.0000675209336198 0.0000038733097182 0.9999432921442299 0.9999600832819188
0.1210555639892245 -0.0000180123679163 0.0000675202981265 0.0000041641161221 0.9999404881885535 0.9999581095380028
0.1239842268656354 -0.0000188944125924 0.0000675196376483 0.0000044737027131 0.9999375739939278 0.9999560581916778
0.1269554193394792 -0.0000198108083391 0.0000675189514485 0.0000048030902845 0.9999345463094353 0.9999539269541429
0.1299693309399976 -0.0000207625471902 0.0000675182387842 0.0000051533406049 0.9999314018578287 0.9999517135180301
0.1330261909834691 -0.0000217506531945 0.0000675174988888 0.0000055255665596 0.9999281372561151 0.9999494155014985
0.1361261939402413 -0.0000227761591550 0.0000675167309889 0.0000059209251358 0.9999247490924046 0.9999470305023287
0.1392695517837206 -0.0000238401234453 0.0000675159342921 0.0000063406251909 0.9999212338703565 0.9999445560588132
0.1424564788311636 -0.0000249436255912 0.0000675151079901 0.0000067859274847 0.9999175880237754 0.9999419896600306
0.1456871685173692 -0.0000260877582705 0.0000675142512649 0.0000072581430108 0.9999138079430470 0.9999393287644507
0.1489618339035526 -0.0000272736415332 0.0000675133632778 0.0000077586403908 0.9999098899281585 0.9999365707668610
0.1522806808010563 -0.0000285024137479 0.0000675124431766 0.0000082888439442 0.9999058302186101 0.9999337130194217
0.1556439037278777 -0.0000297752299836 0.0000675114900964 0.0000088502345922 0.9999016249987663 0.9999307528354273
0.1590517201373217 -0.0000310932751404 0.0000675105031500 0.0000094443574137 0.9998972703544750 0.9999276874587680
0.1625042730886181 -0.0000324577262546 0.0000675094814563 0.0000100728063434 0.9998927623976079 0.9999245141515942
0.1660018262892761 -0.0000338698291224 0.0000675084240826 0.0000107372610143 0.9998880970129090 0.9999212300161112
0.1695445437901744 -0.0000353308118961 0.0000675073301092 0.0000114394490626 0.9998832701434648 0.9999178321955282
0.1731326125920413 -0.0000368419331556 0.0000675061985941 0.0000121811699219 0.9998782776318834 0.9999143177622548
0.1767662638783424 -0.0000384044923386 0.0000675050285642 0.0000129643025163 0.9998731151858390 0.9999106836936432
0.1804456805385453 -0.0000400197909266 0.0000675038190453 0.0000137907882078 0.9998677785063104 0.9999069269622554
0.1841710364888696 -0.0000416891482906 0.0000675025690496 0.0000146626401672 0.9998622632352298 0.9999030444990085
0.1879425685887513 -0.0000434139347002 0.0000675012775512 0.0000155819630068 0.9998565648464334 0.9998990331164042
0.1917604427250407 -0.0000451955113495 0.0000674999435310 0.0000165509235267 0.9998506788438057 0.9998948896480082
0.1956248575300737 -0.0000470352771240 0.0000674985659419 0.0000175717773867 0.9998446006067755 0.9998906108396821
0.1995360164042947 -0.0000489346566376 0.0000674971437173 0.0000186468653235 0.9998383254298406 0.9998861933774027
0.2034940806475628 -0.0000508950772465 0.0000674956757886 0.0000197786021940 0.9998318485985151 0.9998816339407203
0.2074992518230405 -0.0000529180092130 0.0000674941610552 0.0000209695020144 0.9998251652566400 0.9998769291093456
0.2115517430877098 -0.0000550049529843 0.0000674925983938 0.0000222221737437 0.9998182704484141 0.9998720753927320
0.2156517008432666 -0.0000571573984785 0.0000674909866891 0.0000235392989528 0.9998111592529100 0.9998670693247651
0.2197993625636076 -0.0000593769071884 0.0000674893247722 0.0000249236839755 0.9998038265128252 0.9998619072728060
0.2239948804194145 -0.0000616650199411 0.0000674876114896 0.0000263782060763 0.9997962671392272 0.9998565856522166
0.2282384399195342 -0.0000640233192777 0.0000674858456566 0.0000279058541207 0.9997884759054719 0.9998511007812775
0.2325302567051597 -0.0000664534295519 0.0000674840260574 0.0000295097323084 0.9997804474468812 0.9998454488809545
0.2368704887359312 -0.0000689569676288 0.0000674821514817 0.0000311930304661 0.9997721764236269 0.9998396261895589
0.2412593388307782 -0.0000715356008260 0.0000674802206813 0.0000329590648179 0.9997636573293155 0.9998336288279865
0.2456969807686847 -0.0000741910049175 0.0000674782324018 0.0000348112528060 0.9997548846297358 0.9998274528973875
0.2501835837553944 -0.0000769248778133 0.0000674761853725 0.0000367531246714 0.9997458527176710 0.9998210944473470
0.2547193771844402 -0.0000797389800463 0.0000674740782754 0.0000387883556678 0.9997365557791480 0.9998145493817164
0.2593045139442697 -0.0000826350512508 0.0000674719098085 0.0000409207093833 0.9997269880693745 0.9998078136528649
0.2639391488552025 -0.0000856148569556 0.0000674696786503 0.0000431540730627 0.9997171437581547 0.9998008831528437
0.2686235133187909 -0.0000886802381520 0.0000674673834228 0.0000454924987768 0.9997070167661376 0.9997937535980947
0.2733577646920274 -0.0000918330147418 0.0000674650227639 0.0000479401342414 0.9996966010838032 0.9997864207540100
0.2781420538640869 -0.0000950750276519 0.0000674625952958 0.0000505012563364 0.9996858906323330 0.9997788803369752
0.2829765689643433 -0.0000984081690295 0.0000674600996022 0.0000531802984052 0.9996748791638657 0.9997711279441365
0.2878615088601708 -0.0001018343659056 0.0000674575342410 0.0000559818417485 0.9996635603154747 0.9997631590913915
0.2927970375236251 -0.0001053555482361 0.0000674548977677 0.0000589105927281 0.9996519277147561 0.9997549692877153
0.2977833516368703 -0.0001089736964729 0.0000674521887002 0.0000619714250396 0.9996399748226800 0.9997465539245124
0.3028206045287405 -0.0001126907871817 0.0000674494055593 0.0000651693376514 0.9996276951132563 0.9997379084020963
0.3079089819110225 -0.0001165088478721 0.0000674465468275 0.0000685095044212 0.9996150818924069 0.9997290280021571
0.3130486426359936 -0.0001204299136521 0.0000674436109819 0.0000719972404888 0.9996021284411694 0.9997199079885715
0.3182397784906253 -0.0001244560724966 0.0000674405964601 0.0000756380456891 0.9995888278661607 0.9997105435021078
0.3234825825924603 -0.0001285894424360 0.0000674375016769 0.0000794375889580 0.9995751731749454 0.9997009296134756
0.3287771919827450 -0.0001328321254999 0.0000674343250596 0.0000834016688715 0.9995611574281924 0.9996910614304432
0.3341237810423228 -0.0001371862809607 0.0000674310649922 0.0000875362842002 0.9995467734977249 0.9996809339274734
0.3395225223493998 -0.0001416540953177 0.0000674277198388 0.0000918476107746 0.9995320141656877 0.9996705420155302
0.3449736034492186 -0.0001462377966004 0.0000674242879321 0.0000963420194525 0.9995168720773087 0.9996598805088027
0.3504771829787234 -0.0001509396178083 0.0000674207676013 0.0001010260444154 0.9995013398616865 0.9996489442097368
0.3560334266536929 -0.0001557618266459 0.0000674171571498 0.0001059064156752 0.9994854100335724 0.9996377278398639
0.3616425276710178 -0.0001607067443281 0.0000674134548408 0.0001109900831207 0.9994690749312609 0.9996262259960527
0.3673046413288265 -0.0001657766886934 0.0000674096589400 0.0001162841628082 0.9994523269045242 0.9996144332828190
0.3730199479752896 -0.0001709740294681 0.0000674057676747 0.0001217959976250 0.9994351581320640 0.9996023441837734
0.3787885542430758 -0.0001763010983220 0.0000674017793004 0.0001275330658282 0.9994175609186445 0.9995899532708256
0.3846106962857462 -0.0001817603758453 0.0000673976919613 0.0001335031858242 0.9993995270774537 0.9995772547692621
0.3904865153223462 -0.0001873542857026 0.0000673935038442 0.0001397143002704 0.9993810486101025 0.9995642430365403
0.3964161568350564 -0.0001930852846192 0.0000673892131115 0.0001461745755044 0.9993621174093787 0.9995509123529709
0.4023998158822776 -0.0001989559076526 0.0000673848178667 0.0001528924585343 0.9993427251097212 0.9995372568164009
0.4084376649531119 -0.0002049686996582 0.0000673803162062 0.0001598766056171 0.9993228633136237 0.9995232705016204
0.4145298353749712 -0.0002111261949134 0.0000673757062344 0.0001671358610211 0.9993025236589578 0.9995089475077491
0.4206765287359722 -0.0002174310293552 0.0000673709859796 0.0001746793934749 0.9992816974482382 0.9994942816971500
0.4268778669887465 -0.0002238857889172 0.0000673661535077 0.0001825165217877 0.9992603761496213 0.9994792670482041
0.4331340537166973 -0.0002304931752282 0.0000673612067982 0.0001906569182089 0.9992385508495829 0.9994638972698637
0.4394452223431852 -0.0002372558482466 0.0000673561438616 0.0001991104228857 0.9992162127727482 0.9994481661676948
0.4458115613865861 -0.0002441765581783 0.0000673509626410 0.0002078872108499 0.9991933528461605 0.9994320673370047
0.4522331811522491 -0.0002512580019171 0.0000673456611198 0.0002169976165225 0.9991699621734982 0.9994155944967744
0.4587102818244289 -0.0002585030064248 0.0000673402371839 0.0002264523721112 0.9991460314293696 0.9993987410630714
0.4652430306168030 -0.0002659143956967 0.0000673346887214 0.0002362624446909 0.9991215512987618 0.9993815004584972
0.4718315841234941 -0.0002734950142470 0.0000673290136054 0.0002464390700990 0.9990965123994879 0.9993638660575467
0.4784760717995986 -0.0002812477070384 0.0000673232097087 0.0002569937297829 0.9990709053484946 0.9993458312332822
0.4851766665466065 -0.0002891754015368 0.0000673172748424 0.0002679382673316 0.9990447204908627 0.9993273891664416
0.4919335478691295 -0.0002972810669565 0.0000673112067865 0.0002792848414303 0.9990179480344439 0.9993085329402268
0.4987468566711246 -0.0003055676596677 0.0000673050033309 0.0002910458544476 0.9989905782302013 0.9992892556672898
0.5056167442959201 -0.0003140381810479 0.0000672986622317 0.0003032340375578 0.9989626011811498 0.9992695503551375
0.5125433962890563 -0.0003226957084386 0.0000672921811884 0.0003158625032088 0.9989340067401408 0.9992494098341015
0.5195269363373599 -0.0003315432757278 0.0000672855579331 0.0003289445775583 0.9989047849043041 0.9992288270351265
0.5265675193738851 -0.0003405839886055 0.0000672787901444 0.0003424939726851 0.9988749254344035 0.9992077947216335
0.5336653115035812 -0.0003498210011220 0.0000672718754648 0.0003565247606642 0.9988444179322888 0.9991863055440323
0.5408204479884087 -0.0003592574610742 0.0000672648115416 0.0003710512966105 0.9988132520213024 0.9991643521667614
0.5480330967568033 -0.0003688965929203 0.0000672575959649 0.0003860883510130 0.9987814170724596 0.9991419270753743
0.5553034342779152 -0.0003787416679600 0.0000672502262900 0.0004016510730268 0.9987489023029706 0.9991190226458941
0.5626315993747033 -0.0003887959415206 0.0000672427000842 0.0004177548969883 0.9987156969837223 0.9990956312909305
0.5700177353008288 -0.0003990627086379 0.0000672350148853 0.0004344156345919 0.9986817902554105 0.9990717453301226
0.5774619938967560 -0.0004095453105128 0.0000672271681967 0.0004516494926876 0.9986471711072523 0.9990473569750991
0.5849645584766320 -0.0004202471683224 0.0000672191574623 0.0004694731378493 0.9986118282653588 0.9990224582507903
0.5925255346554760 -0.0004311716275633 0.0000672109801825 0.0004879034437412 0.9985757507068266 0.9989970413575582
0.6001451249352439 -0.0004423222081529 0.0000672026337277 0.0005069579160628 0.9985389268338151 0.9989710980892913
0.6078234361858724 -0.0004537023264964 0.0000671941155459 0.0005266542306173 0.9985013453914467 0.9989446204800253
0.6155606167241544 -0.0004653154937376 0.0000671854230142 0.0005470105747667 0.9984629948131277 0.9989176003426687
0.6233568380876365 -0.0004771652919468 0.0000671765534571 0.0005680456185272 0.9984238632992335 0.9988900293243794
0.6312122458827276 -0.0004892553004008 0.0000671675042013 0.0005897783923989 0.9983839390605934 0.9988618990780619
0.6391269810723930 -0.0005015891266607 0.0000671582725525 0.0006122283472538 0.9983432102159008 0.9988332011900412
0.6471011784818672 -0.0005141704039139 0.0000671488557977 0.0006354153559085 0.9983016648005272 0.9988039271862228
0.6551350238868748 -0.0005270028822798 0.0000671392511363 0.0006593598907906 0.9982592904650642 0.9987740683196179
0.6632286501145477 -0.0005400902649644 0.0000671294558035 0.0006840827294223 0.9982160750164090 0.9987436159515514
0.6713821928652270 -0.0005534362951394 0.0000671194670044 0.0007096051195958 0.9981720061309153 0.9987125613494910
0.6795957712858487 -0.0005670447239956 0.0000671092819387 0.0007359487252693 0.9981270714599271 0.9986808957613585
0.6878695797532690 -0.0005809194640635 0.0000670988976855 0.0007631359332193 0.9980812581235669 0.9986486100587360
0.6962037637388065 -0.0005950643850435 0.0000670883113563 0.0007911894684121 0.9980345533849548 0.9986156952119208
0.7045984559853966 -0.0006094833715386 0.0000670775200517 0.0008201325091423 0.9979869444596153 0.9985821421555652
0.7130537699849853 -0.0006241803104984 0.0000670665208709 0.0008499886668040 0.9979384185569782 0.9985479418178685
0.7215698881409779 -0.0006391592453464 0.0000670553107964 0.0008807823085392 0.9978889623715413 0.9985130847618880
0.7301469586978240 -0.0006544241987852 0.0000670438868264 0.0009125382093082 0.9978385626679883 0.9984775615978421
0.7387850720698452 -0.0006699791265370 0.0000670322460096 0.0009452814552443 0.9977872064339571 0.9984413630907432
0.7474844000041314 -0.0006858281663855 0.0000670203852589 0.0009790379726439 0.9977348800578479 0.9984044795808162
0.7562451167523050 -0.0007019755008041 0.0000670083014539 0.0010138342567777 0.9976815697824509 0.9983669013031379
0.7650673255412569 -0.0007184252195283 0.0000669959915443 0.0010496970801822 0.9976272621587111 0.9983286187074328
0.7739511968814519 -0.0007351815744337 0.0000669834523586 0.0010866540502737 0.9975719432043093 0.9982896218648860
0.7828968513828886 -0.0007522487621117 0.0000669706807671 0.0011247331461322 0.9975155991215411 0.9982499009741070
0.7919044349990952 -0.0007696310646127 0.0000669576735768 0.0011639630349455 0.9974582158327265 0.9982094460335506
0.8009740871548726 -0.0007873327898025 0.0000669444275753 0.0012043729502149 0.9973997791771835 0.9981682469802875
0.8101059680054840 -0.0008053583248992 0.0000669309394919 0.0012459928236005 0.9973402747345589 0.9981262935653671
0.8193001706848452 -0.0008237119627810 0.0000669172061263 0.0012888528916681 0.9972796883982719 0.9980835757580406
0.8285568471460444 -0.0008423981500569 0.0000669032241641 0.0013329842768197 0.9972180055566712 0.9980400831683569
0.8378761673044454 -0.0008614214099429 0.0000668889902339 0.0013784188267364 0.9971552113477197 0.9979958052266119
0.8472582550438470 -0.0008807862116538 0.0000668745010051 0.0014251888118639 0.9970912910901951 0.9979507314873103
0.8567032573417004 -0.0009004971103513 0.0000668597530834 0.0014733272662637 0.9970262298218004 0.9979048513033919
0.8662113023126922 -0.0009205586609150 0.0000668447430751 0.0015228677896075 0.9969600125838705 0.9978581540268986
0.8757825160738304 -0.0009409754520663 0.0000668294675619 0.0015738446373212 0.9968926243088070 0.9978106289295098
0.8854170504683798 -0.0009617521663614 0.0000668139230557 0.0016262928820350 0.9968240496221479 0.9977622650628487
0.8951150231273817 -0.0009828934519650 0.0000667981060946 0.0016802481021515 0.9967542732658754 0.9977130515569219
0.9048765595654116 -0.0010044040120048 0.0000667820131765 0.0017357466135103 0.9966832798035689 0.9976629774120835
0.9147018027483550 -0.0010262886270340 0.0000667656407415 0.0017928255406548 0.9966110535463625 0.9976120314466952
0.9245909265844180 -0.0010485521877685 0.0000667489851483 0.0018515229192909 0.9965375784450134 0.9975602022208616
0.9345440472744969 -0.0010711994961711 0.0000667320428223 0.0019118771839092 0.9964628387464630 0.9975074784994529
0.9445612869984302 -0.0010942354058446 0.0000667148101512 0.0019739275402075 0.9963868185305768 0.9974538489252409
0.9546427636616535 -0.0011176647988975 0.0000666972835017 0.0020377139140711 0.9963095017865850 0.9973993020727098
0.9647886317684360 -0.0011414926820094 0.0000666794591482 0.0021032772263510 0.9962308720961720 0.9973438262243496
0.9749990262889418 -0.0011657240571389 0.0000666613333694 0.0021706590546395 0.9961509130602474 0.9972874096716123
0.9852740798691442 -0.0011903639607175 0.0000666429024187 0.0022399017484425 0.9960696081696990 0.9972300406236185
0.9956139003271155 -0.0012154174086605 0.0000666241625657 0.0023110482824498 0.9959869409869381 0.9971717073351432
1.0060186314792123 -0.0012408895430212 0.0000666051099865 0.0023841426816638 0.9959028946620891 0.9971123977651066
1.0164884040415465 -0.0012667855145576 0.0000665857408511 0.0024592297032121 0.9958174523206018 0.9970520998499419
1.0270233448172801 -0.0012931105042553 0.0000665660513081 0.0025363549063817 0.9957305969923327 0.9969908014534327
1.0376235995938152 -0.0013198697810189 0.0000665460374410 0.0026155648342019 0.9956423114213218 0.9969284902323222
1.0482892789675275 -0.0013470685653582 0.0000665256953702 0.0026969066225368 0.9955525785156428 0.9968651539536749
1.0590205386375982 -0.0013747122328169 0.0000665050211011 0.0027804286159141 0.9954613806763684 0.9968007800211155
1.0698174847264441 -0.0014028060723272 0.0000664840107048 0.0028661796556663 0.9953687005949118 0.9967353560374819
1.0806802252196179 -0.0014313554156997 0.0000664626602212 0.0029542094733952 0.9952745208259265 0.9966688695032433
1.0916089370790432 -0.0014603658169589 0.0000664409655248 0.0030445692646099 0.9951788231958603 0.9966013073987822
1.1026037362293728 -0.0014898427112620 0.0000664189225803 0.0031373106509009 0.9950815899282686 0.9965326569786538
1.1136646913858486 -0.0015197914445288 0.0000663965274196 0.0032324857616646 0.9949828035461238 0.9964629057025661
1.1247920099521957 -0.0015502177779760 0.0000663737757656 0.0033301488530891 0.9948824452077506 0.9963920400602422
1.1359857614119080 -0.0015811271392916 0.0000663506635911 0.0034303539408703 0.9947804971769765 0.9963200473153905
1.1472461034065342 -0.0016125252375667 0.0000663271866598 0.0035331567758962 0.9946769407949442 0.9962469140734337
1.1585731092509091 -0.0016444175873101 0.0000663033408820 0.0036386133140871 0.9945717580501926 0.9961726273900898
1.1699669677834657 -0.0016768100679021 0.0000662791218962 0.0037467815680594 0.9944649297336593 0.9960971734681998
1.1814277496989452 -0.0017097082655549 0.0000662545255613 0.0038577194432149 0.9943564376090770 0.9960205391904323
1.1929556189103345 -0.0017431180725739 0.0000662295475083 0.0039714867461781 0.9942462624367834 0.9959427107233315
1.2045506547282709 -0.0017770451775555 0.0000662041835220 0.0040881434803244 0.9941343856551195 0.9958636747048009
1.2162130511327183 -0.0018114956450745 0.0000661784291071 0.0042077518404364 0.9940207874689889 0.9957834168936303
1.2279429104292321 -0.0018464753135912 0.0000661522799388 0.0043303741614092 0.9939054488354870 0.9957019235720418
1.2397402920466123 -0.0018819899302025 0.0000661257317615 0.0044560733659095 0.9937883510196057 0.9956191812317721
1.2516054035745150 -0.0019180457277955 0.0000660987799582 0.0045849150273642 0.9936694736914580 0.9955351752293284
1.2635382751530311 -0.0019546484427851 0.0000660714202841 0.0047169638990210 0.9935487981651100 0.9954498920744232
1.2755390992807489 -0.0019918043467052 0.0000660436480959 0.0048522876102285 0.9934263039975544 0.9953633170264181
1.2876079797693432 -0.0020295194814633 0.0000660154589233 0.0049909539404630 0.9933019715102579 0.9952754358760397
1.2997450083893243 -0.0020677998894337 0.0000659868482971 0.0051330316443798 0.9931757810306800 0.9951862344092415
1.3119503569779956 -0.0021066519062463 0.0000659578115305 0.0052785915606435 0.9930477119273265 0.9950956977248508
1.3242240900208997 -0.0021460815677010 0.0000659283441621 0.0054277044170224 0.9929177445650060 0.9950038116165296
1.3365663227446740 -0.0021860951088801 0.0000658984415833 0.0055804426984160 0.9927858586597236 0.9949105614096578
1.3489772397936521 -0.0022266990330027 0.0000658680989867 0.0057368809555773 0.9926520330520718 0.9948159318007186
1.3614569011608142 -0.0022678994782012 0.0000658373118393 0.0058970933865621 0.9925162477944987 0.9947199083329668
1.3740054342161876 -0.0023097028415268 0.0000658060754163 0.0060611562385632 0.9923784820948016 0.9946224759421155
1.3866229565476320 -0.0023521155285036 0.0000657743849883 0.0062291468651990 0.9922387151418165 0.9945236195399162
1.3993095955241137 -0.0023951440183171 0.0000657422357726 0.0064011439971163 0.9920969258908090 0.9944233238621444
1.4120654695478523 -0.0024387948008669 0.0000657096229804 0.0065772275077367 0.9919530932711407 0.9943215736152382
1.4248906636673517 -0.0024830742908412 0.0000656765418808 0.0067574780713018 0.9918071964695840 0.9942183536765378
1.4377852909873081 -0.0025279890374371 0.0000656429876443 0.0069419780217227 0.9916592142395061 0.9941136486053518
1.4507494891617734 -0.0025735457162652 0.0000656089553489 0.0071308113512637 0.9915091249278608 0.9940074426617057
1.4637833774769196 -0.0026197509803387 0.0000655744400916 0.0073240631157862 0.9913569069663952 0.9938997201536277
1.4768870329999382 -0.0026666113715621 0.0000655394370543 0.0075218190630721 0.9912025391634165 0.9937904656434655
1.4900605884667906 -0.0027141336687588 0.0000655039412440 0.0077241671079492 0.9910459995575290 0.9936796631364053
1.5033042094184670 -0.0027623248128038 0.0000654679475488 0.0079311970619260 0.9908872656646710 0.9935672962548612
1.5166179499742027 -0.0028111913801683 0.0000654314511311 0.0081429983803504 0.9907263162124123 0.9934533494659419
1.5300019213342348 -0.0028607401917509 0.0000653944469731 0.0083596627744111 0.9905631291347392 0.9933378066618117
1.5434562316906408 -0.0029109780965436 0.0000653569300383 0.0085812833075259 0.9903976822849524 0.9932206516640041
1.5569810045683623 -0.0029619120404784 0.0000653188952199 0.0088079547165625 0.9902299532092317 0.9931018680627833
1.5705763733054285 -0.0030135490477989 0.0000652803373552 0.0090397733549108 0.9900599192083205 0.9929814392604746
1.5842424117392975 -0.0030658959560003 0.0000652412514233 0.0092768360105793 0.9898875582105929 0.9928593490895794
1.5979792226265415 -0.0031189597491319 0.0000652016322966 0.0095192414068034 0.9897128476747725 0.9927355810353897
1.6117869545126340 -0.0031727476284078 0.0000651614746876 0.0097670905660091 0.9895357643578885 0.9926101180711362
1.6256656422397475 -0.0032272663905158 0.0000651207736137 0.0100204839596458 0.9893562863623478 0.9924829441080355
1.6396154438264570 -0.0032825233510885 0.0000650795237072 0.0102795257833043 0.9891743900959735 0.9923540418411505
1.6536364699259369 -0.0033385256809293 0.0000650377197116 0.0105443209176362 0.9889900524576616 0.9922233942975826
1.6677288012546765 -0.0033952804686232 0.0000649953564345 0.0108149752077430 0.9888032506314498 0.9920909846904177
1.6818925718162225 -0.0034527950548041 0.0000649524284981 0.0110915970695590 0.9886139609866305 0.9919567956388023
1.6961278723546704 -0.0035110766440838 0.0000649089306292 0.0113742956597755 0.9884221603554137 0.9918208100732225
1.7104348208991005 -0.0035701325901041 0.0000648648574463 0.0116631822570518 0.9882278250950945 0.9916830105703730
1.7248135063701093 -0.0036299701644090 0.0000648202036322 0.0119583691566781 0.9880309318490340 0.9915433798923546
1.7392640096097192 -0.0036905966400163 0.0000647749638719 0.0122599700799639 0.9878314572719274 0.9914019007916349
1.7537864815149318 -0.0037520196217235 0.0000647291326058 0.0125681018473014 0.9876293769434764 0.9912585552401173
1.7683810158219166 -0.0038142465133904 0.0000646827044278 0.0128828817508972 0.9874246671215660 0.9911133256721983
1.7830477092043944 -0.0038772847674102 0.0000646356738987 0.0132044287995474 0.9872173039217632 0.9909661944025541
1.7977866824821949 -0.0039411419773517 0.0000645880354775 0.0135328642165226 0.9870072630130221 0.9908171434098053
1.8125979825696945 -0.0040058254521220 0.0000645397838391 0.0138683092614962 0.9867945210187371 0.9906661553304105
1.8274817257581315 -0.0040713428362199 0.0000644909134116 0.0142108884353707 0.9865790534769855 0.9905132120108397
1.8424380265025353 -0.0041377018044687 0.0000644414186042 0.0145607279457186 0.9863608358451577 0.9903582952199720
1.8574669930694998 -0.0042049100420537 0.0000643912938221 0.0149179556164236 0.9861398435660197 0.9902013866956240
1.8725687051556688 -0.0042729751420537 0.0000643405335429 0.0152827003482595 0.9859160524050129 0.9900424683837389
1.8877432498504734 -0.0043419047642591 0.0000642891321987 0.0156550929698615 0.9856894379284162 0.9898815220675548
1.9029907516147608 -0.0044117067740961 0.0000642370840719 0.0160352670215962 0.9854599750471718 0.9897185290430981
1.9183112898613415 -0.0044823888674226 0.0000641843835757 0.0164233567422942 0.9852276392508572 0.9895534709951975
1.9337049729920268 -0.0045539589078983 0.0000641310250023 0.0168194989164188 0.9849924054990624 0.9893863292096488
1.9491718828588143 -0.0046264246708144 0.0000640770027139 0.0172238314862048 0.9847542490639256 0.9892170851713507
1.9647121680642015 -0.0046997942803423 0.0000640223108173 0.0176364960109386 0.9845131440936378 0.9890457195430313
1.9803258490119853 -0.0047740752904637 0.0000639669438487 0.0180576325241693 0.9842690666332251 0.9888722143117726
1.9960130245821428 -0.0048492756560657 0.0000639108960499 0.0184873849865393 0.9840219914336987 0.9886965505208914
2.0117738387687840 -0.0049254035852480 0.0000638541614787 0.0189259005324085 0.9837718924383237 0.9885187086146361
2.0276083394045261 -0.0050024639006356 0.0000637967346513 0.0193733255625609 0.9835187450159782 0.9883386700256048
2.0425886160303643 -0.0050758985041443 0.0000637420122969 0.0198029879054213 0.9832775223976874 0.9881670852075410
2.0585688819675227 -0.0051548069085682 0.0000636832156144 0.0202682130991066 0.9830183434982738 0.9879826982992408
2.0746207969515447 -0.0052346627644716 0.0000636237178946 0.0207427266824093 0.9827560784428074 0.9877960846379810
2.0907467612708288 -0.0053154855398760 0.0000635635048240 0.0212267506544848 0.9824906642904569 0.9876071983020610
2.1069469395292786 -0.0053972837475917 0.0000635025702582 0.0217204445557778 0.9822220741124293 0.9874160189596988
2.1232213394286301 -0.0054800651423201 0.0000634409086226 0.0222239651861210 0.9819502834967023 0.9872225280426402
2.1395700472775525 -0.0055638379022654 0.0000633785140325 0.0227374737076873 0.9816752666683851 0.9870267059845953
2.1559931747448022 -0.0056486103677895 0.0000633153804880 0.0232611341349482 0.9813969973488241 0.9868285328318275
2.1724908041919417 -0.0057343907607159 0.0000632515020835 0.0237951116301607 0.9811154496777068 0.9866279888992471
2.1890630660050192 -0.0058211875850684 0.0000631868727085 0.0243395750094001 0.9808305968983474 0.9864250538335059
2.2057099916763541 -0.0059090088581253 0.0000631214866213 0.0248946919424535 0.9805424138819245 0.9862197084107639
2.2224316787596696 -0.0059978629710160 0.0000630553378076 0.0254606343485940 0.9802508743036483 0.9860119325246048
2.2392282070162142 -0.0060877582506992 0.0000629884203073 0.0260375756761384 0.9799559520810120 0.9858017062100789
2.2560997082114760 -0.0061787033338979 0.0000629207279358 0.0266256933252395 0.9796576201477323 0.9855890087691749
2.2730461996974309 -0.0062707062702000 0.0000628522549522 0.0272251628690647 0.9793558533966179 0.9853738208683966
2.2900678038955369 -0.0063637757040263 0.0000627829951791 0.0278361657094182 0.9790506248029572 0.9851561217744302
2.3071646068688381 -0.0064579201132008 0.0000627129425703 0.0284588841793333 0.9787419079230679 0.9849358911348799
2.3243366104707794 -0.0065531475353637 0.0000626420914135 0.0290934996833012 0.9784296777916279 0.9847131096184922
2.3415839580182549 -0.0066494668159461 0.0000625704354027 0.0297402010087856 0.9781139068303958 0.9844877559956294
2.3589067264986840 -0.0067468864629219 0.0000624979684899 0.0303991767641100 0.9777945686044123 0.9842598098173340
2.3763050372244070 -0.0068454152623871 0.0000624246844278 0.0310706195159675 0.9774716358045732 0.9840292499751294
2.3937789138771666 -0.0069450614747285 0.0000623505773674 0.0317547203325066 0.9771450828830406 0.9837960565819894
2.4113284538007633 -0.0070458338020364 0.0000622756411389 0.0324516753768537 0.9768148828831636 0.9835602087086314
2.4289537582423075 -0.0071477409976854 0.0000621998695420 0.0331616833009040 0.9764810087202251 0.9833216852969788
2.4466548701592123 -0.0072507915035466 0.0000621232566162 0.0338849427148462 0.9761434343706870 0.9830804660093867
2.4644318858013716 -0.0073549940943599 0.0000620457961615 0.0346216566910585 0.9758021327618833 0.9828365297204580
2.4822848366466701 -0.0074603571889464 0.0000619674822508 0.0353720279384751 0.9754570780291425 0.9825898561294043
2.5002138297896970 -0.0075668896739080 0.0000618883086176 0.0361362646523397 0.9751082428188249 0.9823404238317779
2.5182189359122642 -0.0076746002460974 0.0000618082691452 0.0369145758793184 0.9747556004428402 0.9820882118587847
2.5363002425535059 -0.0077834977268919 0.0000617273576332 0.0377071737755584 0.9743991238503630 0.9818331989415450
2.5544578073395257 -0.0078935907807824 0.0000616455680067 0.0385142715809106 0.9740387865500104 0.9815753641701210
2.5726916736291283 -0.0080048880048112 0.0000615628942500 0.0393360842522120 0.9736745623176898 0.9813146867842618
2.5910019664330988 -0.0081173985166815 0.0000614793299702 0.0401728328465020 0.9733064232731663 0.9810511447959205
2.6093887238273856 -0.0082311309248774 0.0000613948691621 0.0410247369300375 0.9729343432513267 0.9807847174014919
2.6278520480619783 -0.0083460942545506 0.0000613095055209 0.0418920214640355 0.9725582947734832 0.9805153828131792
2.6463919424474849 -0.0084622969346739 0.0000612232331941 0.0427749092058739 0.9721782523616731 0.9802431206318635
2.6650085397019261 -0.0085797482226675 0.0000611360457248 0.0436736314997439 0.9717941878799465 0.9799679085094958
2.6837018523307354 -0.0086984566404634 0.0000610479372120 0.0445884164186555 0.9714060756503625 0.9796897258134589
2.7024719813648499 -0.0088184312878311 0.0000609589013366 0.0455194988046733 0.9710138881592486 0.9794085505493860
2.7213190213070848 -0.0089396812469208 0.0000608689318035 0.0464671157686544 0.9706175980058143 0.9791243607563974
2.7402429924757197 -0.0090622151411134 0.0000607780226689 0.0474315032138472 0.9702171793446605 0.9788371355413829
2.7592439336957879 -0.0091860417251838 0.0000606861679027 0.0484129004152409 0.9698126059575288 0.9785468536960797
2.7783219543302580 -0.0093111702311480 0.0000605933611322 0.0494115528373313 0.9694038501250853 0.9782534928862266
2.7974771014695765 -0.0094376095032830 0.0000604995962842 0.0504277053033149 0.9689908854542859 0.9779570316794197
2.8167094365103074 -0.0095653684950182 0.0000604048672163 0.0514616059343571 0.9685736852559392 0.9776574483804897
2.8360190266142049 -0.0096944562143179 0.0000603091677579 0.0525135057455986 0.9681522227244981 0.9773547211596615
2.8554059196105994 -0.0098248815551756 0.0000602124918354 0.0535836572863384 0.9677264714894187 0.9770488284479113
2.8748701844942661 -0.0099566535681891 0.0000601148332717 0.0546723168630146 0.9672964047330271 0.9767397483026180
2.8912037465683209 -0.0100678687552857 0.0000600324219502 0.0555969422855773 0.9669334928182499 0.9764788630094181
2.9075373086423757 -0.0101796491422770 0.0000599495919446 0.0565317223069908 0.9665687424967131 0.9762165934218086
2.9272702354901723 -0.0103154670668049 0.0000598489649030 0.0576746654671034 0.9661256326965970 0.9758978956395274
2.9470191033010535 -0.0104522410980307 0.0000597476461630 0.0588335309752869 0.9656794898846059 0.9755769224659204
2.9668457439880740 -0.0105904041336892 0.0000596453155453 0.0600121418383545 0.9652289045554338 0.9752526573777920
2.9867500644333158 -0.0107299641635836 0.0000595419677222 0.0612107598813055 0.9647738536786872 0.9749250808474136
3.0067321167103871 -0.0108709301908190 0.0000594375966300 0.0624296580562502 0.9643143109902333 0.9745941709637457
3.0267919298786445 -0.0110133110651442 0.0000593321963326 0.0636691105587006 0.9638502507989672 0.9742599061706096
3.0469296226331464 -0.0111571162844772 0.0000592257604293 0.0649293998425434 0.9633816453761073 0.9739222633851568
3.0671451732567285 -0.0113023543562042 0.0000591182832673 0.0662108023167937 0.9629084702970437 0.9735812218455249
3.0874386693510925 -0.0114490345767914 0.0000590097586255 0.0675136039242650 0.9624306986433905 0.9732367589328994
3.1078101499677748 -0.0115971659037926 0.0000589001805489 0.0688380902678188 0.9619483046801541 0.9728888528202843
3.1282596717667208 -0.0117467574303053 0.0000587895429986 0.0701845508063964 0.9614612623114782 0.9725374813587619
3.1487873048385451 -0.0118978183576060 0.0000586778398718 0.0715532786585957 0.9609695451717303 0.9721826221419823
3.1693930500750871 -0.0120503573842315 0.0000585650654542 0.0729445650567219 0.9604731286153934 0.9718242539417492
3.1900769523952603 -0.0122043835360524 0.0000584512138062 0.0743587068531288 0.9599719870163621 0.9714623547585837
3.2108390862943432 -0.0123599060669908 0.0000583362788369 0.0757960057098836 0.9594660940936836 0.9710969020550477
3.2316794795676200 -0.0125169338887628 0.0000582202547262 0.0772567628576385 0.9589554247683945 0.9707278740961137
3.2525981907727335 -0.0126754761489976 0.0000581031354974 0.0787412844339944 0.9584399532844594 0.9703552485911842
3.2735952207084664 -0.0128355415608838 0.0000579849155131 0.0802498752285813 0.9579196553901388 0.9699790042700532
3.2946706342952772 -0.0129971393272221 0.0000578655887927 0.0817828473551902 0.9573945053354397 0.9695991187115287
3.3158244731314981 -0.0131602784779624 0.0000577451495024 0.0833405140680626 0.9568644780278590 0.9692155699008916
3.3370567515810170 -0.0133249678342208 0.0000576235919819 0.0849231893729428 0.9563295491503505 0.9688283363152287
3.3583675483846034 -0.0134912167185481 0.0000575009102206 0.0865311948651628 0.9557896928561381 0.9684373952539029
3.3797568496724275 -0.0136590337337258 0.0000573770987589 0.0881648479708135 0.9552448857367164 0.9680427257106446
3.4012247457003091 -0.0138284282984566 0.0000572521515559 0.0898244768263372 0.9546951018371366 0.9676443047628199
3.4227712450492414 -0.0139994091917447 0.0000571260630635 0.0915104061468133 0.9541403173838728 0.9672421109952105
3.4443963600863290 -0.0141719852181427 0.0000569988277356 0.0932229636578306 0.9535805086263424 0.9668361229363134
3.4661001433546637 -0.0143461655010795 0.0000568704398131 0.0949624830523887 0.9530156508878637 0.9664263183687659
3.4878826281068056 -0.0145219590102831 0.0000567408936719 0.0967292993378277 0.9524457201010067 0.9660126754416363
3.5097438212697267 -0.0146993744998260 0.0000566101838694 0.0985237481686700 0.9518706930097297 0.9655951728170766
3.5316837349930377 -0.0148784207599849 0.0000564783049591 0.1003461683591385 0.9512905463545042 0.9651737890784927
3.5446126049857969 -0.0149843818686362 0.0000564002644796 0.1014302279790777 0.9509472481395613 0.9649243601756163
3.5575414749785561 -0.0150906775540913 0.0000563219826560 0.1025218299123348 0.9506028947003415 0.9646741064989935
3.5796718752459178 -0.0152734205892101 0.0000561874275129 0.1044078968531160 0.9500110204491518 0.9642438347176074
3.6018621480640367 -0.0154576655670016 0.0000560518006686 0.1063214296293325 0.9494144571454638 0.9638099798437615
3.6241313310338343 -0.0156435779148105 0.0000559149814095 0.1082643908928659 0.9488126745420080 0.9633721516438123
3.6464794072985276 -0.0158311661358885 0.0000557769646055 0.1102371315760961 0.9482056508395402 0.9629303293543552
3.6689063446856274 -0.0160204385904645 0.0000556377452568 0.1122400038868711 0.9475933648265537 0.9624844925592858
3.6914122385303720 -0.0162114047070256 0.0000554973176036 0.1142733742069706 0.9469757919642383 0.9620346183371552
3.7139970459112090 -0.0164040727378345 0.0000553556767773 0.1163375993320852 0.9463529116493438 0.9615806865490465
3.7366608370826202 -0.0165984518891920 0.0000552128172346 0.1184330491265461 0.9457247003268866 0.9611226748211769
3.7594035887830390 -0.0167945505600948 0.0000550687340529 0.1205600876849653 0.9450911371872281 0.9606605626954968
3.7822253169113069 -0.0169923774736115 0.0000549234220989 0.1227190854565081 0.9444522005108077 0.9601943289650967
3.8051260533708935 -0.0171919414832322 0.0000547768761717 0.1249104172278996 0.9438078682974992 0.9597239521312377
3.8281058051590247 -0.0173932512169130 0.0000546290912649 0.1271344582305156 0.9431581194185615 0.9592494112433140
3.8511645980149183 -0.0175963154564361 0.0000544800622882 0.1293915883014318 0.9425029323942048 0.9587706850057639
3.8743024334683347 -0.0178011427602196 0.0000543297843453 0.1316821877117060 0.9418422866134474 0.9582877526683042
3.8975193222901057 -0.0180077417558837 0.0000541782525188 0.1340066403991421 0.9411761613923850 0.9578005933373778
3.9208152225296988 -0.0182161205864250 0.0000540254622779 0.1363653277105685 0.9405045377620005 0.9573091872832981
3.9441902043722212 -0.0184262883838083 0.0000538714083977 0.1387586450733132 0.9398273937211318 0.9568135124663667
3.9676442371695657 -0.0186382533650304 0.0000537160863560 0.1411869804627640 0.9391447103760281 0.9563135490279266
3.9911773257473517 -0.0188520240498541 0.0000535594914410 0.1436507281703124 0.9384564680179385 0.9558092764199372
4.0147895152074762 -0.0190676093127385 0.0000534016187143 0.1461502895167060 0.9377626459606884 0.9553006732833318
4.0384807957053326 -0.0192850175159156 0.0000532424636462 0.1486860628387393 0.9370632253342220 0.9547877194944002
4.0622511062893301 -0.0195042565318944 0.0000530820220994 0.1512584435812260 0.9363581890120397 0.9542703961135703
4.0716921930157293 -0.0195916268849655 0.0000530180892909 0.1522879916479805 0.9360772535988927 0.9540641882600593
4.0811332797421285 -0.0196791620251685 0.0000529540381967 0.1533220145935600 0.9357958025172003 0.9538575616801483
4.1050755995224719 -0.0199019271051612 0.0000527910754939 0.1559643816910394 0.9350797448179397 0.9533316880239009
4.1290669849801294 -0.0201262666816078 0.0000526270173266 0.1586412048847697 0.9343589134016654 0.9528020446186555
4.1531374445330229 -0.0203524675996924 0.0000524616555505 0.1613561902317750 0.9336323947779993 0.9522679540308722
4.1772869951008573 -0.0205805383412252 0.0000522949857283 0.1641097546466350 0.9329001705895329 0.9517293959503798
4.2015156006147274 -0.0208104868700892 0.0000521270038385 0.1669023116763514 0.9321622243267541 0.9511863513255274
4.2258232538343421 -0.0210423214019382 0.0000519577057135 0.1697342807482086 0.9314185388592616 0.9506388005473186
4.2502099262180417 -0.0212760499291381 0.0000517870873872 0.1726060814072443 0.9306690979636548 0.9500867245728404
4.2746755596940371 -0.0215116801361883 0.0000516151451572 0.1755181321894306 0.9299138865963119 0.9495301051269031
4.2992202053214621 -0.0217492207378563 0.0000514418746091 0.1784708671933233 0.9291528866085557 0.9489689215425430
4.3238438410112483 -0.0219886797277255 0.0000512672718956 0.1814647144909459 0.9283860823646761 0.9484031548999040
4.3485463872498915 -0.0222300645149618 0.0000510913336362 0.1845000975929507 0.9276134603025852 0.9478327877055313
4.3733279189471537 -0.0224733839957471 0.0000509140554088 0.1875774615093742 0.9268350023073288 0.9472577989994890
4.3981883405851629 -0.0227186453769849 0.0000507354340644 0.1906972327706752 0.9260506958805187 0.9466781718624970
4.4231276321361079 -0.0229658565796444 0.0000505554659773 0.1938598496452424 0.9252605264512295 0.9460938877389007
4.4481458136944916 -0.0232150259033502 0.0000503741472897 0.1970657580699669 0.9244644784562681 0.9455049272306572
4.4732428304360905 -0.0234661608819034 0.0000501914747465 0.2003153969358109 0.9236625390005221 0.9449112728044058
4.4984186772476304 -0.0237192695215375 0.0000500074447937 0.2036092139631250 0.9228546939035605 0.9443129058666924
4.5236732974074307 -0.0239743461865006 0.0000498220549522 0.2069476525629942 0.9220409309089591 0.9437098091613441
4.5499054358328106 -0.0242404843085985 0.0000496286646037 0.2104518411507716 0.9211920935433063 0.9430803469091695
4.5753189730001926 -0.0244995343395808 0.0000494405086063 0.2138823137180141 0.9203662882797554 0.9424675996664597
4.6008129079334630 -0.0247606040801590 0.0000492509697455 0.2173590103248763 0.9195344710905895 0.9418500272718854
4.6263854784521552 -0.0250236835046579 0.0000490600577761 0.2208821547396680 0.9186966863254714 0.9412276539929308
4.6520366258096812 -0.0252887798814411 0.0000488677699379 0.2244522016752543 0.9178529234319196 0.9406004632602775
4.6777663338730289 -0.0255559008927347 0.0000486741032209 0.2280696140302107 0.9170031707873848 0.9399684375958225
4.7035745551399328 -0.0258250538714526 0.0000484790549196 0.2317348526158352 0.9161474181326400 0.9393315604205186
4.7294612404161116 -0.0260962461055087 0.0000482826224127 0.2354483801948269 0.9152856556061195 0.9386898153368342
4.7554263601933586 -0.0263694850630126 0.0000480848030010 0.2392106645646326 0.9144178730326432 0.9380431855981999
4.7814698332976890 -0.0266447776411471 0.0000478855944523 0.2430221681884463 0.9135440623126799 0.9373916558890083
4.8075915814163057 -0.0269221307343709 0.0000476849945898 0.2468833558993369 0.9126642156194001 0.9367352109825984
4.8337916475451745 -0.0272015525012978 0.0000474830003777 0.2507947126699374 0.9117783213874202 0.9360738327450139
4.8600699111112799 -0.0274830493351596 0.0000472796101128 0.2547567013294776 0.9108863739254186 0.9354075073080929
4.8864263235396432 -0.0277666283655133 0.0000470748216161 0.2587697973733514 0.9099883654841598 0.9347362191509762
4.9128608662253983 -0.0280522970203062 0.0000468686325506 0.2628344829846491 0.9090842876533535 0.9340599521390505
4.9179433015516736 -0.0281073641576118 0.0000468288989299 0.2636205468885023 0.9089100758794983 0.9339295874702481
4.9230257368779489 -0.0281624599135427 0.0000467891369921 0.2644080861665840 0.9087357388514335 0.9337991125832955
4.9293607068095557 -0.0282311958293978 0.0000467395352874 0.2653917766145942 0.9085182624596961 0.9336363287531363
4.9559650527271328 -0.0285206380638862 0.0000465307350662 0.2695479675743911 0.9076028336062293 0.9329508361570159
4.9826045385603557 -0.0288117205145006 0.0000463208648770 0.2737503482123688 0.9066827891559104 0.9322614264741822
5.0093219810504630 -0.0291049154908420 0.0000461095871153 0.2780060674341333 0.9057566508457219 0.9315669828469881
5.0361172016466202 -0.0294002284996841 0.0000458969010713 0.2823155911843799 0.9048244175304382 0.9308674940351298
5.0629900907474923 -0.0296976657630791 0.0000456828055810 0.2866793977874294 0.9038860861030950 0.9301629472116484
5.0899406225308628 -0.0299972344001831 0.0000454672988970 0.2910979808967177 0.9029416509337121 0.9294533275347967
5.1169686581270559 -0.0302989402456595 0.0000452503802598 0.2955718173925298 0.9019911107542459 0.9287386233187056
5.1440741277684605 -0.0306027898695884 0.0000450320484451 0.3001013970471035 0.9010344622923275 0.9280188212517568
5.1712569820980372 -0.0309087900449359 0.0000448123021484 0.3046872147916297 0.9000717019586836 0.9272939076610064
5.1985170830235941 -0.0312169465164401 0.0000445911408701 0.3093297521788745 0.8991028297235482 0.9265638714318866
5.2258543663798571 -0.0315272658304462 0.0000443685636016 0.3140295047378512 0.8981278433630394 0.9258286996765424
5.2532686984256474 -0.0318397537137287 0.0000441445699906 0.3187869575221879 0.8971467435609445 0.9250883815776918
5.2641720293854393 -0.0319643969128320 0.0000440552639636 0.3206915128457480 0.8967556055639717 0.9247930863602210
5.2750753603452312 -0.0320892442685927 0.0000439658341182 0.3226031395524160 0.8963639398948207 0.9244973067341496
5.3026578590991305 -0.0324058632378671 0.0000437390560206 0.3274706689097680 0.8953707848099582 0.9237469056442694
5.3283303252623080 -0.0327017227876174 0.0000435272765718 0.3320419586262267 0.8944433998685092 0.9230456970091415
5.3560348954946777 -0.0330222597624679 0.0000432979759505 0.3370193746056468 0.8934393827053418 0.9222859980828078
5.3838124857709673 -0.0333449496355020 0.0000430672866169 0.3420561936709412 0.8924293832914644 0.9215211967279858
5.4116665685519187 -0.0336698395426143 0.0000428351789544 0.3471535531184738 0.8914132743595630 0.9207511846567173
5.4395969641799331 -0.0339969344083359 0.0000426016536248 0.3523119378209603 0.8903910612624858 0.9199759537759421
5.4676035321735146 -0.0343262395764248 0.0000423667110641 0.3575318406323634 0.8893627484014405 0.9191954951531873
5.4956861623097017 -0.0346577607143252 0.0000421303515528 0.3628137609983993 0.8883283395340079 0.9184097992466597
5.5238447452390860 -0.0349915034720660 0.0000418925754602 0.3681581995781014 0.8872878388462110 0.9176188567173791
5.5520791198243202 -0.0353274728553647 0.0000416533836920 0.3735656480868527 0.8862412529094412 0.9168226599185493
5.5803891786174553 -0.0356656744767948 0.0000414127767999 0.3790366092886164 0.8851885867845370 0.9160211999341636
5.5922395381113548 -0.0358076379079277 0.0000413118320364 0.3813413133477065 0.8847469823701054 0.9156847882754026
5.5973262851770436 -0.0358686468712649 0.0000412684604363 0.3823332512653267 0.8845572501550522 0.9155402166898478
5.6024130322427323 -0.0359296791356218 0.0000412250651019 0.3833267805445931 0.8843674134257352 0.9153955446324771
5.6074216823512240 -0.0359898105810863 0.0000411823121802 0.3843066117710097 0.8841803893305099 0.9152529956170626
5.6359268160333063 -0.0363328174453259 0.0000409385435562 0.3899124338282271 0.8831140834095861 0.9144398733715738
5.6644600135721781 -0.0366775015416465 0.0000406937658784 0.3955739987957675 0.8820434808233767 0.9136228088311419
5.6930683417326797 -0.0370244348645468 0.0000404475773118 0.4013010482913857 0.8809668265378899 0.9128004509752256
5.7217515511644228 -0.0373736211081245 0.0000401999801311 0.4070940600394019 0.8798841333330034 0.9119727961917585
5.7505094618649961 -0.0377250647681951 0.0000399509761237 0.4129535257248294 0.8787954118984111 0.9111398391589152
5.7793418737240518 -0.0380787700600323 0.0000397005673592 0.4188799331016460 0.8777006741977260 0.9103015754144697
5.8082486530624937 -0.0384347419823903 0.0000394487554369 0.4248737837914653 0.8765999301808005 0.9094579988382157
5.8372295210671217 -0.0387929837139306 0.0000391955433288 0.4309355493992920 0.8754931958395380 0.9086091078259662
5.8662843326049821 -0.0391535000464084 0.0000389409329517 0.4370657292308155 0.8743804825951779 0.9077548971576820
5.8767902339940266 -0.0392841934159420 0.0000388486844767 0.4392954100562835 0.8739773658773625 0.9074452494683595
5.8872961353830711 -0.0394150642245934 0.0000387563386788 0.4415320447291279 0.8735738415124534 0.9071351915474534
5.9014736477009206 -0.0395919091167280 0.0000386315682662 0.4445613745100581 0.8730286492200001 0.9067161252037327
5.9150092424669696 -0.0397610152061688 0.0000385122845537 0.4474653844640937 0.8725074543461461 0.9063153384935061
5.9442878314732894 -0.0401278064715303 0.0000382537187291 0.4537866179414908 0.8713777857415049 0.9054460906388787
5.9736130071311413 -0.0404965506676721 0.0000379939991074 0.4601723353115345 0.8702432169675192 0.9045723002222357
6.0030111445913752 -0.0408675840088462 0.0000377328942472 0.4666287364492746 0.8691027400300810 0.9036931774395947
6.0324819440851511 -0.0412409091124142 0.0000374704080602 0.4731562857512142 0.8679563752951667 0.9028087233338473
6.0620251179409301 -0.0416165287048051 0.0000372065444707 0.4797554492241610 0.8668041432242810 0.9019189389221065
6.0916404626356773 -0.0419944465467539 0.0000369413067669 0.4864267108451958 0.8656460615468100 0.9010238230087477
6.1213277207853416 -0.0423746656834698 0.0000366746988323 0.4931705418280812 0.8644821506348787 0.9001233763350611
6.1510865337231930 -0.0427571878227707 0.0000364067255792 0.4999873891551038 0.8633124353970643 0.8992176030549049
6.1588030264347369 -0.0428566024307451 0.0000363371225409 0.5017642982527050 0.8630086407687130 0.8989822211110774
6.1636059907516119 -0.0429185278831478 0.0000362937753577 0.5028722312275044 0.8628194497928245 0.8988356060960885
6.1684089550684869 -0.0429804664007871 0.0000362504107602 0.5039816489138659 0.8626301817128068 0.8986889093588686
6.1732159869017718 -0.0430424881148247 0.0000362069911213 0.5050934932275084 0.8624406763400515 0.8985420066131337
6.2031634813688630 -0.0434296887505575 0.0000359360726963 0.5120537457199695 0.8612583443116548 0.8976249739170358
6.2331180411345253 -0.0438183734594414 0.0000356643767457 0.5190735382534410 0.8600727820450591 0.8967045678891413
6.2631432003245191 -0.0442093683714195 0.0000353913313836 0.5261681013155489 0.8588814971870756 0.8957788408243206
6.2932384869297575 -0.0446026734816554 0.0000351169431223 0.5333378481914587 0.8576845218190795 0.8948478020133871
6.3234035814583560 -0.0449982907242067 0.0000348412172122 0.5405832260418633 0.8564818825636238 0.8939114564239913
6.3536381031259221 -0.0453962211899567 0.0000345641595867 0.5479046653512321 0.8552736090644263 0.8929698112916862
6.3839417180687219 -0.0457964665457410 0.0000342857758725 0.5553026057924813 0.8540597296738344 0.8920228727651363
6.4143140307082502 -0.0461990276044306 0.0000340060723858 0.5627774697895052 0.8528402757958041 0.8910706492937324
6.4270931769902262 -0.0463687488290201 0.0000338881868633 0.5659405435611551 0.8523263541425344 0.8906690665035365
6.4388051273688536 -0.0465245116816675 0.0000337800406195 0.5688488532268936 0.8518549186208006 0.8903005354166300
6.4693328778970427 -0.0469314929430366 0.0000334976808932 0.5764717416829187 0.8506241732381857 0.8893377699425047
6.4998967547412763 -0.0473403692735464 0.0000332143103747 0.5841649042149302 0.8493892102178152 0.8883707345974956
6.5305277835429001 -0.0477515594318348 0.0000329296455834 0.5919365675979575 0.8481487978567960 0.8873984499848530
6.5612255312737577 -0.0481650634671249 0.0000326436937848 0.5997871316234843 0.8469029718922245 0.8864209276211703
6.5919894329981190 -0.0485808795994060 0.0000323564636029 0.6077169588098091 0.8456517740234674 0.8854381836470160
6.6228190309799846 -0.0489990074391653 0.0000320679627936 0.6157264353600577 0.8443952422098232 0.8844502312187089
6.6332442953697948 -0.0491407224533158 0.0000319702565425 0.6184491237550284 0.8439697399066328 0.8841154464797013
6.6436695597596049 -0.0492825999430087 0.0000318724762422 0.6211790067945548 0.8435439384972279 0.8837803086096585
6.6504388045779530 -0.0493747860439756 0.0000318089480810 0.6229554056981028 0.8432673011023624 0.8835625109586330
6.6567552639450938 -0.0494608482379869 0.0000317496422657 0.6246157218619335 0.8430090546080998 0.8833591476198535
6.6877720102463014 -0.0498843148177960 0.0000314580335727 0.6328070328199722 0.8417393734388651 0.8823586691436409
6.7188030842931008 -0.0503094067330132 0.0000311656481305 0.6410660309650997 0.8404665209597909 0.8813546329627985
6.7498976916125155 -0.0507368002324433 0.0000308720278228 0.6494061508587138 0.8391885066872846 0.8803454545409038
6.7810552366024055 -0.0511664927229018 0.0000305771823612 0.6578277211837273 0.8379053772932703 0.8793311537047932
6.8122750464020028 -0.0515984804801141 0.0000302811223221 0.6663310445579157 0.8366171832542919 0.8783117532703609
6.8435565169701524 -0.0520327606642085 0.0000299838577640 0.6749164369022462 0.8353239728311473 0.8772872742876345
6.8553222436186108 -0.0521964762924989 0.0000298718903859 0.6781625414445240 0.8348369321828789 0.8769011526672046
6.8617660501910267 -0.0522862255606677 0.0000298105319772 0.6799442798619604 0.8345700463542171 0.8766895007084017
6.8675629606340145 -0.0523669836234435 0.0000297553130808 0.6815495231439915 0.8343298655685623 0.8764989864337236
6.8728892025270589 -0.0524412225651076 0.0000297045595092 0.6830264147213647 0.8341091128478414 0.8763238487189230
6.9043094637318427 -0.0528800125532185 0.0000294048014580 0.6917774746129338 0.8328054504707993 0.8752889012993096
6.9357692837395781 -0.0533207987334290 0.0000291040628550 0.7006058640335344 0.8314977581095322 0.8742496070136232
6.9672879870781141 -0.0537638557929917 0.0000288021643514 0.7095174051768107 0.8301852603403568 0.8732053333754509
6.9988648263451934 -0.0542091784948135 0.0000284991180303 0.7185123443372797 0.8288680143959772 0.8721561085803682
7.0304988764043053 -0.0546567590084062 0.0000281949378180 0.7275908698946847 0.8275460855526980 0.8711019672620056
7.0621893639496536 -0.0551065915566850 0.0000278896363201 0.7367532059785101 0.8262195333777290 0.8700429395444274
7.0668930612497975 -0.0551734613474041 0.0000278442738551 0.7381189090421169 0.8260224474292044 0.8698854969842349
7.0715179100625978 -0.0552392297353210 0.0000277996601845 0.7394631743120113 0.8258286174441644 0.8697306295121890
7.1032981586049999 -0.0556919992145723 0.0000274927655331 0.7487395220492222 0.8244954191279341 0.8686647228009562
7.1351162309911400 -0.0561467635351541 0.0000271849414060 0.7580952748227648 0.8231584407213716 0.8675945632387615
7.1669877453864395 -0.0566037497243275 0.0000268760427114 0.7675353971820152 0.8218170567432229 0.8665196337429129
7.1989117055483955 -0.0570629483764856 0.0000265660847885 0.7770600126472959 0.8204713387418009 0.8654399742762119
7.2308870608113551 -0.0575243491919319 0.0000262550836426 0.7866692189859047 0.8191213611779330 0.8643556272265936
7.2419870559314390 -0.0576848628089343 0.0000261469962224 0.7900212003757691 0.8186522446220145 0.8639785183158326
7.2468752801791743 -0.0577556057643496 0.0000260993762024 0.7915000011564803 0.8184455766470343 0.8638123350391060
7.2517635044269095 -0.0578263828582140 0.0000260517437514 0.7929804243541430 0.8182388611396333 0.8636460835267354
7.2837995734443508 -0.0582908529340212 0.0000257392803583 0.8027228848523611 0.8168829365806525 0.8625548328552153
7.3129564002218377 -0.0587148468800146 0.0000254544438447 0.8116503815198407 0.8156471397498660 0.8615591306814580
7.3451114362136520 -0.0591838407921822 0.0000251398217330 0.8215629653721952 0.8142823851463677 0.8604582671178411
7.3773083670952673 -0.0596549156766908 0.0000248242770546 0.8315590150255089 0.8129139163161740 0.8593530762454649
7.4095501118347542 -0.0601281182834206 0.0000245077877636 0.8416397868051034 0.8115416427182059 0.8582434681453831
7.4216361296664966 -0.0603058804324290 0.0000243890212231 0.8454368987001342 0.8110267559390493 0.8578267867813832
7.4256079188548236 -0.0603643429533750 0.0000243499761833 0.8466869075416490 0.8108574936631964 0.8576897666191726
7.4280660781637291 -0.0604005360387787 0.0000243258073184 0.8474610833844962 0.8107527224379706 0.8576049425321017
7.4303627127280256 -0.0604343428822143 0.0000243032248427 0.8481847611078851 0.8106548259463017 0.8575256772509792
7.4533290583709908 -0.0607728204327070 0.0000240772634033 0.8554413448166561 0.8096753514858366 0.8567322315128242
7.4856852930971849 -0.0612509473328259 0.0000237584993797 0.8657259514590674 0.8082938638127652 0.8556119470502653
7.5180691237167618 -0.0617309578740148 0.0000234389826215 0.8760909885551283 0.8069094191959785 0.8544878753396526
7.5504915676151567 -0.0622130183522595 0.0000231186116602 0.8865402593237039 0.8055215829975206 0.8533596476917255
7.5829509951773755 -0.0626971082654955 0.0000227974096648 0.8970735452615142 0.8041304607896710 0.8522273334729024
7.5886423348005847 -0.0627821395917113 0.0000227410437102 0.8989278573386360 0.8038863731147980 0.8520285099078972
7.5922169205391263 -0.0628355688510037 0.0000227056345226 0.9000936384443026 0.8037330418287516 0.8519035902598877
7.5957915062776680 -0.0628889956541447 0.0000226702209267 0.9012602952151775 0.8035796903965712 0.8517786369867399
7.5993447091976956 -0.0629421151552070 0.0000226350140128 0.9024208410521400 0.8034272364698010 0.8516543978663323
7.6315295218250032 -0.0634240748596984 0.0000223158650062 0.9129724599309429 0.8020454233570644 0.8505275357615866
7.6640762756383323 -0.0639129277256190 0.0000219926828750 0.9237149909058823 0.8006464704392139 0.8493852556758874
7.6966536356814039 -0.0644037226810307 0.0000216687583749 0.9345404305106551 0.7992446324330376 0.8482391592871052
7.7292600901146873 -0.0648964399989339 0.0000213441140900 0.9454485233509461 0.7978400122739998 0.8470893151227252
7.7411760490618402 -0.0650768727361650 0.0000212253677965 0.9494530893270572 0.7973263231895400 0.8466684315479641
7.7477614958494598 -0.0651766752871969 0.0000211597177186 0.9516704309087718 0.7970423443964890 0.8464356725432010
7.7543469426370795 -0.0652764913858391 0.0000210940531913 0.9538907537856091 0.7967583055138884 0.8462028038035667
7.7627912677278035 -0.0654045699264996 0.0000210098287740 0.9567421715520910 0.7963940038273183 0.8459040427457880
7.7954782161294816 -0.0659012814711392 0.0000206835465863 0.9678258909207644 0.7949829283994320 0.8447458841527693
7.8281626738930665 -0.0663994408568717 0.0000203568830080 0.9789822663345200 0.7935705490064024 0.8435851436443740
7.8608679889248130 -0.0668994045631792 0.0000200296131022 0.9902193683447005 0.7921558978354619 0.8424210129386994
7.8772239494990144 -0.0671499944803833 0.0000198657985396 0.9958666848906615 0.7914479283526377 0.8418378431116587
7.8867217623049894 -0.0672956812024411 0.0000197706281097 0.9991545069932255 0.7910366640948757 0.8414988993132256
7.8916687475580929 -0.0673716125288611 0.0000197210453100 1.0008694478689213 0.7908224116318303 0.8413222714912028
7.8961046820541458 -0.0674397092421373 0.0000196765783366 1.0024086598672901 0.7906302674050412 0.8411638395963459
7.9005406165501988 -0.0675078206076841 0.0000196321050675 1.0039492277905908 0.7904380994604545 0.8410053598063789
7.9333411695027394 -0.0680123015383129 0.0000193030423446 1.0153827113189602 0.7890164321428823 0.8398320346017598
7.9660999301761342 -0.0685176275223466 0.0000189740273983 1.0268756586706571 0.7875953345970509 0.8386576170479560
7.9988695901016129 -0.0690246090689535 0.0000186445402567 1.0384464822712620 0.7861725650099107 0.8374802450939918
8.0096369201826487 -0.0691915158342663 0.0000185362009133 1.0422645504710226 0.7857048221394717 0.8370928329879881
8.0204042502636845 -0.0693585832040966 0.0000184278236482 1.0460906190169259 0.7852369558186175 0.8367051474004166
8.0260272676593161 -0.0694458945498999 0.0000183712108730 1.0480918851512586 0.7849925736540686 0.8365025781239608
8.0294838204597347 -0.0694995878769303 0.0000183364050821 1.0493231763894442 0.7848423318710576 0.8363780189101157
8.0329403732601534 -0.0695532788262227 0.0000183015964869 1.0505552922874817 0.7846920775102579 0.8362534316652155
8.0362565526733363 -0.0696047992600203 0.0000182681981968 1.0517381461017963 0.7845479133998765 0.8361338776772044
8.0688681416772869 -0.0701122652747673 0.0000179395701706 1.0634108730055329 0.7831295922121415 0.8349568050817812
8.1016570970369877 -0.0706239733477684 0.0000176088196561 1.0752211212042673 0.7817024898386539 0.8337708421617019
8.1344455855608704 -0.0711371604604459 0.0000172777463943 1.0871054598277476 0.7802743794623395 0.8325824242162566
8.1443889396207503 -0.0712930820524209 0.0000171772825509 1.0907241517976070 0.7798410974641236 0.8322215426649030
8.1543322936806302 -0.0714491403800599 0.0000170767896231 1.0943496754502631 0.7794077259080280 0.8318604365832902
8.1590892041343803 -0.0715238471972981 0.0000170287034913 1.0960865456419353 0.7792003691946324 0.8316876038639176
8.1638461145881305 -0.0715985518593504 0.0000169806126401 1.0978249795670065 0.7789929921190784 0.8315147199629691
8.1716550244350348 -0.0717212537555880 0.0000169016528797 1.1006821707962429 0.7786525200902547 0.8312308041833703
8.2044437944430779 -0.0722373845435125 0.0000165699192851 1.1127252105778176 0.7772223390426460 0.8300371758035160
8.2372140984773097 -0.0727547079523030 0.0000162380720991 1.1248357251126895 0.7757920652407229 0.8288418215376560
8.2699713349571180 -0.0732733077858478 0.0000159060655788 1.1370156177786399 0.7743615057722720 0.8276445712053603
8.2777624221712873 -0.0733968715610282 0.0000158270580761 1.1399234460509977 0.7740211354266654 0.8273594666519066
8.2804338531350243 -0.0734392587923730 0.0000157999640833 1.1409214572608983 0.7739044177299799 0.8272616786252113
8.2831052840987613 -0.0734816373804292 0.0000157728692583 1.1419199620286569 0.7737876945598070 0.8271638750208212
8.2886147353133897 -0.0735690680525257 0.0000157169841319 1.1439807964986592 0.7735469526468817 0.8269621196690592
8.3213307605201479 -0.0740891086595722 0.0000153849682028 1.1562616180228733 0.7721169325227811 0.8257627051343222
8.3540418562846206 -0.0746105484342755 0.0000150527330279 1.1686146098747225 0.7706863785204892 0.8245611637663081
8.3867278758199379 -0.0751330653103046 0.0000147204919366 1.1810320711091833 0.7692562135216713 0.8233582618717753
8.3926322984896551 -0.0752276105975354 0.0000146604485661 1.1832830510794845 0.7689977953561747 0.8231407275131799
8.3975745553631409 -0.0753067669806636 0.0000146101844543 1.1851690730655469 0.7687814714803671 0.8229585853096706
8.4025168122366267 -0.0753859423639066 0.0000145599154644 1.1870567850662790 0.7685651325280223 0.8227763916378936
8.4350806086984420 -0.0759084605523514 0.0000142285599770 1.1995368922974219 0.7671393431657432 0.8215746634733190
8.4676913278644115 -0.0764332002784131 0.0000138964882523 1.2121085154069844 0.7657108943965361 0.8203689906542408
8.5002641626849549 -0.0769587990258869 0.0000135645719175 1.2247389944547284 0.7642835407378977 0.8191625305414146
8.5058528145113801 -0.0770491035717132 0.0000135076023996 1.2269134354250597 0.7640385899812531 0.8189553152235681
8.5114414663378053 -0.0771394359104431 0.0000134506272493 1.2290900376931964 0.7637936238390044 0.8187480362874262
8.5439469032153514 -0.0776656948531325 0.0000131191142926 1.2417927156533131 0.7623685279139287 0.8175411786013533
8.5764186476080511 -0.0781928687779906 0.0000127877347745 1.2545552286013963 0.7609444395520922 0.8163334493648386
8.5865017554445426 -0.0783568638261563 0.0000126847934980 1.2585330826228569 0.7605021430830101 0.8159579978559390
8.5965848632810342 -0.0785209998602200 0.0000125818329716 1.2625179716610848 0.7600598063099610 0.8155823446477103
8.6025630484238906 -0.0786183812565752 0.0000125207795963 1.2648838989310982 0.7597975302088475 0.8153595282264262
8.6068896254391944 -0.0786888720934959 0.0000124765904495 1.2665977280429457 0.7596077051907117 0.8151982258521405
8.6111660002054204 -0.0787585598930577 0.0000124329112424 1.2682929439916035 0.7594200757845696 0.8150387588392957
8.6436709694922218 -0.0792890894297035 0.0000121007945794 1.2812197388602615 0.7579936794673947 0.8138254677094310
8.6759756928272775 -0.0798178031482833 0.0000117705394454 1.2941393253958668 0.7565757222492048 0.8126176123245898
8.6855508863606872 -0.0799747936211348 0.0000116726168827 1.2979825915111733 0.7561553754523744 0.8122592140229977
8.6951260798940968 -0.0801319115588508 0.0000115746790468 1.3018322001633025 0.7557350025193338 0.8119006396919888
8.6998339727029990 -0.0802092094381937 0.0000115265198242 1.3037272861377660 0.7555283059569724 0.8117242729245947
8.7045418655119011 -0.0802865096043240 0.0000114783586025 1.3056239053107006 0.7553216031870765 0.8115478637993062
8.7097073607303770 -0.0803713569216752 0.0000114255121215 1.3077066378907534 0.7550948023561765 0.8113542592176914
8.7419041479340489 -0.0809010505115436 0.0000110960217153 1.3207300164240587 0.7536809919331515 0.8101463698906202
8.7740044142751934 -0.0814305923740198 0.0000107673603490 1.3337857265098716 0.7522711900600426 0.8089401572272703
8.7861014340357872 -0.0816305233438536 0.0000106434643901 1.3387242715015382 0.7517398528233542 0.8084850954672936
8.7896961208164086 -0.0816899731187766 0.0000106066440454 1.3401937337645076 0.7515819584732287 0.8083498193329033
8.7929226370838993 -0.0817433347223589 0.0000105735941290 1.3415134535028739 0.7514402337927938 0.8082283778885538
8.7958818782017030 -0.0817922837493248 0.0000105432809541 1.3427244843735833 0.7513102476023110 0.8081169793482665
8.8254742893797395 -0.0822824454840131 0.0000102400819546 1.3548680934530652 0.7500103118547486 0.8070021057618891
8.8573647767514903 -0.0828120404701567 0.0000099132050938 1.3680225189725952 0.7486092993826143 0.8057988596556886
8.8681468913804586 -0.0829914171381200 0.0000098026588669 1.3724859068642199 0.7481355960780074 0.8053916269997268
8.8731158170587321 -0.0830741374353288 0.0000097517088354 1.3745455588315656 0.7479172871090799 0.8052038836849582
8.8756198214762154 -0.0831158359993625 0.0000097260322808 1.3755841315219755 0.7478072733374930 0.8051092568381059
8.8781238258936988 -0.0831575304023696 0.0000097003556911 1.3766231375202527 0.7476972589858298 0.8050146187166139
8.8809896312964245 -0.0832052574207668 0.0000096709683141 1.3778128001440948 0.7475713481952392 0.8049062926038540
8.9096476853236819 -0.0836831595425399 0.0000093770400319 1.3897406395635588 0.7463122131753349 0.8038222230382402
8.9412957084589824 -0.0842122593014194 0.0000090523347537 1.4029788724201850 0.7449216742708902 0.8026233548599945
8.9541616711618577 -0.0844277575733952 0.0000089202997060 1.4083804301012413 0.7443563716403422 0.8021354714743295
8.9565373859111581 -0.0844675750075318 0.0000088959173435 1.4093790843686693 0.7442519879958865 0.8020453515656080
8.9589131006604585 -0.0845073869320028 0.0000088715351556 1.4103781284323471 0.7441476043097077 0.8019552217989520
8.9625941373489226 -0.0845690881683522 0.0000088337551932 1.4119268610182980 0.7439858678163966 0.8018155513270007
8.9935366031625179 -0.0850884955988168 0.0000085161252644 1.4249823591190145 0.7426263410657961 0.8006405631815564
9.0249150642487699 -0.0856165971672790 0.0000081939242150 1.4382893214513177 0.7412477102504096 0.7994473341357019
9.0302771560003805 -0.0857069803149954 0.0000081388559198 1.4405700739358809 0.7410121313577624 0.7992432615407613
9.0356392477519911 -0.0857973876881046 0.0000080837859856 1.4428528107794703 0.7407765550060089 0.7990391400842211
9.0404779505001933 -0.0858789925530908 0.0000080340899237 1.4449144348975982 0.7405639753665976 0.7988549008660849
9.0717033366263244 -0.0864064037238334 0.0000077133403144 1.4582574751738471 0.7391922083589759 0.7976650076688997
9.1027959676158048 -0.0869329413215836 0.0000073938761289 1.4716106228323000 0.7378264067093280 0.7964785520583283
9.1070411103382192 -0.0870049237559275 0.0000073502540618 1.4734389295962960 0.7376399429217494 0.7963164383168511
9.1112862530606336 -0.0870769214490764 0.0000073066312684 1.4752684791074071 0.7374534821964570 0.7961542948147848
9.1416294724993694 -0.0875922861257666 0.0000069947895118 1.4883818241202023 0.7361208066563301 0.7949944713150142
9.1724365190923773 -0.0881168650070640 0.0000066781190599 1.5017605494751523 0.7347679598699653 0.7938153842530159
9.1917097494838114 -0.0884456322121404 0.0000064799834274 1.5101636849137599 0.7339217192194643 0.7930769562729524
9.2092898202408069 -0.0887459772912576 0.0000062992362378 1.5178509187230467 0.7331499067515529 0.7924028817168879
9.2173743174605054 -0.0888842439180404 0.0000062161111462 1.5213931706391490 0.7327950046405161 0.7920927321660329
9.2254588146802039 -0.0890226037450830 0.0000061329828119 1.5249399236710000 0.7324401216458144 0.7917824792629492
9.2308407371299470 -0.0891147628319867 0.0000060776417900 1.5273035243940138 0.7322038837235101 0.7915758839822312
9.2362226595796901 -0.0892069632716730 0.0000060222994136 1.5296691195149992 0.7319676546886913 0.7913692431498572
9.2413829540639210 -0.0892953820650016 0.0000059692361742 1.5319391720152731 0.7317411618547253 0.7911710691086989
9.2460692735300558 -0.0893757101289843 0.0000059210459212 1.5340023077462204 0.7315354797663660 0.7909910612780202
9.2762430858533396 -0.0898936700647010 0.0000056107412800 1.5473224244413133 0.7302113283637189 0.7898312250236835
9.2854531082431002 -0.0900520276709068 0.0000055160192574 1.5514006356540024 0.7298072174630624 0.7894769246180431
9.2946631306328609 -0.0902105068283563 0.0000054212942399 1.5554846830896296 0.7294031374308818 0.7891224937110676
9.2966621715873270 -0.0902449208905461 0.0000054007337378 1.5563718988446937 0.7293154357721972 0.7890455470795528
9.2986612125417931 -0.0902793341941077 0.0000053801734822 1.5572593895058671 0.7292277355537504 0.7889685943279683
9.3009357152146244 -0.0903184927609638 0.0000053567801466 1.5582695079885738 0.7291279523118983 0.7888810302832137
9.3236807419429368 -0.0907104865225274 0.0000051228380595 1.5683902635298250 0.7281302299005908 0.7880049559019732
9.3535913101799775 -0.0912271045264306 0.0000048151742300 1.5817535882301041 0.7268185069312538 0.7868516933087899
9.3565303112708520 -0.0912779275589818 0.0000047849427215 1.5830699818804046 0.7266896379764951 0.7867383016810966
9.3594055127482427 -0.0913276547716944 0.0000047553675725 1.5843583738482261 0.7265635701094844 0.7866273590569526
9.3881575275221500 -0.0918255820852148 0.0000044596078043 1.5972735382805427 0.7253030956492796 0.7855172565470361
