0.0000971267462364 -0.0000000000185933 0.0000265595111108 0.0000000000000024 0.9999999999781286 0.9999999999766239
0.0001340583951190 -0.0000000000354245 0.0000265595111029 0.0000000000000063 0.9999999999581212 0.9999999999554631
0.0001793992494250 -0.0000000000634422 0.0000265595110899 0.0000000000000152 0.9999999999248169 0.9999999999202384
0.0002339467106802 -0.0000000001078903 0.0000265595110692 0.0000000000000337 0.9999999998719825 0.9999999998643566
0.0002984526686609 -0.0000000001755928 0.0000265595110376 0.0000000000000700 0.9999999997915062 0.9999999997792388
0.0003736479840599 -0.0000000002752234 0.0000265595109912 0.0000000000001373 0.9999999996730780 0.9999999996539798
0.0004602387871590 -0.0000000004175700 0.0000265595109249 0.0000000000002565 0.9999999995038746 0.9999999994750168
0.0005588976380292 -0.0000000006157852 0.0000265595108325 0.0000000000004594 0.9999999992682620 0.9999999992258141
0.0006702680189519 -0.0000000008856517 0.0000265595107068 0.0000000000007924 0.9999999989474797 0.9999999988865288
0.0007950077804804 -0.0000000012459755 0.0000265595105389 0.0000000000013223 0.9999999985191733 0.9999999984335175
0.0009337079776754 -0.0000000017186581 0.0000265595103187 0.0000000000021421 0.9999999979573099 0.9999999978392450
0.0010869770389770 -0.0000000023292092 0.0000265595100343 0.0000000000033796 0.9999999972315662 0.9999999970716396
0.0012553888330962 -0.0000000031068806 0.0000265595096720 0.0000000000052064 0.9999999963071715 0.9999999960939248
0.0014394982669029 -0.0000000040849859 0.0000265595092163 0.0000000000078494 0.9999999951445274 0.9999999948642178
0.0016398534162820 -0.0000000053012525 0.0000265595086496 0.0000000000116043 0.9999999936987882 0.9999999933350864
0.0018570020529876 -0.0000000067981904 0.0000265595079522 0.0000000000168516 0.9999999919194235 0.9999999914530855
0.0020914531417564 -0.0000000086231299 0.0000265595071020 0.0000000000240740 0.9999999897501733 0.9999999891587099
0.0023437126390937 -0.0000000108287279 0.0000265595060744 0.0000000000338780 0.9999999871284458 0.9999999863857575
0.0026142755295878 -0.0000000134732227 0.0000265595048424 0.0000000000470174 0.9999999839850152 0.9999999830610093
0.0029036467301072 -0.0000000166209703 0.0000265595033759 0.0000000000644223 0.9999999802433833 0.9999999791035549
0.0032122933742500 -0.0000000203422626 0.0000265595016421 0.0000000000872269 0.9999999758199962 0.9999999744250205
0.0035406564386992 -0.0000000247136250 0.0000265594996055 0.0000000001168035 0.9999999706238907 0.9999999689291960
0.0038892284498443 -0.0000000298191876 0.0000265594972269 0.0000000001548086 0.9999999645550636 0.9999999625103103
0.0042584329079446 -0.0000000357493817 0.0000265594944641 0.0000000002032142 0.9999999575060224 0.9999999550546700
0.0046487112494236 -0.0000000426024008 0.0000265594912713 0.0000000002643640 0.9999999493600473 0.9999999464388231
0.0050605175671391 -0.0000000504845880 0.0000265594875991 0.0000000003410275 0.9999999399907316 0.9999999365290712
0.0054942625965351 -0.0000000595097021 0.0000265594833943 0.0000000004364483 0.9999999292628534 0.9999999251823929
0.0059503607766298 -0.0000000698000212 0.0000265594786002 0.0000000005544144 0.9999999170310649 0.9999999122450562
0.0064292483084294 -0.0000000814871938 0.0000265594731552 0.0000000006993349 0.9999999031388794 0.9999998975515483
0.0069313072970260 -0.0000000947107497 0.0000265594669944 0.0000000008762944 0.9999998874204421 0.9999998809264472
0.0074569398597625 -0.0000001096201145 0.0000265594600483 0.0000000010911552 0.9999998696981357 0.9999998621818905
0.0080065474778583 -0.0000001263745257 0.0000265594522425 0.0000000013506426 0.9999998497826794 0.9999998411176791
0.0085805114172435 -0.0000001451427407 0.0000265594434986 0.0000000016624328 0.9999998274734764 0.9999998175216456
0.0091792147865452 -0.0000001661039792 0.0000265594337329 0.0000000020352659 0.9999998025574942 0.9999997911684689
0.0098030263581750 -0.0000001894476892 0.0000265594228573 0.0000000024790488 0.9999997748095422 0.9999997618199687
0.0104523343576406 -0.0000002153751326 0.0000265594107779 0.0000000030049997 0.9999997439903865 0.9999997292231119
0.0111274954758654 -0.0000002440977750 0.0000265593973962 0.0000000036257414 0.9999997098486645 0.9999996931120365
0.0118288811158811 -0.0000002758393998 0.0000265593826081 0.0000000043554751 0.9999996721183728 0.9999996532053946
0.0125568320399491 -0.0000003108344398 0.0000265593663042 0.0000000052100847 0.9999996305208481 0.9999996092084494
0.0133117215565703 -0.0000003493312250 0.0000265593483688 0.0000000062073636 0.9999995847609093 0.9999995608089923
0.0140938911970863 -0.0000003915892682 0.0000265593286811 0.0000000073671115 0.9999995345300821 0.9999995076807549
0.0149036979309541 -0.0000004378819322 0.0000265593071138 0.0000000087113729 0.9999994795034293 0.9999994494800563
0.0157414736781112 -0.0000004884945412 0.0000265592835338 0.0000000102645670 0.9999994193417955 0.9999993858481773
0.0166075407023902 -0.0000005437253527 0.0000265592578022 0.0000000120537014 0.9999993536906526 0.9999993164101387
0.0175022360920510 -0.0000006038874446 0.0000265592297732 0.0000000141086366 0.9999992821778561 0.9999992407723285
0.0184259173029854 -0.0000006693097493 0.0000265591992934 0.0000000164623476 0.9999992044124157 0.9999991585212019
0.0193788760633226 -0.0000007403312409 0.0000265591662051 0.0000000191509423 0.9999991199914049 0.9999990692305892
0.0203614612526728 -0.0000008173099378 0.0000265591303414 0.0000000222142265 0.9999990284892607 0.9999989724503779
0.0213740040024245 -0.0000009006180698 0.0000265590915288 0.0000000256957916 0.9999989294635271 0.9999988677125883
0.0224167916673471 -0.0000009906398227 0.0000265590495885 0.0000000296431725 0.9999988224575376 0.9999987545342091
0.0234901601847168 -0.0000010877793593 0.0000265590043320 0.0000000341084685 0.9999987069908793 0.9999986324071135
0.0245944289031485 -0.0000011924559010 0.0000265589555641 0.0000000391484417 0.9999985825652410 0.9999985008042424
0.0257298792069256 -0.0000013051015961 0.0000265589030834 0.0000000448247070 0.9999984486669452 0.9999983591822846
0.0268968200513269 -0.0000014261679868 0.0000265588466796 0.0000000512043659 0.9999983047592629 0.9999982069735467
0.0280955841127444 -0.0000015561265815 0.0000265587861331 0.0000000583604103 0.9999981502817319 0.9999980435852324
0.0293264451262061 -0.0000016954602586 0.0000265587212187 0.0000000663716116 0.9999979846603760 0.9999978684102514
0.0305896863910893 -0.0000018446704797 0.0000265586517030 0.0000000753232628 0.9999978072991310 0.9999976808181497
0.0318856453492630 -0.0000020042834864 0.0000265585773408 0.0000000853079754 0.9999976175724777 0.9999974801473188
0.0332145869763713 -0.0000021748355017 0.0000265584978821 0.0000000964251931 0.9999974148430339 0.9999972657236021
0.0345768091748169 -0.0000023568855892 0.0000265584130667 0.0000001087823987 0.9999971984462679 0.9999970368441266
0.0359725873092060 -0.0000025510090385 0.0000265583226263 0.0000001224951398 0.9999969676983629 0.9999967927856194
0.0374022198123850 -0.0000027578038481 0.0000265582262826 0.0000001376879400 0.9999967218885097 0.9999965327962577
0.0388659965730241 -0.0000029778869121 0.0000265581237480 0.0000001544945357 0.9999964602834396 0.9999962561004622
0.0403641665004610 -0.0000032118890068 0.0000265580147287 0.0000001730579655 0.9999961821333854 0.9999959619052009
0.0418970437789485 -0.0000034604714956 0.0000265578989165 0.0000001935324041 0.9999958866522229 0.9999956493789868
0.0434648912504908 -0.0000037243087002 0.0000265577759974 0.0000002160823330 0.9999955730384272 0.9999953176740409
0.0450679801282559 -0.0000040040973210 0.0000265576456467 0.0000002408838390 0.9999952404638746 0.9999949659144497
0.0467065946223225 -0.0000043005579228 0.0000265575075287 0.0000002681253656 0.9999948880720775 0.9999945931942965
0.0483810016547822 -0.0000046144299647 0.0000265573612990 0.0000002980078876 0.9999945149840913 0.9999941985839101
0.0500914632195063 -0.0000049464740583 0.0000265572066032 0.0000003307457282 0.9999941202958318 0.9999937811270263
0.0518382515543781 -0.0000052974752763 0.0000265570430755 0.0000003665675488 0.9999937030741411 0.9999933398366272
0.0536216395664658 -0.0000056682418627 0.0000265568703394 0.0000004057169326 0.9999932623583224 0.9999928736965639
0.0554418815490581 -0.0000060596014323 0.0000265566880094 0.0000004484526831 0.9999927971646569 0.9999923816663336
0.0572992318555359 -0.0000064724049036 0.0000265564956890 0.0000004950499452 0.9999923064817298 0.9999918626761363
0.0591939513366075 -0.0000069075283739 0.0000265562929700 0.0000005458011867 0.9999917892682013 0.9999913156245162
0.0611263074646650 -0.0000073658737693 0.0000265560794324 0.0000006010170950 0.9999912444520349 0.9999907393775447
0.0630965651915475 -0.0000078483672144 0.0000265558546446 0.0000006610272224 0.9999906709324353 0.9999901327708711
0.0651049668384950 -0.0000083559541673 0.0000265556181661 0.0000007261801939 0.9999900675856316 0.9999894946158380
0.0671517563227477 -0.0000088896053185 0.0000265553695449 0.0000007968452645 0.9999894332578660 0.9999888236920652
0.0692372075938242 -0.0000094503247843 0.0000265551083130 0.0000008734143574 0.9999887667556557 0.9999881187371492
0.0713615462743021 -0.0000100391296877 0.0000265548339967 0.0000009563002465 0.9999880668700636 0.9999873784723343
0.0735250139000720 -0.0000106570671387 0.0000265545461081 0.0000010459397461 0.9999873323565167 0.9999866015811650
0.0757279078229486 -0.0000113052271853 0.0000265542441395 0.0000011427967472 0.9999865619194105 0.9999857866932028
0.0779704377637386 -0.0000119847015573 0.0000265539275822 0.0000012473571687 0.9999857542611506 0.9999849324358956
0.0802528510623089 -0.0000126966198180 0.0000265535959100 0.0000013601352601 0.9999849080391806 0.9999840373891266
0.0825753970182665 -0.0000134421398045 0.0000265532485836 0.0000014816733498 0.9999840218773466 0.9999831000972323
0.0849382925436667 -0.0000142224366070 0.0000265528850556 0.0000016125411116 0.9999830943789969 0.9999821190828596
0.0873417874931992 -0.0000150387239267 0.0000265525047605 0.0000017533402023 0.9999821241015965 0.9999810928201125
0.0897861608220062 -0.0000158922546486 0.0000265521071147 0.0000019047058032 0.9999811095560468 0.9999800197338330
0.0922715680636351 -0.0000167842671806 0.0000265516915413 0.0000020672981987 0.9999800492704699 0.9999788982670647
0.0947983271212399 -0.0000177160865746 0.0000265512574230 0.0000022418221456 0.9999789416700130 0.9999777267539209
0.0973666483438447 -0.0000186890293777 0.0000265508041466 0.0000024290110729 0.9999777851899478 0.9999765035392083
0.0999767304750028 -0.0000197044364392 0.0000265503310874 0.0000026296340126 0.9999765782366744 0.9999752269371811
0.1026288574586774 -0.0000207637118195 0.0000265498375914 0.0000028445048102 0.9999753191414750 0.9999738951826237
0.1053232166477660 -0.0000218682521526 0.0000265493230080 0.0000030744695154 0.9999740062444765 0.9999725065196580
0.1080600504669264 -0.0000230195065230 0.0000265487866622 0.0000033204197606 0.9999726378234810 0.9999710591264654
0.1108395905504480 -0.0000242189510118 0.0000265482278664 0.0000035832891832 0.9999712121242215 0.9999695511472874
0.1136620704887140 -0.0000254680942161 0.0000265476459179 0.0000038640560921 0.9999697273538027 0.9999679806854866
0.1165277332015515 -0.0000267684811368 0.0000265470400970 0.0000041637459693 0.9999681816760828 0.9999663457986596
0.1194367545772447 -0.0000281216581515 0.0000265464096834 0.0000044834248341 0.9999665732533068 0.9999646445426735
0.1223893813428667 -0.0000295292360548 0.0000265457539267 0.0000048242154354 0.9999649001711788 0.9999628748924102
0.1253858184929713 -0.0000309928388933 0.0000265450720706 0.0000051872870330 0.9999631604996783 0.9999610348060927
0.1284263152788604 -0.0000325141454286 0.0000265443633330 0.0000055738672044 0.9999613522437791 0.9999591221731564
0.1315111072933176 -0.0000340948621532 0.0000265436269192 0.0000059852371725 0.9999594733755238 0.9999571348481748
0.1346403687240136 -0.0000357366975360 0.0000265428620332 0.0000064227265128 0.9999575218646396 0.9999550706832390
0.1378143546722385 -0.0000374414359209 0.0000265420678441 0.0000068877344047 0.9999554955907016 0.9999529274350496
0.1410332680732770 -0.0000392108689682 0.0000265412435173 0.0000073817135043 0.9999533924246263 0.9999507028511120
0.1442973040879561 -0.0000410468180029 0.0000265403882045 0.0000079061774861 0.9999512102021085 0.9999483946416382
0.1476067033683048 -0.0000429511648653 0.0000265395010292 0.0000084627119860 0.9999489466869561 0.9999460004407618
0.1509616913439154 -0.0000449258191306 0.0000265385811021 0.0000090529675829 0.9999465996100541 0.9999435178477500
0.1543624570102570 -0.0000469727046095 0.0000265376275271 0.0000096786574734 0.9999441666854144 0.9999409444439762
0.1578092273664461 -0.0000490938035912 0.0000265366393811 0.0000103415728600 0.9999416455575885 0.9999382777372955
0.1613021819510658 -0.0000512911054505 0.0000265356157374 0.0000110435693155 0.9999390338627593 0.9999355152266590
0.1648415882750440 -0.0000535666917654 0.0000265345556267 0.0000117865960903 0.9999363291275699 0.9999326542951005
0.1684276099821266 -0.0000559226154732 0.0000265334580928 0.0000125726596256 0.9999335289127643 0.9999296923616657
0.1720604610705977 -0.0000583609985404 0.0000265323221476 0.0000134038571912 0.9999306306970984 0.9999266267586191
0.1757403420019673 -0.0000608839916465 0.0000265311467895 0.0000142823662353 0.9999276319252647 0.9999234547821304
0.1794674807316379 -0.0000634938026161 0.0000265299309903 0.0000152104567171 0.9999245299741003 0.9999201736565297
0.1832420749556808 -0.0000661926571117 0.0000265286737135 0.0000161904799059 0.9999213221993115 0.9999167805837255
0.1870643145406150 -0.0000689828133204 0.0000265273739076 0.0000172248756670 0.9999180059180206 0.9999132727247402
0.1909344247120066 -0.0000718665942366 0.0000265260304909 0.0000183161871701 0.9999145783704004 0.9999096471591246
0.1948525910105177 -0.0000748463330985 0.0000265246423768 0.0000194670432704 0.9999110367845297 0.9999059009535559
0.1988190427224257 -0.0000779244361064 0.0000265232084448 0.0000206801850574 0.9999073783018537 0.9999020310829873
0.2028339559949435 -0.0000811033087590 0.0000265217275750 0.0000219584400432 0.9999036000647421 0.9998980345232603
0.2068975491962507 -0.0000843854298169 0.0000265201986132 0.0000233047540044 0.9998996991285843 0.9998939081581162
0.2110099912638510 -0.0000877732788144 0.0000265186204048 0.0000247221645890 0.9998956725479484 0.9998896488703301
0.2151715044464618 -0.0000912694195803 0.0000265169917561 0.0000262138386050 0.9998915172773210 0.9998852534367072
0.2193822984113430 -0.0000948764479947 0.0000265153114584 0.0000277830538876 0.9998872302332041 0.9998807185937647
0.2236425594652885 -0.0000985969818568 0.0000265135782931 0.0000294331974604 0.9998828083061624 0.9998760410504701
0.2279524419887153 -0.0001024336516084 0.0000265117910354 0.0000311677635959 0.9998782483718552 0.9998712174999048
0.2323121962768102 -0.0001063892150394 0.0000265099484015 0.0000329904090773 0.9998735471547127 0.9998662444750537
0.2367220009837007 -0.0001104664095497 0.0000265080491169 0.0000349048901530 0.9998687014035300 0.9998611185345453
0.2411820284534560 -0.0001146680084624 0.0000265060918906 0.0000369150902867 0.9998637078245471 0.9998558361918547
0.2456925013605471 -0.0001189968756755 0.0000265040753894 0.0000390250500977 0.9998585630164991 0.9998503938465934
0.2502536312954632 -0.0001234559099346 0.0000265019982639 0.0000412389450277 0.9998532635368572 0.9998447878545725
0.2548655563448949 -0.0001280479815471 0.0000264998591781 0.0000435610561875 0.9998478059770489 0.9998390146073675
0.2595284927893322 -0.0001327760812589 0.0000264976567399 0.0000459958479406 0.9998421867855289 0.9998330703451468
0.2642426344475158 -0.0001376432229352 0.0000264953895464 0.0000485479236068 0.9998364023834474 0.9998269512790249
0.2690081827201909 -0.0001426524737461 0.0000264930561701 0.0000512220444373 0.9998304491287854 0.9998206535531129
0.2738252775096841 -0.0001478068807008 0.0000264906551927 0.0000540230935327 0.9998243234036720 0.9998141733368815
0.2786941679442306 -0.0001531096527281 0.0000264881851210 0.0000569561781210 0.9998180213980006 0.9998075065962466
0.2836149888119217 -0.0001585639215798 0.0000264856444973 0.0000600265033912 0.9998115393935905 0.9998006493941669
0.2885879493433839 -0.0001641729459092 0.0000264830318052 0.0000632394883443 0.9998048735216613 0.9997935976340727
0.2936132326332320 -0.0001699400024953 0.0000264803455198 0.0000666007099138 0.9997980198921158 0.9997863471966224
0.2986910243009437 -0.0001758684178025 0.0000264775840934 0.0000701159245579 0.9997909745560430 0.9997788939000249
0.3038215309716101 -0.0001819615907453 0.0000264747459441 0.0000737910864574 0.9997837334786767 0.9997712334714209
0.3090049336187134 -0.0001882229383776 0.0000264718294823 0.0000776323195105 0.9997762926039468 0.9997633616151637
0.3142413707329053 -0.0001946558728199 0.0000264688331202 0.0000816459056628 0.9997686478819103 0.9997552740418267
0.3195310795025419 -0.0002012639750448 0.0000264657551919 0.0000858383977180 0.9997607950622392 0.9997469662497204
0.3248741972794768 -0.0002080507512860 0.0000264625940662 0.0000902164718052 0.9997527299837099 0.9997384338311371
0.3302709307866881 -0.0002150198432222 0.0000264593480489 0.0000947870643578 0.9997444483244402 0.9997296722081076
0.3357214385589299 -0.0002221748801252 0.0000264560154518 0.0000995572820653 0.9997359457776025 0.9997206768182820
0.3412258818342013 -0.0002295195425229 0.0000264525945628 0.0001045344467479 0.9997272179757810 0.9997114430348937
0.3467844948606447 -0.0002370576589406 0.0000264490836012 0.0001097261674086 0.9997182603760301 0.9997019660451357
0.3523974358091421 -0.0002447930072027 0.0000264454808098 0.0001151402104351 0.9997090684960028 0.9996922410999678
0.3580648671615717 -0.0002527294199015 0.0000264417844063 0.0001207845745451 0.9996996377886339 0.9996822633815202
0.3637869614060142 -0.0002608707933841 0.0000264379925785 0.0001266675026080 0.9996899636314773 0.9996720279917973
0.3695639039035574 -0.0002692210934104 0.0000264341034823 0.0001327974916989 0.9996800413199984 0.9996615299455648
0.3753958867809283 -0.0002777843479601 0.0000264301152447 0.0001391832939768 0.9996698660761378 0.9996507641793944
0.3812830911586996 -0.0002865646217009 0.0000264260259757 0.0001458339031495 0.9996594330786678 0.9996397255837636
0.3872256699574220 -0.0002955659888645 0.0000264218337810 0.0001527585379680 0.9996487374954355 0.9996284090371576
0.3932237995947276 -0.0003047926104359 0.0000264175367261 0.0001599667059250 0.9996377743916632 0.9996168093090274
0.3992776880583099 -0.0003142487499885 0.0000264131328290 0.0001674682235187 0.9996265387111529 0.9996049210398840
0.4053874467166109 -0.0003239385730176 0.0000264086201533 0.0001752730620969 0.9996150255147346 0.9995927389935773
0.4115532924534163 -0.0003338664635740 0.0000264039966613 0.0001833916052042 0.9996032296040651 0.9995802576592259
0.4177753707305067 -0.0003440367460543 0.0000263992603430 0.0001918344318962 0.9995911458522128 0.9995674716009840
0.4240538279030389 -0.0003544537977164 0.0000263944091642 0.0002006124111250 0.9995787690699858 0.9995543753165883
0.4303889331150211 -0.0003651222559006 0.0000263894409696 0.0002097368861596 0.9995660937597538 0.9995409629768416
0.4367807623946544 -0.0003760464899199 0.0000263843537291 0.0002192192320098 0.9995531147429276 0.9995272290895533
0.4432295079530494 -0.0003872311174916 0.0000263791452970 0.0002290712992013 0.9995398265463967 0.9995131678502835
0.4497353680257223 -0.0003986808245081 0.0000263738134962 0.0002393052701946 0.9995262236166915 0.9994987733689302
0.4562984583301616 -0.0004104002069868 0.0000263683561917 0.0002499335222667 0.9995123005077773 0.9994840398684295
0.4629189858089129 -0.0004223940777673 0.0000263627711475 0.0002609689086039 0.9994980515167051 0.9994689612991798
0.4695971107088750 -0.0004346672234757 0.0000263570561406 0.0002724245470266 0.9994834709723760 0.9994535316445875
0.4763329877986605 -0.0004472244761729 0.0000263512089265 0.0002843138894748 0.9994685531504448 0.9994377448309920
0.4831268014498459 -0.0004600707797790 0.0000263452272093 0.0002966507922175 0.9994532921944357 0.9994215946441610
0.4899786877185220 -0.0004732110439287 0.0000263391087092 0.0003094493830864 0.9994376822893855 0.9994050749130228
0.4968888485572440 -0.0004866503614875 0.0000263328510614 0.0003227242784768 0.9994217174034733 0.9993881792362114
0.5038574113438903 -0.0005003937389298 0.0000263264519417 0.0003364903271336 0.9994053916083439 0.9993709013210321
0.5108845627052438 -0.0005144463559379 0.0000263199089454 0.0003507628727043 0.9993886987707524 0.9993532346571017
0.5179704852978257 -0.0005288134448880 0.0000263132196437 0.0003655576440817 0.9993716326957617 0.9993351726678580
0.5251152636821701 -0.0005435000959027 0.0000263063816744 0.0003808905574530 0.9993541873583350 0.9993167089556463
0.5323191341529848 -0.0005585117674945 0.0000262993925040 0.0003967782533984 0.9993363562968047 0.9992978366597531
0.5395822308691889 -0.0005738537685631 0.0000262922496691 0.0004132375672181 0.9993181332282135 0.9992785491076296
0.5469046882995576 -0.0005895314650230 0.0000262849506802 0.0004302857476287 0.9992995118029000 0.9992588395551261
0.5542867022869533 -0.0006055504135447 0.0000262774929593 0.0004479406126109 0.9992804854456890 0.9992387010183607
0.5617284263542975 -0.0006219161412859 0.0000262698739424 0.0004662203192383 0.9992610476175557 0.9992181265506377
0.5692300192244356 -0.0006386342466905 0.0000262620910330 0.0004851434798094 0.9992411916959371 0.9991971091157291
0.5767916102681626 -0.0006557103220664 0.0000262541416376 0.0005047290812918 0.9992209110667203 0.9991756416852098
0.5844133983278090 -0.0006731501771475 0.0000262460230621 0.0005249967498632 0.9992001988587692 0.9991537169574074
0.5920955401409285 -0.0006909595895364 0.0000262377326278 0.0005459664753245 0.9991790482403566 0.9991313276711401
0.5998381669673130 -0.0007091443380465 0.0000262292676557 0.0005676586523408 0.9991574523796002 0.9991084665638037
0.6076414267406338 -0.0007277103000807 0.0000262206254218 0.0005900942026043 0.9991354043288535 0.9990851262489536
0.6155054875991238 -0.0007466634630726 0.0000262118031509 0.0006132946002901 0.9991128970111699 0.9990612992019265
0.6234304936228845 -0.0007660098192299 0.0000262027980663 0.0006372817531395 0.9990899233453453 0.9990369778921675
0.6314166092075133 -0.0007857554725492 0.0000261936073399 0.0006620781418894 0.9990664761188816 0.9990121546487011
0.6394640493805069 -0.0008059067187541 0.0000261842280548 0.0006877069353639 0.9990425478931206 0.9989868215596407
0.6475728858469662 -0.0008264695588179 0.0000261746574318 0.0007141913794060 0.9990181315809522 0.9989609710837677
0.6557432887995054 -0.0008474503012469 0.0000261648925492 0.0007415555673414 0.9989932197316823 0.9989345952933758
0.6639754202237972 -0.0008688552990370 0.0000261549304652 0.0007698241194544 0.9989678048434419 0.9989076862049606
0.6722694256088422 -0.0008906909267670 0.0000261447682285 0.0007990221599180 0.9989418793904336 0.9988802358080214
0.6806254673792315 -0.0009129636679206 0.0000261344028379 0.0008291754416323 0.9989154357193052 0.9988522359552897
0.6890436599441769 -0.0009356799416802 0.0000261238313225 0.0008603101206269 0.9988884662548458 0.9988236785804778
0.6975241829206609 -0.0009588464064742 0.0000261130506011 0.0008924531785353 0.9988609631396569 0.9987945553166853
0.7060671857329019 -0.0009824697057870 0.0000261020575998 0.0009256320879342 0.9988329185359995 0.9987648578159539
0.7146727798649567 -0.0010065564416494 0.0000260908492649 0.0009598747774929 0.9988043246573111 0.9987345777825996
0.7233411628483754 -0.0010311135218774 0.0000260794224011 0.0009952101353307 0.9987751733560509 0.9987037065366948
0.7320724649926668 -0.0010561477330189 0.0000260677738703 0.0010316674142874 0.9987454566307329 0.9986722355509343
0.7408668207069188 -0.0010816659373725 0.0000260559004998 0.0010692765179334 0.9987151663920949 0.9986401562029635
0.7497243784438627 -0.0011076751033721 0.0000260437990686 0.0011080680572514 0.9986842944271026 0.9986074597371881
0.7586452852042973 -0.0011341822620444 0.0000260314663272 0.0011480732984505 0.9986528324507049 0.9985741373195187
0.7676297229587383 -0.0011611946172430 0.0000260188989464 0.0011893243424705 0.9986207719750717 0.9985401798988015
0.7766777649264696 -0.0011887191124494 0.0000260060937193 0.0012318534719501 0.9985881048238140 0.9985055787514031
0.7857896575293589 -0.0012167632845480 0.0000259930471637 0.0012756944747639 0.9985548221187506 0.9984703244079319
0.7949654328899465 -0.0012453340816720 0.0000259797560723 0.0013208808223940 0.9985209156829929 0.9984344081393354
0.8042053018643728 -0.0012744390700236 0.0000259662169510 0.0013674475627079 0.9984863766087630 0.9983978204398123
0.8135093992081336 -0.0013040856499600 0.0000259524263840 0.0014154301057549 0.9984511961878160 0.9983605520122795
0.8228778362132082 -0.0013342812131015 0.0000259383809607 0.0014648644720419 0.9984153657250457 0.9983225935708778
0.8323107704093463 -0.0013650333668142 0.0000259240771708 0.0015157876704268 0.9983788762721892 0.9982839355587859
0.8418083497402563 -0.0013963497579845 0.0000259095114871 0.0015682374266036 0.9983417188370358 0.9982445683697608
0.8513706716575854 -0.0014282379344034 0.0000258946804293 0.0016222519558344 0.9983038845479663 0.9982044825223966
0.8609979301970466 -0.0014607058343511 0.0000258795803367 0.0016778708018920 0.9982653640731591 0.9981636680446879
0.8706902721244540 -0.0014937613118637 0.0000258642075889 0.0017351340528057 0.9982261481839575 0.9981221150708177
0.8804478133173158 -0.0015274121849365 0.0000258485585836 0.0017940824229622 0.9981862276977392 0.9980798137805682
0.8902706658422749 -0.0015616663248497 0.0000258326296948 0.0018547574139242 0.9981455933720225 0.9980367542870430
0.9001590051256326 -0.0015965318938323 0.0000258164171623 0.0019172017528685 0.9981042356226434 0.9979929263379187
0.9101129449677243 -0.0016320169097014 0.0000257999172947 0.0019814586340309 0.9980621450403091 0.9979483198627328
0.9201326316082621 -0.0016681295750212 0.0000257831263158 0.0020475723157096 0.9980193120002326 0.9979029245591203
0.9302181926424689 -0.0017048780966430 0.0000257660404487 0.0021155878083777 0.9979757268762950 0.9978567301196742
0.9403697822825201 -0.0017422708499473 0.0000257486558397 0.0021855511896119 0.9979313798463506 0.9978097260254979
0.9505874967229956 -0.0017803160676461 0.0000257309687029 0.0022575090350215 0.9978862612614084 0.9977619019374040
0.9608715359809039 -0.0018190224408144 0.0000257129750404 0.0023315095645207 0.9978403609329577 0.9977132469404103
0.9712219708014918 -0.0018583982487179 0.0000256946710478 0.0024076010046107 0.9977936691650201 0.9976637506375864
0.9816389459815552 -0.0018984521187923 0.0000256760527600 0.0024858330438390 0.9977461758530064 0.9976134021947497
0.9921225997355225 -0.0019391927270220 0.0000256571161910 0.0025662562800795 0.9976978708391611 0.9975621907171128
1.0026730915259014 -0.0019806289067907 0.0000256378572834 0.0026489224498080 0.9976487437836260 0.9975101051124716
1.0132905199600739 -0.0020227693260519 0.0000256182720582 0.0027338837963778 0.9975987845473089 0.9974571344970187
1.0239750193386914 -0.0020656228641989 0.0000255983564399 0.0028211938302842 0.9975479827451725 0.9974032677216288
1.0347267189867506 -0.0021091984541296 0.0000255781063301 0.0029109070307944 0.9974963279336219 0.9973484935704011
1.0455457503787884 -0.0021535051108278 0.0000255575175937 0.0030030789175260 0.9974438095767501 0.9972928007247480
1.0564322154307633 -0.0021985518002371 0.0000255365861204 0.0030977657883803 0.9973904172018916 0.9972361779282352
1.0673862715677205 -0.0022443477906796 0.0000255153076615 0.0031950254704810 0.9973361399832273 0.9971786135448713
1.0784080493730501 -0.0022909023154664 0.0000254936779862 0.0032949166318113 0.9972809671418421 0.9971200959832194
1.0894976321860870 -0.0023382244799181 0.0000254716929253 0.0033974985811476 0.9972248880560115 0.9970606138132836
1.1006552382880677 -0.0023863240406960 0.0000254493480090 0.0035028329754510 0.9971678913378119 0.9970001547869387
1.1118809209098592 -0.0024352101226719 0.0000254266390633 0.0036109810459266 0.9971099663538201 0.9969387074507942
1.1231747912185455 -0.0024848921687478 0.0000254035617683 0.0037220056670343 0.9970511020996633 0.9968762599523239
1.1345370052318469 -0.0025353798944270 0.0000253801116800 0.0038359712954804 0.9969912872540897 0.9968128000969974
1.1459676822240790 -0.0025866829300759 0.0000253562843960 0.0039529431879727 0.9969305106029875 0.9967483157979566
1.1574669338309775 -0.0026388109455942 0.0000253320754979 0.0040729876867170 0.9968687608918080 0.9966827949193331
1.1690348990688164 -0.0026917738100743 0.0000253074804772 0.0041961726037315 0.9968060266366058 0.9966162250755907
1.1806716746797852 -0.0027455812746280 0.0000252824948825 0.0043225665018163 0.9967422964999090 0.9965485940302098
1.1923774139485301 -0.0028002434267125 0.0000252571141090 0.0044522397706646 0.9966775587527604 0.9964798891246637
1.2041522207772550 -0.0028557702014302 0.0000252313336249 0.0045852634964377 0.9966118018537197 0.9964100978926945
1.2159962023340236 -0.0029121716223532 0.0000252051488600 0.0047217100362311 0.9965450141637828 0.9963392077576423
1.2279094979558010 -0.0029694579421681 0.0000251785551406 0.0048616533805703 0.9964771837800438 0.9962672058556987
1.2398922439193096 -0.0030276394785821 0.0000251515477654 0.0050051687808630 0.9964082987302254 0.9961940792421842
1.2519445051189302 -0.0030867262773516 0.0000251241221621 0.0051523319209835 0.9963383473717815 0.9961198153151001
1.2640664227992242 -0.0031467288304093 0.0000250962735544 0.0053032207060984 0.9962673175418566 0.9960444009125664
1.2762581174312593 -0.0032076576065170 0.0000250679971794 0.0054579141262266 0.9961951971131945 0.9959678229027598
1.2885197082810560 -0.0032695231458005 0.0000250392882443 0.0056164925041437 0.9961219738824085 0.9958900680651268
1.3008513084897833 -0.0033323360345442 0.0000250101419379 0.0057790374457975 0.9960476356000130 0.9958111231220926
1.3132530026175473 -0.0033961067879487 0.0000249805534853 0.0059456315455080 0.9959721701093558 0.9957309748864447
1.3257249176053305 -0.0034608462134777 0.0000249505179789 0.0061163593470917 0.9958955649168324 0.9956496098047022
1.3382671966388515 -0.0035265652838451 0.0000249200304381 0.0062913070477427 0.9958178073424867 0.9955670141167904
1.3508799250120072 -0.0035932747473642 0.0000248890859896 0.0064705614743089 0.9957388849812473 0.9954831743457868
1.3635632627038601 -0.0036609858249637 0.0000248576795444 0.0066542119618599 0.9956587848784844 0.9953980764219511
1.3763172259934360 -0.0037297090468065 0.0000248258063373 0.0068423472213308 0.9955774949065078 0.9953117071448784
1.3891419969334595 -0.0037994559074146 0.0000247934611597 0.0070350598534761 0.9954950018068759 0.9952240521034137
1.4020376398039811 -0.0038702373440038 0.0000247606390650 0.0072324422165940 0.9954112929906186 0.9951350975880806
1.4150043156987497 -0.0039420649011542 0.0000247273348287 0.0074345896555456 0.9953263551609426 0.9950448291274084
1.4280421130492604 -0.0040149498038751 0.0000246935433787 0.0076415979431106 0.9952401754097472 0.9949532326529038
1.4411511210736518 -0.0040889033555828 0.0000246592596101 0.0078535643922718 0.9951527407471470 0.9948602939989283
1.4543314459113448 -0.0041639370307459 0.0000246244783430 0.0080705881432387 0.9950640379922125 0.9947659987863164
1.4675832104134858 -0.0042400624782369 0.0000245891943208 0.0082927702034333 0.9949740537693290 0.9946703324182147
1.4809064942798240 -0.0043172911773502 0.0000245534023697 0.0085202124607956 0.9948827749150648 0.9945732805124087
1.4943014496181808 -0.0043956351056731 0.0000245170970893 0.0087530196627208 0.9947901876890431 0.9944748280620674
1.5077681170452468 -0.0044751056682156 0.0000244802733490 0.0089912962653282 0.9946962790398410 0.9943749607815305
1.5213066685018257 -0.0045557151204159 0.0000244429256287 0.0092351506886552 0.9946010349236004 0.9942736633181155
1.5349171524564169 -0.0046374750657395 0.0000244050487151 0.0094846908333357 0.9945044420796831 0.9941709211401748
1.5485996671879960 -0.0047203974778751 0.0000243666372278 0.0097400271620061 0.9944064868230521 0.9940667192526009
1.5623543585887159 -0.0048044947006868 0.0000243276856201 0.0100012727573436 0.9943071550448185 0.9939610421969605
1.5761812698935265 -0.0048897785303521 0.0000242881886039 0.0102685404919136 0.9942064332966957 0.9938538752049447
1.5900805453479241 -0.0049762614605936 0.0000242481405729 0.0105419469149259 0.9941043073205008 0.9937452026336639
1.6040522358150435 -0.0050639554848648 0.0000242075361579 0.0108216085201693 0.9940007634631257 0.9936350094708745
1.6180965104852321 -0.0051528734172574 0.0000241663696148 0.0111076459524400 0.9938957871170845 0.9935232796752237
1.6322133701987216 -0.0052430270864877 0.0000241246356612 0.0114001782448730 0.9937893648531636 0.9934099984456767
1.6464029630077943 -0.0053344293310905 0.0000240823285528 0.0116993292472460 0.9936814820651851 0.9932951497145169
1.6606653829839473 -0.0054270927275679 0.0000240394426720 0.0120052235597832 0.9935721244719269 0.9931787177455642
1.6750007304209991 -0.0055210299718058 0.0000239959723520 0.0123179877800349 0.9934612776671709 0.9930606866549759
1.6894091239043580 -0.0056162539611107 0.0000239519118385 0.0126377508049391 0.9933489270233058 0.9929410403082480
1.7038906352713470 -0.0057127773642320 0.0000239072554891 0.0129646424058386 0.9932350581989955 0.9928197628605452
1.7184453032249303 -0.0058106127002385 0.0000238619977366 0.0132987934746949 0.9931196570462757 0.9926968386576497
1.7330732718079735 -0.0059097732718324 0.0000238161326576 0.0136403392388382 0.9930027085100798 0.9925722510633931
1.7477746192626689 -0.0060102720207459 0.0000237696545022 0.0139894153907492 0.9928841979788354 0.9924459838978735
1.7625494378565929 -0.0061121220616896 0.0000237225574468 0.0143461599222485 0.9927641106549846 0.9923180207666616
1.7773978325615876 -0.0062153366773277 0.0000236748355971 0.0147107131405323 0.9926424315613780 0.9921883450672080
1.7923198105826137 -0.0063199285446177 0.0000236264833455 0.0150832149347746 0.9925191464536204 0.9920569409609231
1.8073155493702162 -0.0064259116084784 0.0000235774945050 0.0154638114512423 0.9923942396118346 0.9919237910192725
1.8223850907038228 -0.0065332989427291 0.0000235278632986 0.0158526475131228 0.9922676963625431 0.9917888789112939
1.8375285288429519 -0.0066421040678977 0.0000234775837500 0.0162498713302027 0.9921395015257346 0.9916521877480621
1.8527459626388794 -0.0067523406184821 0.0000234266498376 0.0166556333445694 0.9920096398075618 0.9915137005008324
1.8680374274662062 -0.0068640218453358 0.0000233750557247 0.0170700844024093 0.9918780963868822 0.9913734006262716
1.8834030873337511 -0.0069771620171711 0.0000233227951119 0.0174933809692790 0.9917448552649087 0.9912312703059166
1.8988429297813250 -0.0070917741852392 0.0000232698622702 0.0179256768284058 0.9916099018983644 0.9910872932543922
1.9143571134636030 -0.0072078727420295 0.0000232162508591 0.0183671326719028 0.9914732201866407 0.9909414515052003
1.9299456684598686 -0.0073254712031303 0.0000231619549511 0.0188179077785185 0.9913347950842204 0.9907937281973025
1.9456086774958830 -0.0074445835520764 0.0000231069684112 0.0192781651047635 0.9911946110176110 0.9906441058858236
1.9613462275167117 -0.0075652238837540 0.0000230512850612 0.0197480699713476 0.9910526523057770 0.9904925669901397
1.9771584000979456 -0.0076874063314615 0.0000229948987142 0.0202277898017995 0.9909089032464753 0.9903390938856239
1.9930452699797336 -0.0078111450539534 0.0000229378031801 0.0207174940858118 0.9907633481319567 0.9901836689200456
2.0090068824302740 -0.0079364540550551 0.0000228799923497 0.0212173536696151 0.9906159714615570 0.9900262746402645
2.0250433492048732 -0.0080633479369093 0.0000228214598465 0.0217275437805544 0.9904667570563098 0.9898668928462515
2.0411547026187380 -0.0081918407524564 0.0000227621995571 0.0222482394622411 0.9903156894090219 0.9897055060325617
2.0573410572754964 -0.0083219472857590 0.0000227022050403 0.0227796207454755 0.9901627521792934 0.9895420957803608
2.0736024655393690 -0.0084536819026109 0.0000226414700578 0.0233218680242011 0.9900079295454709 0.9893766442012158
2.0899389524804191 -0.0085870588174545 0.0000225799884506 0.0238751631088368 0.9898512058910590 0.9892091336019571
2.1063506503908345 -0.0087220931958341 0.0000225177536318 0.0244396938370234 0.9896925645099590 0.9890395451002539
2.1228376230349326 -0.0088587997257968 0.0000224547592448 0.0250156481943216 0.9895319892858873 0.9888678604190020
2.1393999178468386 -0.0089971930340030 0.0000223909989721 0.0256032160190809 0.9893694642037162 0.9886940613638480
2.1560375601459749 -0.0091372876316698 0.0000223264665597 0.0262025887687831 0.9892049734133709 0.9885181298912223
2.1727506542648878 -0.0092790987688144 0.0000222611554244 0.0268139632062585 0.9890385002274954 0.9883400470357560
2.1895392914771139 -0.0094226416697660 0.0000221950590064 0.0274375381961806 0.9888700280200101 0.9881597938705486
2.2064034984543692 -0.0095679310833792 0.0000221281709758 0.0280735127334974 0.9886995407543581 0.9879773520721316
2.2233433320217135 -0.0097149820876721 0.0000220604848630 0.0287220894353138 0.9885270220395761 0.9877927029102124
2.2403588371786194 -0.0098638097312212 0.0000219919942237 0.0293834730044111 0.9883524555518189 0.9876058276981816
2.2574501293937699 -0.0100144297573037 0.0000219226923060 0.0300578734871723 0.9881758241857710 0.9874167068840605
2.2746171872786221 -0.0101668567796400 0.0000218525728901 0.0307454981387284 0.9879971121946942 0.9872253223412805
2.2918601200956852 -0.0103211066389342 0.0000217816292041 0.0314465619909440 0.9878163024275657 0.9870316544099785
2.3091790107895886 -0.0104771950266014 0.0000217098545578 0.0321612817432358 0.9876333779439498 0.9868356836253114
2.3265738584393620 -0.0106351369516959 0.0000216372425877 0.0328898732777958 0.9874483226389258 0.9866373913868868
2.3440447234135946 -0.0107949480454160 0.0000215637866575 0.0336325576358508 0.9872611197148650 0.9864367583211469
2.3615916745682850 -0.0109566440934898 0.0000214894800734 0.0343895589350160 0.9870717522304456 0.9862337648687332
2.3792147494445532 -0.0111202406683415 0.0000214143162533 0.0351611026630885 0.9868802035321242 0.9860283917464970
2.3969139913594844 -0.0112857534666382 0.0000213382885721 0.0359474172587363 0.9866864568594019 0.9858206195239629
2.4146894887391603 -0.0114531986832022 0.0000212613901903 0.0367487359368413 0.9864904949081000 0.9856104281542272
2.4325412733271339 -0.0116225920572549 0.0000211836144921 0.0375652921692434 0.9862923009475065 0.9853977981714767
2.4504693666989739 -0.0117939492991833 0.0000211049548897 0.0383973216927443 0.9860918583212575 0.9851827101554743
2.4684738375606030 -0.0119672866406843 0.0000210254045711 0.0392450652118768 0.9858891498046870 0.9849651440412973
2.4865546788709616 -0.0121426196553954 0.0000209449570417 0.0401087626680657 0.9856841589849651 0.9847450805999287
2.5047119713307149 -0.0123199648350474 0.0000208636054012 0.0409886609786843 0.9854768684187680 0.9845224994602284
2.5229457838600959 -0.0124993386377582 0.0000207813427808 0.0418850094349052 0.9852672607463390 0.9842973803038070
2.5412561024817530 -0.0126807567769278 0.0000206981626694 0.0427980561120275 0.9850553195228123 0.9840697037577091
2.5596429727456185 -0.0128642356182769 0.0000206140582733 0.0437280548496077 0.9848410275863659 0.9838394496413680
2.5781065071148164 -0.0130497922754834 0.0000205290224729 0.0446752658655462 0.9846243669483231 0.9836065968470423
2.5966466646001498 -0.0132374423959615 0.0000204430488377 0.0456399444757216 0.9844053213794340 0.9833711261187397
2.6152634755938395 -0.0134272024058624 0.0000203561305976 0.0466223524989733 0.9841838737887869 0.9831330172352205
2.6339569889482157 -0.0136190889905397 0.0000202682608817 0.0476227556869317 0.9839600068318711 0.9828922496623750
2.6527272519744183 -0.0138131188938301 0.0000201794328102 0.0486414227207390 0.9837337031458752 0.9826488028054521
2.6715743251318571 -0.0140093090710747 0.0000200896394253 0.0496786260404682 0.9835049451722043 0.9824026558174294
2.6904981240093191 -0.0142076750318787 0.0000199988744493 0.0507346330379957 0.9832737170891729 0.9821537896785130
2.7094987283199998 -0.0144082340601496 0.0000199071308113 0.0518097231167611 0.9830400010585421 0.9819021831565606
2.7285762278961805 -0.0146110036316269 0.0000198144013726 0.0529041794551492 0.9828037790726697 0.9816478147930477
2.7477305806817487 -0.0148159998928067 0.0000197206796221 0.0540182807541331 0.9825650347269522 0.9813906648115115
2.7669618664011737 -0.0150232403553830 0.0000196259584444 0.0551523157900974 0.9823237500817762 0.9811307117378413
2.7862700769432185 -0.0152327416591994 0.0000195302311433 0.0563065713089076 0.9820799082691711 0.9808679352069212
2.8056552422969219 -0.0154445209202761 0.0000194334908256 0.0574813393712583 0.9818334919238935 0.9806023142720677
2.8251173417579021 -0.0156585947650765 0.0000193357308429 0.0586769120360495 0.9815844843083612 0.9803338286167494
2.8446564252781141 -0.0158749806600425 0.0000192369441847 0.0598935887738426 0.9813328677669210 0.9800624568875103
2.8642724667156783 -0.0160936952964646 0.0000191371242163 0.0611316674578321 0.9810786256055476 0.9797881787200593
2.8839655482977844 -0.0163147566395206 0.0000190362637437 0.0623914559375126 0.9808217397106294 0.9795109721700717
2.9037356927817646 -0.0165381820662813 0.0000189343558644 0.0636732615688982 0.9805621927150580 0.9792308160487798
2.9235828271380999 -0.0167639879287688 0.0000188313941662 0.0649773885751919 0.9802999685054268 0.9789476904710834
2.9435070526744940 -0.0169921926216880 0.0000187273713288 0.0663041557483960 0.9800350486603285 0.9786615730095244
2.9635082748903936 -0.0172228123671555 0.0000186222810462 0.0676538720959169 0.9797674173463573 0.9783724439800423
2.9835865738251228 -0.0174558654526011 0.0000185161160954 0.0690268614732088 0.9794970563993214 0.9780802811290763
3.0037419443552387 -0.0176913692535883 0.0000184088696936 0.0704234452750923 0.9792239487814349 0.9777850633667807
3.0239743583036756 -0.0179293409340252 0.0000183005351793 0.0718439464556339 0.9789480777689471 0.9774867698895352
3.0442838507586361 -0.0181697984626363 0.0000181911055502 0.0732886956170825 0.9786694257750601 0.9771853789063789
3.0646703847295584 -0.0184127590194592 0.0000180805741889 0.0747580215026058 0.9783879761983293 0.9768808696369861
3.0851339893202918 -0.0186582406307493 0.0000179689341191 0.0762522608279349 0.9781037115292504 0.9765732202630362
3.1056746389715189 -0.0189062607321845 0.0000178561786602 0.0777717496199760 0.9778166150160725 0.9762624097296091
3.1262923637779307 -0.0191568374925979 0.0000177423008255 0.0793168312909396 0.9775266691332444 0.9759484160868344
3.1469871192642223 -0.0194099882379891 0.0000176272940389 0.0808878469743678 0.9772338574067527 0.9756312184654420
3.1677588999874171 -0.0196657308253078 0.0000175111515113 0.0824851439668752 0.9769381628253356 0.9753107953558409
3.1886077162578172 -0.0199240833686961 0.0000173938663655 0.0841090741092291 0.9766395681592128 0.9749871249519313
3.2095335183458804 -0.0201850632976699 0.0000172754320640 0.0857599878626423 0.9763380570497695 0.9746601863316665
3.2305363062852916 -0.0204486887158704 0.0000171558417929 0.0874382428493513 0.9760336124403828 0.9743299577554260
3.2516160400282654 -0.0207149772826269 0.0000170350889700 0.0891441968011867 0.9757262178700684 0.9739964180678398
3.2727727317525610 -0.0209839473742163 0.0000169131667184 0.0908782149800931 0.9754158561340097 0.9736595452438928
3.2940063016579169 -0.0212556162543518 0.0000167900686965 0.0926406584174675 0.9751025113962964 0.9733193186810809
3.3153167574666687 -0.0215300023554904 0.0000166657880645 0.0944318986267434 0.9747861665589194 0.9729757163429055
3.3367040938218073 -0.0218071240070096 0.0000165403180615 0.0962523094601738 0.9744668047313214 0.9726287163526426
3.3581683149346993 -0.0220869997263700 0.0000164136518743 0.0981022690176622 0.9741444088961768 0.9722782966295073
3.3797092688054207 -0.0223696460412460 0.0000162857836228 0.0999821451546522 0.9738189644183350 0.9719244376159889
3.4013269826366948 -0.0226550818679154 0.0000161567063798 0.1018923244617079 0.9734904540031093 0.9715671167967471
3.4230214579862439 -0.0229433258551945 0.0000160264133732 0.1038331948149979 0.9731588607586166 0.9712063120252293
3.4447926066075878 -0.0232343955137314 0.0000158948983804 0.1058051394023099 0.9728241691975044 0.9708420026140990
3.4666403596468904 -0.0235283086524487 0.0000157621550785 0.1078085463052357 0.9724863635848102 0.9704741675377876
3.4885647095588546 -0.0238250839559062 0.0000156281767851 0.1098438125287690 0.9721454272770581 0.9701027847110282
3.5105655365526118 -0.0241247386390948 0.0000154929575172 0.1119113279499724 0.9718013454183629 0.9697278339245970
3.5326428576865649 -0.0244272918246691 0.0000153564904676 0.1140114985202139 0.9714541010627392 0.9693492926200781
3.5547966018362125 -0.0247327614884467 0.0000152187693843 0.1161447252650298 0.9711036786840120 0.9689671397130180
3.5770267282915853 -0.0250411660728440 0.0000150797878425 0.1183114154076656 0.9707500623246620 0.9685813535749876
3.5993331366019685 -0.0253525232378043 0.0000149395398088 0.1205119736073867 0.9703932370298085 0.9681919135970553
3.6217157493505661 -0.0256668510016071 0.0000147980191268 0.1227468099232531 0.9700331875401139 0.9677987987635591
3.6441744781070957 -0.0259841672684042 0.0000146552197313 0.1250163364937755 0.9696698988351536 0.9674019882441089
3.6667092771096006 -0.0263044905891244 0.0000145111353058 0.1273209729960519 0.9693033552641969 0.9670014604431297
3.6893199992206367 -0.0266278381139850 0.0000143657602047 0.1296611319138582 0.9689335428908391 0.9665971955610511
3.7120066383472468 -0.0269542290472215 0.0000142190879002 0.1320372434547012 0.9685604455423852 0.9661891712758239
3.7347690572002192 -0.0272836807562850 0.0000140711127321 0.1344497274054147 0.9681840492617297 0.9657773676085236
3.7576071150740433 -0.0276162105813938 0.0000139218290943 0.1368990060970423 0.9678043402377111 0.9653617646616309
3.7805207753844026 -0.0279518374140767 0.0000137712307272 0.1393855161170885 0.9674213030056330 0.9649423406475465
3.8035098463105994 -0.0282905779099983 0.0000136193124184 0.1419096803306947 0.9670349247723945 0.9645190766227451
3.8265742134205829 -0.0286324498796158 0.0000134660684809 0.1444719328728363 0.9666451915468897 0.9640919522512907
3.8497137761280995 -0.0289774713721111 0.0000133114931656 0.1470727124603136 0.9662520891888120 0.9636609469511650
3.8729283832874919 -0.0293256597130051 0.0000131555810930 0.1497124551141452 0.9658556045067472 0.9632260410976329
3.8962178929768903 -0.0296770323867557 0.0000129983268581 0.1523916007383268 0.9654557242534244 0.9627872149216642
3.9195821233312600 -0.0300316062927953 0.0000128397253639 0.1551105874193571 0.9650524359739268 0.9623444494402200
3.9430208942888565 -0.0303893983671661 0.0000126797715436 0.1578698560916710 0.9646457272990933 0.9618977256809006
3.9665340884711147 -0.0307504265210538 0.0000125184599420 0.1606698578295302 0.9642355848815151 0.9614470235116508
3.9901214228462645 -0.0311147061325346 0.0000123557862833 0.1635110266054725 0.9638219983825822 0.9609923260216162
4.0137827462156794 -0.0314822546069515 0.0000121917454345 0.1663938145865853 0.9634049552926419 0.9605336138291040
4.0375178295902856 -0.0318530881518583 0.0000120263328462 0.1693186670541293 0.9629844445957974 0.9600708691087950
4.0613264165098890 -0.0322272225352276 0.0000118595442138 0.1722860281522135 0.9625604559085484 0.9596040746460625
4.0852082408304957 -0.0326046733551402 0.0000116913753578 0.1752963429283498 0.9621329791746813 0.9591332135014864
4.1091630788079501 -0.0329854568658396 0.0000115218218566 0.1783500639185391 0.9617020037318014 0.9586582679817901
4.1331906183861324 -0.0333695879016023 0.0000113508799710 0.1814476344841441 0.9612675206630480 0.9581792222307668
4.1572905028336926 -0.0337570805402121 0.0000111785463488 0.1845894938699790 0.9608295220439742 0.9576960614020513
4.1814624017946329 -0.0341479492347148 0.0000110048175209 0.1877760862652360 0.9603879996634753 0.9572087702489021
4.2057059812121800 -0.0345422083350871 0.0000108296901153 0.1910078569314977 0.9599429455667172 0.9567173337221513
4.2300208340346623 -0.0349398709501455 0.0000106531613623 0.1942852427503771 0.9594943533399233 0.9562217383897608
4.2544064770535748 -0.0353409488616827 0.0000104752291319 0.1976086712079955 0.9590422182040967 0.9557219725438979
4.2788625299543463 -0.0357454554588691 0.0000102958906314 0.2009785845836377 0.9585865337069992 0.9552180225454184
4.3033884415180248 -0.0361534012190840 0.0000101151444107 0.2043954023296176 0.9581272968166930 0.9547098784556911
4.3279836892977581 -0.0365647969773440 0.0000099329889108 0.2078595479943945 0.9576645042350385 0.9541975299633997
4.3526476421021023 -0.0369796516199370 0.0000097494234855 0.2113714296972077 0.9571981549923709 0.9536809692578556
4.3773796908534370 -0.0373979742525732 0.0000095644474408 0.2149314581602412 0.9567282480064523 0.9531601883291649
4.4021790942838557 -0.0378197715785878 0.0000093780611932 0.2185400242373945 0.9562547850266326 0.9526351822328366
4.4270451062751244 -0.0382450500199308 0.0000091902653313 0.2221975166299745 0.9557777682470958 0.9521059464490123
4.4519769023998350 -0.0386738144473689 0.0000090010611749 0.2259043107833207 0.9552972017295726 0.9515724784631191
4.4769735181924526 -0.0391060670721923 0.0000088104512626 0.2296607588462656 0.9548130926387076 0.9510347791437025
4.5020339979357802 -0.0395418099727535 0.0000086184382342 0.2334672111632095 0.9543254484052832 0.9504928495983153
4.5271571898620371 -0.0399810415071739 0.0000084250264105 0.2373239846277988 0.9538342807363892 0.9499466956345431
4.5523419119938398 -0.0404237591415394 0.0000082302205434 0.2412313868305244 0.9533396024409967 0.9493963242406198
4.5775868110021136 -0.0408699569324164 0.0000080340269210 0.2451896934292568 0.9528414302361041 0.9488417467138039
4.6028904180995154 -0.0413196264387437 0.0000078364529622 0.2491991554910459 0.9523397837149618 0.9482829775235753
4.6282511410110407 -0.0417727565203300 0.0000076375073003 0.2532599970777631 0.9518346855603756 0.9477200345591921
4.6536671267578127 -0.0422293308043800 0.0000074372008903 0.2573723917197980 0.9513261643527873 0.9471529422728339
4.6791364293354505 -0.0426893305932847 0.0000072355457252 0.2615364875805291 0.9508142513110984 0.9465817280621096
4.7046568041598684 -0.0431527310741241 0.0000070325564916 0.2657523723213180 0.9502989844939438 0.9460064269721152
4.7302258351021704 -0.0436195034955619 0.0000068282496067 0.2700200916320707 0.9497804063523145 0.9454270789847622
4.7558407971494079 -0.0440896125534163 0.0000066226443533 0.2743396242229429 0.9492585666100565 0.9448437322563277
4.7814987304988907 -0.0445630176067009 0.0000064157623370 0.2787108915641523 0.9487335208822947 0.9442564415984535
4.8071962926898539 -0.0450396698085957 0.0000062076287275 0.2831337299630222 0.9482053338248052 0.9436652720268013
4.8329297173925276 -0.0455195111439755 0.0000059982726632 0.2876078796877047 0.9476740801559359 0.9430702999400452
4.8586948429938461 -0.0460024747537427 0.0000057877270919 0.2921329859237546 0.9471398442489751 0.9424716127013912
4.8844870501912467 -0.0464884835564159 0.0000055760293527 0.2967085837605290 0.9466027216062544 0.9418693103298991
4.9103011951641964 -0.0469774487485192 0.0000053632218087 0.3013340816686874 0.9460628204576158 0.9412635073384430
4.9361315359000244 -0.0474692681345336 0.0000051493525484 0.3060087429661619 0.9455202635364697 0.9406543347788526
4.9619715247437215 -0.0479638218462528 0.0000049344772174 0.3107316418670228 0.9449751927202007 0.9400419455148084
4.9878142780693357 -0.0484609809992963 0.0000047186552267 0.3155017428256987 0.9444277594039415 0.9394265034718017
