0.0000864147553434 -0.0000000000008253 0.0003090021000609 0.0000000000000030 0.9999999999339059 0.9999999999584611
0.0001173839539677 -0.0000000000015230 0.0003090021000234 0.0000000000000074 0.9999999998772853 0.9999999999233490
0.0001549801675336 -0.0000000000026548 0.0003090020999626 0.0000000000000171 0.9999999997854231 0.9999999998663822
0.0001997815141099 -0.0000000000044117 0.0003090020998682 0.0000000000000367 0.9999999996428391 0.9999999997779609
0.0002523362417818 -0.0000000000070381 0.0003090020997271 0.0000000000000740 0.9999999994296790 0.9999999996457726
0.0003131738576350 -0.0000000000108411 0.0003090020995228 0.0000000000001414 0.9999999991210368 0.9999999994543722
0.0003827971043922 -0.0000000000161972 0.0003090020992350 0.0000000000002582 0.9999999986863382 0.9999999991847996
0.0004617104462835 -0.0000000000235636 0.0003090020988392 0.0000000000004530 0.9999999980884818 0.9999999988140468
0.0005503840992977 -0.0000000000334839 0.0003090020983062 0.0000000000007674 0.9999999972833657 0.9999999983147644
0.0006492795329925 -0.0000000000465981 0.0003090020976016 0.0000000000012598 0.9999999962190304 0.9999999976547302
0.0007588379241006 -0.0000000000636506 0.0003090020966853 0.0000000000020112 0.9999999948350583 0.9999999967964773
0.0008794927675821 -0.0000000000855007 0.0003090020955113 0.0000000000031312 0.9999999930617300 0.9999999956967702
0.0010116511283611 -0.0000000001131271 0.0003090020940270 0.0000000000047655 0.9999999908195937 0.9999999943063375
0.0011557456842976 -0.0000000001476488 0.0003090020921721 0.0000000000071056 0.9999999880178474 0.9999999925688696
0.0013121525333510 -0.0000000001903154 0.0003090020898797 0.0000000000103985 0.9999999845550603 0.9999999904214655
0.0014812700937475 -0.0000000002425347 0.0003090020870740 0.0000000000149596 0.9999999803169900 0.9999999877932793
0.0016634761001712 -0.0000000003058712 0.0003090020836709 0.0000000000211868 0.9999999751766591 0.9999999846055673
0.0018591325306534 -0.0000000003820553 0.0003090020795776 0.0000000000295766 0.9999999689936298 0.9999999807712389
0.0020686154453009 -0.0000000004730043 0.0003090020746909 0.0000000000407433 0.9999999616122932 0.9999999761937952
0.0022922578632916 -0.0000000005808080 0.0003090020688986 0.0000000000554379 0.9999999528630511 0.9999999707680620
0.0025304315403282 -0.0000000007077744 0.0003090020620768 0.0000000000745762 0.9999999425585772 0.9999999643778711
0.0027834609425732 -0.0000000008563985 0.0003090020540913 0.0000000000992594 0.9999999304963775 0.9999999568976483
0.0030516776126179 -0.0000000010293972 0.0003090020447961 0.0000000001308074 0.9999999164559705 0.9999999481906650
0.0033354159341299 -0.0000000012297184 0.0003090020340329 0.0000000001707916 0.9999999001980867 0.9999999381085407
0.0036349936802296 -0.0000000014605385 0.0003090020216310 0.0000000002210688 0.9999998814649464 0.9999999264914170
0.0039507236091517 -0.0000000017252776 0.0003090020074067 0.0000000002838222 0.9999998599789685 0.9999999131671551
0.0042829141334409 -0.0000000020276099 0.0003090019911625 0.0000000003616051 0.9999998354419551 0.9999998979508311
0.0046318896239894 -0.0000000023714943 0.0003090019726857 0.0000000004573946 0.9999998075326257 0.9999998806432071
0.0049979388565289 -0.0000000027611344 0.0003090019517505 0.0000000005746312 0.9999997759097966 0.9999998610327020
0.0053813561237335 -0.0000000032010255 0.0003090019281153 0.0000000007172848 0.9999997402086499 0.9999998388930782
0.0057824250229502 -0.0000000036959465 0.0003090019015233 0.0000000008899107 0.9999997000413240 0.9999998139838081
0.0062014421512419 -0.0000000042509994 0.0003090018717005 0.0000000010977273 0.9999996549937555 0.9999997860481151
0.0066386975044893 -0.0000000048715975 0.0003090018383560 0.0000000013466819 0.9999996046265981 0.9999997548135439
0.0070944613709768 -0.0000000055634537 0.0003090018011828 0.0000000016435187 0.9999995484761975 0.9999997199925645
0.0075690009039092 -0.0000000063326097 0.0003090017598563 0.0000000019958689 0.9999994860522242 0.9999996812811047
0.0080625972189021 -0.0000000071854756 0.0003090017140321 0.0000000024123550 0.9999994168344341 0.9999996383565412
0.0085755155991918 -0.0000000081287928 0.0003090016633480 0.0000000029026658 0.9999993402757045 0.9999995908795817
0.0091080367946859 -0.0000000091696995 0.0003090016074205 0.0000000034776880 0.9999992557967072 0.9999995384909625
0.0096604076610556 -0.0000000103156461 0.0003090015458492 0.0000000041495655 0.9999991627927727 0.9999994808157039
0.0102328939460513 -0.0000000115745055 0.0003090014782111 0.0000000049318704 0.9999990606249430 0.9999994174575634
0.0108257408482077 -0.0000000129545020 0.0003090014040644 0.0000000058396805 0.9999989486257461 0.9999993480026146
0.0114392004303304 -0.0000000144642785 0.0003090013229446 0.0000000068897456 0.9999988260937321 0.9999992720158608
0.0120735345221685 -0.0000000161129202 0.0003090012343637 0.0000000081006418 0.9999986922915554 0.9999991890400443
0.0127289885828507 -0.0000000179098997 0.0003090011378127 0.0000000094928757 0.9999985464504307 0.9999990985984100
0.0134057987770353 -0.0000000198650979 0.0003090010327606 0.0000000110890451 0.9999983877684384 0.9999990001936550
0.0141042101942521 -0.0000000219888650 0.0003090009186513 0.0000000129140461 0.9999982154055618 0.9999988933048501
0.0148244619438928 -0.0000000242919902 0.0003090007949053 0.0000000149952181 0.9999980284861639 0.9999987773889769
0.0155668033605407 -0.0000000267857643 0.0003090006609157 0.0000000173625790 0.9999978260939065 0.9999986518777749
0.0163314581653617 -0.0000000294818702 0.0003090005160550 0.0000000200489091 0.9999976072806062 0.9999985161832355
0.0171186471945246 -0.0000000323924593 0.0003090003596701 0.0000000230900100 0.9999973710600695 0.9999983696937781
0.0179286211117457 -0.0000000355302897 0.0003090001910757 0.0000000265250614 0.9999971163968814 0.9999982117672961
0.0187615970917836 -0.0000000389085015 0.0003090000095657 0.0000000303966046 0.9999968422245907 0.9999980417424363
0.0196178111831723 -0.0000000425408256 0.0003089998144023 0.0000000347509941 0.9999965474288236 0.9999978589281256
0.0204974749401988 -0.0000000464414163 0.0003089996048251 0.0000000396384435 0.9999962308608424 0.9999976626119795
0.0214008216238957 -0.0000000506250574 0.0003089993800397 0.0000000451135240 0.9999958913208027 0.9999974520499190
0.0223280618003575 -0.0000000551069767 0.0003089991392280 0.0000000512351950 0.9999955275728413 0.9999972264755269
0.0232794162730558 -0.0000000599030038 0.0003089988815394 0.0000000580672788 0.9999951383322623 0.9999969850921022
0.0242551079739845 -0.0000000650295484 0.0003089986060923 0.0000000656787296 0.9999947222672649 0.9999967270737302
0.0252553572637827 -0.0000000705035889 0.0003089983119744 0.0000000741439195 0.9999942779999227 0.9999964515658898
0.0262803512986786 -0.0000000763425029 0.0003089979982521 0.0000000835426730 0.9999938041198857 0.9999961576939517
0.0273303200180193 -0.0000000825645004 0.0003089976639469 0.0000000939612719 0.9999932991492749 0.9999958445414059
0.0284054671048089 -0.0000000891882508 0.0003089973080557 0.0000001054922127 0.9999927615729056 0.9999955111686063
0.0295060102825895 -0.0000000962331270 0.0003089969295377 0.0000001182349618 0.9999921898185152 0.9999951566005073
0.0306321441041739 -0.0000001037189820 0.0003089965273261 0.0000001322959283 0.9999915822748718 0.9999947798378941
0.0317840719094390 -0.0000001116663562 0.0003089961003175 0.0000001477892089 0.9999909372749494 0.9999943798469485
0.0329619997349927 -0.0000001200964558 0.0003089956473722 0.0000001648369602 0.9999902530977053 0.9999939555603512
0.0341661296723614 -0.0000001290311176 0.0003089951673172 0.0000001835697464 0.9999895279709173 0.9999935058790405
0.0353966700293720 -0.0000001384928948 0.0003089946589407 0.0000002041271515 0.9999887600642026 0.9999930296678822
0.0366538107234507 -0.0000001485048787 0.0003089941210019 0.0000002266578371 0.9999879475035455 0.9999925257646798
0.0379377443167431 -0.0000001590908603 0.0003089935522227 0.0000002513203370 0.9999870883581096 0.9999919929719945
0.0392486781922766 -0.0000001702754518 0.0003089929512806 0.0000002782838396 0.9999861806304436 0.9999914300510717
0.0405867948997752 -0.0000001820837636 0.0003089923168265 0.0000003077279204 0.9999852222826520 0.9999908357380697
0.0419523080587120 -0.0000001945418980 0.0003089916474579 0.0000003398442648 0.9999842111963513 0.9999902087192265
0.0433453861713473 -0.0000002076762777 0.0003089909417553 0.0000003748355037 0.9999831452271470 0.9999895476646428
0.0447662364388718 -0.0000002215144176 0.0003089901982403 0.0000004129177479 0.9999820221420134 0.9999888511894471
0.0462150246729165 -0.0000002360841789 0.0003089894154160 0.0000004543191646 0.9999808396798351 0.9999881178913416
0.0476919832349749 -0.0000002514148519 0.0003089885917086 0.0000004992836138 0.9999795954635006 0.9999873462960839
0.0491972402583583 -0.0000002675354200 0.0003089877255609 0.0000005480662371 0.9999782871408227 0.9999865349448801
0.0507310414156728 -0.0000002844768846 0.0003089868153074 0.0000006009409497 0.9999769121958558 0.9999856822773715
0.0522935331549285 -0.0000003022699697 0.0003089858592972 0.0000006581941924 0.9999754681351430 0.9999847867471351
0.0538849020907251 -0.0000003209466241 0.0003089848558138 0.0000007201301414 0.9999739523658641 0.9999838467461158
0.0555053318497839 -0.0000003405395725 0.0003089838030991 0.0000007870700575 0.9999723622322171 0.9999828606271890
0.0571550124254975 -0.0000003610824404 0.0003089826993464 0.0000008593534332 0.9999706950053050 0.9999818266978854
0.0588341319784904 -0.0000003826096711 0.0003089815427051 0.0000009373384703 0.9999689478898726 0.9999807432245700
0.0605428486083715 -0.0000004051561567 0.0003089803313007 0.0000010214014432 0.9999671180542546 0.9999796084510122
0.0622813584860667 -0.0000004287581306 0.0003089790631863 0.0000011119407469 0.9999652025579400 0.9999784205534639
0.0640498321662190 -0.0000004534523502 0.0003089777363873 0.0000012093747044 0.9999631984178798 0.9999771776817791
0.0658484363389601 -0.0000004792763763 0.0003089763488854 0.0000013141433621 0.9999611025858770 0.9999758779453907
0.0676773620596562 -0.0000005062689979 0.0003089748985969 0.0000014267111074 0.9999589119140282 0.9999745193918781
0.0695367650139003 -0.0000005344693760 0.0003089733834176 0.0000015475640294 0.9999566232242865 0.9999731000501045
0.0714268178708425 -0.0000005639178085 0.0003089718011826 0.0000016772139393 0.9999542332463308 0.9999716178916860
0.0733477122328986 -0.0000005946558087 0.0003089701496614 0.0000018161997994 0.9999517386112279 0.9999700708270581
0.0752996117806475 -0.0000006267253777 0.0003089684265977 0.0000019650854463 0.9999491359104701 0.9999684567420873
0.0772826884864381 -0.0000006601695750 0.0003089666296779 0.0000021244630688 0.9999464216496751 0.9999667734693556
0.0792971093380863 -0.0000006950323153 0.0003089647565428 0.0000022949532934 0.9999435922650691 0.9999650187983808
0.0813430420199217 -0.0000007313584714 0.0003089628047816 0.0000024772066918 0.9999406441151553 0.9999631904704475
0.0834206500376184 -0.0000007691937970 0.0003089607719361 0.0000026719044529 0.9999375734869458 0.9999612861824696
0.0855301210755739 -0.0000008085854652 0.0003089586554721 0.0000028797623011 0.9999343765522987 0.9999593035599104
0.0876715988033337 -0.0000008495808154 0.0003089564528463 0.0000031015250576 0.9999310494696092 0.9999572402198446
0.0898452516966544 -0.0000008922286272 0.0003089541614380 0.0000033379744005 0.9999275882803965 0.9999550937068229
0.0920512454166245 -0.0000009365786294 0.0003089517785756 0.0000035899275238 0.9999239889491922 0.9999528615176070
0.0942897454198269 -0.0000009826815591 0.0003089493015335 0.0000038582386661 0.9999202473587244 0.9999505410981803
0.0965609006607100 -0.0000010305888250 0.0003089467275496 0.0000041437983221 0.9999163593372417 0.9999481298606893
0.0988649095273407 -0.0000010803539184 0.0003089440537505 0.0000044475429800 0.9999123205440209 0.9999456251124372
0.1012018969096321 -0.0000011320298011 0.0003089412772908 0.0000047704406790 0.9999081266813307 0.9999430241873336
0.1035720401030510 -0.0000011856716103 0.0003089383952085 0.0000051135086968 0.9999037732749614 0.9999403243097819
0.1059754840071739 -0.0000012413348196 0.0003089354045234 0.0000054778035788 0.9998992558234215 0.9999375226872036
0.1084124012493005 -0.0000012990766058 0.0003089323021640 0.0000058644312510 0.9998945696870443 0.9999346164412609
0.1108829614246943 -0.0000013589551811 0.0003089290850030 0.0000062745443130 0.9998897101421766 0.9999316026414601
0.1133873073207851 -0.0000014210292014 0.0003089257498895 0.0000067093392888 0.9998846724291989 0.9999284783349273
0.1159255809867598 -0.0000014853583721 0.0003089222936161 0.0000071700620077 0.9998794517034023 0.9999252405159403
0.1184979617642641 -0.0000015520044517 0.0003089187128651 0.0000076580165291 0.9998740429534672 0.9999218860753657
0.1211046021404420 -0.0000016210296536 0.0003089150042946 0.0000081745553796 0.9998684411312544 0.9999184118811475
0.1237456593804569 -0.0000016924974455 0.0003089111644950 0.0000087210868105 0.9998626410868650 0.9999148147380282
0.1264212770329440 -0.0000017664720586 0.0003089071900162 0.0000092990726667 0.9998566376085155 0.9999110914122740
0.1291316023468107 -0.0000018430189552 0.0003089030773416 0.0000099100335244 0.9998504253845747 0.9999072386081245
0.1318767822286389 -0.0000019222047330 0.0003088988228937 0.0000105555496848 0.9998439990113450 0.9999032529726136
0.1346569970099005 -0.0000020040981399 0.0003088944229798 0.0000112372714424 0.9998373529106902 0.9998991310444755
0.1374724024488223 -0.0000020887684273 0.0003088898738798 0.0000119569075935 0.9998304814637186 0.9998948693370490
0.1403231207210622 -0.0000021762850064 0.0003088851718655 0.0000127162236780 0.9998233790386276 0.9998904643555417
0.1432092986182977 -0.0000022667191956 0.0003088803131059 0.0000135170585534 0.9998160398489356 0.9998859125090974
0.1461311068071840 -0.0000023601442852 0.0003088752936643 0.0000143613275245 0.9998084579482267 0.9998812101075295
0.1490886741312639 -0.0000024566334618 0.0003088701096097 0.0000152510056673 0.9998006273986003 0.9998763534657880
0.1520821844911767 -0.0000025562629393 0.0003088647568484 0.0000161881583444 0.9997925420165578 0.9998713387463471
0.1551117658156306 -0.0000026591083474 0.0003088592313182 0.0000171749099273 0.9997841956661487 0.9998661621410123
0.1581775478317506 -0.0000027652465755 0.0003088535288893 0.0000182134623746 0.9997755821092962 0.9998608197780809
0.1612796909815806 -0.0000028747568194 0.0003088476453080 0.0000193061078888 0.9997666949208528 0.9998553076696497
0.1644183590277618 -0.0000029877197028 0.0003088415762441 0.0000204552230628 0.9997575275599349 0.9998496217558478
0.1675936652533174 -0.0000031042153084 0.0003088353173964 0.0000216632506422 0.9997480735296774 0.9998437580039141
0.1708057786384660 -0.0000032243270201 0.0003088288642865 0.0000229327409489 0.9997383260654652 0.9998377122148178
0.1740548266139559 -0.0000033481379906 0.0003088222124486 0.0000242663177859 0.9997282784215756 0.9998314802010337
0.1773409463669909 -0.0000034757330150 0.0003088153573286 0.0000256666999734 0.9997179237191540 0.9998250576922432
0.1806643036316898 -0.0000036071993268 0.0003088082942416 0.0000271367130435 0.9997072548816235 0.9998184402952579
0.1840250302227438 -0.0000037426241742 0.0003088010185020 0.0000286792649748 0.9996962648313723 0.9998116236160054
0.1874232661618213 -0.0000038820964509 0.0003087935253358 0.0000302973663816 0.9996849463574218 0.9998046031774390
0.1908591435687769 -0.0000040257060585 0.0003087858099152 0.0000319941257467 0.9996732921671971 0.9997973744516365
0.1943328289391143 -0.0000041735457024 0.0003087778672618 0.0000337727734219 0.9996612947407540 0.9997899327693697
0.1978444432631200 -0.0000043257075437 0.0003087696924263 0.0000356366244342 0.9996489466025277 0.9997822734886473
0.2013941222790668 -0.0000044822857156 0.0003087612803540 0.0000375891107103 0.9996362401171190 0.9997743918680370
0.2049820273442773 -0.0000046433768839 0.0003087526258540 0.0000396337916086 0.9996231674438266 0.9997662830384445
0.2086082756893452 -0.0000048090771452 0.0003087437237662 0.0000417743175548 0.9996097207883438 0.9997579421592258
0.2122730153341572 -0.0000049794853758 0.0003087345687814 0.0000440144750227 0.9995958921310418 0.9997493642496278
0.2159763795461625 -0.0000051547011933 0.0003087251555506 0.0000463581634609 0.9995816733923727 0.9997405442913717
0.2197185201079756 -0.0000053348265228 0.0003087154786011 0.0000488094189183 0.9995670563057886 0.9997314771498089
0.2234995355119427 -0.0000055199621390 0.0003087055325221 0.0000513723697633 0.9995520326983576 0.9997221577479731
0.2273196006819634 -0.0000057102139692 0.0003086953116263 0.0000540513261298 0.9995365939792925 0.9997125807492905
0.2311788483445536 -0.0000059056873677 0.0003086848102571 0.0000568507047170 0.9995207316046134 0.9997027408457982
0.2350773825903204 -0.0000061064876524 0.0003086740227604 0.0000597750373707 0.9995044370335612 0.9996926327310934
0.2390153702251205 -0.0000063127248157 0.0003086629432309 0.0000628290427326 0.9994877013463849 0.9996822508632131
0.2429929487881178 -0.0000065245088697 0.0003086515657626 0.0000660175627511 0.9994705156220508 0.9996715896989190
0.2470102295343455 -0.0000067419498933 0.0003086398844461 0.0000693455648849 0.9994528709344536 0.9996606436913310
0.2510673526092317 -0.0000069651609858 0.0003086278932099 0.0000728181899619 0.9994347581127326 0.9996494071412183
0.2551644490407834 -0.0000071942562642 0.0003086155859282 0.0000764407255543 0.9994161679038203 0.9996378742978138
0.2593016623910671 -0.0000074293520730 0.0003086029563556 0.0000802186283945 0.9993970908742608 0.9996260392978834
0.2634791108341716 -0.0000076705648458 0.0003085899982425 0.0000841574935934 0.9993775175837727 0.9996138962733773
0.2676969288211387 -0.0000079180134630 0.0003085767052077 0.0000882630957384 0.9993574383939650 0.9996014392327376
0.2719552614334277 -0.0000081718189979 0.0003085630707528 0.0000925413893939 0.9993368434888987 0.9995886620736284
0.2762542231260718 -0.0000084321022612 0.0003085490883937 0.0000969984712561 0.9993157230744018 0.9995755587065649
0.2805939633401035 -0.0000086989877328 0.0003085347514494 0.0001016406503597 0.9992940670590355 0.9995621228569576
0.2849745929735226 -0.0000089725991119 0.0003085200532813 0.0001064743754987 0.9992718654151934 0.9995483482891154
0.2893962510560715 -0.0000092530634031 0.0003085049870735 0.0001115063097251 0.9992491078475521 0.9995342286005189
0.2938590430346000 -0.0000095405070586 0.0003084895460400 0.0001167432658007 0.9992257841061405 0.9995197574160295
0.2983631271989584 -0.0000098350615174 0.0003084737231276 0.0001221923104188 0.9992018835368598 0.9995049281089818
0.3029086013649197 -0.0000101368558988 0.0003084575114077 0.0001278606347204 0.9991773956744270 0.9994897341690463
0.3074956169377243 -0.0000104460244550 0.0003084409036766 0.0001337556959782 0.9991523096376360 0.9994741688269810
0.3121243169147346 -0.0000107627025791 0.0003084238926695 0.0001398851489311 0.9991266144533151 0.9994582252555992
0.3167948108941392 -0.0000110870250262 0.0003084064711565 0.0001462568141187 0.9991002992006884 0.9994418966593146
0.3215072159151833 -0.0000114191286510 0.0003083886317953 0.0001528787338292 0.9990733527892501 0.9994251761362831
0.3262616634318802 -0.0000117591529584 0.0003083703671014 0.0001597591882977 0.9990457639141531 0.9994080566506826
0.3310582966364795 -0.0000121072399930 0.0003083516694547 0.0001669066993084 0.9990175210651639 0.9993905310382296
0.3358971906393470 -0.0000124635284932 0.0003083325314131 0.0001743299133085 0.9989886130010491 0.9993725923005163
0.3407785172842615 -0.0000128281659368 0.0003083129450653 0.0001820378548553 0.9989590277722006 0.9993542329984741
0.3457024072696912 -0.0000132012985486 0.0003082929025681 0.0001900397261410 0.9989287535314899 0.9993354457554949
0.3506689469868933 -0.0000135830708445 0.0003082723961704 0.0001983448972067 0.9988977785712259 0.9993162232803382
0.3556782825315989 -0.0000139736335647 0.0003082514177875 0.0002069630816479 0.9988660906795215 0.9992965579676685
0.3607305130072984 -0.0000143731355165 0.0003082299594390 0.0002159041646103 0.9988336778022070 0.9992764423087797
0.3658257842774378 -0.0000147817308929 0.0003082080128557 0.0002251783691854 0.9988005274490226 0.9992558685230361
0.3709642263464054 -0.0000151995744175 0.0003081855697407 0.0002347961546384 0.9987666270875855 0.9992348288023190
0.3761459100659834 -0.0000156268176720 0.0003081626219664 0.0002447681331993 0.9987319644413901 0.9992133154959397
0.3813710258174992 -0.0000160636238062 0.0003081391607844 0.0002551054177091 0.9986965262963552 0.9991913203698797
0.3866396646357088 -0.0000165101495593 0.0003081151777914 0.0002658192084768 0.9986602999595443 0.9991688355120871
0.3919519617193922 -0.0000169665571090 0.0003080906642927 0.0002769210752741 0.9986232722978515 0.9991458527357858
0.3973080072563623 -0.0000174330065197 0.0003080656117078 0.0002884227812289 0.9985854303507045 0.9991223639597145
0.4027079524472072 -0.0000179096649080 0.0003080400110781 0.0003003365122809 0.9985467605865250 0.9990983607465581
0.4081518934630367 -0.0000183966963637 0.0003080138536085 0.0003126746344556 0.9985072497204699 0.9990738348104677
0.4136399500166111 -0.0000188942688012 0.0003079871302990 0.0003254498682579 0.9984668841586253 0.9990487776720108
0.4191722652682129 -0.0000194025541009 0.0003079598319377 0.0003386753014003 0.9984256499865736 0.9990231806510009
0.4247489152885717 -0.0000199217197784 0.0003079319495478 0.0003523641770964 0.9983835336452904 0.9989970352860164
0.4303700834544830 -0.0000204519451393 0.0003079034735202 0.0003665303234338 0.9983405206206273 0.9989703325207933
0.4360358554709327 -0.0000209934022359 0.0003078743946363 0.0003811876578350 0.9982965969882431 0.9989430636632333
0.4417462984878934 -0.0000215462629789 0.0003078447036860 0.0003963503732022 0.9982517488366633 0.9989152200272088
0.4475016027592068 -0.0000221107130094 0.0003078143907227 0.0004120333281153 0.9982059611420887 0.9988867922339145
0.4533018476794366 -0.0000226869290948 0.0003077834462774 0.0004282514339790 0.9981592196020653 0.9988577713502124
0.4591471569260689 -0.0000232750941438 0.0003077518605524 0.0004450200725223 0.9981115094175192 0.9988281481323982
0.4650376364647318 -0.0000238753911401 0.0003077196237469 0.0004623549334559 0.9980628157849185 0.9987979133316919
0.4709734443318497 -0.0000244880102837 0.0003076867256738 0.0004802722276049 0.9980131233170270 0.9987670573344954
0.4769546465497000 -0.0000251131341870 0.0003076531565543 0.0004987882619363 0.9979624172438044 0.9987355709079943
0.4829813665356883 -0.0000257509531904 0.0003076189061962 0.0005179198905091 0.9979106821701386 0.9987034444287197
0.4890537504000522 -0.0000264016620060 0.0003075839641735 0.0005376844293332 0.9978579023481334 0.9986706680515145
0.4951718727433543 -0.0000270654495958 0.0003075483203700 0.0005580993544437 0.9978040624981956 0.9986372322193501
0.5013358838674059 -0.0000277425149689 0.0003075119641316 0.0005791827888463 0.9977491465277313 0.9986031268675477
0.5075458676003580 -0.0000284330517952 0.0003074748850922 0.0006009530368459 0.9976931387792318 0.9985683421987788
0.5138019525533821 -0.0000291372605609 0.0003074370725208 0.0006234289671016 0.9976360230443859 0.9985328680707041
0.5201042510335702 -0.0000298553418807 0.0003073985156810 0.0006466298116522 0.9975777831066103 0.9984966943328175
0.5264528763175230 -0.0000305874983977 0.0003073592037290 0.0006705752318676 0.9975184025869922 0.9984598107306757
0.5328478993757234 -0.0000313339297168 0.0003073191259857 0.0006952851569253 0.9974578653552858 0.9984222071611040
0.5392895040250401 -0.0000320948505512 0.0003072782709620 0.0007207803925546 0.9973961540582676 0.9983838727579589
0.5457777753632640 -0.0000328704660861 0.0003072366276822 0.0007470818144032 0.9973332521178547 0.9983447971331806
0.5523127997788594 -0.0000336609834574 0.0003071941850674 0.0007742107483324 0.9972691428002520 0.9983049697985106
0.5588947062009570 -0.0000344666168439 0.0003071509316623 0.0008021891555873 0.9972038088030115 0.9982643799088374
0.5655235976852721 -0.0000352875792589 0.0003071068560759 0.0008310393605055 0.9971372329208588 0.9982230166757162
0.5721996112302393 -0.0000361240899088 0.0003070619465863 0.0008607843147591 0.9970693974489943 0.9981808689965430
0.5789228029488698 -0.0000369763598085 0.0003070161919135 0.0008914470932576 0.9970002853496850 0.9981379261792717
0.5856933407756092 -0.0000378446160478 0.0003069695799160 0.0009230517688246 0.9969298782844958 0.9980941767196581
0.5925112959874389 -0.0000387290754261 0.0003069220990071 0.0009556224732928 0.9968581587524247 0.9980496096296628
0.5993768132716926 -0.0000396299661841 0.0003068737369875 0.0009891841934385 0.9967851083277541 0.9980042133423839
0.6062899392502605 -0.0000405475056721 0.0003068244822448 0.0010237619528336 0.9967107094709428 0.9979579768372572
0.6132508380447710 -0.0000414819287166 0.0003067743222305 0.0010593818793953 0.9966349432286092 0.9979108882105976
0.6202596080094177 -0.0000424334634977 0.0003067232447550 0.0010960703118370 0.9965577911896063 0.9978629358910649
0.6273163332819042 -0.0000434023381729 0.0003066712376322 0.0011338540487096 0.9964792349480377 0.9978141083058635
0.6344211456323334 -0.0000443887894069 0.0003066182882217 0.0011727606904527 0.9963992554117190 0.9977643934507676
0.6415741669753090 -0.0000453930546317 0.0003065643838441 0.0012128183517107 0.9963178334299203 0.9977137792801292
0.6487754560146994 -0.0000464153643605 0.0003065095121939 0.0012540553553261 0.9962349504165199 0.9976622540941532
0.6560251332661637 -0.0000474559597409 0.0003064536603974 0.0012965009405593 0.9961505869270422 0.9976098056542041
0.6633233318843725 -0.0000485150858715 0.0003063968153712 0.0013401850140129 0.9960647232006198 0.9975564215195033
0.6706701167970528 -0.0000495929799814 0.0003063389644571 0.0013851376671173 0.9959773401184124 0.9975020896428783
0.6780656144832738 -0.0000506898902425 0.0003062800944122 0.0014313899596868 0.9958884176785865 0.9974467974224650
0.6855099267228112 -0.0000518060632677 0.0003062201920801 0.0014789734134926 0.9957979360099830 0.9973905323317770
0.6930031598186284 -0.0000529417483694 0.0003061592441623 0.0015279201974162 0.9957058750269709 0.9973332817049531
0.7005454380021108 -0.0000540971996664 0.0003060972371054 0.0015782632303077 0.9956122142588237 0.9972750326304670
0.7081368378504521 -0.0000552726660281 0.0003060341576409 0.0016300357513946 0.9955169336649786 0.9972157724579864
0.7157774641359417 -0.0000564684026185 0.0003059699921652 0.0016832718288522 0.9954200126993611 0.9971554882163147
0.7234674212414185 -0.0000576846665892 0.0003059047269717 0.0017380061843239 0.9953214306596908 0.9970941668304374
0.7312068498522128 -0.0000589217229763 0.0003058383479336 0.0017942744718111 0.9952211662096681 0.9970317948240985
0.7389957985226603 -0.0000601798241580 0.0003057708416070 0.0018521123520034 0.9951191990440733 0.9969683593554419
0.7468344080363281 -0.0000614592393278 0.0003057021936490 0.0019115568424622 0.9950155075001343 0.9969038467309160
0.7547227488362047 -0.0000627602283305 0.0003056323902221 0.0019726451285239 0.9949100706781908 0.9968382437243581
0.7626609442846221 -0.0000640830617114 0.0003055614169180 0.0020354155011627 0.9948028668169473 0.9967715365659745
0.7706490825192085 -0.0000654280062584 0.0003054892595340 0.0020999066913881 0.9946938744653901 0.9967037116712880
0.7786872694247801 -0.0000667953337574 0.0003054159036031 0.0021661582920549 0.9945830717733309 0.9966347551995066
0.7867756007962073 -0.0000681853163423 0.0003053413346434 0.0022342105463625 0.9944704368684522 0.9965646532879406
0.7949141964611862 -0.0000695982323637 0.0003052655378438 0.0023041046453996 0.9943559473808938 0.9964933917559036
0.8031031509389341 -0.0000710343579077 0.0003051884985187 0.0023758823228763 0.9942395811306877 0.9964209565323472
0.8113425307329497 -0.0000724939660935 0.0003051102021461 0.0024495858186393 0.9941213161847889 0.9963473336912333
0.8196324734075432 -0.0000739773446419 0.0003050306334249 0.0025252587766932 0.9940011294337656 0.9962725085652631
0.8279730389474356 -0.0000754847695165 0.0003049497776893 0.0026029449229394 0.9938789987276890 0.9961964670753090
0.8363643771634709 -0.0000770165349374 0.0003048676192989 0.0026826896099241 0.9937549004445689 0.9961191942163320
0.8448065473658478 -0.0000785729207892 0.0003047841433871 0.0027645381474919 0.9936288121311462 0.9960406757013702
0.8532996678469952 -0.0000801542197673 0.0003046993344047 0.0028485372193193 0.9935007103037146 0.9959608965919859
0.8618438098201711 -0.0000817607178798 0.0003046131771665 0.0029347338708690 0.9933705720279610 0.9958798422818107
0.8704390746383549 -0.0000833927087486 0.0003045256560840 0.0030231762756166 0.9932383737606204 0.9957974977749403
0.8790855896564046 -0.0000850504930916 0.0003044367551933 0.0031139137324275 0.9931040913916929 0.9957138477118600
0.8877834365501074 -0.0000867343650240 0.0003043464588902 0.0032069959293571 0.9929677013543009 0.9956288770605433
0.8965327219898463 -0.0000884446255139 0.0003042547512084 0.0033024736860255 0.9928291795349551 0.9955425704373904
0.9053335121321343 -0.0000901815696274 0.0003041616165040 0.0034003982553683 0.9926885023068578 0.9954549127507460
0.9141859223844245 -0.0000919455041173 0.0003040670385118 0.0035008223190802 0.9925456451055827 0.9953658883131796
0.9230900511006392 -0.0000937367344898 0.0003039710010400 0.0036037992786000 0.9924005834768187 0.9952754814939966
0.9320459550980044 -0.0000955555598475 0.0003038734882459 0.0037093829565762 0.9922532934941830 0.9951836769794676
0.9410537690145171 -0.0000974022970740 0.0003037744833398 0.0038176290089019 0.9921037498009622 0.9950904585520068
0.9501136070404391 -0.0000992772611535 0.0003036739696405 0.0039285938105507 0.9919519272041721 0.9949958100832976
0.9592255033437348 -0.0001011807524720 0.0003035719312557 0.0040423336938029 0.9917978017029760 0.9948997161753204
0.9683895878328619 -0.0001031130932670 0.0003034683511288 0.0041589071216695 0.9916413475374856 0.9948021603201901
0.9776059262744969 -0.0001050745943807 0.0003033632128206 0.0042783727221963 0.9914825398810989 0.9947031265783832
0.9868746486926557 -0.0001070655823350 0.0003032564990590 0.0044007909341602 0.9913213526486037 0.9946025982116801
0.9961958252569867 -0.0001090863729379 0.0003031481931532 0.0045262224128959 0.9911577606333677 0.9945005590156026
1.0055695742404527 -0.0001111372944148 0.0003030382777543 0.0046547294613160 0.9909917376348997 0.9943969921513308
1.0149959539409188 -0.0001132186639168 0.0003029267361148 0.0047863745799358 0.9908232583609055 0.9942918813318031
1.0244750559263043 -0.0001153308077862 0.0003028135510022 0.0049212217401696 0.9906522967870179 0.9941852097982489
1.0340069779759318 -0.0001174740557777 0.0003026987050094 0.0050593360438419 0.9904788266249378 0.9940769606117915
1.0435918281654848 -0.0001196487420513 0.0003025821805014 0.0052007838046955 0.9903028212424528 0.9939671166031434
1.0532296904137142 -0.0001218551973531 0.0003024639600345 0.0053456320525735 0.9901242542965656 0.9938556607673823
1.0629206260242199 -0.0001240937491233 0.0003023440263510 0.0054939485368096 0.9899430997249755 0.9937425762584388
1.0726647620019782 -0.0001263647419333 0.0003022223612839 0.0056458030954194 0.9897593300925626 0.9936278453565115
1.0824621565337296 -0.0001286685063931 0.0003020989474236 0.0058012656065409 0.9895729191078764 0.9935114510386148
1.0923129241895744 -0.0001310053882641 0.0003019737665578 0.0059604079437205 0.9893838392676357 0.9933933755076588
1.1022171467402642 -0.0001333757276077 0.0003018468007893 0.0061233025902051 0.9891920635443320 0.9932736012457171
1.1121749219060801 -0.0001357798702595 0.0003017180319213 0.0062900234273288 0.9889975644582055 0.9931521104341714
1.1221862920790067 -0.0001382181505581 0.0003015874423827 0.0064606445455440 0.9888003154748061 0.9930288858263292
1.1322513807439496 -0.0001406909244134 0.0003014550134572 0.0066352425603294 0.9886002883301732 0.9929039090761393
1.1423702725311660 -0.0001431985403133 0.0003013207268368 0.0068138946126884 0.9883974553768333 0.9927771622031980
1.1525430380871022 -0.0001457413451478 0.0003011845643094 0.0069966787732521 0.9881917891128796 0.9926486272983223
1.1627697855360726 -0.0001483196970831 0.0003010465070704 0.0071836749820397 0.9879832611411175 0.9925182858726207
1.1730505993521492 -0.0001509339503518 0.0003009065365369 0.0073749639741424 0.9877718433997348 0.9923861196261360
1.1833855424487332 -0.0001535844555297 0.0003007646343333 0.0075706272948744 0.9875575081401571 0.9922521104337730
1.1937747064115867 -0.0001562715723415 0.0003006207816059 0.0077707482529637 0.9873402268918740 0.9921162396977028
1.2042181745607698 -0.0001589956602932 0.0003004749595248 0.0079754112508965 0.9871199712205095 0.9919784888207939
1.2147160681851914 -0.0001617570907878 0.0003003271486356 0.0081847027139585 0.9868967117486591 0.9918388385937215
1.2252684457271878 -0.0001645562206862 0.0003001773302752 0.0083987091070821 0.9866704202940009 0.9916972705318309
1.2358753774237812 -0.0001673934116524 0.0003000254855359 0.0086175183924826 0.9864410683055251 0.9915537658967789
1.2465369780053266 -0.0001702690391323 0.0002998715947859 0.0088412207546679 0.9862086261383427 0.9914083052420987
1.2572532944864574 -0.0001731834622028 0.0002997156392830 0.0090699062785395 0.9859730654914017 0.9912608699381131
1.2680244169004238 -0.0001761370532932 0.0002995575995839 0.0093036672641573 0.9857343570054551 0.9911114406684078
1.2788504390273945 -0.0001791301877597 0.0002993974561034 0.0095425974440044 0.9854924711064074 0.9909599979569307
1.2897314284647594 -0.0001821630938967 0.0002992351895893 0.0097867913265254 0.9852473786791692 0.9908065225894260
1.3006802763768730 -0.0001852398083350 0.0002990705871119 0.0100366398289361 0.9849987581319020 0.9906508121326372
1.3116714761394610 -0.0001883536019073 0.0002989040136817 0.0102916566630604 0.9847471608230693 0.9904932108681385
1.3227179343173825 -0.0001915084429755 0.0002987352575238 0.0105522310544189 0.9844922668906491 0.9903335174228866
1.3338196936488067 -0.0001947047011662 0.0002985642994165 0.0108184624647888 0.9842340473107286 0.9901717125326427
1.3449768389518113 -0.0001979427597604 0.0002983911194231 0.0110904527474318 0.9839724719802417 0.9900077762290859
1.3561894069937686 -0.0002012229896986 0.0002982156982831 0.0113683039922397 0.9837075118175943 0.9898416891556149
1.3674575253108197 -0.0002045457901074 0.0002980380152454 0.0116521219661722 0.9834391354896440 0.9896734305152327
1.3787812594185154 -0.0002079115437590 0.0002978580504502 0.0119420123699016 0.9831673130102019 0.9895029803254751
1.3901606905758219 -0.0002113206397222 0.0002976757837184 0.0122380827632738 0.9828920139109065 0.9893303182713795
1.4015958810937938 -0.0002147734630213 0.0002974911951047 0.0125404416871370 0.9826132080770010 0.9891554242290269
1.4130869242758761 -0.0002182704096577 0.0002973042640954 0.0128491999889985 0.9823308645349800 0.9889782775045141
1.4246338740478581 -0.0002218118653001 0.0002971149707473 0.0131644689668122 0.9820449531738410 0.9887988579131689
1.4362368383339130 -0.0002253982337772 0.0002969232941656 0.0134863629076654 0.9817554424453764 0.9886171443359695
1.4478958648679401 -0.0002290299020068 0.0002967292143786 0.0138149959767914 0.9814623021961393 0.9884331164961535
1.4596110639069273 -0.0002327072779285 0.0002965327103113 0.0141504856386783 0.9811655006060455 0.9882467530370723
1.4713824528176711 -0.0002364307418980 0.0002963337623825 0.0144929482554349 0.9808650081121949 0.9880580339851227
1.4832101633425225 -0.0002402007118653 0.0002961323490232 0.0148425050605747 0.9805607921492069 0.9878669374463717
1.4950942378458545 -0.0002440175790623 0.0002959284501131 0.0151992762732716 0.9802528223402229 0.9876734428658441
1.5070347375636297 -0.0002478817420654 0.0002957220451608 0.0155633842294728 0.9799410677485630 0.9874775293010657
1.5190317828358444 -0.0002517936201793 0.0002955131125903 0.0159349546948946 0.9796254957990910 0.9872791747430576
1.5310853847730099 -0.0002557535986406 0.0002953016326674 0.0163141116857163 0.9793060766995209 0.9870783588945686
1.5431956815375327 -0.0002597621057587 0.0002950875833811 0.0167009848222711 0.9789827772183746 0.9868750592583425
1.5553627142454258 -0.0002638195394631 0.0002948709443660 0.0170957023297774 0.9786555666107867 0.9866692548616792
1.5675865418982895 -0.0002679263048430 0.0002946516948988 0.0174983946261913 0.9783244135911184 0.9864609243527758
1.5798672368733175 -0.0002720828128211 0.0002944298139692 0.0179091942275666 0.9779892864409148 0.9862500460676621
1.5922048740400760 -0.0002762894765813 0.0002942052804715 0.0183282354229078 0.9776501532979408 0.9860365982111917
1.6045995245293403 -0.0002805467094369 0.0002939780733190 0.0187556540777330 0.9773069823289039 0.9858205589650350
1.6170512782847735 -0.0002848549326001 0.0002937481710297 0.0191915884333914 0.9769597411041279 0.9856019060932356
1.6295601504403405 -0.0002892145426566 0.0002935155534628 0.0196361758182670 0.9766083992198236 0.9853806185928901
1.6421262479252785 -0.0002936259693005 0.0002932801987380 0.0200895585161878 0.9762529236457025 0.9851566737637081
1.6547496567245195 -0.0002980896364757 0.0002930420853106 0.0205518798677470 0.9758932818581778 0.9849300491799280
1.6674304366818580 -0.0003026059602369 0.0002928011920853 0.0210232840333477 0.9755294420132475 0.9847007227989784
1.6801686608867406 -0.0003071753625788 0.0002925574976793 0.0215039174315155 0.9751613718331543 0.9844686722593055
1.6929643361510247 -0.0003117982427563 0.0002923109819524 0.0219939257212067 0.9747890409173603 0.9842338763368281
1.7058175814902004 -0.0003164750415854 0.0002920616225787 0.0224934606132187 0.9744124155644587 0.9839963116791198
1.7187284625960857 -0.0003212061820024 0.0002918093982173 0.0230026736278904 0.9740314635611557 0.9837559558239334
1.7316970183983595 -0.0003259920781952 0.0002915542880255 0.0235217170261711 0.9736461534472329 0.9835127867357207
1.7447233233656783 -0.0003308331584719 0.0002912962704405 0.0240507462919342 0.9732564526753229 0.9832667816436862
1.7578074561446706 -0.0003357298539268 0.0002910353237845 0.0245899189478043 0.9728623285248458 0.9830179176172873
1.7709494709147746 -0.0003406825876456 0.0002907714268406 0.0251393933748679 0.9724637489719408 0.9827661721148386
1.7841494263913438 -0.0003456917854105 0.0002905045582831 0.0256993299906006 0.9720606818287132 0.9825115224394467
1.7974073908585178 -0.0003507578776710 0.0002902346965731 0.0262698914930322 0.9716530945859733 0.9822539456386856
1.8107234067367457 -0.0003558812859712 0.0002899618206823 0.0268512413449072 0.9712409555063327 0.9819934191945914
1.8240975705336708 -0.0003610624536674 0.0002896859084580 0.0274435472708053 0.9708242311543533 0.9817299194616051
1.8375299487936063 -0.0003663018137306 0.0002894069383386 0.0280469776383635 0.9704028889881359 0.9814634233036139
1.8510205645891005 -0.0003715997830072 0.0002891248896596 0.0286617007561533 0.9699768978213067 0.9811939083862536
1.8645694922985778 -0.0003769567992192 0.0002888397406844 0.0292878891554829 0.9695462248488637 0.9809213512948206
1.8781767859353482 -0.0003823732930037 0.0002885514700940 0.0299257163860906 0.9691108378970348 0.9806457289564028
1.8918424945875001 -0.0003878496938285 0.0002882600566728 0.0305753577002488 0.9686707049486937 0.9803670183390401
1.9055667142363906 -0.0003933864508802 0.0002879654781980 0.0312369925632221 0.9682257924662176 0.9800851953884863
1.9193494635496304 -0.0003989839830650 0.0002876677141009 0.0319107987095825 0.9677760694108587 0.9798002375730288
1.9331907917713875 -0.0004046427221986 0.0002873667431694 0.0325969572767878 0.9673215037728928 0.9795121216854180
1.9470907912002562 -0.0004103631185506 0.0002870625432551 0.0332956535518538 0.9668620621286274 0.9792208235601039
1.9610495135338277 -0.0004161456066392 0.0002867550930929 0.0340070728405466 0.9663977123895140 0.9789263198147383
1.9750670194374469 -0.0004219903365692 0.0002864443712907 0.0347314029158832 0.9659284221826204 0.9786285868232448
1.9882714906016530 -0.0004275303036221 0.0002861498641510 0.0354228636387184 0.9654836219303716 0.9783463020112542
2.0024050886844704 -0.0004334975415885 0.0002858326955860 0.0361728655699330 0.9650045965262393 0.9780421997800770
2.0165955987041362 -0.0004395277000201 0.0002855122382174 0.0369362337149867 0.9645206049005818 0.9777348425321359
2.0308450818347139 -0.0004456220610619 0.0002851884259073 0.0377132692576036 0.9640315471957058 0.9774241635472605
2.0451536195676412 -0.0004517810746049 0.0002848612368085 0.0385041711868600 0.9635373904473742 0.9771101384955432
2.0595212110410634 -0.0004580051555931 0.0002845306509818 0.0393091359995664 0.9630381045738226 0.9767927448097200
2.0739479805691894 -0.0004642947736260 0.0002841966456373 0.0401283692624103 0.9625336551889639 0.9764719571163498
2.0884338948970593 -0.0004706503302264 0.0002838592016546 0.0409620697185459 0.9620240134489362 0.9761477534948992
2.1029790637586019 -0.0004770722897504 0.0002835182966312 0.0418104463375534 0.9615091455540734 0.9758201088011742
2.1175835295856564 -0.0004835610876275 0.0002831739097568 0.0426737063677901 0.9609890201100350 0.9754889993475672
2.1322473314502650 -0.0004901171580784 0.0002828260203421 0.0435520589388634 0.9604636059061031 0.9751544014896599
2.1469705266728658 -0.0004967409437968 0.0002824746073064 0.0444457163771695 0.9599328711411902 0.9748162911322186
2.1617531556634817 -0.0005034328802162 0.0002821196500136 0.0453548921115230 0.9593967846865248 0.9744746445322912
2.1765952810647180 -0.0005101934131352 0.0002817611273386 0.0462798030689725 0.9588553146754285 0.9741294373996908
2.1914969385047587 -0.0005170229763669 0.0002813990188537 0.0472206666450457 0.9583084302955490 0.9737806460382828
2.2064581822165050 -0.0005239220124368 0.0002810333037321 0.0481777035381553 0.9577561001329056 0.9734282462894236
2.2214790384118093 -0.0005308909511240 0.0002806639618874 0.0491511347941540 0.9571982938919571 0.9730722146281960
2.2365595802430285 -0.0005379302441388 0.0002802909721362 0.0501411866493044 0.9566349796217288 0.9727125263921582
2.2516998048983523 -0.0005450403078725 0.0002799143152334 0.0511480825115223 0.9560661282996314 0.9723491587067317
2.2668998118275190 -0.0005522216067530 0.0002795339694576 0.0521720547252265 0.9554917071635991 0.9719820862259705
2.2821595664199323 -0.0005594745420154 0.0002791499165038 0.0532133287928056 0.9549116886125353 0.9716112868177046
2.2974791946216362 -0.0005667995910608 0.0002787621341045 0.0542721432875818 0.9543260390619546 0.9712367344402515
2.3128587116699104 -0.0005741971788566 0.0002783706028416 0.0553487314596357 0.9537347292313851 0.9708584057167694
2.3282981478802323 -0.0005816677373765 0.0002779753029994 0.0564433297263918 0.9531377293920925 0.9704762768972712
2.3437975195694967 -0.0005892116915988 0.0002775762153074 0.0575561756445593 0.9525350104885131 0.9700903245751067
2.3593568980666313 -0.0005968294931688 0.0002771733191608 0.0586875129009847 0.9519265414514100 0.9697005239650553
2.3749763062558529 -0.0006045215700674 0.0002767665952854 0.0598375839055079 0.9513122932214696 0.9693068514786219
2.3906558033148944 -0.0006122883679898 0.0002763560235498 0.0610066359311929 0.9506922354463244 0.9689092826073153
2.4063953909898688 -0.0006201303040135 0.0002759415854168 0.0621949141693535 0.9500663401821834 0.9685077942945673
2.4221951576400076 -0.0006280478381391 0.0002755232601637 0.0634026725434662 0.9494345761856453 0.9681023612738684
2.4380550950636799 -0.0006360413819325 0.0002751010297118 0.0646301598615168 0.9487969162074406 0.9676929607466594
2.4539752569722024 -0.0006441113776676 0.0002746748744459 0.0658776318528410 0.9481533306790871 0.9672795683306801
2.4678009892079289 -0.0006511570852571 0.0002743029028264 0.0669735055997476 0.9475915754985063 0.9669185836117306
2.4816267214436554 -0.0006582357328965 0.0002739291890878 0.0680810692298791 0.9470271901559216 0.9665557638629567
2.4978113996610332 -0.0006665658830263 0.0002734895058850 0.0693925260587587 0.9463631789267286 0.9661287126066922
2.5139565457605433 -0.0006749227538459 0.0002730485337742 0.0707168918192939 0.9456972230949447 0.9657002082438556
2.5301622844197764 -0.0006833581468434 0.0002726035422650 0.0720624927354075 0.9450251991172903 0.9652675935397698
2.5464284441589422 -0.0006918723846052 0.0002721545184924 0.0734295789962870 0.9443470876254768 0.9648308501030091
2.5627550339857645 -0.0007004658821353 0.0002717014448097 0.0748184176323508 0.9436628620311449 0.9643899547958811
2.5791421151337062 -0.0007091390813917 0.0002712443022472 0.0762292823243151 0.9429724937492514 0.9639448830901440
2.5955897009171434 -0.0007178923985866 0.0002707830732927 0.0776624448976379 0.9422759563971261 0.9634956117715466
2.6120977799088645 -0.0007267262359012 0.0002703177412745 0.0791181771312489 0.9415732248625348 0.9630421183404085
2.6286664149359087 -0.0007356410345131 0.0002698482875700 0.0805967595134865 0.9408642710886137 0.9625843782901530
2.6452956676258323 -0.0007446372347346 0.0002693746937093 0.0820984747829539 0.9401490672502426 0.9621223671534918
2.6619855074588648 -0.0007537152263743 0.0002688969439889 0.0836235995662859 0.9394275897015072 0.9616560630533183
2.6787359618756073 -0.0007628754296729 0.0002684150212123 0.0851724178419190 0.9386998125431388 0.9611854425475564
2.6955470869670570 -0.0007721182799785 0.0002679289075006 0.0867452184951363 0.9379657088465815 0.9607104814161245
2.7124189213225853 -0.0007814442025711 0.0002674385856189 0.0883422910825568 0.9372252526577485 0.9602311559551578
2.7293514527285194 -0.0007908535938328 0.0002669440399679 0.0899639225292225 0.9364784204933576 0.9597474439466087
2.7463446820041679 -0.0008003468562371 0.0002664452547448 0.0916104030646412 0.9357251885647110 0.9592593228615226
2.7633986740149132 -0.0008099244272475 0.0002659422124289 0.0932820313217189 0.9349655304901450 0.9587667683744334
2.7805134454108851 -0.0008195867167030 0.0002654348970738 0.0949791035036795 0.9341994222671027 0.9582697575837543
2.7976889858782039 -0.0008293341181810 0.0002649232937112 0.0967019152524536 0.9334268413713527 0.9577682684296547
2.8149253198882547 -0.0008391670439005 0.0002644073865206 0.0984507677908285 0.9326477639933388 0.9572622778998375
2.8322224828397728 -0.0008490859115044 0.0002638871595264 0.1002259656584053 0.9318621660911220 0.9567517627101222
2.8495804637194198 -0.0008590911110714 0.0002633625983304 0.1020278107878369 0.9310700260061956 0.9562367010038008
2.8669993170140851 -0.0008691830694178 0.0002628336867420 0.1038566140435129 0.9302713193750646 0.9557170690431233
2.8844790394958939 -0.0008793605841871 0.0002623004108496 0.1057126824506411 0.9294660247416484 0.9551928448609778
2.9002819223651470 -0.0008886045403406 0.0002618161332242 0.1074087706264924 0.9287347239503533 0.9547165218053959
2.9178810500428227 -0.0008989488396698 0.0002612744075422 0.1093179296848514 0.9279166746465234 0.9541833948042282
2.9355374799508094 -0.0009093792179298 0.0002607283862161 0.1112548727568342 0.9270921417786172 0.9536457197217226
2.9532548280658468 -0.0009198981827871 0.0002601779446257 0.1132203054511332 0.9262609372528354 0.9531033655307087
2.9710330787662858 -0.0009305061112694 0.0002596230698980 0.1152145435888537 0.9254230417247812 0.9525563110197772
2.9888723139177968 -0.0009412034375249 0.0002590637463220 0.1172379160627775 0.9245784315661824 0.9520045320502157
3.0067724718643656 -0.0009519905086656 0.0002584999628903 0.1192907376529223 0.9237270902532945 0.9514480089926254
3.0247335976076171 -0.0009628677345042 0.0002579317054714 0.1213733372807013 0.9228689965466464 0.9508867190056194
3.0427556797684248 -0.0009738354896685 0.0002573589619300 0.1234860394618937 0.9220041322229711 0.9503206410868650
3.0608387482326083 -0.0009848941726151 0.0002567817190461 0.1256291755740780 0.9211324774231062 0.9497497530298685
3.0789827982284836 -0.0009960441594671 0.0002561999649287 0.1278030749696203 0.9202540142966880 0.9491740338082848
3.0971878045759236 -0.0010072858123119 0.0002556136885837 0.1300080664775577 0.9193687263494332 0.9485934631503404
3.1154538290819014 -0.0010186195456885 0.0002550228764500 0.1322444914792119 0.9184765932128038 0.9480080181066918
3.1337808295029235 -0.0010300457084896 0.0002544275185607 0.1345126807045484 0.9175775999477419 0.9474176791518197
3.1521688098048761 -0.0010415646767601 0.0002538276037065 0.1368129724288564 0.9166717297412317 0.9468224253934886
3.1706178121782407 -0.0010531768493447 0.0002532231196687 0.1391457117553295 0.9157589642580503 0.9462222347983401
3.1891278075275489 -0.0010648825790379 0.0002526140568067 0.1415112367950765 0.9148392890579181 0.9456170877524780
3.2076987830217054 -0.0010766822272782 0.0002520004052115 0.1439098895404065 0.9139126892976018 0.9450069642376048
3.2263307428336865 -0.0010885761648637 0.0002513821546731 0.1463420160599752 0.9129791496813215 0.9443918437957657
3.2450237027963564 -0.0011005602650422 0.0002507592958412 0.1488079658952486 0.9120386546719245 0.9437717056785968
3.2635552865437325 -0.0011124950470161 0.0002501392737864 0.1512782893948624 0.9111024473749249 0.9431539604825026
3.2823699155485948 -0.0011246677357505 0.0002495072098143 0.1538125780934960 0.9101480619323806 0.9425237736708459
3.3012450696937767 -0.0011369357096391 0.0002488705247453 0.1563816758617856 0.9091867036276720 0.9418885253769652
3.3201811752716295 -0.0011492996018641 0.0002482291955566 0.1589859945920567 0.9082183378282285 0.9412481816571862
3.3391782651840169 -0.0011617597906808 0.0002475832126713 0.1616258954905181 0.9072429502067249 0.9406027218200387
3.3582362729658621 -0.0011743165877356 0.0002469325701722 0.1643017277555083 0.9062605319640444 0.9399521286839050
3.3773552352893965 -0.0011869703709244 0.0002462772589176 0.1670138567172848 0.9052710694345123 0.9392963816973872
3.3965351394923773 -0.0011997214843411 0.0002456172717309 0.1697626426095263 0.9042745519226085 0.9386354621250064
3.4157759106130006 -0.0012125702288770 0.0002449526038865 0.1725484383076507 0.9032709724352195 0.9379693535390542
3.4350775795537776 -0.0012255169743532 0.0002442832473103 0.1753716135716681 0.9022603189266919 0.9372980360096625
3.4544401287299569 -0.0012385620568848 0.0002436091958965 0.1782325328928969 0.9012425823249829 0.9366214914276667
3.4738635686027131 -0.0012517058300770 0.0002429304428623 0.1811315665971458 0.9002177525391116 0.9359397008533008
3.4933478433545950 -0.0012649486012066 0.0002422469840477 0.1840690767471421 0.8991858234405279 0.9352526478296445
3.5128929124538697 -0.0012782906860537 0.0002415588150848 0.1870454291052769 0.8981467885892276 0.9345603155423760
3.5324988279889311 -0.0012917324622799 0.0002408659286520 0.1900610051827244 0.8971006370884502 0.9338626840518480
3.5521655023526928 -0.0013052705450747 0.0002401683234946 0.1931161666639276 0.8960473659277823 0.9331597385344184
3.5707096536064533 -0.0013180861470388 0.0002395081936139 0.1960247762814900 0.8950506810385922 0.9324940337786563
3.5904965034971696 -0.0013318172673839 0.0002388013369973 0.1991581786883481 0.8939834528057460 0.9317806449048003
3.6103417990477280 -0.0013456475491236 0.0002380898299698 0.2023319138253037 0.8929092097422859 0.9310619734259070
3.6302478208276217 -0.0013595789031812 0.0002373735873028 0.2055467222273607 0.8918278233375080 0.9303379200354961
3.6502144842675559 -0.0013736116004944 0.0002366526084697 0.2088029727712688 0.8907392929690952 0.9296084707292805
3.6702417757721051 -0.0013877459600342 0.0002359268907342 0.2121010470861150 0.8896436146810367 0.9288736091149020
3.6903296927064559 -0.0014019823072587 0.0002351964312931 0.2154413300693041 0.8885407844197766 0.9281333185739774
3.7104782014789190 -0.0014163209444106 0.0002344612288049 0.2188242028824635 0.8874308003409495 0.9273875838104473
3.7306872319857609 -0.0014307621461138 0.0002337212836147 0.2222500417328876 0.8863136631501397 0.9266363910844538
3.7509567897210192 -0.0014453062394747 0.0002329765936540 0.2257192368307557 0.8851893699118342 0.9258797240496341
3.7712868321262025 -0.0014599535159594 0.0002322271589619 0.2292321715162428 0.8840579208752998 0.9251175683406286
3.7916773109720689 -0.0014747042614427 0.0002314729801465 0.2327892292694939 0.8829193171525318 0.9243499100145640
3.8121281932589115 -0.0014895587713732 0.0002307140576145 0.2363907973361192 0.8817735595539983 0.9235767347659429
3.8271882250903233 -0.0015005349722913 0.0002301535929990 0.2390647988908959 0.8809274218009647 0.9230052998504308
3.8422482569217351 -0.0015115382962897 0.0002295917870938 0.2417573373859785 0.8800792615691146 0.9224321163401802
3.8628583231616869 -0.0015266488559192 0.0002288207803523 0.2454722585930449 0.8789152772156474 0.9216448747881673
3.8835183670229103 -0.0015418564108382 0.0002280454192299 0.2492311916848191 0.8777447273814037 0.9208524613109642
3.9042386559642774 -0.0015571687838329 0.0002272653210473 0.2530363767157568 0.8765670345452191 0.9200544699172246
3.9250191341351335 -0.0015725862426861 0.0002264804890680 0.2568882025760976 0.8753822038472451 0.9192508883494710
3.9458597549915670 -0.0015881090607589 0.0002256909265838 0.2607870607523335 0.8741902404734696 0.9184417042213558
3.9667604523550710 -0.0016037374954922 0.0002248966380125 0.2647333398895529 0.8729911513132235 0.9176269061429884
3.9877211941977420 -0.0016194718286226 0.0002240976268579 0.2687274358876385 0.8717849418793221 0.9168064816290049
4.0087418911573796 -0.0016353122976584 0.0002232938991945 0.2727697344975449 0.8705716215693898 0.9159804206761882
4.0298225288633311 -0.0016512591953917 0.0002224854586205 0.2768606365841302 0.8693511960459542 0.9151487105792653
4.0509630558774896 -0.0016673127857856 0.0002216723105328 0.2810005367141753 0.8681236736906266 0.9143113403217735
4.0721633842749938 -0.0016834733039353 0.0002208544621275 0.2851898229150397 0.8668890656046329 0.9134683005838894
4.0832713515357044 -0.0016919651701911 0.0002204249969469 0.2873999020863249 0.8662407572731495 0.9130252732061686
4.0943793187964150 -0.0017004690453150 0.0002199948832681 0.2896203747343623 0.8655914710115165 0.9125813448076260
4.1083950058326515 -0.0017112221357759 0.0002194512579028 0.2924369474400044 0.8647708347095802 0.9120199275161567
4.1297700254397940 -0.0017276725635178 0.0002186202220759 0.2967643941976558 0.8635163429630399 0.9111609769657851
4.1511914021023033 -0.0017442204265121 0.0002177850253692 0.3011400244875215 0.8622555806039897 0.9102968507212763
4.1726723077872867 -0.0017608761367063 0.0002169451620641 0.3055669012972785 0.8609877844745000 0.9094270088524720
4.1942126912342035 -0.0017776399477137 0.0002161006402106 0.3100454229896247 0.8597129669847765 0.9085514420316293
4.2158125017308477 -0.0017945121129636 0.0002152514682358 0.3145759885375239 0.8584311411179711 0.9076701411643817
4.2374716102830208 -0.0018114928238631 0.0002143976580566 0.3191589807445071 0.8571423251286397 0.9067831006257024
4.2591899854625126 -0.0018285823473677 0.0002135392181616 0.3237948031836911 0.8558465321008540 0.9058903110794659
4.2809675178635294 -0.0018457808885705 0.0002126761605271 0.3284838431090779 0.8545437803872263 0.9049917666619846
4.3028042093883849 -0.0018630887399599 0.0002118084931278 0.3332265119816077 0.8532340823038946 0.9040874571900300
4.3246999433972997 -0.0018805060824819 0.0002109362290522 0.3380231959112610 0.8519174578842592 0.9031773776489476
4.3468249256887415 -0.0018981571887041 0.0002100525734506 0.3429120777420726 0.8505836467465790 0.9022544051822479
4.3688386832507309 -0.0019157824846526 0.0002091711311310 0.3478183379492567 0.8492531888996709 0.9013327337241475
4.3909115279693358 -0.0019335178885130 0.0002082851182181 0.3527798618347365 0.8479158448447733 0.9004052622598379
4.4130430746444027 -0.0019513633774111 0.0002073945602270 0.3577969756235836 0.8465716533932420 0.8994719981764842
4.4352332566437491 -0.0019693191830436 0.0002064994703457 0.3628700762767497 0.8452206347539705 0.8985329358297366
4.4574819491760671 -0.0019873854898504 0.0002055998645298 0.3679995472944302 0.8438628133170950 0.8975880723333002
4.4797891146921192 -0.0020055625529684 0.0002046957556298 0.3731857920618589 0.8424982087912127 0.8966374013963416
4.5021546062542992 -0.0020238505385003 0.0002037871613478 0.3784291883712522 0.8411268482116347 0.8956809216836809
4.5245783337301191 -0.0020422496586606 0.0002028740975138 0.3837301267674377 0.8397487557925755 0.8947186297539999
4.5470602148046808 -0.0020607601322742 0.0002019565800604 0.3890889993405153 0.8383639559076658 0.8937505221321492
4.5696001678016369 -0.0020793693202344 0.0002010346283437 0.3945061980330968 0.8369724733300448 0.8927765955614667
4.5911549494756052 -0.0020972235348779 0.0002001510640158 0.3997283482587845 0.8356389415288051 0.8918421468435250
4.6138099014380973 -0.0021160512779883 0.0001992204184829 0.4052610734087750 0.8342343664943683 0.8908567653887638
4.6365207360464247 -0.0021349892845925 0.0001982854662858 0.4108528058523864 0.8328233069831565 0.8898656418561695
4.6592892174687828 -0.0021540393025602 0.0001973461496866 0.4165043843337344 0.8314056762019810 0.8888686941334918
4.6821152055478628 -0.0021732015000063 0.0001964024895277 0.4222161834747888 0.8299815059600754 0.8878659231378729
4.7049985816289821 -0.0021924760634848 0.0001954545061959 0.4279885823513844 0.8285508273839356 0.8868573291776117
4.7279392545616821 -0.0022118632034835 0.0001945022193628 0.4338219662027883 0.8271136705257068 0.8858429116717247
4.7509370503143291 -0.0022313630611734 0.0001935456525685 0.4397166982665056 0.8256700712804771 0.8848226740360055
4.7679062599045086 -0.0022457861556049 0.0001928386321145 0.4440962912123368 0.8246030824681929 0.8840677762803967
4.7848754694946880 -0.0022602391790497 0.0001921306014978 0.4485014619487477 0.8235345766389739 0.8833111021392717
4.8080245606196126 -0.0022800116785918 0.0001911631103303 0.4545522028690605 0.8220745278485008 0.8822760111982794
4.8312198161255484 -0.0022998881937994 0.0001901918566020 0.4606628482821426 0.8206088186560809 0.8812355767665049
4.8544716420058309 -0.0023198778870388 0.0001892164240124 0.4668365108198695 0.8191368212055850 0.8801893314607726
4.8777799187248059 -0.0023399809464785 0.0001882368361637 0.4730735616451120 0.8176585715105036 0.8791372781255128
4.9011444638460526 -0.0023601975072884 0.0001872531197266 0.4793743537314639 0.8161741102202006 0.8780794227921384
4.9245651434973192 -0.0023805277478054 0.0001862652997565 0.4857392515745698 0.8146834755517602 0.8770157696533071
4.9480417878034091 -0.0024009718165786 0.0001852734032498 0.4921686084106183 0.8131867086561230 0.8759463248876713
4.9650717985199275 -0.0024158360556358 0.0001845528240987 0.4968633620159821 0.8120993679857789 0.8751685234189396
4.9821018092364460 -0.0024307289141834 0.0001838313715472 0.5015841032222588 0.8110107176326524 0.8743890296001912
5.0057258826122668 -0.0024514445778964 0.0001828291454657 0.5081757871783027 0.8094984056932875 0.8733049273611704
5.0293943731206276 -0.0024722646049944 0.0001818234037825 0.5148300883769643 0.8079808092556240 0.8722155596515994
5.0531181245123182 -0.0024931987890359 0.0001808137085039 0.5215504138886778 0.8064572678389224 0.8711204295865952
5.0768969798141867 -0.0025142472944584 0.0001798000883585 0.5283371111885541 0.8049278252341320 0.8700195447058804
5.1007307529307324 -0.0025354102620169 0.0001787825737281 0.5351905175285188 0.8033925277322416 0.8689129142600569
5.1246192834612954 -0.0025566878574268 0.0001777611943086 0.5421109755237491 0.8018514205949014 0.8678005466737122
5.1378940223367060 -0.0025685402237682 0.0001771929703334 0.5459788550159048 0.8009940660636106 0.8671810355367974
5.1494358889571314 -0.0025788563070503 0.0001766985524078 0.5493547288084650 0.8002480758849986 0.8666416010514066
5.1609777555775569 -0.0025891844972457 0.0001762037943517 0.5527426091039612 0.7995015764827793 0.8661014309453863
5.1850236194425641 -0.0026107508334190 0.0001751719567129 0.5598393621609642 0.7979447390703296 0.8649737108353511
5.2091033094990769 -0.0026324137498282 0.0001741372353260 0.5669983668852558 0.7963835736950650 0.8638412397965654
5.2332368912815781 -0.0026541915308700 0.0001730987944021 0.5742259033983586 0.7948168197866277 0.8627030806865463
5.2574241078501220 -0.0026760842640560 0.0001720566700126 0.5815222730330069 0.7932445322534233 0.8615592485272604
5.2816647674639494 -0.0026980920983917 0.0001710108958209 0.5888877940119294 0.7916667623762336 0.8604097556500486
5.3059586695319920 -0.0027202151778938 0.0001699615062608 0.5963227793770866 0.7900835626037273 0.8592546151782855
5.3161625379725308 -0.0027295272105972 0.0001695203588288 0.5994615183672758 0.7894180168974158 0.8587685093161682
5.3263664064130696 -0.0027388447668801 0.0001690789887954 0.6026096735902252 0.7887521373398301 0.8582818580340230
5.3362526359720786 -0.0027478815617726 0.0001686511473705 0.6056688115526438 0.7881066714035441 0.8578098373144498
5.3606893699895366 -0.0027702658096421 0.0001675927333470 0.6132683144155769 0.7865099056960112 0.8566409196537864
5.3851545026333900 -0.0027927432354412 0.0001665318655611 0.6209307818386399 0.7849094640213634 0.8554675551308688
5.4096718974708757 -0.0028153360015876 0.0001654675384084 0.6286639718501701 0.7833038297934642 0.8542886089268987
5.4342412871226307 -0.0028380442025247 0.0001643997912195 0.6364681613829170 0.7816930628750631 0.8531040993873912
5.4588623977401278 -0.0028608679299169 0.0001633286639807 0.6443436219150080 0.7800772241236004 0.8519140455719323
5.4835350039908342 -0.0028838073239212 0.0001622541949341 0.6522906371300340 0.7784563717710739 0.8507184645885175
5.4959250115494775 -0.0028953443279380 0.0001617142189810 0.6563022435085587 0.7776418173920886 0.8501169325723640
5.5071288104732279 -0.0029057894504861 0.0001612257124054 0.6599417570233204 0.7769049099253510 0.8495723385541120
5.5319222708780540 -0.0029289534532850 0.0001601439184954 0.6680362567393464 0.7752730549340656 0.8483649888697361
5.5567454610037776 -0.0029522134318313 0.0001590598180543 0.6761962650832386 0.7736377494790427 0.8471531908484616
5.5816190691231000 -0.0029755890471919 0.0001579725386499 0.6844288564237743 0.7719976780737278 0.8459359459984006
5.6065427088994593 -0.0029990803026866 0.0001568821273034 0.6927342437261574 0.7703529122176360 0.8447132812502629
5.6315161228241761 -0.0030226873266412 0.0001557886257441 0.7011126786048907 0.7687035154337249 0.8434852176353066
5.6405762684502116 -0.0030312687887012 0.0001553916937369 0.7041662756163761 0.7681048056396768 0.8430389598076632
5.6496364140762472 -0.0030398557333260 0.0001549946488791 0.7072273108186197 0.7675059282572665 0.8425923170971211
5.6580901414128961 -0.0030478719992163 0.0001546240791832 0.7100901711235396 0.7669469863714378 0.8421752232903610
5.6831896734356002 -0.0030717189036834 0.0001535232783581 0.7186282972362256 0.7652866349409266 0.8409348931716951
5.7083136314501033 -0.0030956582447435 0.0001524205938379 0.7272318912114898 0.7636234740101304 0.8396904430222645
5.7334860521418198 -0.0031197132120414 0.0001513150035861 0.7359094246313896 0.7619559626153148 0.8384406963725798
5.7587065409795448 -0.0031438838206948 0.0001502065569664 0.7446610810689763 0.7602841758192617 0.8371856830662070
5.7839747250681972 -0.0031681701106069 0.0001490953026991 0.7534870466659188 0.7586081877190083 0.8359254322943082
5.7947170568982918 -0.0031785162255318 0.0001486226653738 0.7572567635971053 0.7578953686655063 0.8353887966408399
5.8043744130491035 -0.0031878218753056 0.0001481976641232 0.7606546551359369 0.7572543957471958 0.8349059248035255
5.8132402945781747 -0.0031963715844407 0.0001478074115331 0.7637815019679736 0.7566658330605166 0.8344622645734768
5.8386350844168291 -0.0032209082122460 0.0001466891739962 0.7727771806451333 0.7549793770501767 0.8331895667344403
5.8640515396972752 -0.0032455362377720 0.0001455693785515 0.7818389497058326 0.7532906063077286 0.8319129701689665
5.8895141502941684 -0.0032702797039659 0.0001444469805993 0.7909757536669034 0.7515979460556463 0.8306312611099665
5.9150224213569658 -0.0032951385516255 0.0001433220356869 0.8001877091987407 0.7499014807112856 0.8293444769997410
5.9405759617780332 -0.0033201128269339 0.0001421945950490 0.8094749646592829 0.7482012881923825 0.8280526504775165
5.9549057640924916 -0.0033341372764106 0.0001415621519028 0.8147088424753907 0.7472475685168561 0.8273270276505723
5.9680386885091616 -0.0033470084772168 0.0001409824107738 0.8195218508259025 0.7463733327127468 0.8266612607504871
5.9937023902688349 -0.0033722149306444 0.0001398491912853 0.8289721267348708 0.7446644931959883 0.8253581945584645
6.0193923431840393 -0.0033975190428840 0.0001387144215842 0.8384915846298996 0.7429533541359968 0.8240510922261933
6.0451257070875926 -0.0034229380894077 0.0001375773790238 0.8480867921927251 0.7412388264794642 0.8227390978520144
6.0709019749774287 -0.0034484720227988 0.0001364381211372 0.8577578256104061 0.7395209976631829 0.8214222520537965
6.0800100791373382 -0.0034575118670058 0.0001360354921445 0.8611894179868546 0.7389139034495230 0.8209563093306944
6.0891181832972476 -0.0034665527936819 0.0001356328315123 0.8646284802980869 0.7383067632235294 0.8204900384756888
6.0998028371468500 -0.0034771693154338 0.0001351604325265 0.8686723394603793 0.7375944760456362 0.8199426427826316
6.1256889639963941 -0.0035029419449059 0.0001340157658108 0.8785121490706589 0.7358685665813770 0.8186145929745141
6.1515958796639296 -0.0035288084600641 0.0001328699723958 0.8884201998727745 0.7341409993369689 0.8172828732872770
6.1775435156618501 -0.0035547891489761 0.0001317222069133 0.8984042860797223 0.7324105003679104 0.8159464785275563
6.2035312429578999 -0.0035808838621648 0.0001305725332418 0.9084644027286272 0.7306771666962115 0.8146054577358340
6.2117961856436397 -0.0035891983500232 0.0001302068772927 0.9116765512000548 0.7301258855026228 0.8141784369390237
6.2200611283293794 -0.0035975135922247 0.0001298412143627 0.9148948278384323 0.7295745953278084 0.8137511607093264
6.2287562800857010 -0.0036062683449668 0.0001294565100460 0.9182872363033460 0.7289946016078190 0.8133013690520648
6.2548447706186758 -0.0036325852708149 0.0001283022261099 0.9285063213228085 0.7272543917236834 0.8119501571659944
6.2809483465503906 -0.0036589920275022 0.0001271472482287 0.9387923428345023 0.7255131796842057 0.8105956643653623
6.3070896435701638 -0.0036855119149738 0.0001259906114947 0.9491543520294466 0.7237695114939587 0.8092367375092597
6.3332679271644050 -0.0037121446949543 0.0001248323850961 0.9595922643731136 0.7220234921926993 0.8078734332016037
6.3491854944633275 -0.0037283663284191 0.0001241281725114 0.9659689189626903 0.7209619145174492 0.8070432945999902
6.3651030617622499 -0.0037446093401766 0.0001234240006205 0.9723681975045163 0.7199004125051310 0.8062122649534255
6.3913735817651016 -0.0037714780041483 0.0001222619348325 0.9829790795646544 0.7181486971596789 0.8048387933692188
6.4176663763739601 -0.0037984457396903 0.0001210990486819 0.9936605624428784 0.7163957925458471 0.8034617740191919
6.4439931937014689 -0.0038255250702873 0.0001199348594573 1.0044175528718968 0.7146409717572378 0.8020806132217903
6.4572766277302476 -0.0038392173984835 0.0001193475453241 1.0098684982017272 0.7137557122397753 0.8013828490905678
6.4673392551165767 -0.0038495967103792 0.0001189026808331 1.0140082085462820 0.7130851729875226 0.8008538774731695
6.4774018825029058 -0.0038599833305489 0.0001184578568166 1.0181569182054027 0.7124147002402486 0.8003245689267385
6.5038217380746408 -0.0038873073369328 0.0001172901547963 1.0290923358038413 0.7106546848135542 0.7989332551514896
6.5302544871754025 -0.0039147224237012 0.0001161222047831 1.0400950753488405 0.7088943457655177 0.7975389786501805
6.5567178417530272 -0.0039422474277384 0.0001149532609070 1.0511725904622469 0.7071325596329869 0.7961408288978373
6.5687996040487358 -0.0039548399674710 0.0001144197122099 1.0562506138374994 0.7063284331589854 0.7955017644739799
6.5766383959584003 -0.0039630189234269 0.0001140735850082 1.0595522048649504 0.7058067807427199 0.7950868844341351
6.5844771878680648 -0.0039711977808473 0.0001137274966446 1.0628592307686613 0.7052851884291549 0.7946718105798730
6.5932777618502474 -0.0039803873455461 0.0001133389903460 1.0665784864281047 0.7046996727408856 0.7942055791414731
6.6198308167458659 -0.0040081667173240 0.0001121670932488 1.0778416806890190 0.7029335481670343 0.7927974036812948
6.6463911792822747 -0.0040360331073796 0.0001109953558030 1.0891702354920685 0.7011677173478114 0.7913866636385625
6.6729781223370468 -0.0040640072122309 0.0001098229640959 1.1005724101029681 0.6994009544179937 0.7899723606051043
6.6867175274072128 -0.0040784948753839 0.0001092173189602 1.1064891368760430 0.6984882847429255 0.7892406536360379
6.6951471617517004 -0.0040873880661354 0.0001088458101742 1.1101274894217110 0.6979284486358086 0.7887914454049303
6.7027489102264814 -0.0040954126064636 0.0001085108385724 1.1134138730296210 0.6974236751568540 0.7883861735848257
6.7294036685315026 -0.0041236016772546 0.0001073366830079 1.1249773639945746 0.6956543590669287 0.7869637835177570
6.7560674175578130 -0.0041518812389424 0.0001061627625829 1.1366071570003995 0.6938854533240252 0.7855388409681746
6.7827535521496136 -0.0041802660128185 0.0001049885234559 1.1483091171379414 0.6921161241160911 0.7841106558173035
6.7954396642373798 -0.0041937883205307 0.0001044305550967 1.1538938875398486 0.6912754043041257 0.7834310126648087
6.8081257763251459 -0.0042073169534690 0.0001038727523244 1.1594927365040808 0.6904349417509358 0.7827509166166747
6.8216988319874883 -0.0042218112131068 0.0001032761350649 1.1654986047276159 0.6895360101253343 0.7820227739888748
6.8484460564469130 -0.0042504359525849 0.0001021010073734 1.1773809312988550 0.6877654728687981 0.7805863952821177
6.8752010736190181 -0.0042791519099003 0.0001009263268797 1.1893291469603384 0.6859956686157607 0.7791476419183639
6.8861693315181753 -0.0042909481119081 0.0001004450010242 1.1942453577410228 0.6852705078172832 0.7785572642516486
6.8971375894173326 -0.0043027583454445 0.0000999638159125 1.1991720390979166 0.6845455691845782 0.7779665646937192
6.9077674755003136 -0.0043142085649949 0.0000994976143782 1.2039567166305116 0.6838432100841210 0.7773937830006803
6.9174176777764496 -0.0043246133675866 0.0000990744979907 1.2083089294190499 0.6832057688161730 0.7768735319681014
6.9442264136062342 -0.0043535755606537 0.0000978996632012 1.2204420337942876 0.6814358762170636 0.7754269685979527
6.9710374883730113 -0.0043826246836539 0.0000967256395641 1.2326385455752014 0.6796672674162635 0.7739784185783606
6.9867608195803790 -0.0043996999680787 0.0000960375727948 1.2398201441512453 0.6786307577498590 0.7731280638324036
6.9959355260243443 -0.0044096770753241 0.0000956362326924 1.2440205551798411 0.6780261855823928 0.7726315854263812
7.0051102324683097 -0.0044196564110915 0.0000952350091898 1.2482282448264486 0.6774217930487707 0.7721348956765148
7.0138134601131474 -0.0044291306975827 0.0000948545115264 1.2522264290448271 0.6768486275912141 0.7716635360029965
7.0406656448960128 -0.0044584185240784 0.0000936812254629 1.2646032976748771 0.6750812817541751 0.7702080620562831
7.0675159577769913 -0.0044877903051091 0.0000925090560262 1.2770414727007402 0.6733156823208194 0.7687509272808327
7.0786948666231462 -0.0045000444819175 0.0000920213456365 1.2822383099401096 0.6725810797199551 0.7681437483399752
7.0898737754693011 -0.0045123136907455 0.0000915338225559 1.2874458973906659 0.6718467706006277 0.7675362709753420
7.0971225265268840 -0.0045202724756448 0.0000912178000613 1.2908284003284001 0.6713707801960738 0.7671422052961605
7.1039149090663312 -0.0045277337895823 0.0000909217472886 1.2940020442343128 0.6709248714254747 0.7667728366858261
7.1307827828066879 -0.0045573022224906 0.0000897513857427 1.3065944944901808 0.6691621377484115 0.7653107075217022
7.1576527676045050 -0.0045869604662321 0.0000885820761712 1.3192498317813144 0.6674010553217856 0.7638467944486217
7.1698622465226869 -0.0046004659632259 0.0000880511389774 1.3250207271744385 0.6666014397929224 0.7631810616948389
7.1820717254408688 -0.0046139896908264 0.0000875204474323 1.3308043702510168 0.6658022082572471 0.7625149928329328
7.1973222419281173 -0.0046308932890842 0.0000868579289941 1.3380464459690440 0.6648044564195448 0.7616825568444241
7.2112160001914489 -0.0046463169189680 0.0000862546939860 1.3446615143294247 0.6638960041392897 0.7609237296852411
7.2380920962885016 -0.0046762198501642 0.0000850887385259 1.3575044139836603 0.6621401656020421 0.7594546546998492
7.2649622178101723 -0.0047062055264781 0.0000839243105637 1.3704059228564123 0.6603866971103163 0.7579843492711692
7.2693525110813368 -0.0047111134044745 0.0000837341779862 1.3725197260633477 0.6601003902628825 0.7577439708816754
7.2737428043525014 -0.0047160205225678 0.0000835440810952 1.3746351664102452 0.6598141376233773 0.7575035517941742
7.2786913430843123 -0.0047215531552792 0.0000833298547849 1.3770215564807367 0.6594915519712143 0.7572325136978535
7.3056019606426172 -0.0047516936177228 0.0000821656570391 1.3900353376636898 0.6577385251784184 0.7557576880691005
7.3324583513115398 -0.0047818638813305 0.0000810051492047 1.4030840641035709 0.6559911261377942 0.7542843469797788
7.3466639764917883 -0.0047978591587071 0.0000803918543357 1.4100108277037342 0.6550677054076933 0.7535044352123148
7.3541038187932593 -0.0048062464854823 0.0000800708110919 1.4136453506147648 0.6545843277951977 0.7530958144147977
7.3615436610947302 -0.0048146339859227 0.0000797498769101 1.4172845468707129 0.6541011169047513 0.7526870833885969
7.3707237685979994 -0.0048249925650972 0.0000793540212312 1.4217814304486027 0.6535051088051360 0.7521825943723798
7.3975553546045285 -0.0048553300546459 0.0000781979670929 1.4349656305101623 0.6517645801489559 0.7507071287355940
7.4243743518451630 -0.0048857453603254 0.0000770438946878 1.4482041959826650 0.6500271090537929 0.7492309664326710
7.4326293386284972 -0.0048951259300448 0.0000766889609924 1.4522912416215492 0.6494927667411424 0.7487763228920036
7.4398764246898379 -0.0049033639697854 0.0000763774798087 1.4558839911764405 0.6490238447563530 0.7483770837758464
7.4471235107511786 -0.0049116062411493 0.0000760661077050 1.4594811474242939 0.6485550913170116 0.7479777463466930
7.4739080101041058 -0.0049421278291066 0.0000749162573009 1.4728140755348580 0.6468241030951859 0.7465009910230531
7.5006787353800020 -0.0049727270174195 0.0000737685127769 1.4862001425211597 0.6450963609046140 0.7450236869960608
7.5102065312281372 -0.0049836400140871 0.0000733603970387 1.4909787405974035 0.6444820276817339 0.7444975987244487
7.5179192459773283 -0.0049924779559581 0.0000730301741488 1.4948525471022167 0.6439849508593589 0.7440716141930918
7.5252115289782617 -0.0050008389333386 0.0000727180719232 1.4985197502829564 0.6435151554511362 0.7436687541671146
7.5519212244847811 -0.0050315228200222 0.0000715759213537 1.5119895798800953 0.6417959694651848 0.7421923921224522
7.5786252287778133 -0.0050622947079997 0.0000704356003362 1.5255158752783622 0.6400796150912826 0.7407151191907771
7.5847761182376674 -0.0050693960478241 0.0000701731710731 1.5286398598830793 0.6396846307503544 0.7403746793774515
7.5909270076975215 -0.0050764991697892 0.0000699108286308 1.5317669842350745 0.6392897797657917 0.7400341762373730
7.6007235058032254 -0.0050878187718082 0.0000694931760740 1.5367540221206770 0.6386611787314300 0.7394917281931993
7.6273648018377820 -0.0051186672429496 0.0000683584981738 1.5503563419810857 0.6369534502810255 0.7380157577860968
7.6539867466326754 -0.0051495890430543 0.0000672262954224 1.5640074243236171 0.6352495265519451 0.7365397131172392
7.6582442243093451 -0.0051545430958264 0.0000670453842515 1.5661959836937649 0.6349772692931271 0.7363035541165472
7.6625017019860149 -0.0051594964947323 0.0000668645169454 1.5683860386964394 0.6347050786723201 0.7360673665533889
7.6675039232093720 -0.0051653185823101 0.0000666520665550 1.5709611015345371 0.6343853602721498 0.7357898272832099
7.6940149746528430 -0.0051962318247327 0.0000655271095586 1.5846429860632862 0.6326924506004085 0.7343182599269551
7.7205493873304327 -0.0052272689298886 0.0000644028632653 1.5983948313538119 0.6310006914063788 0.7328443200606842
7.7267000837186659 -0.0052344772368250 0.0000641425078723 1.6015907765905311 0.6306089218090265 0.7325025086766895
7.7328507801068991 -0.0052416864156567 0.0000638822468631 1.6047898263457954 0.6302172966295312 0.7321606410869194
7.7389983031167224 -0.0052488959167977 0.0000636222138323 1.6079903261671147 0.6298260183588650 0.7318188940125347
7.7654379833978711 -0.0052799629207037 0.0000625049174536 1.6217905489693651 0.6281448447940225 0.7303484558129572
7.7918619650421750 -0.0053111091776973 0.0000613900389133 1.6356397136711276 0.6264673918604957 0.7288778881579346
7.7985536318985362 -0.0053190085051352 0.0000611079868917 1.6391559557554016 0.6260430261389703 0.7285053222013358
7.8052452987548975 -0.0053269120167154 0.0000608260498670 1.6426758510650215 0.6256188378095187 0.7281326938764934
7.8315861793276218 -0.0053580847243882 0.0000597173598684 1.6565669184255079 0.6239508106624539 0.7266652921614497
7.8578921068814980 -0.0053893146585778 0.0000586119387732 1.6704958937214203 0.6222877855070618 0.7251989025181084
7.8841463740422109 -0.0054205593971994 0.0000575105090320 1.6844535300839716 0.6206308388812456 0.7237344839454213
7.9109601066042856 -0.0054525726298993 0.0000563875020292 1.6987662309868079 0.6189415201879503 0.7222379461082680
7.9165545445201744 -0.0054592650659957 0.0000561534404271 1.7017597754283691 0.6185894369390951 0.7219255931752105
7.9221489824360631 -0.0054659595042750 0.0000559194641022 1.7047558483462544 0.6182374846895112 0.7216132013394670
7.9288717047247603 -0.0054740074719814 0.0000556384123979 1.7083595113793664 0.6178147245923338 0.7212377552591972
7.9549451594005989 -0.0055052833505269 0.0000545495438488 1.7223704706496827 0.6161768941368575 0.7197811009496494
7.9648663467489200 -0.0055172103647103 0.0000541357087542 1.7277161533170708 0.6155544433441894 0.7192266160738949
7.9747875340972412 -0.0055291519258879 0.0000537221451939 1.7330697554655901 0.6149324135166823 0.7186720147594142
7.9829519634444237 -0.0055389857746538 0.0000533820175841 1.7374813235191509 0.6144208442287227 0.7182155309595637
7.9911163927916062 -0.0055488268655392 0.0000530420760503 1.7418982464748396 0.6139095621145186 0.7177589697780754
8.0170380429864885 -0.0055801376474251 0.0000519640142754 1.7559572010108169 0.6122881822790212 0.7163089059266325
8.0285739836621879 -0.0055941042691137 0.0000514848512438 1.7622311861496713 0.6115675602447004 0.7156633393793814
8.0345203805804424 -0.0056013114174377 0.0000512380056478 1.7654693785524305 0.6111963314252441 0.7153305135715340
8.0404667774986969 -0.0056085190687486 0.0000509912618777 1.7687103989973059 0.6108252580939145 0.7149976489478711
8.0662527981289625 -0.0056398362276768 0.0000499224471632 1.7827974817124439 0.6092179413870872 0.7135537682253023
8.0762925603379117 -0.0056520568351620 0.0000495068213095 1.7882966244475869 0.6085929340877440 0.7129914030020642
8.0863323225468609 -0.0056642928234966 0.0000490914864713 1.7938037997571317 0.6079683778037847 0.7124289322227355
8.0934501118366544 -0.0056729733569983 0.0000487972086900 1.7977130287123111 0.6075258664793239 0.7120300996875771
8.1003715100842069 -0.0056814198710460 0.0000485111922705 1.8015182619231564 0.6070957834975842 0.7116422216773485
8.1259873011106318 -0.0057127441437788 0.0000474538752991 1.8156343851566403 0.6055059515692437 0.7102062808302579
8.1382934416566197 -0.0057278287796973 0.0000469466126497 1.8224344655833613 0.6047432389133711 0.7095162054564256
8.1454675898012301 -0.0057366301931692 0.0000466510996080 1.8264042684615518 0.6042989177462221 0.7091138419622554
8.1526417379458405 -0.0057454374463225 0.0000463557397330 1.8303781481764871 0.6038548328578874 0.7087114287965434
8.1780770493678681 -0.0057767275722767 0.0000453098022493 1.8445000008210006 0.6022822825326519 0.7072843145597290
8.1868010792745558 -0.0057874831254710 0.0000449515032139 1.8493554143302653 0.6017436061559815 0.7067946911465310
8.1910373666289154 -0.0057927102245770 0.0000447775999063 1.8517153134505200 0.6014821590595472 0.7065569105129172
8.1952736539832749 -0.0057979371604760 0.0000446037515472 1.8540766283909358 0.6012207956359694 0.7063191135203196
8.2014136335575127 -0.0058055177144091 0.0000443518758572 1.8575015771839447 0.6008421303001180 0.7059744270479276
8.2266973264653611 -0.0058367964994562 0.0000433158860095 1.8716363957759086 0.5992846973458427 0.7045546954483376
8.2338658518377699 -0.0058456832989664 0.0000430225124076 1.8756531039143094 0.5988436767763042 0.7041520659033452
8.2387569075594715 -0.0058517514431273 0.0000428224349417 1.8783960055852473 0.5985429099085626 0.7038773279569822
8.2436479632811732 -0.0058578204019127 0.0000426224316349 1.8811407865813772 0.5982422564568454 0.7036025695250487
8.2491530151358816 -0.0058646551720279 0.0000423974089943 1.8842323792226165 0.5979039966193378 0.7032932950947911
8.2742419283331738 -0.0058958659330571 0.0000413730651289 1.8983522144546943 0.5963642309341758 0.7018834759009087
8.2822378129385541 -0.0059058342383488 0.0000410470139287 1.9028625964402919 0.5958741385478458 0.7014340550670308
8.2902336975439344 -0.0059158098207458 0.0000407211623070 1.9073779815575356 0.5953843538333576 0.7009845826613820
8.2986404953442587 -0.0059263065355213 0.0000403787805872 1.9121308064357747 0.5948697314757312 0.7005119566141281
8.3235546783995478 -0.0059574821418174 0.0000393654052866 1.9262485817578567 0.5933466213459111 0.6991109688843233
8.3292692280909559 -0.0059646472297071 0.0000391332430598 1.9294935935095150 0.5929976926090278 0.6987895581104534
8.3349837777823641 -0.0059718145306936 0.0000389011847829 1.9327411499602083 0.5926489233487701 0.6984681227249715
8.3407167053207623 -0.0059790094961205 0.0000386684841380 1.9360017061383119 0.5922991930608263 0.6981456290857636
8.3654358789786958 -0.0060100949698532 0.0000376663218472 1.9500898179886066 0.5907930792316785 0.6967548283503404
8.3709630849473236 -0.0060170595758353 0.0000374425045170 1.9532464151914117 0.5904567245019168 0.6964437851517508
8.3764902909159513 -0.0060240270656670 0.0000372187854584 1.9564053840235260 0.5901205209155306 0.6961327203467020
8.3840703632706273 -0.0060335885978316 0.0000369121342626 1.9607414836770292 0.5896596938161720 0.6957060877768826
8.4086195948725404 -0.0060646212599149 0.0000359202643196 1.9748151738020228 0.5881691973301670 0.6943241016918877
8.4125912109358776 -0.0060696513198491 0.0000357599805620 1.9770964236199864 0.5879283452242274 0.6941004835150110
8.4165628269992148 -0.0060746818721268 0.0000355997484820 1.9793788933484406 0.5876875720952954 0.6938768549031953
8.4234023864927092 -0.0060833484649116 0.0000353239318395 1.9833124151995440 0.5872731197413879 0.6934917175783795
8.4477699463685330 -0.0061142898144409 0.0000343425052695 1.9973558847060773 0.5857984490859123 0.6921193293930785
8.4720983144984956 -0.0061452826343315 0.0000333645928544 2.0114224315327598 0.5843291488503209 0.6907487791829452
8.4963098546138340 -0.0061762279367937 0.0000323933098829 2.0254666277332536 0.5828698995350464 0.6893844596280920
8.5204011582533408 -0.0062071207674975 0.0000314287775859 2.0394857347695363 0.5814208826342321 0.6880265830682468
8.5443691370484292 -0.0062379565187953 0.0000304711029146 2.0534771822825597 0.5799822581290153 0.6866753433921896
8.5682106215860738 -0.0062687304172305 0.0000295203946584 2.0674383361716897 0.5785541887040890 0.6853309386282392
8.5919225665905739 -0.0062994377873985 0.0000285767552669 2.0813666189610132 0.5771368274625971 0.6839935593657408
8.6155016982857617 -0.0063300735951227 0.0000276402949032 2.0952593032276510 0.5757303390347285 0.6826634086339889
8.6389446430635175 -0.0063606326100755 0.0000267111262708 2.1091135861146957 0.5743348918046415 0.6813406946455469
8.6622480338570220 -0.0063911095425008 0.0000257893603844 2.1229266520218237 0.5729506515579630 0.6800256247890422
8.6854085881415166 -0.0064214991454181 0.0000248751035126 2.1366957195443912 0.5715777768904129 0.6787184012176026
8.7084226642598814 -0.0064517956310134 0.0000239684746883 2.1504177777268021 0.5702164455019700 0.6774192458851649
8.7312868962011034 -0.0064819935022886 0.0000230695806525 2.1640899635362403 0.5688668165702438 0.6761283647129689
8.7539970349397258 -0.0065120860208774 0.0000221785613958 2.1777088688859081 0.5675290991277716 0.6748460130010417
8.7765496481905085 -0.0065420674510008 0.0000212955233413 2.1912715572673496 0.5662034517391710 0.6735723994564864
8.7989408300002427 -0.0065719313530681 0.0000204205900624 2.2047747919024552 0.5648900586501887 0.6723077590444608
8.8211663885507292 -0.0066016708249565 0.0000195538948017 2.2182151460156434 0.5635891185485596 0.6710523423887488
8.8432220235694103 -0.0066312787342513 0.0000186955734840 2.2315891087616229 0.5623008340736281 0.6698064057507950
8.8651034711506629 -0.0066607479112188 0.0000178457590819 2.2448931731160582 0.5610254033573667 0.6685702028437958
8.8868060209623945 -0.0066900704962951 0.0000170046003507 2.2581235420837431 0.5597630481418205 0.6673440121047569
8.9083251825004943 -0.0067192388350625 0.0000161722359386 2.2712765335324927 0.5585139749207805 0.6661280990507957
8.9296555743511625 -0.0067482439704724 0.0000153488373382 2.2843479010923056 0.5572784393924991 0.6649227790361040
8.9507918726633147 -0.0067770769197815 0.0000145345720711 2.2973334113509911 0.5560566912071172 0.6637283636607798
8.9717290540377732 -0.0068057290092204 0.0000137295944201 2.3102289949267036 0.5548489600632017 0.6625451470368539
8.9924608660361987 -0.0068341897781233 0.0000129341042121 2.3230298040538919 0.5536555439006591 0.6613734922204962
9.0129809375995134 -0.0068624484847534 0.0000121483039112 2.3357308922892162 0.5524767445139338 0.6602137684607007
9.0332826225008329 -0.0068904938881864 0.0000113724045996 2.3483271174259710 0.5513128765224740 0.6590663600412715
9.0533591355162226 -0.0069183144326340 0.0000106066207374 2.3608132253478358 0.5501642595075670 0.6579316585801336
9.0732024875823747 -0.0069458967635421 0.0000098512106644 2.3731831856066168 0.5490312787553190 0.6568101232091095
9.0928048517131490 -0.0069732276110805 0.0000091064243696 2.3854310384663848 0.5479143069067510 0.6557022033692425
9.1121569222447274 -0.0070002914977077 0.0000083725657807 2.3975498688704868 0.5468137973717221 0.6546084315392844
9.1312495238695490 -0.0070270729699704 0.0000076499314623 2.4095328086639691 0.5457301923829622 0.6535293322868441
9.1500712138773910 -0.0070535532259774 0.0000069389012460 2.4213715294924998 0.5446640588904587 0.6524655577792844
9.1686109105377156 -0.0070797137862302 0.0000062398385099 2.4330578880075469 0.5436159390150341 0.6514177392190498
9.1868555432276331 -0.0071055331754343 0.0000055531787808 2.4445824447576676 0.5425864828898795 0.6503866196431243
