0.0000976814440770 -0.0000000000024030 0.0001968584835455 0.0000000000000025 0.9999999999492547 0.9999999999692318
0.0001348794147980 -0.0000000000045820 0.0001968584835276 0.0000000000000065 0.9999999999027600 0.9999999999413326
0.0001805306040158 -0.0000000000082088 0.0001968584834978 0.0000000000000156 0.9999999998253716 0.9999999998948952
0.0002354195809757 -0.0000000000139595 0.0001968584834506 0.0000000000000345 0.9999999997026633 0.9999999998212630
0.0003002946029310 -0.0000000000227135 0.0001968584833787 0.0000000000000716 0.9999999995158712 0.9999999997091766
0.0003758774257132 -0.0000000000355865 0.0001968584832730 0.0000000000001404 0.9999999992411904 0.9999999995443517
0.0004628538926567 -0.0000000000539613 0.0001968584831221 0.0000000000002621 0.9999999988491125 0.9999999993090809
0.0005619134285528 -0.0000000000795307 0.0001968584829121 0.0000000000004690 0.9999999983035186 0.9999999989816912
0.0006736775394571 -0.0000000001143145 0.0001968584826264 0.0000000000008082 0.9999999975613119 0.9999999985363216
0.0007987859687617 -0.0000000001607158 0.0001968584822453 0.0000000000013472 0.9999999965712123 0.9999999979422010
0.0009378296298763 -0.0000000002215368 0.0001968584817458 0.0000000000021803 0.9999999952734272 0.9999999971634502
0.0010914027707097 -0.0000000003000326 0.0001968584811012 0.0000000000034363 0.9999999935985041 0.9999999961583932
0.0012600733464738 -0.0000000003999357 0.0001968584802807 0.0000000000052885 0.9999999914667962 0.9999999948792371
0.0014443863892380 -0.0000000005254912 0.0001968584792496 0.0000000000079651 0.9999999887877241 0.9999999932716287
0.0016448839062646 -0.0000000006815054 0.0001968584779683 0.0000000000117638 0.9999999854587321 0.9999999912740284
0.0018620875524185 -0.0000000008733716 0.0001968584763926 0.0000000000170664 0.9999999813647386 0.9999999888173798
0.0020965071568280 -0.0000000011071122 0.0001968584744730 0.0000000000243574 0.9999999763772400 0.9999999858245733
0.0023486415787778 -0.0000000013894166 0.0001968584721545 0.0000000000342446 0.9999999703534995 0.9999999822099577
0.0026189903226451 -0.0000000017276939 0.0001968584693764 0.0000000000474836 0.9999999631354216 0.9999999778786658
0.0029080180839711 -0.0000000021300670 0.0001968584660719 0.0000000000650029 0.9999999545496864 0.9999999727266952
0.0032162021613285 -0.0000000026054681 0.0001968584621676 0.0000000000879370 0.9999999444056968 0.9999999666396758
0.0035439853131272 -0.0000000031636098 0.0001968584575839 0.0000000001176569 0.9999999324962072 0.9999999594932474
0.0038918401828648 -0.0000000038151279 0.0001968584522332 0.0000000001558141 0.9999999185942784 0.9999999511512325
0.0042601973542313 -0.0000000045714982 0.0001968584460215 0.0000000002043765 0.9999999024550389 0.9999999414666930
0.0046494751703919 -0.0000000054451141 0.0001968584388469 0.0000000002656767 0.9999998838140409 0.9999999302809441
0.0050601047477581 -0.0000000064493825 0.0001968584305992 0.0000000003424682 0.9999998623852134 0.9999999174223251
0.0054925134674823 -0.0000000075987365 0.0001968584211601 0.0000000004379808 0.9999998378605870 0.9999999027060357
0.0059471148881480 -0.0000000089086476 0.0001968584104024 0.0000000005559820 0.9999998099100335 0.9999998859339780
0.0064243060231104 -0.0000000103956478 0.0001968583981903 0.0000000007008424 0.9999997781807954 0.9999998668944762
0.0069244852697247 -0.0000000120774182 0.0001968583843786 0.0000000008776153 0.9999997422956030 0.9999998453611445
0.0074480352687178 -0.0000000139727714 0.0001968583688129 0.0000000010921112 0.9999997018530332 0.9999998210931044
0.0079953530661637 -0.0000000161017986 0.0001968583513282 0.0000000013509977 0.9999996564243887 0.9999997938331108
0.0085668268488493 -0.0000000184858347 0.0001968583317491 0.0000000016618875 0.9999996055544292 0.9999997633079909
0.0091628130767904 -0.0000000211473878 0.0001968583098909 0.0000000020334249 0.9999995487628837 0.9999997292295524
0.0097836795036869 -0.0000000241103489 0.0001968582855574 0.0000000024754165 0.9999994855399702 0.9999996912918937
0.0104298247523930 -0.0000000274001580 0.0001968582585397 0.0000000029989736 0.9999994153428609 0.9999996491692845
0.0111015806759278 -0.0000000310433559 0.0001968582286197 0.0000000036165631 0.9999993376052306 0.9999996025218940
0.0117993063325871 -0.0000000350680775 0.0001968581955664 0.0000000043422118 0.9999992517267495 0.9999995509894861
0.0125233586370538 -0.0000000395039586 0.0001968581591364 0.0000000051916332 0.9999991570750545 0.9999994941926033
0.0132740801578240 -0.0000000443820980 0.0001968581190744 0.0000000061823676 0.9999990529865692 0.9999994317330575
0.0140518156768497 -0.0000000497351940 0.0001968580751118 0.0000000073339648 0.9999989387635854 0.9999993631921793
0.0148569065121811 -0.0000000555975530 0.0001968580269668 0.0000000086681542 0.9999988136740849 0.9999992881307112
0.0156896918928617 -0.0000000620051400 0.0001968579743441 0.0000000102090344 0.9999986769506567 0.9999992060881568
0.0165505067881216 -0.0000000689956035 0.0001968579169345 0.0000000119832680 0.9999985277899681 0.9999991165824652
0.0174396708437649 -0.0000000766082164 0.0001968578544154 0.0000000140202640 0.9999983653540285 0.9999990191107874
0.0183575153451377 -0.0000000848841372 0.0001968577864489 0.0000000163524562 0.9999981887646083 0.9999989131461283
0.0193043569982288 -0.0000000938662291 0.0001968577126829 0.0000000190154788 0.9999979971071082 0.9999987981396686
0.0202805245832138 -0.0000001035993442 0.0001968576327492 0.0000000220484845 0.9999977894244874 0.9999986735171204
0.0212863213731583 -0.0000001141299980 0.0001968575462655 0.0000000254942932 0.9999975647242162 0.9999985386829000
0.0223220482782961 -0.0000001255066116 0.0001968574528344 0.0000000293997202 0.9999973219731021 0.9999983930170226
0.0233880216752850 -0.0000001377797611 0.0001968573520405 0.0000000338159399 0.9999970600919713 0.9999982358719113
0.0244845657347506 -0.0000001510021710 0.0001968572434507 0.0000000387987866 0.9999967779558049 0.9999980665724780
0.0256119581539599 -0.0000001652280852 0.0001968571266196 0.0000000444088164 0.9999964744071725 0.9999978844241849
0.0267705120189620 -0.0000001805142847 0.0001968570010808 0.0000000507120067 0.9999961482344992 0.9999976887000032
0.0279605291347697 -0.0000001969195805 0.0001968568663515 0.0000000577799058 0.9999957981829046 0.9999974786469163
0.0291823035885913 -0.0000002145048799 0.0001968567219313 0.0000000656900039 0.9999954229527719 0.9999972534850625
0.0304361121887003 -0.0000002333330642 0.0001968565673038 0.0000000745260319 0.9999950212023722 0.9999970124093079
0.0317222537311488 -0.0000002534696068 0.0001968564019314 0.0000000843786282 0.9999945915346600 0.9999967545813240
0.0330410236176372 -0.0000002749822693 0.0001968562252576 0.0000000953456135 0.9999941325037743 0.9999964791334877
0.0343926980000740 -0.0000002979408636 0.0001968560367091 0.0000001075322786 0.9999936426201037 0.9999961851719211
0.0357775772523615 -0.0000003224180171 0.0001968558356893 0.0000001210522199 0.9999931203339616 0.9999958717666950
0.0371959242509945 -0.0000003484881489 0.0001968556215872 0.0000001360272420 0.9999925640574354 0.9999955379649401
0.0386480341932271 -0.0000003762287421 0.0001968553937664 0.0000001525885341 0.9999919721372345 0.9999951827745528
0.0401341571647914 -0.0000004057189440 0.0001968551515768 0.0000001708763473 0.9999913428845632 0.9999948051821215
0.0416545823603150 -0.0000004370412106 0.0001968548943415 0.0000001910414870 0.9999906745400237 0.9999944041318656
0.0432095809388638 -0.0000004702802595 0.0001968546213645 0.0000002132452248 0.9999899652959726 0.9999939785390504
0.0447994083195401 -0.0000005055230988 0.0001968543319314 0.0000002376598344 0.9999892132958873 0.9999935272896063
0.0464243595243312 -0.0000005428603050 0.0001968540252984 0.0000002644700582 0.9999884166071126 0.9999930492237755
0.0480846762787404 -0.0000005823839830 0.0001968537007089 0.0000002938722771 0.9999875732643863 0.9999925431622286
0.0497806496281078 -0.0000006241901639 0.0001968533573745 0.0000003260768562 0.9999866812186701 0.9999920078753602
0.0515125171554499 -0.0000006683763966 0.0001968529944938 0.0000003613069925 0.9999857383885504 0.9999914421141324
0.0532805596791147 -0.0000007150441569 0.0001968526112338 0.0000003998012294 0.9999847426088210 0.9999908445792194
0.0550849982911288 -0.0000007642962307 0.0001968522067501 0.0000004418120308 0.9999836916863369 0.9999902139545241
0.0569261243748345 -0.0000008162402160 0.0001968517801592 0.0000004876094121 0.9999825833252718 0.9999895488623272
0.0588041951919075 -0.0000008709858036 0.0001968513305602 0.0000005374794389 0.9999814151851582 0.9999888478981128
0.0607194611076562 -0.0000009286454987 0.0001968508570294 0.0000005917255589 0.9999801848654778 0.9999881096213231
0.0626721669950453 -0.0000009893346796 0.0001968503586190 0.0000006506694253 0.9999788899044182 0.9999873325546101
0.0646625593174562 -0.0000010531718478 0.0001968498343560 0.0000007146519451 0.9999775277735355 0.9999865151806329
0.0666908927495648 -0.0000011202789048 0.0001968492832393 0.0000007840344231 0.9999760958718497 0.9999856559385129
0.0687574053204215 -0.0000011907803802 0.0001968487042462 0.0000008591986460 0.9999745915423044 0.9999847532337112
0.0708623426993805 -0.0000012648042601 0.0001968480963258 0.0000009405486227 0.9999730120541153 0.9999838054274338
0.0730059526831186 -0.0000013424818703 0.0001968474583994 0.0000010285114240 0.9999713546052373 0.9999828108381130
0.0751884940752685 -0.0000014239482726 0.0001968467893580 0.0000011235386292 0.9999696163139276 0.9999817677363417
0.0774102059815741 -0.0000015093411771 0.0001968460880708 0.0000012261060729 0.9999677942419488 0.9999806743587973
0.0796713020903988 -0.0000015988006511 0.0001968453533874 0.0000013367143856 0.9999658854007801 0.9999795289119670
0.0819720359895717 -0.0000016924717162 0.0001968445841169 0.0000014558932154 0.9999638866962036 0.9999783295388943
0.0843126365537220 -0.0000017905018818 0.0001968437790480 0.0000015841993186 0.9999617949809402 0.9999770743507634
0.0866933777010467 -0.0000018930440935 0.0001968429369248 0.0000017222215249 0.9999596069917300 0.9999757613891416
0.0891144565519413 -0.0000020002515843 0.0001968420564888 0.0000018705750338 0.9999573194592025 0.9999743886919066
0.0915761152850563 -0.0000021122830753 0.0001968411364368 0.0000020299094781 0.9999549289969096 0.9999729542266588
0.0940785789486950 -0.0000022293001518 0.0001968401754417 0.0000022009066239 0.9999524321573041 0.9999714559243089
0.0966220777806116 -0.0000023514682901 0.0001968391721447 0.0000023842830372 0.9999498254098467 0.9999698916659402
0.0992068516149054 -0.0000024789571571 0.0001968381251526 0.0000025807918868 0.9999471051346054 0.9999682592789644
0.1018331248348316 -0.0000026119394364 0.0001968370330473 0.0000027912224885 0.9999442676473037 0.9999665565521522
0.1045010947758871 -0.0000027505901642 0.0001968358943915 0.0000030164004247 0.9999413092135051 0.9999647812441415
0.1072110513466027 -0.0000028950930508 0.0001968347076767 0.0000032571993067 0.9999382259137123 0.9999629310024846
0.1099631997162034 -0.0000030456313428 0.0001968334713980 0.0000035145274321 0.9999350138383667 0.9999610034806620
0.1127577243095127 -0.0000032023909217 0.0001968321840292 0.0000037893338316 0.9999316690217135 0.9999589962983925
0.1155948751656232 -0.0000033655652285 0.0001968308439819 0.0000040826184511 0.9999281873367458 0.9999569069785895
0.1184748643472447 -0.0000035353495957 0.0001968294496519 0.0000043954239407 0.9999245646161309 0.9999547330199235
0.1213979102496580 -0.0000037119437313 0.0001968279993996 0.0000047288415205 0.9999207965992228 0.9999524718650225
0.1243642332399660 -0.0000038955515381 0.0001968264915505 0.0000050840123389 0.9999168789359144 0.9999501209027807
0.1273740661436011 -0.0000040863818486 0.0001968249243900 0.0000054621306496 0.9999128071709631 0.9999476774589493
0.1304276251784945 -0.0000042846466586 0.0001968232961772 0.0000058644420996 0.9999085767816758 0.9999451388187478
0.1335250853521162 -0.0000044905593943 0.0001968216051598 0.0000062922416104 0.9999041832149026 0.9999425022490601
0.1366667098456086 -0.0000047043435396 0.0001968198495027 0.0000067468930598 0.9998996217029428 0.9999397648879575
0.1398526645278080 -0.0000049262203155 0.0001968180273895 0.0000072298054451 0.9998948875264398 0.9999369239024569
0.1430832043535044 -0.0000051564213809 0.0001968161369181 0.0000077424617406 0.9998899757433939 0.9999339763258973
0.1463585366928525 -0.0000053951795279 0.0001968141761771 0.0000082864009529 0.9998848813876897 0.9999309191770730
0.1496788480781293 -0.0000056427303576 0.0001968121432320 0.0000088632232279 0.9998795994333513 0.9999277494387782
0.1530443693501154 -0.0000058993171715 0.0001968100360852 0.0000094746032417 0.9998741246901734 0.9999244639951707
0.1564552840374545 -0.0000061651841738 0.0001968078527316 0.0000101222763963 0.9998684519487739 0.9999210597188134
0.1599118356606331 -0.0000064405847543 0.0001968055910909 0.0000108080608312 0.9998625758038640 0.9999175333646128
0.1634142265233285 -0.0000067257737282 0.0001968032490709 0.0000115338409050 0.9998564908198266 0.9999138816691788
0.1669626486448660 -0.0000070210096248 0.0001968008245490 0.0000123015745742 0.9998501914818957 0.9999101013215218
0.1705573013715471 -0.0000073265561534 0.0001967983153601 0.0000131132993453 0.9998436721648847 0.9999061889442803
0.1741983993811170 -0.0000076426830159 0.0001967957192901 0.0000139711369713 0.9998369271158412 0.9999021410833053
0.1778861429399016 -0.0000079696634308 0.0001967930340958 0.0000148772892633 0.9998299505068985 0.9998979542393729
0.1816207245720330 -0.0000083077746567 0.0001967902575010 0.0000158340416630 0.9998227364241040 0.9998936248614713
0.1854023808684335 -0.0000086573028024 0.0001967873871568 0.0000168437795392 0.9998152787647878 0.9998891492852037
0.1892312650352472 -0.0000090185311499 0.0001967844207377 0.0000179089571427 0.9998075714867308 0.9998845238823143
0.1931076099099511 -0.0000093917552500 0.0001967813558173 0.0000190321437607 0.9997996082860738 0.9998797448673837
0.1970316018783660 -0.0000097772712327 0.0001967781899646 0.0000202159923427 0.9997913828467410 0.9998748084475084
0.2010034300824601 -0.0000101753803791 0.0001967749207065 0.0000214632553217 0.9997828887429024 0.9998697107637584
0.2050233096337314 -0.0000105863915896 0.0001967715455071 0.0000227767953755 0.9997741193863166 0.9998644478595655
0.2090914210269665 -0.0000110106153144 0.0001967680618179 0.0000241595690816 0.9997650681558400 0.9998590157584399
0.2132079729463245 -0.0000114483699895 0.0001967644670252 0.0000256146502576 0.9997557282601152 0.9998534103815536
0.2173731640229863 -0.0000118999781885 0.0001967607584809 0.0000271452206476 0.9997460928196884 0.9998476275970140
0.2215871717197153 -0.0000123657653248 0.0001967569335141 0.0000287545680538 0.9997361548947006 0.9998416632364727
0.2258501961600040 -0.0000128460644574 0.0001967529893908 0.0000304461056774 0.9997259073823700 0.9998355130335904
0.2301624305268905 -0.0000133412131477 0.0001967489233405 0.0000322233646385 0.9997153430840608 0.9998291726642765
0.2345240922268757 -0.0000138515571117 0.0001967447325254 0.0000340900103641 0.9997044546273686 0.9998226376999165
0.2389353309598595 -0.0000143774394742 0.0001967404141293 0.0000360498063798 0.9996932346954047 0.9998159037449720
0.2433963631055298 -0.0000149192165325 0.0001967359652280 0.0000381066752303 0.9996816756904724 0.9998089662351151
0.2479073639467800 -0.0000154772450947 0.0001967313828930 0.0000402646551386 0.9996697700042317 0.9998018205993632
0.2524685273171662 -0.0000160518896434 0.0001967266641330 0.0000425279301466 0.9996575098648618 0.9997944621683362
0.2570800495184860 -0.0000166435205114 0.0001967218059087 0.0000449008269941 0.9996448873759979 0.9997868861976122
0.2617421023332340 -0.0000172525104011 0.0001967168051614 0.0000473878044449 0.9996318945910090 0.9997790879122952
0.2664548927827722 -0.0000178792421591 0.0001967116587494 0.0000499934883329 0.9996185233471332 0.9997710624074491
0.2712186052528258 -0.0000185241013364 0.0001967063635086 0.0000527226451603 0.9996047654242186 0.9997628047433593
0.2760334002099109 -0.0000191874757870 0.0001967009162565 0.0000555801830024 0.9995906125533088 0.9997543099506722
0.2808994797113452 -0.0000198697646854 0.0001966953137175 0.0000585711938996 0.9995760562242625 0.9997455729149092
0.2858170164897321 -0.0000205713688747 0.0001966895526024 0.0000617009164472 0.9995610878916928 0.9997365885000591
0.2907862196127687 -0.0000212927001633 0.0001966836295323 0.0000649747807178 0.9995456987766455 0.9997273514295228
0.2958072468883235 -0.0000220341687799 0.0001966775411412 0.0000683983558893 0.9995298801342521 0.9997178564467495
0.3008802974687687 -0.0000227961967997 0.0001966712839661 0.0000719774149943 0.9995136229673052 0.9997080981432973
0.3060055397994513 -0.0000235792076157 0.0001966648545333 0.0000757178907353 0.9994969182509095 0.9996980710936582
0.3111831495299292 -0.0000243836315271 0.0001966582493126 0.0000796259052408 0.9994797568132575 0.9996877697836759
0.3164133217153104 -0.0000252099078200 0.0001966514647000 0.0000837077851038 0.9994621292912799 0.9996771885839033
0.3216962554427469 -0.0000260584825780 0.0001966444970361 0.0000879700559102 0.9994440261773572 0.9996663217776196
0.3270320980502389 -0.0000269297996018 0.0001966373426803 0.0000924194002771 0.9994254380130689 0.9996551636771117
0.3324210395644333 -0.0000278243155615 0.0001966299978866 0.0000970627381552 0.9994063550659554 0.9996437084296225
0.3378632437918246 -0.0000287424888966 0.0001966224588945 0.0001019071752414 0.9993867675663456 0.9996319501594882
0.3433589094008276 -0.0000296847900586 0.0001966147218451 0.0001069600611437 0.9993666654888613 0.9996198828369560
0.3489081873348298 -0.0000306516875334 0.0001966067828961 0.0001122289198775 0.9993460388506432 0.9996075004571816
0.3545112570653208 -0.0000316436608258 0.0001965986381147 0.0001177215235840 0.9993248774343590 0.9995947968739277
0.3601683029660452 -0.0000326611966193 0.0001965902835094 0.0001234458777423 0.9993031708701606 0.9995817658487346
0.3658795061272694 -0.0000337047873838 0.0001965817150416 0.0001294102185342 0.9992809086654120 0.9995684010687395
0.3716450238261239 -0.0000347749275337 0.0001965729286568 0.0001356229951958 0.9992580802866670 0.9995546961958630
0.3774650391009825 -0.0000358721225436 0.0001965639202101 0.0001420929273109 0.9992346749652418 0.9995406447500600
0.3833397428919230 -0.0000369968859214 0.0001965546854907 0.0001488289938943 0.9992106817618133 0.9995262401480668
0.3892692897305873 -0.0000381497306909 0.0001965452202923 0.0001558403872548 0.9991860897481376 0.9995114758124686
0.3952538526685619 -0.0000393311798193 0.0001965355203271 0.0001631365800156 0.9991608877846487 0.9994963450381484
0.4012936002218329 -0.0000405417618797 0.0001965255812615 0.0001707273047824 0.9991350646130093 0.9994808410478175
0.4073887303661459 -0.0000417820179945 0.0001965153986595 0.0001786226037765 0.9991086087080345 0.9994649569030770
0.4135393634011972 -0.0000430524800369 0.0001965049681610 0.0001868326954332 0.9990815087427043 0.9994486857835778
0.4197457127932721 -0.0000443537055564 0.0001964942851955 0.0001953682032095 0.9990537528432174 0.9994320205397162
0.4260079023731598 -0.0000456862400852 0.0001964833452918 0.0002042399178747 0.9990253293930421 0.9994149541753586
0.4323261475959437 -0.0000470506552019 0.0001964721437649 0.0002134590532474 0.9989962262210466 0.9993974793603380
0.4387005763685825 -0.0000484475104770 0.0001964606760288 0.0002230369989509 0.9989664314132450 0.9993795889178141
0.4451313826839605 -0.0000498773865231 0.0001964489373253 0.0002329855486819 0.9989359326078692 0.9993612754009652
0.4516187322237728 -0.0000513408646529 0.0001964369228907 0.0002433167689219 0.9989047174293141 0.9993425313535068
0.4581627948398832 -0.0000528385339494 0.0001964246278979 0.0002540430530764 0.9988727733373526 0.9993233492191106
0.4647637424849103 -0.0000543709908931 0.0001964120474598 0.0002651771255384 0.9988400876351531 0.9993037213461732
0.4714217002646054 -0.0000559388278301 0.0001963991767232 0.0002767319627917 0.9988066477152610 0.9992836401354880
0.4781368531956440 -0.0000575426579040 0.0001963860106651 0.0002887209817646 0.9987724405278885 0.9992630977209034
0.4849093755635253 -0.0000591830988715 0.0001963725442248 0.0003011579301631 0.9987374529261560 0.9992420861765886
0.4917394194800949 -0.0000608607701346 0.0001963587723286 0.0003140568689451 0.9987016717294300 0.9992205975550276
0.4986271596354310 -0.0000625763036243 0.0001963446898007 0.0003274322616513 0.9986650834912408 0.9991986237475918
0.5055727600387383 -0.0000643303357737 0.0001963302914287 0.0003412989203491 0.9986276746705397 0.9991761565873357
0.5125763605805564 -0.0000661235039092 0.0001963155719934 0.0003556719820758 0.9985894317087048 0.9991531878951975
0.5196381512045488 -0.0000679564652470 0.0001963005261128 0.0003705670678632 0.9985503406244568 0.9991297092366509
0.5267582603996522 -0.0000698298682808 0.0001962851484774 0.0003860000596779 0.9985103876241255 0.9991057122881778
0.5339368471253479 -0.0000717443764052 0.0001962694336557 0.0004019872973465 0.9984695585978886 0.9990811885346497
0.5411741150078565 -0.0000737006723607 0.0001962533760581 0.0004185456280817 0.9984278390250499 0.9990561292123591
0.5484702001129415 -0.0000756994281387 0.0001962369701840 0.0004356921609721 0.9983852146159092 0.9990305256944988
0.5558252318559351 -0.0000777413208093 0.0001962202104916 0.0004534444027152 0.9983416709742515 0.9990043692883872
0.5632394079982305 -0.0000798270536668 0.0001962030912247 0.0004718204514217 0.9982971931465022 0.9989776509645758
0.5707129128967795 -0.0000819573340817 0.0001961856065942 0.0004908388163672 0.9982517660941030 0.9989503616405228
0.5782458544760415 -0.0000841328549757 0.0001961677509305 0.0005105182553029 0.9982053750886037 0.9989224924178829
0.5858383828651452 -0.0000863543283513 0.0001961495184079 0.0005308780786962 0.9981580049967204 0.9988940341529614
0.5934907198866143 -0.0000886224949193 0.0001961309029662 0.0005519382546325 0.9981096400751343 0.9988649773333373
0.6012029422587171 -0.0000909380600057 0.0001961118988362 0.0005737188230888 0.9980602653372467 0.9988353128989079
0.6089752391056262 -0.0000933017696012 0.0001960924999157 0.0005962406073555 0.9980098649316237 0.9988050312676198
0.6168077772411894 -0.0000957143708154 0.0001960727000945 0.0006195248585246 0.9979584229853118 0.9987741228420305
0.6247007054853488 -0.0000981766128382 0.0001960524932460 0.0006435932694781 0.9979059235834286 0.9987425779969774
0.6326541828078142 -0.0001006892555670 0.0001960318731565 0.0006684680659846 0.9978523505852680 0.9987103869690083
0.6406683349066581 -0.0001032530558662 0.0001960108336386 0.0006941718786662 0.9977976879173609 0.9986775400323936
0.6487433424035465 -0.0001058687956786 0.0001959893682995 0.0007207280321749 0.9977419189741826 0.9986440271389296
0.6568793321378297 -0.0001085372472941 0.0001959674708271 0.0007481602058658 0.9976850273587528 0.9986098383628793
0.6650764688498801 -0.0001112592029225 0.0001959451347466 0.0007764927413801 0.9976269962522030 0.9985749635220451
0.6733349281752670 -0.0001140354663673 0.0001959223534893 0.0008057505712922 0.9975678085914064 0.9985393922844037
0.6816548493880145 -0.0001168668371089 0.0001958991205229 0.0008359590599959 0.9975074474084002 0.9985031143720030
0.6900363607889998 -0.0001197541183828 0.0001958754292855 0.0008671440928706 0.9974458956582402 0.9984661194574268
0.6984796491531404 -0.0001226981413389 0.0001958512729874 0.0008993323487010 0.9973831357040740 0.9984283968541970
0.7069848195062142 -0.0001256997165243 0.0001958266450091 0.0009325507823900 0.9973191503515364 0.9983899361383938
0.7155520497690412 -0.0001287596877437 0.0001958015384594 0.0009668272224402 0.9972539217006626 0.9983507264584829
0.7241815017495365 -0.0001318789012820 0.0001957759464282 0.0010021900467767 0.9971874318021082 0.9983107569296285
0.7328732905901678 -0.0001350581943531 0.0001957498620809 0.0010386680556445 0.9971196629034650 0.9982700167816762
0.7416275910714377 -0.0001382984336943 0.0001957232783422 0.0010762909206597 0.9970505966266900 0.9982284948645577
0.7504445378381538 -0.0001416004793117 0.0001956961881934 0.0011150887812497 0.9969802147410248 0.9981861801128162
0.7593242561258348 -0.0001449651953408 0.0001956685845835 0.0011550923745134 0.9969084989315851 0.9981430614063954
0.7682669418819303 -0.0001483934807568 0.0001956404601768 0.0011963334143222 0.9968354301449420 0.9980991271770375
0.7772727128812197 -0.0001518862129064 0.0001956118078169 0.0012388439293963 0.9967609897927989 0.9980543661318685
0.7863417291268524 -0.0001554442932961 0.0001955826201507 0.0012826568198667 0.9966851587762006 0.9980087666665770
0.7954741439785532 -0.0001590686290645 0.0001955528897803 0.0013278056472541 0.9966079178805491 0.9979623171027876
0.8046700841894843 -0.0001627601248035 0.0001955226093307 0.0013743245398172 0.9965292479500361 0.9979150057928412
0.8139296943833524 -0.0001665197001362 0.0001954917713051 0.0014222484210078 0.9964491295131565 0.9978668208944662
0.8232531181595047 -0.0001703482823493 0.0001954603681456 0.0014716129299095 0.9963675429398582 0.9978177504651387
0.8326405016738530 -0.0001742468078919 0.0001954283922210 0.0015224544516078 0.9962844684097600 0.9977677824428264
0.8420919785645992 -0.0001782162160945 0.0001953958358783 0.0015748100458205 0.9961998860461236 0.9977169047264307
0.8516076904500962 -0.0001822574576537 0.0001953626913733 0.0016287175680440 0.9961137757352118 0.9976651050669900
0.8611877687847396 -0.0001863714870084 0.0001953289509330 0.0016842155799193 0.9960261172888702 0.9976123711653283
0.8708324106739693 -0.0001905592952229 0.0001952946064859 0.0017413438084186 0.9959368897440819 0.9975586902505040
0.8805416995314933 -0.0001948218324223 0.0001952596502987 0.0018001421033332 0.9958460730157491 0.9975040500739804
0.8903157944614893 -0.0001991600895932 0.0001952240743047 0.0018606515585938 0.9957536461539654 0.9974484378610368
0.9001548605468782 -0.0002035750689845 0.0001951878703473 0.0019229141294881 0.9956595879748620 0.9973918406900899
0.9100589964212452 -0.0002080677512503 0.0001951510304493 0.0019869721760146 0.9955638777607628 0.9973342459138543
0.9200283600972177 -0.0002126391518460 0.0001951135463503 0.0020528692689875 0.9954664940588777 0.9972756404363209
0.9300631118139571 -0.0002172902958806 0.0001950754097132 0.0021206498545964 0.9953674152172566 0.9972160110350450
0.9401633796473187 -0.0002220222020020 0.0001950366122562 0.0021903590292150 0.9952666197282500 0.9971553445676890
0.9503292923212250 -0.0002268358972328 0.0001949971456316 0.0022620427622256 0.9951640859126285 0.9970936277817622
0.9605609808504959 -0.0002317324177937 0.0001949570014187 0.0023357479210338 0.9950597919022408 0.9970308473039970
0.9708585964583156 -0.0002367128178894 0.0001949161710520 0.0024115224187924 0.9949537154530892 0.9969669895276239
0.9812222734620607 -0.0002417781520078 0.0001948746459664 0.0024894149614129 0.9948458343225483 0.9969020408392439
0.9916521689179277 -0.0002469294941895 0.0001948324174396 0.0025694753549617 0.9947361258591728 0.9968359873716908
1.0021483730082139 -0.0002521678936775 0.0001947894769550 0.0026517538276917 0.9946245679474157 0.9967688155726350
1.0127110736388394 -0.0002574944566286 0.0001947458155328 0.0027363023194389 0.9945111372676837 0.9967005111567563
1.0233403491436381 -0.0002629102425155 0.0001947014245786 0.0028231728649668 0.9943958115027645 0.9966310604340943
1.0340363808456619 -0.0002684163712494 0.0001946562950060 0.0029124193064568 0.9942785670568519 0.9965604489363102
1.0447992961430619 -0.0002740139438881 0.0001946104178860 0.0030040960455603 0.9941593807442990 0.9964886624333992
1.0556292078714455 -0.0002797040620104 0.0001945637842890 0.0030982583562367 0.9940382293772272 0.9964156866851880
1.0665262107439917 -0.0002854878254370 0.0001945163853028 0.0031949623533706 0.9939150898142474 0.9963415074705001
1.0774905209653345 -0.0002913664069795 0.0001944682114206 0.0032942662668576 0.9937899373693231 0.9962661096283633
1.0885222388131670 -0.0002973409265170 0.0001944192535731 0.0033962283516214 0.9936627484930054 0.9961894786729401
1.0996214963915316 -0.0003034125290938 0.0001943695024881 0.0035009082017114 0.9935334991099198 0.9961115997918248
1.1107884347681956 -0.0003095823731000 0.0001943189487881 0.0036083665721993 0.9934021648706909 0.9960324579975273
1.1220231448181548 -0.0003158515973561 0.0001942675832595 0.0037186648158365 0.9932687218528574 0.9959520385496201
1.1333258303980644 -0.0003222214121424 0.0001942153961073 0.0038318664984246 0.9931331446235252 0.9958703257869470
1.1446965758495367 -0.0003286929693806 0.0001941623780185 0.0039480351277574 0.9929954090028914 0.9957873047928117
1.1561355112708103 -0.0003352674547591 0.0001941085194078 0.0040672357870140 0.9928554901035903 0.9957029602131402
1.1676427126764031 -0.0003419460307910 0.0001940538108837 0.0041895341244163 0.9927133635428669 0.9956172769868781
1.1792184400921442 -0.0003487299754967 0.0001939982421130 0.0043149989167308 0.9925690024916515 0.9955302385666468
1.1908626924260604 -0.0003556204229737 0.0001939418039459 0.0044436973130520 0.9924223831956452 0.9954418302470723
1.2025756320285779 -0.0003626186108268 0.0001938844863892 0.0045756993997578 0.9922734797102084 0.9953520359902241
1.2143574296864412 -0.0003697257908988 0.0001938262793379 0.0047110765947519 0.9921222658005022 0.9952608395707643
1.2262081768726121 -0.0003769431758329 0.0001937671730127 0.0048499006356466 0.9919687160787083 0.9951682252615662
1.2381280372811296 -0.0003842720303870 0.0001937071572125 0.0049922453328187 0.9918128040615312 0.9950741766619158
1.2501171024787832 -0.0003917135835231 0.0001936462220343 0.0051381848938167 0.9916545040408268 0.9949786778254877
1.2621755296463519 -0.0003992691130052 0.0001935843571806 0.0052877955804047 0.9914937892842383 0.9948817121746424
1.2743034036950776 -0.0004069398597146 0.0001935215526615 0.0054411540416320 0.9913306338582437 0.9947832635999313
1.2865008717271431 -0.0004147271117510 0.0001934577981053 0.0055983389920005 0.9911650108395836 0.9946833153806794
1.2987680236796291 -0.0004226321290099 0.0001933930833773 0.0057594297206111 0.9909968939198583 0.9945818511528735
1.3111050100467732 -0.0004306562183885 0.0001933273979633 0.0059245076263341 0.9908262558063939 0.9944788539437951
1.3235119634529586 -0.0004388006838844 0.0001932607313790 0.0060936552304671 0.9906530692839907 0.9943743068123876
1.3359890394364899 -0.0004470668531999 0.0001931930729516 0.0062669567426006 0.9904773066495695 0.9942681925076461
1.3485362926067130 -0.0004554559952599 0.0001931244124960 0.0064444963386865 0.9902989414663109 0.9941604945273740
1.3611538766592870 -0.0004639694526882 0.0001930547392296 0.0066263609540795 0.9901179457472450 0.9940511954174640
1.3738419339709966 -0.0004726085693232 0.0001929840423668 0.0068126387951912 0.9899342914969873 0.9939402777022294
1.3866005303669511 -0.0004813746448483 0.0001929123114895 0.0070034183574116 0.9897479516765199 0.9938277244668702
1.3994298077933280 -0.0004902690387259 0.0001928395356971 0.0071987906825270 0.9895588979941310 0.9937135180229454
1.4123298981070620 -0.0004992931119788 0.0001927657040834 0.0073988481312738 0.9893671021435990 0.9935976406557082
1.4253009093193520 -0.0005084482171156 0.0001926908058187 0.0076036841673550 0.9891725360186784 0.9934800747533813
1.4383430011422660 -0.0005177357514075 0.0001926148297143 0.0078133945659436 0.9889751705813274 0.9933608021228997
1.4514562762743382 -0.0005271570800628 0.0001925377648512 0.0080280757103085 0.9887749774948718 0.9932398049763587
1.4646408289781554 -0.0005367135697724 0.0001924596003058 0.0082478253424576 0.9885719284114381 0.9931170655001815
1.4778967712811970 -0.0005464066076636 0.0001923803249950 0.0084727430153349 0.9883659945697211 0.9929925656115768
1.4912242343185678 -0.0005562376028454 0.0001922999276638 0.0087029301595801 0.9881571467627625 0.9928662869385323
1.5046233678200456 -0.0005662079866264 0.0001922183968838 0.0089384901210910 0.9879453553339617 0.9927382108168541
1.5180942248564613 -0.0005763191262236 0.0001921357217589 0.0091795261277683 0.9877305920104951 0.9926083193985575
1.5316369260803173 -0.0005865724464832 0.0001920518909303 0.0094261441710805 0.9875128273181590 0.9924765940882152
1.5452516079213279 -0.0005969693923295 0.0001919668928836 0.0096784521616951 0.9872920313797785 0.9923430160251229
1.5589384095568872 -0.0006075114191885 0.0001918807160274 0.0099365597252037 0.9870681741192252 0.9922075662061876
1.5726974415894881 -0.0006181999686286 0.0001917933488927 0.0102005776189116 0.9868412257792083 0.9920702257988102
1.5865288003746283 -0.0006290364786697 0.0001917047800488 0.0104706179844908 0.9866111567027871 0.9919309760083757
1.6004325941164088 -0.0006400224039905 0.0001916149979383 0.0107467948639240 0.9863779369048911 0.9917897978184945
1.6144089269535538 -0.0006511592035635 0.0001915239909783 0.0110292239125902 0.9861415363354651 0.9916466721497699
1.6284579138447126 -0.0006624483525033 0.0001914317474640 0.0113180227182452 0.9859019246285713 0.9915015797074076
1.6425797130640838 -0.0006738913688473 0.0001913382553499 0.0116133115229448 0.9856590705347806 0.9913545006368519
1.6567743744212040 -0.0006854896904677 0.0001912435032559 0.0119152100635864 0.9854129445340668 0.9912054161057398
1.6710420410653186 -0.0006972448383121 0.0001911474791339 0.0122238417960760 0.9851635153719586 0.9910543062056557
1.6853828284775563 -0.0007091583186157 0.0001910501710666 0.0125393313985865 0.9849107521356218 0.9909011512088753
1.6997968571154276 -0.0007212316493847 0.0001909515670520 0.0128618054756495 0.9846546236924942 0.9907459312278465
1.7142841805191511 -0.0007334662995770 0.0001908516554997 0.0131913909366181 0.9843950999810788 0.9905886269970615
1.7288449699913002 -0.0007458638446343 0.0001907504239613 0.0135282191931050 0.9841321487123424 0.9904292178732594
1.7434792721763177 -0.0007584257616029 0.0001906478608038 0.0138724206548585 0.9838657397163499 0.9902676844695305
1.7581872767451483 -0.0007711536573392 0.0001905439533465 0.0142241309587521 0.9835958401028512 0.9901040057208668
1.7729690067120125 -0.0007840490022324 0.0001904386900350 0.0145834836793969 0.9833224199090275 0.9899381623081577
1.7878245940462250 -0.0007971133676659 0.0001903320585032 0.0149506168809074 0.9830454470645070 0.9897701336044769
1.8027541103035862 -0.0008103482790721 0.0001902240467730 0.0153256690648094 0.9827648905080549 0.9895998995647125
1.8177577427577560 -0.0008237553717691 0.0001901146419825 0.0157087835980561 0.9824807168848180 0.9894274387210349
1.8328355594014314 -0.0008373361825379 0.0001900038320878 0.0161001028245282 0.9821928949653119 0.9892527308636414
1.8479876266186774 -0.0008510919823815 0.0001898916050583 0.0164997709621938 0.9819013934629162 0.9890757557164653
1.8619571725299309 -0.0008638692889235 0.0001897873638118 0.0168739937087799 0.9816306353570039 0.9889113437370577
1.8772553380876738 -0.0008779674989991 0.0001896723588225 0.0172901792902830 0.9813319207397229 0.9887299216990115
1.8926247588870611 -0.0008922425073654 0.0001895559251110 0.0177150599050527 0.9810294966816029 0.9885462103231429
1.9080688818160991 -0.0009066989828902 0.0001894380251358 0.0181488789144265 0.9807232657323324 0.9883601490219480
1.9235877921324878 -0.0009213385147394 0.0001893186464942 0.0185917909937010 0.9804131957389105 0.9881717168269124
1.9391815927977198 -0.0009361627150399 0.0001891977766114 0.0190439533864241 0.9800992541031832 0.9879808924634094
1.9548503900611907 -0.0009511732056164 0.0001890754028492 0.0195055255347659 0.9797814080638231 0.9877876545212836
1.9705942627247410 -0.0009663715882798 0.0001889515127485 0.0199766681785134 0.9794596253263027 0.9875919818372665
1.9864133135818680 -0.0009817594939911 0.0001888260936287 0.0204575448841588 0.9791338730227844 0.9873938528619896
2.0023076584058326 -0.0009973385728625 0.0001886991326698 0.0209483217769218 0.9788041179250314 0.9871932457885346
2.0182773789383326 -0.0010131104479860 0.0001885706172891 0.0214491661048331 0.9784703274226539 0.9869901391468796
2.0343225778137439 -0.0010290767689717 0.0001884405347051 0.0219602479368783 0.9781324683908071 0.9867845111144602
2.0504433820641492 -0.0010452392162018 0.0001883088719032 0.0224817403464845 0.9777905071015091 0.9865763394611859
2.0666398293665917 -0.0010615993863654 0.0001881756165690 0.0230138157257447 0.9774444116463622 0.9863656030237229
2.0829120464593229 -0.0010781589712726 0.0001880407556313 0.0235566515743017 0.9770941481542946 0.9861522794023033
2.0992601386572902 -0.0010949196474709 0.0001879042761624 0.0241104269729301 0.9767396831282987 0.9859363463823330
2.1156842002113336 -0.0011118830861179 0.0001877661652977 0.0246753229062037 0.9763809832374470 0.9857177818072272
2.1321843046692290 -0.0011290509424372 0.0001876264103220 0.0252515219124619 0.9760180155407592 0.9854965637142966
2.1487605059024375 -0.0011464248559442 0.0001874849986680 0.0258392080827523 0.9756507474831971 0.9852726703318975
2.1654129552769645 -0.0011640065737842 0.0001873419169125 0.0264385712729801 0.9752791442898370 0.9850460784898750
2.1821417227614943 -0.0011817977634789 0.0001871971523018 0.0270498008009259 0.9749031729255319 0.9848167660325493
2.1989468985200671 -0.0011998001189511 0.0001870506918884 0.0276730890379369 0.9745227998546866 0.9845847104524309
2.2158286363506203 -0.0012180154082780 0.0001869025221435 0.0283086331291539 0.9741379900340821 0.9843498882744174
2.2327869359480310 -0.0012364452386269 0.0001867526308694 0.0289566268095397 0.9737487118799902 0.9841122780861054
2.2498219220590445 -0.0012550913568296 0.0001866010047551 0.0296172708893551 0.9733549309193279 0.9838718566630089
2.2669336801697830 -0.0012739554724132 0.0001864476308163 0.0302907671135119 0.9729566135297185 0.9836286012498753
2.2841223034146645 -0.0012930393082629 0.0001862924959836 0.0309773199532005 0.9725537258705811 0.9833824889075365
2.3013878997043209 -0.0013123446088527 0.0001861355870363 0.0316771369364066 0.9721462337109037 0.9831334964066926
2.3187305252712269 -0.0013318730656686 0.0001859768912091 0.0323904259563057 0.9717341040046453 0.9828816011898076
2.3361502672263939 -0.0013516264090363 0.0001858163954463 0.0331173986030275 0.9713173029536202 0.9826267801868366
2.3536472358335443 -0.0013716064004192 0.0001856540864645 0.0338582699435115 0.9708957961720190 0.9823690099144013
2.3712214305152810 -0.0013918146786587 0.0001854899520029 0.0346132528120018 0.9704695519312443 0.9821082684596570
2.3888730341974971 -0.0014122530974628 0.0001853239780819 0.0353825704015693 0.9700385340423576 0.9818445311259733
2.4066020402586488 -0.0014329232962445 0.0001851561524896 0.0361664402438229 0.9696027109095965 0.9815777759703529
2.4244086520915418 -0.0014538271631073 0.0001849864610226 0.0369650916735856 0.9691620457684316 0.9813079778290273
2.4422928384034641 -0.0014749663157977 0.0001848148917010 0.0377787461428132 0.9687165076307037 0.9810351150160782
2.4602547465350559 -0.0014963425857136 0.0001846414308392 0.0386076356854529 0.9682660610823655 0.9807591630768088
2.4782944164874823 -0.0015179576812418 0.0001844660657795 0.0394519900365921 0.9678106733815569 0.9804800991331653
2.4964119393945419 -0.0015398133751398 0.0001842887833722 0.0403120438695570 0.9673503105109684 0.9801978994650833
2.5146074194802766 -0.0015619114601787 0.0001841095703357 0.0411880351369588 0.9668849381148182 0.9799125400830024
2.5328809440913140 -0.0015842537128396 0.0001839284135522 0.0420802036581324 0.9664145222651823 0.9796239971967333
2.5512325260694699 -0.0016068418213796 0.0001837453006510 0.0429887882047433 0.9659390309773559 0.9793322481448635
2.5696622904248292 -0.0016296776147568 0.0001835602181530 0.0439140356933781 0.9654584293920617 0.9790372684382366
2.5881702744908703 -0.0016527628170698 0.0001833731534626 0.0448561913472912 0.9649726849467043 0.9787390349316660
2.6067565993700774 -0.0016760992598309 0.0001831840931473 0.0458155073123261 0.9644817629096156 0.9784375230820703
2.6254213194128857 -0.0016996886944891 0.0001829930244581 0.0467922350388840 0.9639856303269024 0.9781327093705521
2.6441645055888645 -0.0017235328959890 0.0001827999344907 0.0477866295102611 0.9634842538450064 0.9778245699647795
2.6629861983568106 -0.0017476336028314 0.0001826048106718 0.0487989467639681 0.9629776009730018 0.9775130814937667
2.6818865027193985 -0.0017719926386189 0.0001824076397755 0.0498294490100282 0.9624656375292461 0.9771982194771779
2.7008655041434246 -0.0017966118052487 0.0001822084087890 0.0508784002054640 0.9619483298893763 0.9768799597057638
2.7199232571042593 -0.0018214928670106 0.0001820071050422 0.0519460653500042 0.9614256453217094 0.9765582784473691
2.7390598390163898 -0.0018466376202900 0.0001818037156436 0.0530327134647363 0.9608975505244797 0.9762331515461355
2.7582753042199459 -0.0018720478334048 0.0001815982279686 0.0541386150263643 0.9603640128917318 0.9759045552006013
2.7775697035012907 -0.0018977252716069 0.0001813906294572 0.0552640430366227 0.9598249999898383 0.9755724656408320
2.7969431533241016 -0.0019236717898547 0.0001811809068655 0.0564092771393201 0.9592804776127305 0.9752368579286979
2.8163956922845350 -0.0019498891414379 0.0001809690478130 0.0575745952361656 0.9587304138011353 0.9748977084333266
2.8359273820751483 -0.0019763791119492 0.0001807550397011 0.0587602793592060 0.9581747760321693 0.9745549930988128
2.8555383086121706 -0.0020031435217199 0.0001805388696935 0.0599666158437854 0.9576135311713181 0.9742086874128228
2.8752285035828686 -0.0020301841186917 0.0001803205255832 0.0611938905167712 0.9570466477211642 0.9738587677930768
2.8949980417340053 -0.0020575027108660 0.0001800999947229 0.0624423946692253 0.9564740930459954 0.9735052098740082
2.9148470129225545 -0.0020851011290760 0.0001798772643273 0.0637124234445157 0.9558958341557218 0.9731479889886104
2.9347754396893828 -0.0021129811118804 0.0001796523224025 0.0650042705354509 0.9553118401196252 0.9727870816588184
2.9547833985691039 -0.0021411444738608 0.0001794251563887 0.0663182359283953 0.9547220785422055 0.9724224634176510
2.9748709530595256 -0.0021695930126363 0.0001791957539115 0.0676546216539304 0.9541265175141803 0.9720541100131421
2.9950381070247354 -0.0021983218059283 0.0001789641042161 0.0690137285806316 0.9535251269656799 0.9716819982516458
3.0146500214376979 -0.0022264255190209 0.0001787375496739 0.0703522534458172 0.9529369704171159 0.9713179263265119
3.0349756319193566 -0.0022557251434940 0.0001785014202033 0.0717571021425628 0.9523239635369163 0.9709383151851531
3.0553796686549233 -0.0022853147578269 0.0001782630220545 0.0731855006916247 0.9517050743669576 0.9705548988741266
3.0758635222462383 -0.0023151980618431 0.0001780223277200 0.0746378564255557 0.9510802317322720 0.9701676283936963
3.0964273403722284 -0.0023453769724502 0.0001777793241177 0.0761144945440188 0.9504494019121703 0.9697764778386999
3.1170710956335848 -0.0023758531506384 0.0001775340002807 0.0776157306750899 0.9498125566822528 0.9693814246183828
3.1377948989286839 -0.0024066284604949 0.0001772863436622 0.0791418933028788 0.9491696637215062 0.9689824435079101
3.1585988075826248 -0.0024377046877056 0.0001770363424030 0.0806933100157218 0.9485206924994019 0.9685795102974446
3.1794828276396174 -0.0024690835405824 0.0001767839853233 0.0822703074392991 0.9478656142546711 0.9681726017801288
3.2004470396198594 -0.0025007668383328 0.0001765292604097 0.0838732206745669 0.9472043980670103 0.9677616933115132
3.2214914490848559 -0.0025327562864312 0.0001762721566224 0.0855023820170156 0.9465370155493548 0.9673467617231715
3.2426161110684126 -0.0025650536640239 0.0001760126623897 0.0871581304149214 0.9458634369390330 0.9669277828930746
3.2638211108256066 -0.0025976607963330 0.0001757507658315 0.0888408101754604 0.9451836316785884 0.9665047321038025
3.2851064859758483 -0.0026305794351541 0.0001754864557203 0.0905507648260134 0.9444975709106129 0.9660775855936724
3.3064722727444775 -0.0026638113287972 0.0001752197209202 0.0922883406685121 0.9438052260212960 0.9656463196504328
3.3279185013446169 -0.0026973582146956 0.0001749505504475 0.0940538863931472 0.9431065687973066 0.9652109107080560
3.3494452172780975 -0.0027312218526579 0.0001746789332047 0.0958477548365396 0.9424015707364026 0.9647713349160201
3.3710524549742558 -0.0027654039836433 0.0001744048583127 0.0976703008246861 0.9416902039092679 0.9643275686752387
3.3927403055630494 -0.0027999064373070 0.0001741283142499 0.0995218869398631 0.9409724387251680 0.9638795872426634
3.4145087541757513 -0.0028347308734393 0.0001738492909260 0.1014028696735079 0.9402482493146470 0.9634273680893077
3.4363578057431452 -0.0028698789800948 0.0001735677780943 0.1033136099444987 0.9395176094083603 0.9629708883292805
3.4582875902118606 -0.0029053526450593 0.0001732837639806 0.1052544825679596 0.9387804887792754 0.9625101224932378
3.4802980993270820 -0.0029411535320487 0.0001729972386787 0.1072258532037975 0.9380368620554369 0.9620450480335637
3.5023893461228530 -0.0029772833360145 0.0001727081921065 0.1092280921641362 0.9372867034144772 0.9615756420100673
3.5245614154778413 -0.0030137438673806 0.0001724166133340 0.1112615791887246 0.9365299848405225 0.9611018799962064
3.5468142549000881 -0.0030505367083352 0.0001721224933336 0.1133266843049809 0.9357666832618130 0.9606237405462048
3.5691480045040658 -0.0030876637566218 0.0001718258206333 0.1154237982414148 0.9349967692701665 0.9601411981299320
3.5915626247514005 -0.0031251266102663 0.0001715265862370 0.1175532979146742 0.9342202198894686 0.9596542311297948
3.6140581619908119 -0.0031629270068296 0.0001712247801144 0.1197155711042028 0.9334370094670895 0.9591628161336232
3.6366346234246456 -0.0032010666154126 0.0001709203928643 0.1219110046988038 0.9326471139906848 0.9586669306393119
3.6592920802435480 -0.0032395472104524 0.0001706134143293 0.1241399946774490 0.9318505074919582 0.9581665507965936
3.6820305227006198 -0.0032783704264448 0.0001703038355536 0.1264029319647339 0.9310471671296719 0.9576616545975739
3.7048499679238516 -0.0033175379397680 0.0001699916473341 0.1287002128791686 0.9302370694273915 0.9571522195141768
3.7277504804068458 -0.0033570515052814 0.0001696768399304 0.1310322413807098 0.9294201895230343 0.9566382220231241
3.7507320342131325 -0.0033969127187804 0.0001693594049596 0.1333994150689802 0.9285965060842087 0.9561196406973538
3.7737946709829719 -0.0034371232890549 0.0001690393332295 0.1358021412014395 0.9277659956869280 0.9555964526687338
3.7969383979037361 -0.0034776695305335 0.0001687166182493 0.1382408262740977 0.9269286363070730 0.9550686358565114
3.8187878556866948 -0.0035161388839157 0.0001684105602049 0.1405685291269614 0.9261345108649194 0.9545677788331147
3.8420920341129636 -0.0035573741849743 0.0001680826440906 0.1430785061998613 0.9252836857798429 0.9540308450979107
3.8654745492618372 -0.0035989598610397 0.0001677520969987 0.1456253569243122 0.9244260502831990 0.9534892819376064
3.8889382299554627 -0.0036409025112762 0.0001674188712213 0.1482098008396488 0.9235614810523223 0.9529430028249549
3.9124830721460997 -0.0036832037302958 0.0001670829589564 0.1508322567176532 0.9226899583151812 0.9523919864307961
3.9361091086500686 -0.0037258651746061 0.0001667443520111 0.1534931501261406 0.9218114612946169 0.9518362106581395
3.9598163763164838 -0.0037688885045124 0.0001664030422656 0.1561929098900391 0.9209259694116670 0.9512756534005050
3.9836048684095089 -0.0038122752972005 0.0001660590223637 0.1589319625956023 0.9200334640780011 0.9507102936764239
4.0074745571795019 -0.0038560270861963 0.0001657122854006 0.1617107349457274 0.9191339278850890 0.9501401111177092
4.0314254646189349 -0.0039001454910340 0.0001653628238969 0.1645296619850665 0.9182273419427059 0.9495650842815788
4.0554577053747307 -0.0039446322991194 0.0001650106291540 0.1673891925407977 0.9173136842077177 0.9489851895848447
4.0795711473121088 -0.0039894888369478 0.0001646556962337 0.1702897487644737 0.9163929424016514 0.9484004095024338
4.1037658154597363 -0.0040347167157956 0.0001642980180546 0.1732317738914672 0.9154650986958369 0.9478107228498855
4.1280417500417963 -0.0040803175715284 0.0001639375874564 0.1762157157105946 0.9145301350660086 0.9472161081764028
4.1523989372055485 -0.0041262929342069 0.0001635743982314 0.1792420180001457 0.9135880359701088 0.9466165454674480
4.1768373733768058 -0.0041726443479627 0.0001632084441786 0.1823111282788105 0.9126387858928960 0.9460120145841818
4.2013570100939717 -0.0042193732660713 0.0001628397199335 0.1854234908186533 0.9116823714989144 0.9454024966343791
4.2259579271659495 -0.0042664813812660 0.0001624682183638 0.1885795686556963 0.9107187748776032 0.9447879696662055
4.2506400940511364 -0.0043139701713852 0.0001620939341565 0.1917798133458052 0.9097479828487585 0.9441684145969796
4.2754034616732541 -0.0043618410722517 0.0001617168624545 0.1950246762877516 0.9087699834237253 0.9435438129612681
4.3002480531246983 -0.0044100956534126 0.0001613369974735 0.1983146206482115 0.9077847622210730 0.9429141446203236
4.3251738327785496 -0.0044587353654294 0.0001609543344956 0.2016501042379349 0.9067923076353692 0.9422793910618619
4.3501808317304391 -0.0045077617837119 0.0001605688679516 0.2050315961326851 0.9057926058645558 0.9416395322209116
4.3752690069767093 -0.0045571763335674 0.0001601805935860 0.2084595577832594 0.9047856465248647 0.9409945500706952
4.4004383687277873 -0.0046069805393419 0.0001597895064998 0.2119344601378174 0.9037714175745623 0.9403444253739016
4.4135420135998311 -0.0046330003970004 0.0001595852856490 0.2137578136440730 0.9032418097320586 0.9400047503886458
4.4225781410935419 -0.0046509795692200 0.0001594442135216 0.2150208759939977 0.9028759700845922 0.9397700335708907
4.4316142685872526 -0.0046689799291088 0.0001593029441956 0.2162885960982856 0.9025096192321030 0.9395349249022071
4.4420924309372927 -0.0046898880879704 0.0001591388828111 0.2177644654133890 0.9020841657265882 0.9392618062936750
4.4675064310822084 -0.0047407629554162 0.0001587398634812 0.2213701782265131 0.9010494241416392 0.9385971962033637
4.4929719383720412 -0.0047919728403078 0.0001583384807278 0.2250203752944250 0.9000085802717466 0.9379281497280565
4.5185185764046096 -0.0048435783749143 0.0001579342664455 0.2287197180702874 0.8989604209165709 0.9372538757226692
4.5441463312924606 -0.0048955809913987 0.0001575272171415 0.2324686867633567 0.8979049377408269 0.9365743564710549
4.5698551147758719 -0.0049479819646154 0.0001571173307003 0.2362677526679933 0.8968421259934778 0.9358895764123348
4.5956448977381124 -0.0050007826827375 0.0001567046042673 0.2401173976112719 0.8957719790192832 0.9351995186078704
4.6215156537368642 -0.0050539845336207 0.0001562890351416 0.2440181058114696 0.8946944905737190 0.9345041662291665
4.6474673358250564 -0.0051075888570026 0.0001558706211512 0.2479703603243176 0.8936096557961448 0.9338035031859836
4.6734999236188379 -0.0051615970414973 0.0001554493598973 0.2519746501354294 0.8925174692515913 0.9330975128619343
4.6996133983439972 -0.0052160104737635 0.0001550252491549 0.2560314664399356 0.8914179259675361 0.9323861787822086
4.7258077450721023 -0.0052708305433413 0.0001545982868367 0.2601413029805696 0.8903110213424708 0.9316694845538098
4.7520829096524935 -0.0053260585521859 0.0001541684716997 0.2643046491925972 0.8891967529770699 0.9309474150519076
4.7784388353141685 -0.0053816957904023 0.0001537358027564 0.2685219957545227 0.8880751191474380 0.9302199554334829
4.8048754971010164 -0.0054377436093782 0.0001533002787085 0.2727938401274267 0.8869461173379629 0.9294870901847117
4.8313928489874183 -0.0054942033104841 0.0001528618988153 0.2771206781041018 0.8858097464920168 0.9287488045798986
4.8579908434891355 -0.0055510761862392 0.0001524206625751 0.2815030068580643 0.8846660061868636 0.9280050841470787
4.8846694157217145 -0.0056083634860459 0.0001519765699932 0.2859413222349384 0.8835148973276745 0.9272559151199695
4.9114285312100954 -0.0056660665188253 0.0001515296207881 0.2904361266487142 0.8823564200907574 0.9265012830996976
4.9382681420870611 -0.0057241865594636 0.0001510798151198 0.2949879218300908 0.8811905758110880 0.9257411742821559
4.9651881537258733 -0.0057827247756175 0.0001506271541568 0.2995972029444167 0.8800173684523634 0.9249755764193948
4.9807944134784146 -0.0058167725711630 0.0001503640480700 0.3022894842233044 0.8793354670913970 0.9245302711106598
4.9964006732309558 -0.0058508798047748 0.0001501004447069 0.3049965877751972 0.8786522812436940 0.9240838920680524
5.0237204639030750 -0.0059107822540272 0.0001496377924422 0.3097713049688078 0.8774532475836843 0.9232998990984097
5.0508944930959379 -0.0059706112555601 0.0001491761087702 0.3145657952724857 0.8762567637976184 0.9225168476823477
5.0781491516491366 -0.0060308635268891 0.0001487115665244 0.3194199574460475 0.8750529120311341 0.9217282404394508
5.1054839370808391 -0.0060915392932710 0.0001482441749714 0.3243342215888263 0.8738417173034772 0.9209340780776032
5.1328987964705659 -0.0061526397629224 0.0001477739359816 0.3293090979714139 0.8726231854827760 0.9201343486173039
5.1603936528696472 -0.0062141660855357 0.0001473008520711 0.3343450936320397 0.8713973241249560 0.9193290410271407
5.1879684293499215 -0.0062761194055069 0.0001468249259926 0.3394427166005015 0.8701641414161032 0.9185181445316501
5.2156230338818146 -0.0063385008279336 0.0001463461609996 0.3446024730242557 0.8689236468546495 0.9177016490609368
5.2433574351244365 -0.0064013115901028 0.0001458645595324 0.3498248813348177 0.8676758478493222 0.9168795430107656
5.2711715077610961 -0.0064645527120495 0.0001453801259018 0.3551104432072671 0.8664207566707773 0.9160518178209982
5.2990652361500308 -0.0065282254583159 0.0001448928627510 0.3604596819361252 0.8651583812866646 0.9152184619366170
5.3270385160631557 -0.0065923308878374 0.0001444027745074 0.3658731048099753 0.8638887343035652 0.9143794667038578
5.3550912673130950 -0.0066568701097938 0.0001439098654244 0.3713512243879460 0.8626118278936685 0.9135348230264010
5.3832233359694115 -0.0067218440586208 0.0001434141413012 0.3768945393140123 0.8613276782512229 0.9126845243147316
5.4114347016776296 -0.0067872539725385 0.0001429156058334 0.3825035750225423 0.8600362961385269 0.9118285602286741
5.4397252455418359 -0.0068531008584641 0.0001424142646999 0.3881788381121541 0.8587376974721883 0.9109669236851178
5.4680948522932109 -0.0069193857270038 0.0001419101237693 0.3939208361931870 0.8574318986785774 0.9100996077876478
5.4813506676879857 -0.0069504317074880 0.0001416740880244 0.3966213016878695 0.8568205445640984 0.9096932327327496
5.4946064830827606 -0.0069815221749299 0.0001414377530580 0.3993329234635960 0.8562084227961499 0.9092861478668052
5.5231569270845133 -0.0070486714056715 0.0001409277195724 0.4052111682807736 0.8548874447558609 0.9084069638325669
5.5517582715497138 -0.0071161949499407 0.0001404154013013 0.4111519365382341 0.8535606036143317 0.9075229365792562
5.5804383487942140 -0.0071841593926469 0.0001399003065110 0.4171614660363763 0.8522266270508916 0.9066332013312681
5.6091969928220946 -0.0072525655873411 0.0001393824432269 0.4232402551066655 0.8508855371563872 0.9057377542173929
5.6380341063711059 -0.0073214145468820 0.0001388618184984 0.4293888164533484 0.8495373535119701 0.9048365895451351
5.6669496020930241 -0.0073907073055531 0.0001383384394487 0.4356076650349550 0.8481820959094508 0.9039297016116179
5.6959433250417684 -0.0074604447330084 0.0001378123146816 0.4418973012236120 0.8468197879931137 0.9030170871439916
5.7250151733574972 -0.0075306278234500 0.0001372834520989 0.4482582366451159 0.8454504516082940 0.9020987415202258
5.7541649924019556 -0.0076012574413046 0.0001367518608214 0.4546909711655358 0.8440741117758948 0.9011746621029063
5.7833926434202798 -0.0076723344864715 0.0001362175499442 0.4611960076920019 0.8426907934692054 0.9002448460822879
5.8126980585691248 -0.0077438600298916 0.0001356805275232 0.4677738646758094 0.8413005189913801 0.8993092887091779
5.8420810593119112 -0.0078158348713531 0.0001351408039000 0.4744250354567068 0.8399033165820110 0.8983679890850087
5.8715415305792211 -0.0078882599638462 0.0001345983885151 0.4811500270812994 0.8384992121680138 0.8974209446165826
5.9010793010747449 -0.0079611361208633 0.0001340532921058 0.4879493331920255 0.8370882350528762 0.8964681548499479
5.9157333640604604 -0.0079973876583018 0.0001337824008874 0.4913436408229742 0.8363870608993557 0.8959942582927174
5.9250907424741435 -0.0080205576439478 0.0001336092656982 0.4935184044795560 0.8359389222504665 0.8956912340892080
5.9344481208878266 -0.0080437460911751 0.0001334360084420 0.4956988784664476 0.8354904715197415 0.8953878858130451
5.9641870729251583 -0.0081176139758833 0.0001328845631039 0.5026666482779659 0.8340631829336903 0.8944216615939475
5.9939661095572516 -0.0081918430187098 0.0001323311513515 0.5097017146928496 0.8326308754723346 0.8934508818874181
6.0238219510302562 -0.0082665254828895 0.0001317751016847 0.5168131764277797 0.8311918126554709 0.8924743510191927
6.0537543236208746 -0.0083416619013086 0.0001312164280943 0.5240014985597365 0.8297460323003358 0.8914920736295278
6.0837630823512203 -0.0084172531276964 0.0001306551424416 0.5312671755040137 0.8282935667342571 0.8905040505121832
6.1138480114436433 -0.0084932998373824 0.0001300912581770 0.5386106833216721 0.8268344524164348 0.8895102851480547
6.1440090163317143 -0.0085698030124599 0.0001295247867422 0.5460325264053281 0.8253687206304015 0.8885107773708215
6.1742459019792246 -0.0086467633822868 0.0001289557417232 0.5535331834188497 0.8238964082287752 0.8875055306849574
6.2045584345560139 -0.0087241815772796 0.0001283841377037 0.5611131217298165 0.8224175546675827 0.8864945502599663
6.2349464709676488 -0.0088020584601457 0.0001278099878223 0.5687728297454230 0.8209321956844313 0.8854778386110453
6.2654098520938151 -0.0088803948552638 0.0001272333057772 0.5765127905364407 0.8194403684873525 0.8844553991408133
6.2959483108986287 -0.0089591913109064 0.0001266541075732 0.5843334579997035 0.8179421162723560 0.8834272392471268
6.3198690314008443 -0.0090210986709457 0.0001261996694304 0.5905025133321962 0.8167666490219252 0.8826196597430259
6.3261711469735005 -0.0090374358680167 0.0001260798350406 0.5921341148588574 0.8164566895203412 0.8824065724991754
6.3324732625461566 -0.0090537700933948 0.0001259599577654 0.5937683497689017 0.8161466169358753 0.8821933506609395
6.3413969475960830 -0.0090769173144182 0.0001257901370491 0.5960869031637742 0.8157073673092200 0.8818912024123562
6.3721546942660634 -0.0091568727799570 0.0001252041236586 0.6041188781902783 0.8141916713859521 0.8808477142029140
6.4029538457194661 -0.0092372035819994 0.0001246162751508 0.6122246106761137 0.8126713176327475 0.8797996426719858
6.4338272881940348 -0.0093179962975855 0.0001240259776113 0.6204131697707994 0.8111447200284916 0.8787458738483112
6.4647747106247104 -0.0093992513507417 0.0001234332493201 0.6286849864717816 0.8096119277626311 0.8776864187168758
6.4957958866610994 -0.0094809693893434 0.0001228381072005 0.6370405116598097 0.8080729865370713 0.8766212857712756
6.5268905422203396 -0.0095631509386359 0.0001222405693506 0.6454801808310321 0.8065279451138774 0.8755504855384258
6.5580585247802281 -0.0096457968492733 0.0001216406517878 0.6540044600235415 0.8049768468978272 0.8744740247471665
6.5892995544520430 -0.0097289076397704 0.0001210383732311 0.6626137781700957 0.8034197423018560 0.8733919149019876
6.6206133673175058 -0.0098124838746465 0.0001204337523492 0.6713085656670600 0.8018566816304328 0.8723041673604099
6.6519997332040219 -0.0098965262132805 0.0001198268074114 0.6800892594772258 0.8002877141790838 0.8712107927046324
6.6834583651696438 -0.0099810351683233 0.0001192175580355 0.6889562778220971 0.7987128927514452 0.8701118038911448
6.6981845490757266 -0.0100206886674607 0.0001189320544662 0.6931297948881603 0.7979749431559529 0.8695962949417112
6.7083821567986623 -0.0100481666486011 0.0001187342382261 0.6960283836165048 0.7974636483116185 0.8692389209650633
6.7185797645215981 -0.0100756624510206 0.0001185363320685 0.6989339343061298 0.7969521276417001 0.8688812257652304
6.7502277577665462 -0.0101611758785137 0.0001179215602636 0.7079955742741045 0.7953632203670137 0.8677690922559870
6.7819104111192345 -0.0102470566971207 0.0001173052592926 0.7171343510680765 0.7937704687165354 0.8666526749160006
6.8136642906982852 -0.0103334048418719 0.0001166867344080 0.7263611832161778 0.7921720792022809 0.8655306950865419
6.8454890751351902 -0.0104202207418808 0.0001160660071538 0.7356764627265975 0.7905681097105619 0.8644031689915335
6.8773844105254396 -0.0105075047430180 0.0001154430999536 0.7450805682012404 0.7889586204224741 0.8632701144321174
6.9093500054856891 -0.0105952573683948 0.0001148180342514 0.7545738927651768 0.7873436690109435 0.8621315474105661
6.9413855309756372 -0.0106834790452850 0.0001141908324639 0.7641568146095292 0.7857233156845921 0.8609874856819285
6.9734907032024509 -0.0107721703334141 0.0001135615163559 0.7738297216019346 0.7840976189908159 0.8598379457981492
7.0056652002386368 -0.0108613316960267 0.0001129301086695 0.7835929863311223 0.7824666400246443 0.8586829460829006
7.0379086034916858 -0.0109509633358167 0.0001122966342757 0.7934469476935713 0.7808304454031380 0.8575225087570529
7.0702206579742013 -0.0110410114250740 0.0001116611235601 0.8033919901784964 0.7791890930038617 0.8563566504188203
7.1002935704308898 -0.0111250334851473 0.0001110690504767 0.8127109273364310 0.7776600259296177 0.8552689523276589
7.1327415206618667 -0.0112159612752958 0.0001104295814725 0.8228340356274230 0.7760086792537315 0.8540925327727461
7.1652533336169775 -0.0113073487576497 0.0001097882125302 0.8330480746082384 0.7743525562287109 0.8529108890544971
7.1978323149968082 -0.0113992065765702 0.0001091448962609 0.8433545183146218 0.7726915369586129 0.8517239106287759
7.2304781271082987 -0.0114915351936536 0.0001084996572511 0.8537537036124920 0.7710256874450253 0.8505316192895023
7.2631903843843997 -0.0115843349463014 0.0001078525212410 0.8642459474356413 0.7693550766912165 0.8493340389918033
7.2959686400246540 -0.0116776060081307 0.0001072035153901 0.8748315418839566 0.7676797773853983 0.8481311963614586
7.3288124796253538 -0.0117713486545169 0.0001065526664216 0.8855107840485116 0.7659998611113010 0.8469231172707412
7.3617215316346956 -0.0118655632945287 0.0001059000004083 0.8962839797565290 0.7643153977956890 0.8457098264357585
7.3694942012600242 -0.0118878572586841 0.0001057457752939 0.8988390917223252 0.7639173798346857 0.8454228556492027
7.3772668708853528 -0.0119101671709625 0.0001055915223892 0.9013982653337634 0.7635192982507092 0.8451357297150146
7.4103119471760950 -0.0120050927307383 0.0001049354371599 0.9123237878072623 0.7618261816247862 0.8439133057909520
7.4414689522350663 -0.0120948558335586 0.0001043164027636 0.9226922940972158 0.7602288144667549 0.8427581887146904
7.4746012179856125 -0.0121905886588249 0.0001036576807128 0.9337897039460246 0.7585291822078090 0.8415271654002541
7.5077936681741919 -0.0122867836156072 0.0001029973262409 0.9449812259300980 0.7568254902169098 0.8402911690101887
7.5410487851362493 -0.0123834493888689 0.0001023353097156 0.9562680874050327 0.7551176647855292 0.8390501206466512
7.5743661901805881 -0.0124805864249275 0.0001016716585366 0.9676505553339741 0.7534057793863980 0.8378040479872664
7.6077452353502908 -0.0125781943977180 0.0001010064056365 0.9791287984511852 0.7516899217847400 0.8365529892027264
7.6411854593697912 -0.0126762735368448 0.0001003395803960 0.9907030425292844 0.7499701706030496 0.8352969759169498
7.6746863722515162 -0.0127748240017023 0.0000996712129278 1.0023734971568474 0.7482466063704896 0.8340360412442396
7.6804229718632993 -0.0127917289416439 0.0000995567318983 1.0043794580986598 0.7479514030599643 0.8338198593870326
7.6861595714750823 -0.0128086340939436 0.0000994422432399 1.0063876250626649 0.7476561813162415 0.8336036009956753
7.6914389051490604 -0.0128241898215624 0.0000993368741894 1.0082376695971682 0.7473844756843635 0.8334045130997513
7.7250192456028870 -0.0129233050219253 0.0000986664813197 1.0200490016853048 0.7456558913557245 0.8321366640168072
7.7586704899635235 -0.0130229236630439 0.0000979943937119 1.0319610542362083 0.7439231069312214 0.8308635453910843
7.7923804490349564 -0.0131230114496982 0.0000973208755137 1.0439699105387512 0.7421868064720215 0.8295856330793657
7.8261485154687289 -0.0132235682325717 0.0000966459598445 1.0560757069481523 0.7404470783285215 0.8283029665401943
7.8599741441495121 -0.0133245940606738 0.0000959696787127 1.0682785946868509 0.7387040080041619 0.8270155832891694
7.8938566489335624 -0.0134260885748163 0.0000952920670735 1.0805786664999075 0.7369576886141174 0.8257235266291527
7.9277954471868570 -0.0135280517376273 0.0000946131579343 1.0929760446329382 0.7352082082691422 0.8244268363447632
7.9617898685765240 -0.0136304832616125 0.0000939329861726 1.1054708114807739 0.7334556599138019 0.8231255559850742
7.9703391431408228 -0.0136562912962973 0.0000937619084391 1.1086252587216308 0.7330148860388076 0.8227979116746125
7.9788884177051216 -0.0136820934402630 0.0000935908270422 1.1117845800337047 0.7325741036332654 0.8224701137052005
7.9866165146158048 -0.0137054297939573 0.0000934361726585 1.1146446347444032 0.7321756531534493 0.8221736696228369
8.0207404471523436 -0.0138086585183754 0.0000927532202751 1.1273209911757101 0.7304162161925327 0.8208632128935248
8.0548845664543691 -0.0139122512860156 0.0000920697734649 1.1400824784855728 0.7286556977680666 0.8195495751319465
8.0890818928803796 -0.0140163096107248 0.0000913851932537 1.1529416255414409 0.7268924547801145 0.8182315087924521
8.1233315440678080 -0.0141208326030677 0.0000906995192284 1.1658983951894164 0.7251265923551140 0.8169090675476566
8.1576328444228228 -0.0142258200139123 0.0000900127869162 1.1789528188291900 0.7233582051743250 0.8155822975168764
8.1919850487080943 -0.0143312713943330 0.0000893250333114 1.1921048926092375 0.7215873917076024 0.8142512479081446
8.2263873403978582 -0.0144371860878072 0.0000886362969008 1.2053545759829050 0.7198142542779996 0.8129159710984245
8.2433279655878522 -0.0144894552280584 0.0000882971584427 1.2119078995486456 0.7189412260490778 0.8122576130968181
8.2590392302632001 -0.0145379431496610 0.0000879826513523 1.2180026429979613 0.7181316259926674 0.8116465452211450
8.2935634626693577 -0.0146447178605050 0.0000872915963543 1.2314527385159266 0.7163528755796695 0.8103021438324972
8.3281101885727349 -0.0147518741501972 0.0000866001763984 1.2449904901732585 0.7145734001288999 0.8089546505339137
8.3627037962662971 -0.0148594892286043 0.0000859079256208 1.2586256093107391 0.7127920037235917 0.8076031385927714
8.3973434593734613 -0.0149675624477344 0.0000852148829223 1.2723580028646795 0.7110087897757957 0.8062476627221278
8.4320281833921253 -0.0150760926441826 0.0000845210905872 1.2861875005930339 0.7092238704081417 0.8048882846026734
8.4667572123044295 -0.0151850794095956 0.0000838265861419 1.3001140166702971 0.7074373455044999 0.8035250569521325
8.4802478998848763 -0.0152275018936264 0.0000835568536129 1.3055452439908664 0.7067435543400363 0.8029949399729377
8.4937385874653231 -0.0152699725465853 0.0000832871519174 1.3109884336014097 0.7060498772234391 0.8024645104887429
8.4991093793963781 -0.0152868939992551 0.0000831797895518 1.3131587554710231 0.7057737491870028 0.8022532540816482
8.5044801713274332 -0.0153038076961744 0.0000830724349191 1.3153309720328492 0.7054976396207003 0.8020419485410044
8.5097497958515653 -0.0153204062361054 0.0000829671082358 1.3174641125908744 0.7052267494003837 0.8018345756131587
8.5446308309186865 -0.0154304611166730 0.0000822700558207 1.3316298949196743 0.7034341315530553 0.8004607369000466
8.5794980111506494 -0.0155407937384662 0.0000815735261923 1.3458697913792068 0.7016430939739301 0.7990854129602912
8.6144054015898277 -0.0156515764358832 0.0000808764611293 1.3602058717010759 0.6998509184105428 0.7977065004491719
8.6493519128182434 -0.0157628077794860 0.0000801789047486 1.3746378571569131 0.6980577216856075 0.7963240671142877
8.6843365115958395 -0.0158744865228162 0.0000794809000023 1.3891654800963378 0.6962636176215904 0.7949381788421660
8.7193581253797401 -0.0159866112989677 0.0000787824905750 1.4037884446286653 0.6944687219182285 0.7935489034222102
8.7320998284783897 -0.0160274865716701 0.0000785284794796 1.4091284593468225 0.6938159816495965 0.7930429810666912
8.7380934671720762 -0.0160467291918236 0.0000784090103731 1.4116440340033181 0.6935089896938270 0.7928049114099535
8.7420222859590986 -0.0160593479314455 0.0000783307044173 1.4132942573267060 0.6933077760156104 0.7926488274188237
8.7459511047461209 -0.0160719620687554 0.0000782524045768 1.4149454853201500 0.6931065772393796 0.7924927198913716
8.7513689826014964 -0.0160893559698863 0.0000781444373579 1.4172241918723318 0.6928291469668533 0.7922774076039844
8.7864642923669614 -0.0162022185950667 0.0000774452799703 1.4320311723480823 0.6910327540166202 0.7908816076309777
8.8215891922119329 -0.0163155074799092 0.0000767459303665 1.4469307609731625 0.6892361242443291 0.7894827892691489
8.8567467915573488 -0.0164292346904381 0.0000760463486059 1.4619243733209619 0.6874391584260705 0.7880808553848361
8.8919358430924813 -0.0165433983002281 0.0000753465814619 1.4770115781767090 0.6856419801384355 0.7866758823365587
8.9271551524521460 -0.0166579965531162 0.0000746466745436 1.4921919536198753 0.6838447099515924 0.7852679446854381
8.9624035080483200 -0.0167730276362881 0.0000739466736831 1.5074650571794874 0.6820474689921633 0.7838571179799639
8.9700048350208306 -0.0167978786429074 0.0000737957834749 1.5107692160813215 0.6816600965664991 0.7835526489043254
8.9739702360175198 -0.0168108489984108 0.0000737170776174 1.5124943823347192 0.6814580442548861 0.7833937846299430
8.9779356370142089 -0.0168238103936743 0.0000736383804768 1.5142205620252793 0.6812560116707669 0.7832348990000726
8.9828622709015562 -0.0168399177685794 0.0000735406161234 1.5163665876775483 0.6810050333795729 0.7830374690093613
9.0181125043740096 -0.0169553598435840 0.0000728414059837 1.5317670738732660 0.6792101947122374 0.7816238981430265
9.0534318546400012 -0.0170713693785351 0.0000721413622461 1.5472779163037027 0.6774134942169484 0.7802059016318711
9.0887756150532493 -0.0171878023065295 0.0000714413933023 1.5628796702670260 0.6756172672575876 0.7787852992107044
9.1241424270440827 -0.0173046563064670 0.0000707415472159 1.5785717658049347 0.6738216405824741 0.7773621736098756
9.1595309427371081 -0.0174219290850825 0.0000700418716595 1.5943536234387816 0.6720267399091047 0.7759366073853060
9.1725286620657283 -0.0174650892558120 0.0000697850449879 1.6001701846300957 0.6713679671031331 0.7754126288889487
9.1855263813943484 -0.0175082965461629 0.0000695283029194 1.6059975339306420 0.6707094508221856 0.7748884446654974
9.1927549963159709 -0.0175323464776336 0.0000693855541024 1.6092430500894832 0.6703433323447184 0.7745968338455813
9.1999836112375935 -0.0175563867471089 0.0000692428360776 1.6124918997103821 0.6699772938181279 0.7743051601131612
9.2069321417728442 -0.0175795064824549 0.0000691056736223 1.6156180085240648 0.6696255143164076 0.7740247286616380
9.2424065710218155 -0.0176977499604708 0.0000684058074803 1.6316257230010962 0.6678307506086912 0.7725921440912981
9.2778594207372276 -0.0178162735580121 0.0000677070350195 1.6477037129302003 0.6660390907028388 0.7711589600289589
9.3133278430967188 -0.0179352030718625 0.0000670086431015 1.6638686654845312 0.6642487089601568 0.7697237060574923
9.3488103013867914 -0.0180545355155779 0.0000663106819860 1.6801198377176112 0.6624597375524810 0.7682864735547095
9.3843051544754807 -0.0181742675327470 0.0000656132037317 1.6964564230198325 0.6606723132201802 0.7668473583312073
9.4004950165334549 -0.0182289988889119 0.0000652953174193 1.7039342871430154 0.6598577711135859 0.7661905009424623
9.4061436171619501 -0.0182480957388978 0.0000651844473830 1.7065471889543709 0.6595736887909823 0.7659612595451875
9.4112389174760711 -0.0182653254373602 0.0000650844546528 1.7089058753467823 0.6593174821644724 0.7657544441941339
9.4467479837143244 -0.0183856048729779 0.0000643880445995 1.7253889852900846 0.6575332840895407 0.7643123962963146
9.4822712385153132 -0.0185062941311792 0.0000636921354772 1.7419581378527447 0.6557506873673439 0.7628684727131919
9.5178009722054817 -0.0186273692510180 0.0000629968973819 1.7586096568956475 0.6539701309995480 0.7614230162337631
9.5533355547178758 -0.0187488268101901 0.0000623023808058 1.7753426656840663 0.6521917474859368 0.7599761230018424
9.5888732976382354 -0.0188706631613682 0.0000616086370664 1.7921562440036969 0.6504156713867244 0.7585278916635125
9.5958475857848562 -0.0188946169382295 0.0000614725892490 1.7954651816469558 0.6500674097768078 0.7582435366406246
9.5995583354980543 -0.0189073676330613 0.0000614002168816 1.7972269783618775 0.6498821528049441 0.7580922238677272
9.6032690852112523 -0.0189201094504809 0.0000613278561189 1.7989896351614456 0.6496969230378788 0.7579408983290021
9.6082084921348709 -0.0189370750976310 0.0000612315509363 1.8013372550172697 0.6494504051114471 0.7577394480025550
9.6438811489873366 -0.0190598141481469 0.0000605365271467 1.8183370879297540 0.6476715041080879 0.7562839002630929
9.6794214986644818 -0.0191824702822974 0.0000598449625037 1.8353527205341871 0.6459017936280141 0.7548326144455128
9.7149589595402386 -0.0193054901658778 0.0000591543511176 1.8524455087470553 0.6441348622788311 0.7533803421425256
9.7504917076849118 -0.0194288695457977 0.0000584647453729 1.8696143933374072 0.6423708470761895 0.7519271879586656
9.7860179130631195 -0.0195526041100402 0.0000577761973917 1.8868582951885517 0.6406098842964969 0.7504732568092616
9.7920919623915612 -0.0195737832085722 0.0000576585706386 1.8898143638427236 0.6403090817980014 0.7502245702899610
9.7979519242230069 -0.0195942182536898 0.0000575451175317 1.8926684027239760 0.6400189582450319 0.7499846210181950
9.8334752404047361 -0.0197183175327904 0.0000568579180999 1.9100150738435304 0.6382618488306931 0.7485294577153231
9.8689814599709855 -0.0198427383112642 0.0000561720181323 1.9274311272197473 0.6365084156720713 0.7470740182082256
9.9044749810600514 -0.0199674978693436 0.0000554873478491 1.9449184621296376 0.6347584830786005 0.7456181524730723
9.9399539797394727 -0.0200925917417329 0.0000548039575043 1.9624759299660923 0.6330121822320978 0.7441619652681717
9.9513835815474287 -0.0201329733331112 0.0000545840180140 1.9681485189667443 0.6324502374385890 0.7436926622744700
9.9628131833553848 -0.0201733952431653 0.0000543641844582 1.9738291052092740 0.6318886012267558 0.7432232680533891
9.9669373084564583 -0.0201879905315647 0.0000542848883755 1.9758807845153064 0.6316860229655746 0.7430538750677392
9.9710614335575318 -0.0202025784758028 0.0000542056084082 1.9779335040778594 0.6314834847540822 0.7428844703668899
9.9754136982538402 -0.0202179763572431 0.0000541219583756 1.9801009044829194 0.6312697862963674 0.7427056818163608
10.0108839372296909 -0.0203436849894111 0.0000534408055985 1.9978080071422049 0.6295298702329549 0.7412481061282103
10.0463100992751801 -0.0204696275907431 0.0000527615436679 2.0155697108139115 0.6277951535874992 0.7397915108712255
10.0817139509057405 -0.0205958829800048 0.0000520837676955 2.0333965506300813 0.6260646044834340 0.7383350315385603
10.1170934874214389 -0.0207224458032457 0.0000514075291569 2.0512872034287444 0.6243383567981777 0.7368787800956239
10.1300462649185903 -0.0207688806748014 0.0000511602228713 2.0578561187250206 0.6237071478361800 0.7363454452776012
10.1368334576840056 -0.0207932335925683 0.0000510306939711 2.0613022561323988 0.6233765668327538 0.7360659410294345
10.1414151996284421 -0.0208096706696567 0.0000509432792809 2.0636301720429575 0.6231534715474372 0.7358772445470138
10.1459904459535704 -0.0208260852581265 0.0000508560079105 2.0659560553885035 0.6229307455896500 0.7356888034204799
10.1815421890708020 -0.0209538609011705 0.0000501784981337 2.0840723551939351 0.6212018856784600 0.7342241226459809
10.2168449074329271 -0.0210811411626603 0.0000495068462976 2.1021372634711057 0.6194883591559335 0.7327690061602127
10.2521155897430631 -0.0212087063127988 0.0000488369252333 2.1202607520996342 0.6177796353412478 0.7313145455181738
10.2873522163659619 -0.0213365506559726 0.0000481687843194 2.1384414090356767 0.6160758422934628 0.7298608527509204
10.2951315091947198 -0.0213648296953096 0.0000480214309462 2.1424652464414908 0.6157001367290119 0.7295398336966625
10.2996874079886140 -0.0213814003307092 0.0000479351602893 2.1448234685924548 0.6154801821528980 0.7293518170272226
10.3042433067825083 -0.0213979665538958 0.0000478489108895 2.1471829346603952 0.6152602829121315 0.7291637903197723
10.3083981147163186 -0.0214130755910135 0.0000477702723256 2.1493357629264418 0.6150597915552708 0.7289923083336052
10.3435935416112912 -0.0215412908635862 0.0000471047704362 2.1676138467625474 0.6133632958329157 0.7275393549098199
10.3787347132039756 -0.0216697146092525 0.0000464414574958 2.1859376147954328 0.6116727774739253 0.7260880753191989
10.4138344250141230 -0.0217983947781074 0.0000457801006255 2.2043132742677685 0.6099876445441810 0.7246379694812087
10.4488905486428454 -0.0219273249625971 0.0000451207488399 2.2227392810135633 0.6083080236819656 0.7231891530801362
10.4540629009332910 -0.0219463828022938 0.0000450235657889 2.2254641247383096 0.6080604956906405 0.7229753458982667
10.4592352532237367 -0.0219654384976150 0.0000449264108222 2.2281905562095643 0.6078130426298309 0.7227615282253144
10.4647924556216001 -0.0219859145223623 0.0000448220574755 2.2311216172117825 0.6075472615322310 0.7225317897752199
10.4997463413496543 -0.0221149434372180 0.0000441663865178 2.2495994708510225 0.6058775463496592 0.7210865031521407
10.5346893511259676 -0.0222443450106843 0.0000435121262990 2.2681438394892273 0.6042118327192405 0.7196412191196810
10.5695816546773962 -0.0223739736255058 0.0000428600318116 2.2867332327199965 0.6025520449298647 0.7181976112031477
10.5832514677000020 -0.0224248720951714 0.0000426048937501 2.2940355908264811 0.6019027505947846 0.7176319372897639
10.5969212807226079 -0.0224758348311151 0.0000423499448482 2.3013489473188988 0.6012540017235198 0.7170662040602560
10.6030793448990703 -0.0224988138935618 0.0000422351558421 2.3046471053088187 0.6009619279658414 0.7168113299773472
10.6092374090755328 -0.0225217869369694 0.0000421204088965 2.3079474924295540 0.6006699648473879 0.7165564442741692
10.6152973890117082 -0.0225444048645579 0.0000420075277124 2.3111974870293186 0.6003827607740484 0.7163056070954610
10.6501039875331003 -0.0226745610441964 0.0000413599022539 2.3299061707670345 0.5987352506366131 0.7148646686018263
10.6848154892216893 -0.0228047811569998 0.0000407152899833 2.3486344470736373 0.5970958260128886 0.7134273290239599
10.7194670671136940 -0.0229351974324362 0.0000400730408687 2.3674006612737206 0.5954628340609216 0.7119921579570697
10.7307965724653833 -0.0229779294447824 0.0000398633272355 2.3735515716131008 0.5949297054150798 0.7115228578252384
10.7421260778170726 -0.0230207068622954 0.0000396537487459 2.3797099647390287 0.5943969660556160 0.7110535276230859
10.7475918731277975 -0.0230413495298129 0.0000395526903691 2.3826836879580551 0.5941400909551972 0.7108270939097676
10.7530576684385224 -0.0230619955910805 0.0000394516648855 2.3856591508633711 0.5938833065646141 0.7106006534502897
10.7876457676515791 -0.0231928919565181 0.0000388131006195 2.4045284747972864 0.5922604660294851 0.7091675649959450
10.8221094121414474 -0.0233237422202176 0.0000381781045231 2.4233990118984567 0.5906471229153775 0.7077393909025076
10.8565047329126863 -0.0234547591112070 0.0000375456423396 2.4423007621230242 0.5890406490254451 0.7063138298089755
10.8684967838648543 -0.0235005392694878 0.0000373254335461 2.4489070139360924 0.5884814138272961 0.7058167557206636
10.8746315507399895 -0.0235239791979831 0.0000372128419540 2.4522897831839616 0.5881955003368790 0.7055624589155851
10.8777736820225481 -0.0235359900640402 0.0000371551901924 2.4540232262099066 0.5880491056592089 0.7054322098110370
10.8809158133051067 -0.0235479957465516 0.0000370975508075 2.4557572392722125 0.5879027416745354 0.7053019591851160
10.8846055510997157 -0.0235620966361529 0.0000370298801774 2.4577941814038935 0.5877309091028814 0.7051490067237954
10.9194978561829625 -0.0236956882480394 0.0000363906844643 2.4770955091682119 0.5861080817014596 0.7037025015233886
10.9536912395802535 -0.0238270368429737 0.0000357655929028 2.4960782243343589 0.5845215034667970 0.7022848149397410
10.9878074691748928 -0.0239585194300995 0.0000351432046552 2.5150850480333791 0.5829422254900837 0.7008701949334425
11.0013803064645437 -0.0240109488618785 0.0000348959542741 2.5226653021662728 0.5823149632718477 0.7003073690064461
11.0051650143217898 -0.0240255807602808 0.0000348270467196 2.5247808940260068 0.5821401606790275 0.7001504252788061
11.0089497221790360 -0.0240402080634759 0.0000347581570638 2.5268973059833724 0.5819654039696563 0.6999934803157570
11.0129121282009272 -0.0240555257383461 0.0000346860505504 2.5291139654448456 0.5817824916488167 0.6998291652300923
11.0468817987452397 -0.0241870850895562 0.0000340686075083 2.5481542099765564 0.5802164730138876 0.6984204435942374
11.0807808712422382 -0.0243188037666145 0.0000334537494015 2.5672205632094207 0.5786574539064208 0.6970145751395271
11.1145957328360652 -0.0244506292131215 0.0000328417232191 2.5863047726438144 0.5771060606234181 0.6956121453810318
11.1213695903698007 -0.0244770891412943 0.0000327192783889 2.5901355763451135 0.5767957354540139 0.6953312033171326
11.1251163989406496 -0.0244917324001340 0.0000326515733913 2.5922556200255369 0.5766241511136719 0.6951758059493492
11.1274787230048631 -0.0245009671155123 0.0000326088944715 2.5935926955207504 0.5765159928062449 0.6950778293427191
11.1296123908116602 -0.0245093036865656 0.0000325703532164 2.5948006239655634 0.5764183191034244 0.6949893360678466
11.1509490688796316 -0.0245927652882523 0.0000321852290718 2.6068941202531488 0.5754424116889979 0.6941043985462945
11.1845654625003270 -0.0247246161000085 0.0000315795255418 2.6260000427682337 0.5739079203170229 0.6927101520032785
11.2181108760733181 -0.0248566247215769 0.0000309764105427 2.6451293562103069 0.5723804363446606 0.6913188561043181
11.2288111449370653 -0.0248988248570955 0.0000307843063053 2.6512445674647704 0.5718939972082167 0.6908750670553236
11.2395114138008125 -0.0249410697804316 0.0000305923362732 2.6573662374763409 0.5714079441723294 0.6904312812808839
11.2483999657809566 -0.0249761802117808 0.0000304329748435 2.6624563241345860 0.5710044807667802 0.6900626380526460
11.2564842727561967 -0.0250081311619992 0.0000302881150568 2.6670897198802779 0.5706377548955703 0.6897273526029549
11.2897941240130013 -0.0251400503461173 0.0000296920610823 2.6862195441419034 0.5691290701480139 0.6883459042332046
11.3230434780644647 -0.0252721679943292 0.0000290984006953 2.7053767923769607 0.5676268972350325 0.6869670294562914
11.3327532037739545 -0.0253108330337191 0.0000289252837382 2.7109829333895781 0.5671889355458030 0.6865643749331184
11.3424629294834443 -0.0253495357700403 0.0000287522793169 2.7165943561485415 0.5667512976555232 0.6861617279369856
11.3484651100733949 -0.0253734792104860 0.0000286453909739 2.7200657629467027 0.5664809288544461 0.6859128309464370
11.3521518200676024 -0.0253881931185622 0.0000285797584868 2.7221989992913045 0.5663149221470044 0.6857599528954000
11.3558385300618099 -0.0254029049920098 0.0000285141436711 2.7243329961072176 0.5661489619930347 0.6856070760570632
11.3592902866521381 -0.0254166813164051 0.0000284527257790 2.7263316828199771 0.5659936208128094 0.6854639431463579
11.3916224212592105 -0.0255459550811089 0.0000278781273609 2.7450854400632094 0.5645405597118138 0.6841232926106409
11.4245620151425644 -0.0256780926093320 0.0000272940290373 2.7642515343175464 0.5630639267448171 0.6827575699004734
11.4573976024252193 -0.0258102532004836 0.0000267130834622 2.7834172428269408 0.5615957218223336 0.6813962932893239
11.4635073628213604 -0.0258348783329876 0.0000266051336561 2.7869900454080585 0.5613229469266550 0.6811430148936846
11.4690806571173045 -0.0258573527867365 0.0000265067023877 2.7902509470781105 0.5610742371101721 0.6809119801652602
11.5017753633354527 -0.0259894528658673 0.0000259300377449 2.8094151380003507 0.5596174264805588 0.6795567505459874
11.5343570958957127 -0.0261215372154043 0.0000253566695988 2.8285720210068308 0.5581694029727007 0.6782063741104501
11.5448695076356334 -0.0261642483297109 0.0000251719526366 2.8347654674669389 0.5577030045276630 0.6777707176408535
11.5553819193755540 -0.0262070057153090 0.0000249873720485 2.8409650187634368 0.5572369987242752 0.6773350811288898
11.5615605912453709 -0.0262321483915084 0.0000248789502935 2.8446116529568108 0.5569632868122059 0.6770790452179375
11.5677392631151879 -0.0262573001767709 0.0000247705770551 2.8482603937465059 0.5566897105847902 0.6768230164702339
11.6000337246018344 -0.0263890242644337 0.0000242049057315 2.8673657487025950 0.5552620093348585 0.6754849353986488
11.6322721157240085 -0.0265209602105537 0.0000236415102537 2.8864951879644067 0.5538405124043022 0.6741493912960435
11.6433513541547669 -0.0265664043516693 0.0000234481898854 2.8930825117009760 0.5533528548448243 0.6736904623300670
11.6485608613233111 -0.0265877905368309 0.0000233573428605 2.8961822295956439 0.5531237089617012 0.6734746814202260
11.6525585286619116 -0.0266042097346599 0.0000232876517865 2.8985618983432171 0.5529479335543742 0.6733090998336118
11.6565561960005120 -0.0266206265538889 0.0000232179824681 2.9009424437036788 0.5527722154535560 0.6731435219130922
11.6609655226031510 -0.0266387406560661 0.0000231411624130 2.9035691417946170 0.5525784696695138 0.6729608979057764
11.6929110302760790 -0.0267702267738911 0.0000225853313258 2.9226313468893452 0.5511768845450867 0.6716379271836525
11.7248042271432222 -0.0269019377525903 0.0000220316924724 2.9417180305239161 0.5497812882387311 0.6703173745384913
11.7364816400960486 -0.0269502732312257 0.0000218293039196 2.9487203460605169 0.5492712291908750 0.6698339316202747
11.7428426842017011 -0.0269766281027616 0.0000217191293281 2.9525378516830569 0.5489935937808461 0.6695706007388625
11.7492037283073536 -0.0270029862039373 0.0000216090087511 2.9563575637281279 0.5487161056014086 0.6693072807580116
11.7552931540179042 -0.0270282341565361 0.0000215036386710 2.9600162392463938 0.5484506047681066 0.6690552149160708
11.7868724656394459 -0.0271594293994458 0.0000209579530273 2.9790222487140343 0.5470759154781643 0.6677481855910957
11.8183950307338641 -0.0272908281546288 0.0000204145153878 2.9980481835252561 0.5457073501309770 0.6664437918337748
11.8244262582950981 -0.0273160190393213 0.0000203106839255 3.0016945732932396 0.5454459191392190 0.6661942553652048
11.8285342843206163 -0.0273331864872621 0.0000202399882736 3.0041793539304917 0.5452679285611877 0.6660242959291330
11.8326423103461345 -0.0273503536122428 0.0000201693157200 3.0066650496949188 0.5450899999938452 0.6658543416657646
11.8365607865697449 -0.0273667337949231 0.0000201019245899 3.0090369046796228 0.5449203393141798 0.6656922341585285
11.8675915120746076 -0.0274966923732503 0.0000195689446908 3.0278491854127383 0.5435787895188567 0.6644086618290858
11.8987770111573461 -0.0276277355321406 0.0000190345544944 3.0468077711489774 0.5422341482896671 0.6631190006429588
11.9057954520306630 -0.0276572880473224 0.0000189144604407 3.0510817294695998 0.5419320294565021 0.6628288010508038
11.9098500092756598 -0.0276743707415384 0.0000188451110400 3.0535520089142256 0.5417575789147923 0.6626611601903832
11.9134829583987276 -0.0276896780365922 0.0000187829919298 3.0557661726855256 0.5416013202594356 0.6625109560169633
11.9171159075217954 -0.0277049884482835 0.0000187208904323 3.0579810482513281 0.5414451107284165 0.6623607563555235
11.9477838087902626 -0.0278344725062365 0.0000181973355312 3.0767064833756148 0.5401284176915599 0.6610930135880633
11.9786175487347588 -0.0279650911647862 0.0000176721801319 3.0955842001623082 0.5388081563946551 0.6598187533052053
11.9843169417711142 -0.0279892830365881 0.0000175752444189 3.0990792033703611 0.5385645066876122 0.6595832536202061
11.9878096366836324 -0.0280041156886110 0.0000175158613113 3.1012218687187931 0.5384152539619355 0.6594389409588101
11.9913023315961507 -0.0280189486091835 0.0000174564951261 3.1033651888432474 0.5382660469235913 0.6592946328468294
11.9945590161131665 -0.0280327821907168 0.0000174011552002 3.1053642690782581 0.5381269634720032 0.6591600801141102
12.0250635928013025 -0.0281625969060512 0.0000168834717342 3.1241167817450659 0.5368261434399765 0.6578999523186556
12.0555417403162100 -0.0282927325846646 0.0000163674526606 3.1429028104312065 0.5355299618947201 0.6566412766611495
12.0622170013764283 -0.0283212927911037 0.0000162545978350 3.1470239184168403 0.5352465446062898 0.6563656533448780
12.0688922624366466 -0.0283498610568469 0.0000161418039820 3.1511474068422847 0.5349632958286274 0.6560900479714766
12.0751443530930711 -0.0283766362679887 0.0000160362138593 3.1550116494919411 0.5346981566379800 0.6558319306437048
12.1053452405596502 -0.0285062347872424 0.0000155268822801 3.1737073424191009 0.5334194876153819 0.6545853142349672
12.1144254408375041 -0.0285452844905851 0.0000153739816180 3.1793378959996539 0.5330357220503779 0.6542105808278329
12.1235056411153579 -0.0285843734656805 0.0000152211897646 3.1849728397740056 0.5326522709914348 0.6538358823236818
12.1290416561646932 -0.0286082245340018 0.0000151280890831 3.1884105045686284 0.5324186430650429 0.6536074534540827
12.1326418443427819 -0.0286237432509694 0.0000150675654644 3.1906469659349015 0.5322667726867771 0.6534589083617280
12.1362420325208706 -0.0286392615859834 0.0000150070602361 3.1928841166628130 0.5321149515652460 0.6533103688466555
12.1404338809804884 -0.0286573372829474 0.0000149366332282 3.1954897924693491 0.5319382423322145 0.6531374251724039
12.1699615835294104 -0.0287849028001563 0.0000144411989967 3.2138708236890348 0.5306953943614321 0.6519194138688559
12.1915707208938784 -0.0288785249316773 0.0000140793600225 3.2273518605703093 0.5297879647236793 0.6510282867522260
12.1972984842639587 -0.0289033785350703 0.0000139835542101 3.2309293225397000 0.5295477403018249 0.6507921180368884
12.2030262476340390 -0.0289282416513494 0.0000138877932437 3.2345085223750192 0.5293076417880690 0.6505559642559844
12.2110511542708178 -0.0289630966263196 0.0000137537015748 3.2395260970717619 0.5289714628424407 0.6502251252533063
12.2404932044435988 -0.0290912428054457 0.0000132624760632 3.2579639246026546 0.5277402034746399 0.6490115871208860
12.2499295120992393 -0.0291324040589519 0.0000131052807314 3.2638830250145645 0.5273462873087297 0.6486227287604024
12.2593658197548798 -0.0291736090967121 0.0000129482043067 3.2698068269326916 0.5269527153179336 0.6482339126929562
12.2623395897876524 -0.0291866035947425 0.0000128987276976 3.2716746352719746 0.5268287559105672 0.6481113895170011
12.2653133598204249 -0.0291995983137356 0.0000128492637034 3.2735429101802644 0.5267048305475766 0.6479888705816311
12.2683675697002883 -0.0292129477214315 0.0000127984742859 3.2754622071080557 0.5265775885999003 0.6478630419557934
12.2972325666677573 -0.0293393393460622 0.0000123190856569 3.2936255514412638 0.5253768240299933 0.6466740728988488
12.3056450045184693 -0.0293762528404548 0.0000121795823094 3.2989273493785625 0.5250274805121889 0.6463276355872537
12.3140574423691813 -0.0294132015919160 0.0000120401738849 3.3042328711694577 0.5246784119174209 0.6459812333362986
12.3194958129863359 -0.0294371065704916 0.0000119501013674 3.3076647013556131 0.5244528967046236 0.6457573141812634
12.3230868495575514 -0.0294528994854190 0.0000118906469201 3.3099316420044431 0.5243040487312927 0.6456094651628642
12.3266778861287669 -0.0294686928274460 0.0000118312109499 3.3121992604922785 0.5241552506727726 0.6454616226136620
12.3314900098135869 -0.0294898662507963 0.0000117515917537 3.3152390168147989 0.5239559343646617 0.6452635182194378
12.3600828233135953 -0.0296159148593720 0.0000112791503474 3.3333258054829940 0.5227734917124041 0.6440866582082043
12.3697126453749497 -0.0296584597126821 0.0000111202837561 3.3394269414264808 0.5223759727943141 0.6436903958878418
12.3793424674363042 -0.0297010514785441 0.0000109615421498 3.3455329380336574 0.5219788161411946 0.6432941816544540
12.3828757899246682 -0.0297166866368008 0.0000109033296961 3.3477745358016793 0.5218331842834176 0.6431488169818688
12.3861188361098797 -0.0297310412778231 0.0000108499147546 3.3498325530075439 0.5216995595531596 0.6430154003315522
12.4135846190893222 -0.0298528271149425 0.0000103981059854 3.3672842423950482 0.5205695249347949 0.6418856994455383
12.4229220843077659 -0.0298943179957644 0.0000102447380281 3.3732262300593718 0.5201860235653768 0.6415017295666254
12.4322595495262096 -0.0299358535468022 0.0000100914880248 3.3791727731346421 0.5198028643049275 0.6411178065306914
12.4378479030007689 -0.0299607283093240 0.0000099998273030 3.3827338810566348 0.5195737119175118 0.6408880560300675
12.4434362564753282 -0.0299856153452010 0.0000099082096003 3.3862966192108384 0.5193446820434955 0.6406583224593025
12.4714751555103138 -0.0301107261708154 0.0000094491676511 3.4041968246659375 0.5181974057627368 0.6395059193224950
12.4830955571512785 -0.0301626961937469 0.0000092592355939 3.4116273690374910 0.5177228374575129 0.6390284462036366
12.4898834496423365 -0.0301930804547047 0.0000091483754456 3.4159710688701614 0.5174458711643344 0.6387495718927994
12.4966713421333946 -0.0302234841189896 0.0000090375787899 3.4203171664841756 0.5171690864106017 0.6384707233828055
12.5243885233060919 -0.0303478819296048 0.0000085858102305 3.4380885670099626 0.5160407720963919 0.6373323639174293
12.5304154252952866 -0.0303749846258807 0.0000084877148180 3.4419581137067192 0.5157958301975204 0.6370848937269058
12.5340531117684471 -0.0303913523724558 0.0000084285308407 3.4442945874268762 0.5156480589783675 0.6369355370281337
12.5376907982416075 -0.0304077231034125 0.0000083693656640 3.4466317479969986 0.5155003399576371 0.6367861879393583
12.5410972663647957 -0.0304230583829423 0.0000083139777257 3.4488209767660942 0.5153620576836688 0.6366463386762520
12.5680914231013272 -0.0305447976358393 0.0000078756221142 3.4661905423173351 0.5142678817383284 0.6355383575242820
12.5807103097679338 -0.0306018391995956 0.0000076710463465 3.4743231978054760 0.5137573815471508 0.6350205586623107
12.5871988106725414 -0.0306311941835806 0.0000075659418777 3.4785081342789170 0.5134951334157837 0.6347543484073263
12.5931110990817441 -0.0306579611065601 0.0000074702214759 3.4823233236197835 0.5132563198862511 0.6345118007133381
12.6201218360557892 -0.0307804855188432 0.0000070335237905 3.4997762952691049 0.5121670504067993 0.6334039685146294
12.6321211602927708 -0.0308350326371835 0.0000068398461842 3.5075417427100208 0.5116840816691828 0.6329119628875438
12.6441204845297523 -0.0308896506139029 0.0000066463671776 3.5153146212867328 0.5112016864831794 0.6324200446395145
12.6537921743942334 -0.0309337303868793 0.0000064905630075 3.5215851185699685 0.5108132845351014 0.6320236128979225
12.6634638642587145 -0.0309778608306289 0.0000063348871673 3.5278604376388287 0.5104252559640554 0.6316272385854910
12.6659071051919572 -0.0309890169977795 0.0000062955809922 3.5294464574542044 0.5103272921477688 0.6315271165034403
12.6683503461251998 -0.0310001745963490 0.0000062562833635 3.5310327847629894 0.5102293520974662 0.6314269981094003
12.6722218797427253 -0.0310178594844417 0.0000061940299235 3.5335470917243499 0.5100742060857001 0.6312683591259488
12.6991034008578634 -0.0311408776429568 0.0000057623485830 3.5510261502326821 0.5089986213925934 0.6301671258048417
12.7045954505527785 -0.0311660595673568 0.0000056742757957 3.5546017951470663 0.5087792289815938 0.6299421931309204
12.7090122781470232 -0.0311863203359644 0.0000056034764155 3.5574785324867233 0.5086028762616646 0.6297613110904032
12.7134291057412678 -0.0312065896551336 0.0000055327042925 3.5603562722773514 0.5084266015932341 0.6295804413591256
12.7394160497646247 -0.0313260641569897 0.0000051168516581 3.5773080921338862 0.5073910518082625 0.6285165229384401
12.7424874942905060 -0.0313402097059890 0.0000050677627340 3.5793139489685815 0.5072688373142290 0.6283908049494283
12.7455589388163872 -0.0313543585616392 0.0000050186871819 3.5813202896543874 0.5071466606067189 0.6282650930119694
12.7495754304124507 -0.0313728667040189 0.0000049545316764 3.5839446875138337 0.5069869486370502 0.6281007101435671
12.7755152321501342 -0.0314926140862035 0.0000045407303924 3.6009138090823285 0.5059570382114038 0.6270393232715664
12.7791222467480523 -0.0315092950377398 0.0000044832634789 3.6032761503523023 0.5058140400503747 0.6268917685336048
12.7827292613459704 -0.0315259796379231 0.0000044258152276 3.6056391575643123 0.5056710940740391 0.6267442222837903
