0.0001100290751984 -0.0000000000028148 0.0000279234133348 0.0000000000000020 0.9999999999810134 0.9999999999822751
0.0001543353833469 -0.0000000000055388 0.0000279234133308 0.0000000000000054 0.9999999999624910 0.9999999999651223
0.0002093115930086 -0.0000000000101882 0.0000279234133241 0.0000000000000134 0.9999999999308765 0.9999999999358452
0.0002760177393210 -0.0000000000177174 0.0000279234133132 0.0000000000000308 0.9999999998796808 0.9999999998884342
0.0003554791764183 -0.0000000000293875 0.0000279234132964 0.0000000000000658 0.9999999998003286 0.9999999998149481
0.0004486751504174 -0.0000000000468171 0.0000279234132712 0.0000000000001323 0.9999999996818154 0.9999999997051954
0.0005565475333729 -0.0000000000720357 0.0000279234132347 0.0000000000002524 0.9999999995103392 0.9999999995463951
0.0006800026458465 -0.0000000001075391 0.0000279234131834 0.0000000000004604 0.9999999992689311 0.9999999993228318
0.0008199226882981 -0.0000000001563480 0.0000279234131129 0.0000000000008071 0.9999999989370516 0.9999999990154845
0.0009771587364944 -0.0000000002220638 0.0000279234130179 0.0000000000013662 0.9999999984902129 0.9999999986016758
0.0011525299449301 -0.0000000003089247 0.0000279234128924 0.0000000000022416 0.9999999978995967 0.9999999980547174
0.0013468353802374 -0.0000000004218690 0.0000279234127292 0.0000000000035773 0.9999999971316244 0.9999999973435126
0.0015608396704711 -0.0000000005665856 0.0000279234125200 0.0000000000055678 0.9999999961476149 0.9999999964322399
0.0017953037180964 -0.0000000007495921 0.0000279234122556 0.0000000000084727 0.9999999949032502 0.9999999952798572
0.0020509501107563 -0.0000000009782718 0.0000279234119251 0.0000000000126321 0.9999999933483285 0.9999999938398733
0.0023284852786867 -0.0000000012609459 0.0000279234115166 0.0000000000184855 0.9999999914262679 0.9999999920598889
0.0026286052584098 -0.0000000016069424 0.0000279234110165 0.0000000000265942 0.9999999890736431 0.9999999898811670
0.0029520058428492 -0.0000000020266748 0.0000279234104100 0.0000000000376671 0.9999999862196463 0.9999999872381339
0.0032993243796897 -0.0000000025316271 0.0000279234096802 0.0000000000525879 0.9999999827861916 0.9999999840584756
0.0036712247782800 -0.0000000031345247 0.0000279234088090 0.0000000000724508 0.9999999786867516 0.9999999802620605
0.0040683358572246 -0.0000000038493144 0.0000279234077760 0.0000000000985964 0.9999999738264949 0.9999999757610671
0.0044912773672408 -0.0000000046912607 0.0000279234065592 0.0000000001326539 0.9999999681016284 0.9999999704593749
0.0049406537530040 -0.0000000056769971 0.0000279234051347 0.0000000001765890 0.9999999613990520 0.9999999642522438
0.0054170733711758 -0.0000000068246328 0.0000279234034762 0.0000000002327580 0.9999999535956319 0.9999999570256415
0.0059211136019196 -0.0000000081537362 0.0000279234015554 0.0000000003039630 0.9999999445583110 0.9999999486563466
0.0064533606626430 -0.0000000096854935 0.0000279233993418 0.0000000003935214 0.9999999341430319 0.9999999390109502
0.0070143601658672 -0.0000000114426341 0.0000279233968025 0.0000000005053295 0.9999999221952454 0.9999999279463270
0.0076046849939812 -0.0000000134496925 0.0000279233939019 0.0000000006439530 0.9999999085481283 0.9999999153079850
0.0082248758144388 -0.0000000157328934 0.0000279233906024 0.0000000008147015 0.9999998930233626 0.9999999009307875
0.0088754838366646 -0.0000000183203590 0.0000279233868631 0.0000000010237328 0.9999998754297307 0.9999998846376511
0.0095570333544228 -0.0000000212420345 0.0000279233826408 0.0000000012781440 0.9999998555636181 0.9999998662400121
0.0102700260553656 -0.0000000245297431 0.0000279233778896 0.0000000015860801 0.9999998332086425 0.9999998455374824
0.0110150172435110 -0.0000000282176129 0.0000279233725600 0.0000000019568882 0.9999998081327458 0.9999998223151579
0.0117924781931546 -0.0000000323414935 0.0000279233666004 0.0000000024011855 0.9999997800921682 0.9999997963472963
0.0126029327535159 -0.0000000369396813 0.0000279233599553 0.0000000029310641 0.9999997488265107 0.9999997673927472
0.0134468625973912 -0.0000000420525018 0.0000279233525665 0.0000000035601914 0.9999997140615781 0.9999997351975828
0.0143247525171157 -0.0000000477226065 0.0000279233443723 0.0000000043039956 0.9999996755073594 0.9999996994932291
0.0152370906393616 -0.0000000539950564 0.0000279233353076 0.0000000051798428 0.9999996328574603 0.9999996599959395
0.0161843473109886 -0.0000000609172474 0.0000279233253040 0.0000000062072035 0.9999995857896089 0.9999996164072636
0.0171669937823264 -0.0000000685390982 0.0000279233142892 0.0000000074078665 0.9999995339643822 0.9999995684128673
0.0181854931797957 -0.0000000769130523 0.0000279233021876 0.0000000088061410 0.9999994770251879 0.9999995156825162
0.0192403284893069 -0.0000000860943869 0.0000279232889191 0.0000000104291236 0.9999994145961660 0.9999994578681327
0.0203319024000903 -0.0000000961403938 0.0000279232744011 0.0000000123067789 0.9999993462877582 0.9999993946089529
0.0214606752209408 -0.0000001071116278 0.0000279232585460 0.0000000144723973 0.9999992716882211 0.9999993255236678
0.0226271268309384 -0.0000001190717310 0.0000279232412618 0.0000000169628391 0.9999991903648171 0.9999992502115252
0.0238316949931587 -0.0000001320868848 0.0000279232224529 0.0000000198186963 0.9999991018675445 0.9999991682557858
0.0250747694566600 -0.0000001462257032 0.0000279232020201 0.0000000230845337 0.9999990057298593 0.9999990792243897
0.0263568009685714 -0.0000001615605050 0.0000279231798590 0.0000000268094759 0.9999989014600302 0.9999989826619511
0.0276782267352429 -0.0000001781666107 0.0000279231558606 0.0000000310473825 0.9999987885459116 0.9999988780941793
0.0290394453890295 -0.0000001961220448 0.0000279231299123 0.0000000358570970 0.9999986664569770 0.9999987650297599
0.0304408919717463 -0.0000002155085514 0.0000279231018958 0.0000000413030630 0.9999985346374052 0.9999986429539545
0.0318829810469713 -0.0000002364109473 0.0000279230716887 0.0000000474555339 0.9999983925104844 0.9999985113326764
0.0333660997718087 -0.0000002589170255 0.0000279230391640 0.0000000543909186 0.9999982394792655 0.9999983696130980
0.0348906915633932 -0.0000002831188949 0.0000279230041886 0.0000000621926054 0.9999980749174563 0.9999982172152161
0.0364571117974322 -0.0000003091108119 0.0000279229666263 0.0000000709507111 0.9999978981841603 0.9999980535455029
0.0380657727308533 -0.0000003369915036 0.0000279229263345 0.0000000807632661 0.9999977086080858 0.9999978779822806
0.0397170805977477 -0.0000003668632930 0.0000279228831652 0.0000000917364277 0.9999975054934890 0.9999976898812264
0.0414114408471916 -0.0000003988322582 0.0000279228369652 0.0000001039850338 0.9999972881190972 0.9999974885743745
0.0431491919771326 -0.0000004330069814 0.0000279227875776 0.0000001176326159 0.9999970557466092 0.9999972733779883
0.0449307765981548 -0.0000004695019291 0.0000279227348369 0.0000001328132681 0.9999968075977183 0.9999970435712813
0.0467565329036076 -0.0000005084334265 0.0000279226785750 0.0000001496706065 0.9999965428814772 0.9999967984217600
0.0486268578917884 -0.0000005499229866 0.0000279226186164 0.0000001683597100 0.9999962607716680 0.9999965371642656
0.0505421109793338 -0.0000005940953755 0.0000279225547807 0.0000001890469166 0.9999959604199542 0.9999962590131541
0.0525026734907518 -0.0000006410799767 0.0000279224868810 0.0000002119110679 0.9999956409466055 0.9999959631537071
0.0545089399700561 -0.0000006910107483 0.0000279224147236 0.0000002371441987 0.9999953014407897 0.9999956487424001
0.0565612157228505 -0.0000007440236710 0.0000279223381121 0.0000002649509057 0.9999949409779217 0.9999953149229713
0.0586599058867901 -0.0000008002615562 0.0000279222568401 0.0000002955515135 0.9999945585869767 0.9999949607961495
0.0608053821351980 -0.0000008598708387 0.0000279221706959 0.0000003291812294 0.9999941532722926 0.9999945854398439
0.0629979915470879 -0.0000009230017548 0.0000279220794625 0.0000003660909526 0.9999937240123650 0.9999941879080297
0.0652380922939376 -0.0000009898093774 0.0000279219829158 0.0000004065486513 0.9999932697528041 0.9999937672242245
0.0675260378079307 -0.0000010604532546 0.0000279218808251 0.0000004508400028 0.9999927894087964 0.9999933223837670
0.0698621695483763 -0.0000011350972280 0.0000279217729538 0.0000004992691296 0.9999922818663375 0.9999928523549598
0.0722468436572418 -0.0000012139103412 0.0000279216590576 0.0000005521600787 0.9999917459760573 0.9999923560733499
0.0746803940927601 -0.0000012970657190 0.0000279215388862 0.0000006098570168 0.9999911805608411 0.9999918324487861
0.0771631723206422 -0.0000013847419444 0.0000279214121817 0.0000006727261169 0.9999905844064658 0.9999912803567472
0.0796955374319099 -0.0000014771228715 0.0000279212786782 0.0000007411564864 0.9999899562628727 0.9999906986395204
0.0822778169916104 -0.0000015743962540 0.0000279211381046 0.0000008155601773 0.9999892948534955 0.9999900861148390
0.0849103242791715 -0.0000016767543159 0.0000279209901829 0.0000008963735800 0.9999885988713784 0.9999894415722875
0.0875934446895944 -0.0000017843972588 0.0000279208346240 0.0000009840613514 0.9999878669553290 0.9999887637512165
0.0903274327519766 -0.0000018975252659 0.0000279206711386 0.0000010791110983 0.9999870977442890 0.9999880513910938
0.0931126922309602 -0.0000020163498761 0.0000279204994209 0.0000011820438806 0.9999862897999943 0.9999873031598810
0.0959495349232909 -0.0000021410842645 0.0000279203191630 0.0000012934074209 0.9999854416730665 0.9999865177152388
0.0988382711598413 -0.0000022719468815 0.0000279201300491 0.0000014137802660 0.9999845518782667 0.9999856936816099
0.1017792553034955 -0.0000024091636719 0.0000279199317527 0.0000015437751935 0.9999836188794105 0.9999848296362476
0.1047727795174191 -0.0000025529632790 0.0000279197239435 0.0000016840360842 0.9999826411219743 0.9999839241394118
0.1078191743748814 -0.0000027035817366 0.0000279195062804 0.0000018352436725 0.9999816170011983 0.9999829757048294
0.1109187407434903 -0.0000028612593024 0.0000279192784162 0.0000019981139025 0.9999805448836134 0.9999819828196285
0.1140718404021796 -0.0000030262451301 0.0000279190399909 0.0000021734042060 0.9999794230752788 0.9999809439149220
0.1172787433580842 -0.0000031987894693 0.0000279187906429 0.0000023619068400 0.9999782498748163 0.9999798574149242
0.1205398232429736 -0.0000033791540149 0.0000279185299940 0.0000025644615010 0.9999770235030442 0.9999787216717809
0.1238553056738850 -0.0000035675982770 0.0000279182576693 0.0000027819418338 0.9999757421956516 0.9999775350513962
0.1272255581606371 -0.0000037643956711 0.0000279179732737 0.0000030152751239 0.9999744040937995 0.9999762958321160
0.1306508725559418 -0.0000039698214848 0.0000279176764094 0.0000032654303864 0.9999730073259392 0.9999750022804993
0.1341315467996246 -0.0000041841574591 0.0000279173666693 0.0000035334252245 0.9999715499766636 0.9999736526224705
0.1376678957272842 -0.0000044076926057 0.0000279170436358 0.0000038203287168 0.9999700300811536 0.9999722450381749
0.1412602174177537 -0.0000046407212133 0.0000279167068838 0.0000041272607609 0.9999684456387327 0.9999707776745298
0.1449088445042840 -0.0000048835462459 0.0000279163559754 0.0000044553984303 0.9999667945897642 0.9999692486238283
0.1486140865068942 -0.0000051364757318 0.0000279159904656 0.0000048059732377 0.9999650748402059 0.9999676559464774
0.1523761858403589 -0.0000053998195306 0.0000279156099066 0.0000051802682316 0.9999632842835917 0.9999659976913547
0.1561954899983010 -0.0000056739013281 0.0000279152138309 0.0000055796368837 0.9999614207194780 0.9999642718202789
0.1600722326017775 -0.0000059590433461 0.0000279148017728 0.0000060054833678 0.9999594819574097 0.9999624763042918
0.1640067474615316 -0.0000062555817223 0.0000279143732468 0.0000064592870340 0.9999574657123481 0.9999606090268114
0.1679993400121636 -0.0000065638574565 0.0000279139277600 0.0000069425915732 0.9999553696662314 0.9999586678406424
0.1720502931541107 -0.0000068842167009 0.0000279134648125 0.0000074570073862 0.9999531914660063 0.9999566505661506
0.1761599072017337 -0.0000072170139002 0.0000279129838921 0.0000080042187907 0.9999509287022778 0.9999545549714889
0.1803284545885958 -0.0000075626082382 0.0000279124844799 0.0000085859806003 0.9999485789334733 0.9999523787949737
0.1845562120302023 -0.0000079213662063 0.0000279119660464 0.0000092041245787 0.9999461396683810 0.9999501197289101
0.1888434649414624 -0.0000082936621090 0.0000279114280508 0.0000098605628651 0.9999436083627157 0.9999477754164112
0.1931905302868112 -0.0000086798802811 0.0000279108699380 0.0000105572946955 0.9999409824040469 0.9999453434374356
0.1975976538587097 -0.0000090804060492 0.0000279102911512 0.0000112963927259 0.9999382591732566 0.9999428213657026
0.2020651390322153 -0.0000094956371811 0.0000279096911159 0.0000120800262361 0.9999354359666942 0.9999402066965959
0.2065932395352512 -0.0000099259742574 0.0000279090692533 0.0000129104461415 0.9999325100616484 0.9999374969077957
0.2111822610416696 -0.0000103718302053 0.0000279084249669 0.0000137900058106 0.9999294786515270 0.9999346893992433
0.2158324747272483 -0.0000108336222537 0.0000279077576541 0.0000147211485758 0.9999263389005573 0.9999317815437992
0.2205441615724203 -0.0000113117761867 0.0000279070666997 0.0000157064188001 0.9999230879148746 0.9999287706604623
0.2253175905924431 -0.0000118067242474 0.0000279063514794 0.0000167484606103 0.9999197227567732 0.9999256540275661
0.2301530549122524 -0.0000123189089457 0.0000279056113539 0.0000178500289440 0.9999162404188258 0.9999224288588056
0.2350507967945021 -0.0000128487752134 0.0000279048456807 0.0000190139758316 0.9999126378772235 0.9999190923526342
0.2400111028972648 -0.0000133967805355 0.0000279040537989 0.0000202432752926 0.9999089120228962 0.9999156416284681
0.2450342679095849 -0.0000139633913948 0.0000279032350348 0.0000215410194486 0.9999050596856957 0.9999120737490778
0.2501205262558421 -0.0000145490755042 0.0000279023887127 0.0000229104037611 0.9999010776872054 0.9999083857694956
0.2552701781292896 -0.0000151543161354 0.0000279015141347 0.0000243547633312 0.9998969627433334 0.9999045746467955
0.2604834559318789 -0.0000157795968032 0.0000279006106025 0.0000258775405062 0.9998927115684435 0.9999006373365326
0.2657606516278977 -0.0000164254162634 0.0000278996773957 0.0000274823241099 0.9998883207733931 0.9998965706983028
0.2711020207292877 -0.0000170922772147 0.0000278987137883 0.0000291728258735 0.9998837869423532 0.9998923715668884
0.2765078394703435 -0.0000177806932796 0.0000278977190386 0.0000309529012608 0.9998791065853542 0.9998880367082987
0.2819783267229278 -0.0000184911791033 0.0000278966924034 0.0000328265275187 0.9998742762056041 0.9998835628821181
0.2875137767700622 -0.0000192242674526 0.0000278956331132 0.0000347978520160 0.9998692921832487 0.9998789467338371
0.2931144545062553 -0.0000199804959762 0.0000278945403918 0.0000368711620212 0.9998641508653890 0.9998741848782219
0.2987806309053402 -0.0000207604118347 0.0000278934134490 0.0000390509007999 0.9998588485346123 0.9998692738701603
0.3045125260452057 -0.0000215645637919 0.0000278922514923 0.0000413416491868 0.9998533814627645 0.9998642102544611
0.3103104380644339 -0.0000223935202228 0.0000278910537012 0.0000437481805743 0.9998477457885341 0.9998589904524651
0.3161746008679029 -0.0000232478493196 0.0000278898192553 0.0000462754090163 0.9998419376520276 0.9998536108866818
0.3221052660007556 -0.0000241281305625 0.0000278885473178 0.0000489284259438 0.9998359531167933 0.9998480679085622
0.3281027193430592 -0.0000250349575848 0.0000278872370317 0.0000517125140949 0.9998297881503552 0.9998423577804595
0.3341671465377922 -0.0000259689178194 0.0000278858875490 0.0000546330892472 0.9998234387625911 0.9998364768037921
0.3402988167868681 -0.0000269306202465 0.0000278844979905 0.0000576957895715 0.9998169008171003 0.9998304211443196
0.3464980606785972 -0.0000279206930825 0.0000278830674492 0.0000609064762937 0.9998101700469330 0.9998241868467015
0.3527650662712860 -0.0000289397513021 0.0000278815950374 0.0000642711332334 0.9998032422753891 0.9998177700390021
0.3591000830187752 -0.0000299884286999 0.0000278800798403 0.0000677959737069 0.9997961131980669 0.9998111667308069
0.3655033977588444 -0.0000310673747809 0.0000278785209204 0.0000714874375201 0.9997887784040136 0.9998043728328031
0.3719752320425541 -0.0000321772376398 0.0000278769173422 0.0000753521377655 0.9997812334921272 0.9997973842645879
0.3785158235210609 -0.0000333186773852 0.0000278752681530 0.0000793969105886 0.9997734739799065 0.9997901968701385
0.3851254136492072 -0.0000344923642546 0.0000278735723855 0.0000836288142678 0.9997654953162805 0.9997828064296852
0.3918042714792630 -0.0000356989830837 0.0000278718290513 0.0000880551511895 0.9997572928512368 0.9997752086315684
0.3985526400004326 -0.0000369392238699 0.0000278700371548 0.0000926834392727 0.9997488618999865 0.9997673991316611
0.4053707363942740 -0.0000382137814930 0.0000278681956932 0.0000975214149255 0.9997401977448739 0.9997593735551287
0.4122588433842734 -0.0000395233728932 0.0000278663036320 0.0001025771038820 0.9997312955186177 0.9997511273882639
0.4192171667424129 -0.0000408687104203 0.0000278643599433 0.0001078587253333 0.9997221503854949 0.9997426561463040
0.4262459610505600 -0.0000422505255963 0.0000278623635719 0.0001133747885605 0.9997127573798188 0.9997339552238025
0.4333454345290988 -0.0000436695508077 0.0000278603134609 0.0001191340268998 0.9997031115304104 0.9997250200099136
0.4405158868976173 -0.0000451265468566 0.0000278582085130 0.0001251455152043 0.9996932076733291 0.9997158457149080
0.4477575084367165 -0.0000466222627275 0.0000278560476476 0.0001314185119922 0.9996830407253796 0.9997064276235151
0.4550705557305080 -0.0000481574710163 0.0000278538297503 0.0001379626103236 0.9996726054432976 0.9996967608718372
0.4624552426759385 -0.0000497329456904 0.0000278515537048 0.0001447876515230 0.9996618965749441 0.9996868405873898
0.4699118496967174 -0.0000513494852990 0.0000278492183593 0.0001519038313958 0.9996509087015578 0.9996766617429573
0.4774405621833314 -0.0000530078783358 0.0000278468225767 0.0001593215555427 0.9996396364732072 0.9996662193746919
0.4850416448106556 -0.0000547089409719 0.0000278443651801 0.0001670516114422 0.9996280743523384 0.9996555083445271
0.4927153396684900 -0.0000564534951889 0.0000278418449840 0.0001751050795233 0.9996162167624250 0.9996445234778666
0.5004618436425629 -0.0000582423631960 0.0000278392608031 0.0001834933118519 0.9996040581259371 0.9996332595987424
0.5082813933818356 -0.0000600763867712 0.0000278366114237 0.0001922280280036 0.9995915927328991 0.9996217114080304
0.5161742334985047 -0.0000619564204225 0.0000278338956138 0.0002013212919603 0.9995788147873975 0.9996098735265148
0.5241406059370640 -0.0000638833290229 0.0000278311121267 0.0002107855082378 0.9995657184236799 0.9995977405097833
0.5321806992528475 -0.0000658579752900 0.0000278282597188 0.0002206333660144 0.9995522977912723 0.9995853069270659
0.5402947662742266 -0.0000678812484214 0.0000278253371086 0.0002308779875483 0.9995385468603831 0.9995725671809311
0.5484830235750137 -0.0000699540397411 0.0000278223430114 0.0002415328154011 0.9995244595874470 0.9995595156606342
0.5567457316805039 -0.0000720772628524 0.0000278192761106 0.0002526117224823 0.9995100297781867 0.9995461466152255
0.5650830718652324 -0.0000742518221891 0.0000278161351030 0.0002641288562815 0.9994952513013704 0.9995324543515722
0.5734953034638836 -0.0000764786535048 0.0000278129186404 0.0002760988578651 0.9994801178136725 0.9995184329794218
0.5819826304212961 -0.0000787586893590 0.0000278096253791 0.0002885366880681 0.9994646229942578 0.9995040766287200
0.5905452857864222 -0.0000810928813043 0.0000278062539484 0.0003014577534106 0.9994487603940264 0.9994893793099119
0.5991834946606474 -0.0000834821902169 0.0000278028029643 0.0003148778625780 0.9994325235013624 0.9994743349748327
0.6078974537525849 -0.0000859275804355 0.0000277992710378 0.0003288132001668 0.9994159057819897 0.9994589375536139
0.6166873989769899 -0.0000884300386411 0.0000277956567479 0.0003432804416399 0.9993989005507067 0.9994431808358100
0.6255535598981978 -0.0000909905614805 0.0000277919586596 0.0003582966931614 0.9993815010555253 0.9994270585483308
0.6344961630689114 -0.0000936101565002 0.0000277881753219 0.0003738795051121 0.9993637004713610 0.9994105643495674
0.6435153836693507 -0.0000962898276918 0.0000277843052896 0.0003900467926673 0.9993454919982859 0.9993936919204071
0.6526114705084521 -0.0000990306124130 0.0000277803470693 0.0004068170655729 0.9993268686106827 0.9993764347317664
0.6617846455774198 -0.0001018335521094 0.0000277762991620 0.0004242092634059 0.9993078232562317 0.9993587862289449
0.6710351327812238 -0.0001046997007880 0.0000277721600507 0.0004422428150083 0.9992883487983741 0.9993407397782771
0.6803631270267856 -0.0001076301153566 0.0000277679282145 0.0004609375859290 0.9992684380819865 0.9993222887279621
0.6897688275254487 -0.0001106258657478 0.0000277636021139 0.0004803139496646 0.9992480838646347 0.9993034263443278
0.6992525082232701 -0.0001136880579761 0.0000277591801577 0.0005003929497271 0.9992272786599573 0.9992841456666536
0.7088143403040772 -0.0001168177773756 0.0000277546607846 0.0005211959401471 0.9992060151233764 0.9992644398645799
0.7184545449555383 -0.0001200161374196 0.0000277500423932 0.0005427449115302 0.9991842857204378 0.9992443019307196
0.7281733288301205 -0.0001232842590604 0.0000277453233712 0.0005650623660556 0.9991620828672334 0.9992237248107529
0.7379709014415641 -0.0001266232764432 0.0000277405020880 0.0005881713650538 0.9991393988916245 0.9992027013674547
0.7478474782902140 -0.0001300343381297 0.0000277355768920 0.0006120955481244 0.9991162260249771 0.9991812243729944
0.7578032772914418 -0.0001335186060513 0.0000277305461131 0.0006368591368143 0.9990925564093273 0.9991592865155363
0.7678384938486573 -0.0001370772467424 0.0000277254080746 0.0006624868818728 0.9990683821569827 0.9991368804544404
0.7779533659279518 -0.0001407114544218 0.0000277201610600 0.0006890042394999 0.9990436951937824 0.9991139986749451
0.7881480449089622 -0.0001444224047503 0.0000277148033803 0.0007164370451416 0.9990184875732706 0.9990906337793237
0.7984227536619646 -0.0001482113115188 0.0000277093332916 0.0007448119364853 0.9989927510916714 0.9990667781299714
0.8087777117313737 -0.0001520794002911 0.0000277037490333 0.0007741561753855 0.9989664774669965 0.9990424240153647
0.8192131414275661 -0.0001560279107207 0.0000276980488250 0.0008044976763734 0.9989396583233636 0.9990175636354793
0.8297292263227947 -0.0001600580806885 0.0000276922308891 0.0008358648942475 0.9989122852987957 0.9989921892016711
0.8403261739442521 -0.0001641711699154 0.0000276862934171 0.0008682870154221 0.9988843498848942 0.9989662927880115
0.8510042232281201 -0.0001683684635690 0.0000276802345638 0.0009017940027653 0.9988558434024220 0.9989398663085939
0.8617635379834859 -0.0001726512304467 0.0000276740525083 0.0009364162733527 0.9988267572853651 0.9989129017808176
0.8726043135693374 -0.0001770207644372 0.0000276677453941 0.0009721850367722 0.9987970827994048 0.9988853910643559
0.8835267602246509 -0.0001814783785306 0.0000276613113371 0.0010091322630972 0.9987668110826718 0.9988573258988751
0.8945310745527102 -0.0001860253934113 0.0000276547484429 0.0010472906016345 0.9987359332232854 0.9988286979758642
0.9056174253857646 -0.0001906631312316 0.0000276480548154 0.0010866933369893 0.9987044403016984 0.9987994989778439
0.9167860517712186 -0.0001953929567110 0.0000276412284976 0.0011273747507870 0.9986723231116819 0.9987697203196158
0.9280371800977827 -0.0002002162432841 0.0000276342675202 0.0011693698529782 0.9986395723902929 0.9987393533614075
0.9393709758450126 -0.0002051343517880 0.0000276271699330 0.0012127142030858 0.9986061789626514 0.9987083895430611
0.9507876406948099 -0.0002101486718392 0.0000276199337443 0.0012574442803346 0.9985721334610591 0.9986768201235371
0.9622873722210025 -0.0002152606048301 0.0000276125569464 0.0013035973502637 0.9985374264405416 0.9986446362879802
0.9738703228673591 -0.0002204715453240 0.0000276050375418 0.0013512113057814 0.9985020485052359 0.9986118292648596
0.9855367069230011 -0.0002257829288964 0.0000275973734745 0.0014003251141021 0.9984659899836705 0.9985783900247842
0.9972867798916923 -0.0002311962243109 0.0000275895626411 0.0014509787714155 0.9984292409819959 0.9985443093297722
1.0091207113646448 -0.0002367128751145 0.0000275816029753 0.0015032127710180 0.9983917917805691 0.9985095781009672
1.0210386887777652 -0.0002423343465818 0.0000275734923801 0.0015570685476248 0.9983536325153353 0.9984741871230970
1.0330408228207422 -0.0002480620808661 0.0000275652287925 0.0016125880582596 0.9983147534823555 0.9984381273268416
1.0451274020227483 -0.0002538976185445 0.0000275568100082 0.0016698149739324 0.9982751443128696 0.9984013890236400
1.0572985850101442 -0.0002598424524908 0.0000275482338923 0.0017287932837769 0.9982347949652970 0.9983639628256675
1.0695545826181461 -0.0002658981147888 0.0000275394982542 0.0017895681512722 0.9981936951353878 0.9983258390986788
1.0818955819393283 -0.0002720661401016 0.0000275306009002 0.0018521855691357 0.9981518345049527 0.9982870081926296
1.0943217801190488 -0.0002783480822450 0.0000275215396099 0.0019166925383381 0.9981092026294823 0.9982474603373542
1.1068332948348012 -0.0002847454685111 0.0000275123122017 0.0019831366086374 0.9980657892482208 0.9982071859301335
1.1194303314000214 -0.0002912598843214 0.0000275029164111 0.0020515667635253 0.9980215837097870 0.9981661750027779
1.1321130962090795 -0.0002978929303179 0.0000274933499524 0.0021220330027430 0.9979765752635050 0.9981244174917774
1.1448818118508339 -0.0003046462305058 0.0000274836105072 0.0021945864460118 0.9979307530042744 0.9980819031870573
1.1577365994253535 -0.0003115213695174 0.0000274736958147 0.0022692786685035 0.9978841062983469 0.9980386221269374
1.1706776911760539 -0.0003185200052792 0.0000274636035091 0.0023461629282425 0.9978366240189871 0.9979945638888725
1.1837052656523119 -0.0003256437817709 0.0000274533312458 0.0024252932431342 0.9977882951385388 0.9979497181386816
1.1968194882452994 -0.0003328943500115 0.0000274428766710 0.0025067246263597 0.9977391085861367 0.9979040744984469
1.2100205660968100 -0.0003402733985795 0.0000274322373777 0.0025905134460538 0.9976890530407992 0.9978576223544047
1.2233086778962015 -0.0003477826150656 0.0000274214109614 0.0026767170107569 0.9976381171930632 0.9978103510996261
1.2366839790733506 -0.0003554236882472 0.0000274103950166 0.0027653936012903 0.9975862897303431 0.9977622501203454
1.2501466546696320 -0.0003631983381226 0.0000273991870941 0.0028566028328297 0.9975335591333466 0.9977133086069113
1.2636968180349595 -0.0003711082574387 0.0000273877847851 0.0029504049847204 0.9974799140727945 0.9976635159218921
1.2773347815170981 -0.0003791552700650 0.0000273761854928 0.0030468628987691 0.9974253423354820 0.9976128606031377
1.2910607169206949 -0.0003873411337772 0.0000273643867168 0.0031460396688177 0.9973698321619833 0.9975613316052763
1.3048746739134922 -0.0003956675470321 0.0000273523860432 0.0032479986891594 0.9973133722007085 0.9975089182570722
1.3187769221019781 -0.0004041363545786 0.0000273401808489 0.0033528061811413 0.9972559501138182 0.9974556089671597
1.3327676239688380 -0.0004127493521812 0.0000273277685821 0.0034605288412025 0.9971975539015833 0.9974013924533053
1.3468469609644800 -0.0004215083620827 0.0000273151466545 0.0035712347752075 0.9971381713908271 0.9973462572674062
1.3610150107391825 -0.0004304151560994 0.0000273023125515 0.0036849925363199 0.9970777907564452 0.9972901922796026
1.3752720597868913 -0.0004394716518914 0.0000272892635498 0.0038018736450713 0.9970163991910120 0.9972331854428523
1.3896182836866551 -0.0004486797136159 0.0000272759970046 0.0039219500820837 0.9969539842564238 0.9971752250477802
1.4040537669898978 -0.0004580411612917 0.0000272625103358 0.0040452943841769 0.9968905338204535 0.9971162996637410
1.4185787436912920 -0.0004675579261653 0.0000272488008049 0.0041719817009692 0.9968260350038542 0.9970563971608964
1.4331933301370270 -0.0004772318780827 0.0000272348657630 0.0043020875453028 0.9967604753506123 0.9969955057968517
1.4478977777351854 -0.0004870649914231 0.0000272207024122 0.0044356900251597 0.9966938417035489 0.9969336131722281
1.4626921927158303 -0.0004970591594822 0.0000272063080730 0.0045728673635869 0.9966261214624140 0.9968707073990309
1.4775767616349864 -0.0005072163442266 0.0000271916799685 0.0047136999374245 0.9965573015692273 0.9968067761580763
1.4925517120861655 -0.0005175385518867 0.0000271768152598 0.0048582699900051 0.9964873686739592 0.9967418068526588
1.5076171300631918 -0.0005280277066529 0.0000271617112276 0.0050066598751811 0.9964163099904155 0.9966757874035514
1.5227731543760954 -0.0005386857831961 0.0000271463650818 0.0051589539106139 0.9963441123985459 0.9966087054149326
1.5380200548862455 -0.0005495148558634 0.0000271307738782 0.0053152392591461 0.9962707620537641 0.9965405478111209
1.5533545047342217 -0.0005605143995366 0.0000271149383810 0.0054755667226185 0.9961962625549300 0.9964713177197383
1.5687834879379949 -0.0005716913843220 0.0000270988486695 0.0056400967589764 0.9961205672408222 0.9964009715558677
1.5843038280560164 -0.0005830454815963 0.0000270825052769 0.0058088855637785 0.9960436786263500 0.9963295114247240
1.5999156350972192 -0.0005945787225507 0.0000270659053403 0.0059820249018071 0.9959655832520342 0.9962569245802845
1.6156190465891009 -0.0006062931730925 0.0000270490459493 0.0061596084186568 0.9958862674327186 0.9961831980593631
1.6314142566570027 -0.0006181909568883 0.0000270319241121 0.0063417320294840 0.9958057171018541 0.9961083185366301
1.6473014056328530 -0.0006302741731168 0.0000270145368743 0.0065284926935239 0.9957239183686242 0.9960322728422905
1.6632806790065071 -0.0006425449709011 0.0000269968812117 0.0067199895720797 0.9956408570142602 0.9959550474936767
1.6793522144425741 -0.0006550054785904 0.0000269789541320 0.0069163229555442 0.9955565189710304 0.9958766291403621
1.6955161945405464 -0.0006676578749910 0.0000269607525729 0.0071175953954657 0.9954708898403271 0.9957970041159139
1.7117727507154741 -0.0006805043147758 0.0000269422735086 0.0073239105484964 0.9953839553977835 0.9957161589073643
1.7281220534153483 -0.0006935469989249 0.0000269235138493 0.0075353743147559 0.9952957011167973 0.9956340797119531
1.7445642208398253 -0.0007067881023876 0.0000269044705449 0.0077520936931799 0.9952061126583122 0.9955507528924114
1.7610994101311856 -0.0007202298466227 0.0000268851404809 0.0079741779749306 0.9951151753802256 0.9954661645205023
1.7777278231436979 -0.0007338745058802 0.0000268655204693 0.0082017388941326 0.9950228742952842 0.9953803003375578
1.7944495421451896 -0.0007477242722588 0.0000268456074428 0.0084348883966123 0.9949291949841944 0.9952931466037026
1.8112647999363609 -0.0007617814780001 0.0000268253981350 0.0086737423796131 0.9948341220922263 0.9952046886990468
1.8281736909210118 -0.0007760483564591 0.0000268048894247 0.0089184166938770 0.9947376409463143 0.9951149126279025
1.8451764032348481 -0.0007905272353448 0.0000267840780574 0.0091690304352012 0.9946397362483629 0.9950238038028297
1.8622730804697898 -0.0008052204210510 0.0000267629608122 0.0094257039995887 0.9945403928578527 0.9949313477725630
1.8794638136021875 -0.0008201301899210 0.0000267415345143 0.0096885589214398 0.9944395958510805 0.9948375302770225
1.8967487974458659 -0.0008352589237532 0.0000267197958400 0.0099577202808378 0.9943373296053790 0.9947423363947205
1.9141281558906109 -0.0008506089589209 0.0000266977415340 0.0102333140778052 0.9942335788195210 0.9946457514922257
1.9316020476750875 -0.0008661826782781 0.0000266753682772 0.0105154688780473 0.9941283278927373 0.9945477606459220
1.9491706435970604 -0.0008819824920140 0.0000266526727144 0.0108043155095129 0.9940215610545461 0.9944483487625541
1.9668340577330599 -0.0008980107754975 0.0000266296515436 0.0110999859435159 0.9939132627850882 0.9943475009703722
1.9845924248249855 -0.0009142699381817 0.0000266063014170 0.0114026145643486 0.9938034173497998 0.9942452021856492
2.0024458645013414 -0.0009307623912819 0.0000265826189876 0.0117123375980856 0.9936920090181676 0.9941414373161165
2.0203945133429553 -0.0009474905772064 0.0000265586008669 0.0120292936843653 0.9935790218652680 0.9940361910758689
2.0384385377042213 -0.0009644569823985 0.0000265342436068 0.0123536241594602 0.9934644396854833 0.9939294479046549
2.0565781272589780 -0.0009816641324648 0.0000265095437065 0.0126854730096613 0.9933482460258903 0.9938211919986136
2.0748133358031602 -0.0009991144401907 0.0000264844978307 0.0130249839453780 0.9932304252128611 0.9937114082665350
2.0931443621145625 -0.0010168104721892 0.0000264591024269 0.0133723055715976 0.9931109605518913 0.9936000806523629
2.1115713238994136 -0.0010347547339509 0.0000264333540343 0.0137275872560496 0.9929898357794323 0.9934871934875953
2.1300943543814337 -0.0010529497617472 0.0000264072491517 0.0140909809307471 0.9928670344427362 0.9933727309131808
2.1487135172355702 -0.0010713980386722 0.0000263807843581 0.0144626394305494 0.9927425404668712 0.9932566774077681
2.1674290322879690 -0.0010901022182224 0.0000263539559920 0.0148427210200634 0.9926163366463652 0.9931390163813153
2.1862409854745444 -0.0011090648374264 0.0000263267605633 0.0152313836487373 0.9924884065815606 0.9930197319798135
2.2051495599152746 -0.0011282885470349 0.0000262991944228 0.0156287896382998 0.9923587331258110 0.9928988076373386
2.2241548430198033 -0.0011477759171432 0.0000262712540412 0.0160351017241995 0.9922272996972838 0.9927762272988782
2.2432570382334136 -0.0011675296529483 0.0000262429357000 0.0164504875510801 0.9920940888240837 0.9926519740632467
2.2624561951082121 -0.0011875523171773 0.0000262142358895 0.0168751138930923 0.9919590840167213 0.9925260319291728
2.2817524681123609 -0.0012078465966814 0.0000261851509265 0.0173091522626985 0.9918222679706623 0.9923983841184790
2.3011459528626279 -0.0012284151326795 0.0000261556771978 0.0177527753567169 0.9916836237115226 0.9922690141439706
2.3206367658667797 -0.0012492606038129 0.0000261258110414 0.0182061588399446 0.9915431340355363 0.9921379052871349
2.3402251010296409 -0.0012703857882922 0.0000260955486575 0.0186694827588382 0.9914007810914117 0.9920050402074041
2.3599109988231786 -0.0012917933153554 0.0000260648864648 0.0191429261244929 0.9912565480557000 0.9918704025054652
2.3796946576862967 -0.0013134860012341 0.0000260338206189 0.0196266743098005 0.9911104168694072 0.9917339746103528
2.3995761652854988 -0.0013354665580012 0.0000260023474299 0.0201209126597135 0.9909623702002873 0.9915957396107241
2.4195556313613888 -0.0013577377372577 0.0000259704631568 0.0206258296768955 0.9908123904751878 0.9914556803512906
2.4396331717865105 -0.0013803023131687 0.0000259381640313 0.0211416166802493 0.9906604599949256 0.9913137795396404
2.4598088791849135 -0.0014031630493433 0.0000259054463059 0.0216684670708047 0.9905065611578288 0.9911700199546547
2.4800829137409544 -0.0014263228019361 0.0000258723061061 0.0222065787381749 0.9903506757662395 0.9910243837982944
2.5004554158369445 -0.0014497844217925 0.0000258387395709 0.0227561518579774 0.9901927856860040 0.9908768533111190
2.5209264413253276 -0.0014735506781159 0.0000258047429618 0.0233173870885457 0.9900328733605037 0.9907274112523924
2.5414961212246658 -0.0014976244421794 0.0000257703124003 0.0238904898952012 0.9898709205748843 0.9905760397450152
2.5621645911521318 -0.0015220086072872 0.0000257354439824 0.0244756687307343 0.9897069089954710 0.9904227207789982
2.5829319667380233 -0.0015467060596683 0.0000257001338204 0.0250731343612323 0.9895408203661403 0.9902674363946250
2.6037983060992946 -0.0015717196323933 0.0000256643781091 0.0256830987424734 0.9893726368186292 0.9901101689723285
2.6247637386841522 -0.0015970522589453 0.0000256281729059 0.0263057787691293 0.9892023398404566 0.9899509002672887
2.6458284162259535 -0.0016227068098469 0.0000255915142143 0.0269413949776112 0.9890299106559828 0.9897896117650751
2.6668321375432638 -0.0016484885536862 0.0000255546803078 0.0275852169039839 0.9888566581753280 0.9896275271312356
2.6880952579637185 -0.0016747937469618 0.0000255171056297 0.0282472850834071 0.9886799222912299 0.9894621567371712
2.7094574048871087 -0.0017014291336783 0.0000254790665820 0.0289229464509105 0.9885010031301994 0.9892947157834646
2.7309191664082157 -0.0017283982916629 0.0000254405583354 0.0296124469647934 0.9883198780117657 0.9891251820046111
2.7524806459077333 -0.0017557042171524 0.0000254015768983 0.0303160206607143 0.9881365281982606 0.9889535367984749
2.7741419720044562 -0.0017833499544490 0.0000253621182181 0.0310339054963110 0.9879509346648836 0.9887797612680578
2.7959031973488155 -0.0018113384665199 0.0000253221783656 0.0317663400117061 0.9877630789690806 0.9886038370350768
2.8177644968998790 -0.0018396728892179 0.0000252817531727 0.0325135699884903 0.9875729415448292 0.9884257446422187
2.8397258593959753 -0.0018683561328877 0.0000252408388008 0.0332758380087007 0.9873805043770607 0.9882454660574438
2.8617874329065307 -0.0018973913295798 0.0000251994311029 0.0340533952579230 0.9871857480012713 0.9880629818632751
2.8839493351756502 -0.0019267815885829 0.0000251575259726 0.0348464951411924 0.9869886531450370 0.9878782727936279
2.9062116708800501 -0.0019565300180742 0.0000251151193134 0.0356553938621375 0.9867892005833763 0.9876913195979321
2.9285744900660786 -0.0019866396683078 0.0000250722071197 0.0364803488707479 0.9865873715201977 0.9875021033983585
2.9510378662742891 -0.0020171136352276 0.0000250287853296 0.0373216216853775 0.9863831468942504 0.9873106050388760
2.9736019707268064 -0.0020479551634505 0.0000249848496776 0.0381794808263278 0.9861765066902500 0.9871168044384181
2.9962668058301092 -0.0020791672829332 0.0000249403962134 0.0390541917623378 0.9859674323742603 0.9869206828742634
3.0190324294870474 -0.0021107531126697 0.0000248954208685 0.0399460253030460 0.9857559048591251 0.9867222210738273
3.0418990208707042 -0.0021427159558292 0.0000248499193217 0.0408552604195539 0.9855419038690011 0.9865213986172779
3.0648666133090243 -0.0021750589285332 0.0000248038875274 0.0417821737724935 0.9853254104261434 0.9863181962702693
3.0879353053815146 -0.0022077852528507 0.0000247573212987 0.0427270480147919 0.9851064048896488 0.9861125941432556
3.1111051854768652 -0.0022408981520037 0.0000247102164569 0.0436901688560696 0.9848848676581273 0.9859045723502183
3.1343763415428176 -0.0022744008639361 0.0000246625688124 0.0446718254737322 0.9846607790797534 0.9856941109237002
3.1577488285678728 -0.0023082965939724 0.0000246143742319 0.0456723091370822 0.9844341197697160 0.9854811901124705
3.1812227191432143 -0.0023425885872123 0.0000245656285361 0.0466919153428539 0.9842048701268382 0.9852657899270368
3.2047981502647809 -0.0023772801985909 0.0000245163273998 0.0477309459746185 0.9839730098665577 0.9850478896999446
3.2284750881874640 -0.0024123745465422 0.0000244664668449 0.0487896989467901 0.9837385203365432 0.9848274702614404
3.2522536624133771 -0.0024478750042748 0.0000244160425419 0.0498684829386724 0.9835013812342053 0.9846045108540572
3.2761339708465598 -0.0024837849145060 0.0000243650502159 0.0509676089212456 0.9832615725146161 0.9843789909247772
3.3001160250211763 -0.0025201075045287 0.0000243134857670 0.0520873875064095 0.9830190749580768 0.9841508906586591
3.3241999214086908 -0.0025568461437810 0.0000242613449052 0.0532281368552801 0.9827738684510641 0.9839201893616053
3.3483857383811171 -0.0025940041896101 0.0000242086233693 0.0543901780051375 0.9825259330174532 0.9836868664293766
3.3726735271954769 -0.0026315849273858 0.0000241553169490 0.0555738343927420 0.9822752489191452 0.9834509014418990
3.3964552867475772 -0.0026686402617416 0.0000241027695293 0.0567491692405194 0.9820281359787293 0.9832182433798529
3.4209462796195869 -0.0027070676546202 0.0000240482918269 0.0579765660843543 0.9817719475241670 0.9829769834548016
3.4455379208090964 -0.0027459254399374 0.0000239932199345 0.0592264891002433 0.9815129668449170 0.9827330347585083
3.4702317207271918 -0.0027852192831558 0.0000239375463784 0.0604993490871257 0.9812511588650227 0.9824863622646270
3.4950277959009801 -0.0028249526871431 0.0000238812667643 0.0617954914475089 0.9809865029917034 0.9822369445408565
3.5199262459342222 -0.0028651291441578 0.0000238243767262 0.0631152646781389 0.9807189787672664 0.9819847602380775
3.5449270124417414 -0.0029057519049218 0.0000237668722537 0.0644590127021340 0.9804485674069948 0.9817297895401194
3.5700302520418918 -0.0029468245820944 0.0000237087488374 0.0658270947702427 0.9801752477824482 0.9814720103763303
3.5952360229891904 -0.0029883506443920 0.0000236500021860 0.0672198688609422 0.9798989997911286 0.9812114015973810
3.6205443585489254 -0.0030303335331726 0.0000235906280608 0.0686376954737645 0.9796198035808430 0.9809479422438339
3.6459553180376916 -0.0030727767465627 0.0000235306221573 0.0700809404760802 0.9793376389913070 0.9806816110186520
3.6714689062716315 -0.0031156837050261 0.0000234699802954 0.0715499705589022 0.9790524864491305 0.9804123871312362
3.6970851550696646 -0.0031590578867125 0.0000234086982284 0.0730451578352198 0.9787643260690222 0.9801402494485565
3.7228041943702821 -0.0032029029506598 0.0000233467714692 0.0745668842053598 0.9784731368374802 0.9798651757228232
3.7486259902757402 -0.0032472222913633 0.0000232841959197 0.0761155259606985 0.9781788995727415 0.9795871453866025
3.7745505812694686 -0.0032920194388365 0.0000232209673062 0.0776914675996688 0.9778815942682881 0.9793061370432874
3.8005780080151639 -0.0033372979402859 0.0000231570813465 0.0792950977900460 0.9775812008804762 0.9790221292100628
3.8267083358661220 -0.0033830613998033 0.0000230925336946 0.0809268108161120 0.9772776990667587 0.9787351000695208
3.8529416415327944 -0.0034293134562468 0.0000230273199720 0.0825870058566733 0.9769710683342122 0.9784450276090380
3.8792779089589446 -0.0034760575985123 0.0000229614360285 0.0842760803362032 0.9766612892652167 0.9781518907798122
3.9057171617443598 -0.0035232973974535 0.0000228948776151 0.0859944382146593 0.9763483419807748 0.9778556680428377
3.9322594095610768 -0.0035710364115397 0.0000228276405179 0.0877424866257119 0.9760322067674329 0.9775563379611861
3.9589047455580659 -0.0036192777514022 0.0000227597203214 0.0895206423797990 0.9757128629119447 0.9772538780959457
3.9854197814157954 -0.0036675982315711 0.0000226917132930 0.0913134361997212 0.9753931139735160 0.9769509421302369
4.0122709154514666 -0.0037168519691496 0.0000226224190083 0.0931528198269572 0.9750673160719386 0.9766421800386991
4.0392246678316948 -0.0037666184466220 0.0000225524302866 0.0950235320375845 0.9747382565905036 0.9763302292484813
4.0662814899250996 -0.0038169020903080 0.0000224817417817 0.0969260306123813 0.9744059105043275 0.9760150630058960
4.0934415465346765 -0.0038677068222180 0.0000224103488770 0.0988607585631093 0.9740702562202019 0.9756966577475094
4.1207047600229734 -0.0039190361261378 0.0000223382475911 0.1008281460593741 0.9737312751350606 0.9753749926853926
4.1480712263611776 -0.0039708938238176 0.0000222654334877 0.1028286399291328 0.9733889465086716 0.9750500449431101
4.1755409030876400 -0.0040232834885676 0.0000221919024997 0.1048626812409507 0.9730432513383408 0.9747217932313506
4.2031137745539668 -0.0040762087549959 0.0000221176504938 0.1069307171390890 0.9726941703144303 0.9743902159075181
4.2307898980370853 -0.0041296734100267 0.0000220426731440 0.1090332045125168 0.9723416832227477 0.9740552904064717
4.2585692821923402 -0.0041836811603710 0.0000219669662581 0.1111706009561368 0.9719857704802920 0.9737169946981770
4.2864518904932183 -0.0042382356363000 0.0000218905257721 0.1133433648227518 0.9716264131108029 0.9733753072645943
4.3144377258659166 -0.0042933405560297 0.0000218133475207 0.1155519617369286 0.9712635916630985 0.9730302060707898
4.3425268226080096 -0.0043489997121356 0.0000217354272565 0.1177968641570231 0.9708972863033353 0.9726816686510616
4.3707192707660552 -0.0044052170223141 0.0000216567605797 0.1200785535367899 0.9705274764838969 0.9723296717921699
4.3990149470905475 -0.0044619959913679 0.0000215773436911 0.1223974984435031 0.9701541444836731 0.9719741949027531
4.4228896729202445 -0.0045101809177943 0.0000215099755239 0.1243767716066393 0.9698374560791114 0.9716725520140317
4.4467643987499414 -0.0045586180929421 0.0000214422789702 0.1263768739304650 0.9695192271763514 0.9713693487597909
4.4752803061727677 -0.0046168033554803 0.0000213609927983 0.1287932247254926 0.9691371204035693 0.9710051603476501
4.5039557741183369 -0.0046756786914367 0.0000212787811269 0.1312533718623603 0.9687506679844071 0.9706366929841335
4.5327343261731201 -0.0047351330198026 0.0000211958003817 0.1337530577554915 0.9683606053946976 0.9702646434953399
4.5616161454178217 -0.0047951705318985 0.0000211120459389 0.1362928013897990 0.9679669110527419 0.9698889872078627
4.5906011026724594 -0.0048557947854524 0.0000210275140840 0.1388730990073836 0.9675695676557973 0.9695097034556859
4.6196892224860227 -0.0049170096682356 0.0000209422006681 0.1414944646719019 0.9671685558604165 0.9691267695511220
4.6488805071737138 -0.0049788190342935 0.0000208561016153 0.1441574149741105 0.9667638566709316 0.9687401630621950
4.6781749367102261 -0.0050412267023370 0.0000207692129258 0.1468624689137741 0.9663554514512839 0.9683498618235881
4.7075724675344066 -0.0051042364517760 0.0000206815306811 0.1496101476748965 0.9659433219522526 0.9679558439623492
4.7370730225023570 -0.0051678519995024 0.0000205930510771 0.1524009735466884 0.9655274504644095 0.9675580880439443
4.7666767257645173 -0.0052320775088415 0.0000205037697165 0.1552354923635633 0.9651078164944572 0.9671565698914689
4.7963833848844759 -0.0052969164690710 0.0000204136831676 0.1581142241928337 0.9646844040900804 0.9667512695920998
4.8261931046596356 -0.0053623730265418 0.0000203227871138 0.1610377220636960 0.9642571931445699 0.9663421631764252
4.8561057488296875 -0.0054284494390449 0.0000202310780108 0.1640065199733512 0.9638261670575144 0.9659292299509957
4.8860853543734395 -0.0054950699257550 0.0000201386630385 0.1670175361701785 0.9633918297818782 0.9655129481605876
4.9162037465743404 -0.0055623989061141 0.0000200453168170 0.1700785401784958 0.9629531223340659 0.9650922978980806
4.9464249251181656 -0.0056303605774021 0.0000199511460812 0.1731864980387106 0.9625105465512624 0.9646677550003320
4.9767488610734087 -0.0056989588449074 0.0000198561469969 0.1763419716023438 0.9620640846107011 0.9642392972669951
5.0071755545967198 -0.0057681976917284 0.0000197603156534 0.1795455302451078 0.9616137183347639 0.9638069020701466
5.0377048882143995 -0.0058380808439818 0.0000196636485274 0.1827977353344936 0.9611594313703767 0.9633705484462376
5.0683368940787510 -0.0059086123801292 0.0000195661416405 0.1860991684737064 0.9607012052287437 0.9629302132924034
5.0990715057074620 -0.0059797961644993 0.0000194677913432 0.1894504052190739 0.9602390229713865 0.9624858749052378
5.1299086439545212 -0.0060516360415706 0.0000193685940465 0.1928520240017140 0.9597728679478928 0.9620375117686795
5.1608482191488134 -0.0061241358402183 0.0000192685462163 0.1963046062881554 0.9593027237702273 0.9615851025287941
5.1918901852268426 -0.0061972995010360 0.0000191676441984 0.1998087426582718 0.9588285734898105 0.9611286252007943
5.2230345125721502 -0.0062711290941020 0.0000190658843412 0.2033650299703317 0.9583503999964623 0.9606680575529718
5.2527078861222467 -0.0063418682255601 0.0000189684425960 0.2067913659481370 0.9578925250018218 0.9602268364323828
5.2840548043214568 -0.0064170179371508 0.0000188649893385 0.2104514306240787 0.9574064103024038 0.9597581833504465
5.3155005692431461 -0.0064928390510037 0.0000187606787273 0.2141650342010583 0.9569162755334841 0.9592854254882618
5.3470483562558675 -0.0065693432567293 0.0000186554966108 0.2179331624356796 0.9564220544413622 0.9588084928706284
5.3786981621244401 -0.0066465346596203 0.0000185494393193 0.2217564366861199 0.9559237300303759 0.9583273629003209
5.4104498388576809 -0.0067244170230424 0.0000184425036907 0.2256354651556237 0.9554212876944745 0.9578420151885160
5.4423033272716523 -0.0068029943362524 0.0000183346862907 0.2295708709136755 0.9549147115527906 0.9573524280169229
5.4742584740954205 -0.0068822703657144 0.0000182259840291 0.2335632695269966 0.9544039873467681 0.9568585811355648
5.5063152208129571 -0.0069622491210897 0.0000181163935214 0.2376132923873244 0.9538890994387634 0.9563604528611117
5.5285931418848051 -0.0070180960331203 0.0000180399140643 0.2404544839380340 0.9535297825317818 0.9560126796665223
5.5506674160572240 -0.0070736454715538 0.0000179638761500 0.2432913130880923 0.9531725445991015 0.9556667945648797
5.5829860821159620 -0.0071553604498989 0.0000178520885525 0.2474836247421575 0.9526473576062684 0.9551580727741575
5.6153853734003709 -0.0072377392922783 0.0000177394731545 0.2517330447995202 0.9521182918096109 0.9546453226254578
5.6478859036202591 -0.0073208381751161 0.0000176259553573 0.2560428898039189 0.9515849970198313 0.9541281980032048
5.6804875010106235 -0.0074046608736410 0.0000175115323149 0.2604137985744609 0.9510474601559978 0.9536066791424340
5.7131900297737346 -0.0074892112622553 0.0000173962010880 0.2648464184511672 0.9505056677047300 0.9530807457539395
5.7459933663035212 -0.0075744932552762 0.0000172799587263 0.2693414022701100 0.9499596061046067 0.9525503773953427
5.7788974030036924 -0.0076605108179823 0.0000171628022535 0.2738994089731262 0.9494092616792610 0.9520155534046453
5.8119019596587371 -0.0077472677343283 0.0000170447289850 0.2785210912383029 0.9488546221258862 0.9514762543463596
5.8450069747429731 -0.0078347650757055 0.0000169257359032 0.2832071221409318 0.9482956733006770 0.9509324588897077
5.8771377999559995 -0.0079201459894146 0.0000168097094048 0.2878036270772216 0.9477506708208687 0.9504019350662510
5.9104421512697431 -0.0080091223891399 0.0000166888907349 0.2926185255360104 0.9471831704481908 0.9498491992131597
5.9438443859734118 -0.0080988480014321 0.0000165671519106 0.2974994491860053 0.9466113604365703 0.9492919434973784
5.9773464365478342 -0.0081893322771591 0.0000164444827743 0.3024473726400838 0.9460351934106195 0.9487301137840712
6.0109481445431294 -0.0082805791044916 0.0000163208807730 0.3074629733870310 0.9454546577191261 0.9481636906103873
6.0446494476164228 -0.0083725926431322 0.0000161963430346 0.3125469470213809 0.9448697402187676 0.9475926529422732
6.0784500913341395 -0.0084653765383904 0.0000160708674327 0.3176999638261513 0.9442804312741206 0.9470169830545041
6.1123499017433840 -0.0085589311169492 0.0000159444516535 0.3229227094242408 0.9436867200413012 0.9464366619334498
6.1456522865987502 -0.0086513258882941 0.0000158197078001 0.3281068938988500 0.9431008744689174 0.9458636832350842
6.1797492850014546 -0.0087464277391322 0.0000156914186314 0.3334699266402159 0.9424983927740739 0.9452740747861650
6.2139436440403930 -0.0088423116992183 0.0000155621871808 0.3389045497692896 0.9418915003283261 0.9446797810684064
6.2482363558158776 -0.0089389849094703 0.0000154320068522 0.3444116440174968 0.9412801665356771 0.9440807632761332
6.2826273031124105 -0.0090364514374779 0.0000153008752508 0.3499919201812277 0.9406643805372106 0.9434770017914870
6.3171162937075689 -0.0091347151493020 0.0000151687903072 0.3556460803154026 0.9400441330072564 0.9428684783783540
6.3517031048734260 -0.0092337764051067 0.0000150357501791 0.3613748244856785 0.9394194153699890 0.9422551754218585
6.3838369624631470 -0.0093262798226255 0.0000149116263627 0.3667500285184772 0.9388365802150948 0.9416826324828824
6.4186163052196994 -0.0094269073991489 0.0000147767224084 0.3726252457339877 0.9382031414699162 0.9410599877440298
6.4534878794132293 -0.0095283326852177 0.0000146408769923 0.3785762814728735 0.9375652985690753 0.9404326006718883
6.4884562797747884 -0.0096305733904240 0.0000145040697442 0.3846046558384985 0.9369229562870494 0.9398003680307047
6.5235212747867113 -0.0097336333045992 0.0000143662990206 0.3907110804453039 0.9362761073377052 0.9391632728753342
6.5506355257452933 -0.0098136930800890 0.0000142593663207 0.3954752233976473 0.9357740581649520 0.9386684982892524
6.5777497767038753 -0.0098940713071137 0.0000141520855367 0.4002763886055888 0.9352703849085378 0.9381718629206631
6.6130740513641619 -0.0099992696731957 0.0000140118003680 0.4065870370949205 0.9346117750049859 0.9375220618632009
6.6484786349146852 -0.0101052546417044 0.0000138706075986 0.4129755253644183 0.9339489223237506 0.9368676230218536
6.6839783330702147 -0.0102120746835801 0.0000137284462307 0.4194452472299200 0.9332815409497203 0.9362082540958004
6.7195728825270900 -0.0103197335164556 0.0000135853150361 0.4259969200820592 0.9326096255854976 0.9355439394297790
6.7441265731264153 -0.0103943213120715 0.0000134862378124 0.4305542384339511 0.9321445284197577 0.9350838289309071
6.7686802637257406 -0.0104691704160993 0.0000133868815070 0.4351425688819886 0.9316781301240986 0.9346222053329593
6.7940873826592734 -0.0105468978531528 0.0000132837788441 0.4399231132593093 0.9311941553562209 0.9341429456321539
6.8299911685053738 -0.0106572190827248 0.0000131375741196 0.4467356257796031 0.9305078720779809 0.9334629293062069
6.8659691295555927 -0.0107683341187154 0.0000129904747833 0.4536293360032165 0.9298174098430461 0.9327782751152213
6.9020398916696708 -0.0108803045761211 0.0000128424031413 0.4606085342753789 0.9291224044568076 0.9320886113013945
6.9382030094345719 -0.0109931336170847 0.0000126933590678 0.4676739105101713 0.9284228558391646 0.9313939266496566
6.9744579667637261 -0.0111068192746601 0.0000125433428915 0.4748261410475010 0.9277187655798271 0.9306942114970139
7.0108810487921076 -0.0112216117692848 0.0000123920351469 0.4820812738442632 0.9270086353303153 0.9299879637495849
7.0473182087160655 -0.0113370302947268 0.0000122400739946 0.4894094039768980 0.9262954607064450 0.9292781511472614
7.0838457127923178 -0.0114533191500601 0.0000120871415324 0.4968264280496727 0.9255777502203660 0.9285632793203705
7.1128056311277215 -0.0115459316848602 0.0000119654716105 0.5027573248447359 0.9250067708081539 0.9279941670226337
7.1417655494631251 -0.0116389081888383 0.0000118434306899 0.5087330189768363 0.9244340645382110 0.9274229845495592
7.1779581533714625 -0.0117556224947035 0.0000116903907057 0.5162642999450667 0.9237159084106686 0.9267062442514793
7.2148032055572493 -0.0118750314119532 0.0000115340014831 0.5240036741672446 0.9229820595362996 0.9259732719045406
7.2517343848442133 -0.0119953176944919 0.0000113766517923 0.5318346238722289 0.9222437282230236 0.9252352393147797
7.2706800506417526 -0.0120572569988995 0.0000112957013140 0.5358805297228174 0.9218638942432408 0.9248553306648958
7.2896257164392919 -0.0121193521105777 0.0000112145952728 0.5399458989633504 0.9214833367249111 0.9244745424893108
7.3103882950805152 -0.0121875825798037 0.0000111255328365 0.5444235356637491 0.9210654545416238 0.9240562270864509
7.3475692062266438 -0.0123102409720477 0.0000109655786965 0.5525005898130602 0.9203149675569926 0.9233044883364784
7.3848058413716968 -0.0124336926791331 0.0000108047902776 0.5606654158049258 0.9195605923110145 0.9225482401452679
7.4221255928190351 -0.0125580322964652 0.0000106430489387 0.5689247018709825 0.9188017727504397 0.9217869132355103
7.4595273688003170 -0.0126832559377790 0.0000104803585521 0.5772789712997770 0.9180385271971861 0.9210205133716417
7.4949145077572332 -0.0128023013218461 0.0000103258870231 0.5852542846645143 0.9173138646952753 0.9202922675748402
7.5324759506517154 -0.0129292653327741 0.0000101613480021 0.5937954494995068 0.9165420003160279 0.9195159544390427
7.5556865981216026 -0.0130080324011580 0.0000100593777266 0.5991125031659208 0.9160636645231913 0.9190345337085045
7.5788972455914898 -0.0130870355888759 0.0000099571827580 0.6044595289710740 0.9155842854154878 0.9185518106347420
7.6045966289348144 -0.0131747855667433 0.0000098437687945 0.6104149214178431 0.9150522925321861 0.9180158105788612
7.6423987946422525 -0.0133043905310528 0.0000096764470457 0.6192420067052039 0.9142674581051999 0.9172244943379158
7.6802552548387091 -0.0134348148356607 0.0000095082947993 0.6281620376165503 0.9134787579320136 0.9164285940876288
7.7181841469151609 -0.0135661217943926 0.0000093392317496 0.6371799487529524 0.9126858156977606 0.9156277175430284
7.7527319423482206 -0.0136862757991412 0.0000091847290355 0.6454645879961041 0.9119611910251902 0.9148952306637123
7.7907989204981369 -0.0138192817313394 0.0000090139274244 0.6546713261256377 0.9111601535899394 0.9140848204918509
7.8151753255406167 -0.0139047903995581 0.0000089042463814 0.6606100837214727 0.9106457802818754 0.9135640504432788
7.8395517305830964 -0.0139905600638361 0.0000087943265039 0.6665826262631102 0.9101302997013525 0.9130418619889760
7.8648421679946052 -0.0140798240165316 0.0000086800334318 0.6728148989189522 0.9095943244257261 0.9124985958822409
7.9031113461665887 -0.0142154376066740 0.0000085066014692 0.6823149463051653 0.9087810456267224 0.9116736369371178
7.9278280567033015 -0.0143033718333871 0.0000083942787582 0.6884952452833799 0.9082543455450300 0.9111389746574294
7.9525447672400142 -0.0143915754337787 0.0000082817145326 0.6947105923024008 0.9077265266440112 0.9106028622029928
7.9765812211572626 -0.0144776116016542 0.0000081720174907 0.7007885585797824 0.9072121654882566 0.9100801155435000
8.0150147015917312 -0.0146157156040252 0.0000079961447153 0.7105761803977905 0.9063875391785663 0.9092414191929522
8.0406916363705996 -0.0147083483640684 0.0000078783248442 0.7171626946064913 0.9058351286482790 0.9086791507608104
8.0663685711494679 -0.0148012720369832 0.0000077602487314 0.7237873643057386 0.9052815319585867 0.9081153260883837
8.1051592119833895 -0.0149422123287497 0.0000075813849958 0.7338679073410393 0.9044429640032873 0.9072605983228379
8.1283642917745205 -0.0150268464094612 0.0000074741092016 0.7399400375747580 0.9039400395822722 0.9067475959323423
8.1515693715656514 -0.0151117201120907 0.0000073666268926 0.7460435367722441 0.9034361599499271 0.9062333281098988
8.1738379259061791 -0.0151933936665806 0.0000072632889340 0.7519302525988585 0.9029517213848434 0.9057386269556390
8.2124812245965515 -0.0153356519373058 0.0000070835155593 0.7622144689130363 0.9021089899433286 0.9048773983482651
8.2321679247175403 -0.0154083826033486 0.0000069917130295 0.7674873684670916 0.9016786575684055 0.9044373043063982
8.2518546248385292 -0.0154812850895739 0.0000068997642754 0.7727830180532641 0.9012476492771077 0.9039963042552952
8.2761154255554921 -0.0155713653303841 0.0000067862511982 0.7793404244897212 0.9007155720341372 0.9034515952962826
8.3148138305275108 -0.0157156003798534 0.0000066047302536 0.7898719030336493 0.8998647482147782 0.9025798892701584
8.3408560794203712 -0.0158130412488231 0.0000064822608283 0.7970088658749723 0.8992907318117609 0.9019913083679899
8.3645772904565288 -0.0159020628544923 0.0000063704876522 0.8035446537432233 0.8987668641996451 0.9014538130684838
8.4032875459380065 -0.0160478811043980 0.0000061876406857 0.8142819235028014 0.8979099139259157 0.9005738782895655
8.4419839367899101 -0.0161943193262734 0.0000060043093487 0.8251043278685114 0.8970507328823086 0.8996907881041911
8.4818925930515174 -0.0163460547719082 0.0000058146623863 0.8363592106628039 0.8961619958772589 0.8987764054287801
8.5215875300981043 -0.0164976890593156 0.0000056254583872 0.8476481914022934 0.8952753772753473 0.8978632731103859
8.5488439511865444 -0.0166022224798154 0.0000054952131608 0.8554543695387270 0.8946650673004978 0.8972341713473244
8.5761003722749845 -0.0167070910639544 0.0000053647016605 0.8633051211181922 0.8940535300081076 0.8966033609499138
8.6019198411358442 -0.0168067421461006 0.0000052408261752 0.8707831659181023 0.8934731062129965 0.8960042330318420
8.6218589824569438 -0.0168839056955486 0.0000051450009200 0.8765855650938368 0.8930241258335601 0.8955405087675428
8.6417981237780435 -0.0169612483720500 0.0000050490349276 0.8824119318560176 0.8925744971326958 0.8950758735977552
8.6720171209691088 -0.0170788116851761 0.0000049033252564 0.8912879065992961 0.8918918264645306 0.8943699560780104
8.7103954348540551 -0.0172287168041327 0.0000047178111894 0.9026400743389941 0.8910227043154919 0.8934704288271090
8.7336602679522670 -0.0173199160554504 0.0000046051027547 0.9095651879802874 0.8904946929685736 0.8929235020128714
8.7449596675935179 -0.0173642996980654 0.0000045502939829 0.9129404709825250 0.8902379330687517 0.8926574225126470
8.7562590672347689 -0.0174087404780585 0.0000044954409748 0.9163235114451037 0.8899809695661330 0.8923910523612191
