0.0001007119021002 -0.0000000000053173 0.0000940239192424 0.0000000000000023 0.9999999999685887 0.9999999999753261
0.0001396630211629 -0.0000000000102265 0.0000940239192325 0.0000000000000062 0.9999999999393041 0.9999999999525460
0.0001876231655957 -0.0000000000184568 0.0000940239192160 0.0000000000000150 0.9999999998902090 0.9999999999143550
0.0002454443354154 -0.0000000000315865 0.0000940239191896 0.0000000000000337 0.9999999998118893 0.9999999998534296
0.0003139522523068 -0.0000000000516808 0.0000940239191492 0.0000000000000705 0.9999999996920252 0.9999999997601864
0.0003939350862550 -0.0000000000813682 0.0000940239190896 0.0000000000001392 0.9999999995149370 0.9999999996224279
0.0004861622808801 -0.0000000001239283 0.0000940239190041 0.0000000000002616 0.9999999992610629 0.9999999994249369
0.0005913541203156 -0.0000000001833601 0.0000940239188847 0.0000000000004709 0.9999999989065477 0.9999999991491564
0.0007102205521902 -0.0000000002644826 0.0000940239187218 0.0000000000008157 0.9999999984226460 0.9999999987727246
0.0008434447699105 -0.0000000003730136 0.0000940239185037 0.0000000000013662 0.9999999977752508 0.9999999982691096
0.0009916872062692 -0.0000000005156574 0.0000940239182172 0.0000000000022206 0.9999999969243701 0.9999999976072010
0.0011555916100637 -0.0000000007001982 0.0000940239178465 0.0000000000035137 0.9999999958235715 0.9999999967508788
0.0013357827424876 -0.0000000009355869 0.0000940239173737 0.0000000000054270 0.9999999944194612 0.9999999956586074
0.0015328599915790 -0.0000000012320196 0.0000940239167782 0.0000000000082009 0.9999999926512190 0.9999999942830740
0.0017474223844545 -0.0000000016010636 0.0000940239160369 0.0000000000121492 0.9999999904498459 0.9999999925706037
0.0019800320249500 -0.0000000020556886 0.0000940239151236 0.0000000000176755 0.9999999877379759 0.9999999904610126
0.0022312669238368 -0.0000000026104540 0.0000940239140092 0.0000000000252935 0.9999999844287620 0.9999999878867416
0.0025016648661237 -0.0000000032814917 0.0000940239126613 0.0000000000356485 0.9999999804259754 0.9999999847729334
0.0027917683810233 -0.0000000040866916 0.0000940239110438 0.0000000000495441 0.9999999756229019 0.9999999810365738
0.0031020891748644 -0.0000000050457030 0.0000940239091174 0.0000000000679700 0.9999999699023318 0.9999999765864844
0.0034331420746015 -0.0000000061801172 0.0000940239068386 0.0000000000921360 0.9999999631354725 0.9999999713224759
0.0037854368948723 -0.0000000075135503 0.0000940239041601 0.0000000001235100 0.9999999551814509 0.9999999651349618
0.0041594655476841 -0.0000000090716912 0.0000940239010301 0.0000000001638577 0.9999999458870326 0.9999999579047392
0.0045557043663549 -0.0000000108823898 0.0000940238973928 0.0000000002152884 0.9999999350860899 0.9999999495025762
0.0049746267084082 -0.0000000129758021 0.0000940238931877 0.0000000002803081 0.9999999225987400 0.9999999397885396
0.0054167077428739 -0.0000000153845230 0.0000940238883491 0.0000000003618765 0.9999999082305533 0.9999999286113808
0.0058823905657397 -0.0000000181434948 0.0000940238828070 0.0000000004634637 0.9999998917730952 0.9999999158089564
0.0063721501033734 -0.0000000212904691 0.0000940238764854 0.0000000005891313 0.9999998730011764 0.9999999012060889
0.0068864046314589 -0.0000000248655638 0.0000940238693039 0.0000000007435869 0.9999998516754893 0.9999998846166190
0.0074255966618775 -0.0000000289118544 0.0000940238611758 0.0000000009322839 0.9999998275390869 0.9999998658406646
0.0079901723338352 -0.0000000334753808 0.0000940238520088 0.0000000011615089 0.9999998003173370 0.9999998446645862
0.0085805316082954 -0.0000000386048280 0.0000940238417049 0.0000000014384563 0.9999997697198321 0.9999998208624729
0.0091971068995363 -0.0000000443522539 0.0000940238301597 0.0000000017713639 0.9999997354360418 0.9999997941927595
0.0098403068599628 -0.0000000507727285 0.0000940238172624 0.0000000021696016 0.9999996971374702 0.9999997643999058
0.0105105332834086 -0.0000000579245563 0.0000940238028960 0.0000000026437983 0.9999996544763283 0.9999997312133624
0.0112081906321098 -0.0000000658694778 0.0000940237869365 0.0000000032059782 0.9999996070843286 0.9999996943466345
0.0119336739374011 -0.0000000746726437 0.0000940237692530 0.0000000038696932 0.9999995545728444 0.9999996534974050
0.0126873588325805 -0.0000000844025615 0.0000940237497079 0.0000000046501577 0.9999994965332248 0.9999996083477791
0.0134696505069955 -0.0000000951318236 0.0000940237281553 0.0000000055644594 0.9999994325324494 0.9999995585609059
0.0142809067173456 -0.0000001069361925 0.0000940237044431 0.0000000066316459 0.9999993621185926 0.9999995037852264
0.0151215335237175 -0.0000001198960316 0.0000940236784098 0.0000000078730221 0.9999992848122816 0.9999994436478308
0.0159918814292652 -0.0000001340948933 0.0000940236498876 0.0000000093122070 0.9999992001151212 0.9999993777610110
0.0168923201243786 -0.0000001496207070 0.0000940236186998 0.0000000109754370 0.9999991075026081 0.9999993057167493
0.0178232246062965 -0.0000001665657229 0.0000940235846612 0.0000000128917753 0.9999990064244650 0.9999992270869777
0.0187849439271433 -0.0000001850260405 0.0000940235475787 0.0000000150932779 0.9999988963074532 0.9999991414257660
0.0197778485587281 -0.0000002051025767 0.0000940235072497 0.0000000176153375 0.9999987765495992 0.9999990482648304
0.0208022625455554 -0.0000002268998138 0.0000940234634641 0.0000000204967741 0.9999986465276611 0.9999989471193422
0.0218585499907503 -0.0000002505276469 0.0000940234160013 0.0000000237803260 0.9999985055861093 0.9999988374793551
0.0229470629900917 -0.0000002761004674 0.0000940233646315 0.0000000275128158 0.9999983530425951 0.9999987188140597
0.0240681283033070 -0.0000003037368780 0.0000940233091164 0.0000000317453872 0.9999981881896487 0.9999985905731036
0.0252221046295621 -0.0000003335611743 0.0000940232492064 0.0000000365340313 0.9999980102858423 0.9999984521797185
0.0264093076338428 -0.0000003657015791 0.0000940231846438 0.0000000419396329 0.9999978185663236 0.9999983030389121
0.0276300872660039 -0.0000004002923317 0.0000940231151591 0.0000000480286405 0.9999976122303509 0.9999981425277735
0.0288847518505548 -0.0000004374717247 0.0000940230404744 0.0000000548730865 0.9999973904530056 0.9999979700045831
0.0301736261290527 -0.0000004773837832 0.0000940229603005 0.0000000625512393 0.9999971523751762 0.9999977848010214
0.0314970678834091 -0.0000005201790374 0.0000940228743349 0.0000000711481672 0.9999968970989471 0.9999975862185818
0.0328553594427961 -0.0000005660111373 0.0000940227822690 0.0000000807554674 0.9999966237077953 0.9999973735442815
0.0342488207921602 -0.0000006150404938 0.0000940226837805 0.0000000914723970 0.9999963312448683 0.9999971460337642
0.0356777860016659 -0.0000006674337828 0.0000940225785348 0.0000001034062521 0.9999960187159460 0.9999969029136025
0.0371425415830828 -0.0000007233617705 0.0000940224661887 0.0000001166723315 0.9999956851024082 0.9999966433913876
0.0386434335316310 -0.0000007830034022 0.0000940223463828 0.0000001313953666 0.9999953293368499 0.9999963666367575
0.0401807512075344 -0.0000008465414966 0.0000940222187498 0.0000001477090097 0.9999949503287610 0.9999960718013757
0.0417547766229541 -0.0000009141645682 0.0000940220829111 0.0000001657567487 0.9999945469536582 0.9999957580104746
0.0433658534557293 -0.0000009860700149 0.0000940219384702 0.0000001856933313 0.9999941180340702 0.9999954243480651
0.0450142506286360 -0.0000010624583199 0.0000940217850243 0.0000002076837749 0.9999936623741249 0.9999950698838406
0.0467002823373080 -0.0000011435384029 0.0000940216221538 0.0000002319054139 0.9999931787276267 0.9999946936483449
0.0484242275768333 -0.0000012295240488 0.0000940214494292 0.0000002585474990 0.9999926658193633 0.9999942946495464
0.0501863894168501 -0.0000013206368262 0.0000940212664055 0.0000002878126976 0.9999921223276946 0.9999938718592933
0.0519870680808782 -0.0000014171049581 0.0000940210726242 0.0000003199174425 0.9999915468912894 0.9999934242185541
0.0538265545000223 -0.0000015191630530 0.0000940208676142 0.0000003550925233 0.9999909381107315 0.9999929506386664
0.0557051062369725 -0.0000016270507279 0.0000940206508939 0.0000003935832774 0.9999902945567307 0.9999924500077247
0.0576230398436375 -0.0000017410179731 0.0000940204219614 0.0000004356522247 0.9999896147381268 0.9999919211656885
0.0595806046652365 -0.0000018613179780 0.0000940201803080 0.0000004815772612 0.9999888971446785 0.9999913629376694
0.0615781441981690 -0.0000019882169784 0.0000940199253989 0.0000005316561535 0.9999881401883289 0.9999907740882394
0.0636158648341571 -0.0000021219799387 0.0000940196567019 0.0000005862018098 0.9999873422886096 0.9999901533878683
0.0656940927269953 -0.0000022628868983 0.0000940193736544 0.0000006455495556 0.9999865017751369 0.9999894995370724
0.0678130698260470 -0.0000024112198839 0.0000940190756901 0.0000007100527489 0.9999856169656761 0.9999888112271423
0.0699731071968159 -0.0000025672733460 0.0000940187622174 0.0000007800880664 0.9999846861038941 0.9999880870917187
0.0721744400403019 -0.0000027313440864 0.0000940184326401 0.0000008560520473 0.9999837074194378 0.9999873257535280
0.0744173664949892 -0.0000029037413326 0.0000940180863371 0.0000009383665627 0.9999826790678434 0.9999865257776360
0.0767021613641533 -0.0000030847806539 0.0000940177226745 0.0000010274771145 0.9999815991668258 0.9999856856996767
0.0790290671282960 -0.0000032747830628 0.0000940173410076 0.0000011238532935 0.9999804658016415 0.9999848040300247
0.0813983527874718 -0.0000034740797566 0.0000940169406711 0.0000012279921643 0.9999792769968044 0.9999838792317904
0.0838102641881061 -0.0000036830081941 0.0000940165209871 0.0000013404173809 0.9999780307394879 0.9999829097390253
0.0862651081190619 -0.0000039019195252 0.0000940160812503 0.0000014616843406 0.9999767249352108 0.9999818939222469
0.0887631027785270 -0.0000041311655799 0.0000940156207541 0.0000015923742635 0.9999753574854465 0.9999808301488129
0.0913045504114104 -0.0000043711143560 0.0000940151387591 0.0000017331039778 0.9999739261952434 0.9999797167110546
0.0938896756473468 -0.0000046221353393 0.0000940146345234 0.0000018845188164 0.9999724288607839 0.9999785518943919
0.0965187490999247 -0.0000048846110824 0.0000940141072785 0.0000020473005737 0.9999708632003251 0.9999773339236075
0.0991920300912048 -0.0000051589319942 0.0000940135562402 0.0000022221658224 0.9999692268852782 0.9999760609870243
0.1019097455546398 -0.0000054454940488 0.0000940129806132 0.0000024098656640 0.9999675175538740 0.9999747312471342
0.1046721785988269 -0.0000057447081579 0.0000940123795722 0.0000026111932078 0.9999657327552596 0.9999733427971086
0.1074795672611568 -0.0000060569896921 0.0000940117522828 0.0000028269781978 0.9999638700120048 0.9999718937094222
0.1103321629257623 -0.0000063827646985 0.0000940110978893 0.0000030580925265 0.9999619267830173 0.9999703820070017
0.1132302281829630 -0.0000067224699611 0.0000940104155145 0.0000033054519220 0.9999599004631807 0.9999688056629437
0.1161739937878932 -0.0000070765480494 0.0000940097042694 0.0000035700138887 0.9999577884128923 0.9999671626234904
0.1191636889381128 -0.0000074454507282 0.0000940089632466 0.0000038527815973 0.9999555879377265 0.9999654507922082
0.1221995676982344 -0.0000078296424290 0.0000940081915133 0.0000041548082446 0.9999532962677286 0.9999636680138775
0.1252818826879212 -0.0000082295973050 0.0000940073881173 0.0000044771966282 0.9999509105749828 0.9999618120881565
0.1284108781543668 -0.0000086457983981 0.0000940065520883 0.0000048211001739 0.9999484279785851 0.9999598807734497
0.1315867886960439 -0.0000090787374455 0.0000940056824387 0.0000051877244435 0.9999458455457970 0.9999578717878018
0.1348098499748685 -0.0000095289163502 0.0000940047781605 0.0000055783301096 0.9999431602832761 0.9999557828020735
0.1380803129908611 -0.0000099968493816 0.0000940038382208 0.0000059942368042 0.9999403691239535 0.9999536114297313
0.1413984042353355 -0.0000104830576499 0.0000940028615730 0.0000064368201740 0.9999374689599947 0.9999513552524858
0.1447643540740038 -0.0000109880731065 0.0000940018471488 0.0000069075172383 0.9999344566189392 0.9999490118017280
0.1481784042947543 -0.0000115124398990 0.0000940007938552 0.0000074078297484 0.9999313288556227 0.9999465785522416
0.1516407778018097 -0.0000120567098743 0.0000939997005841 0.0000079393219899 0.9999280823790011 0.9999440529430680
0.1551517356331474 -0.0000126214516290 0.0000939985661935 0.0000085036317064 0.9999247137981705 0.9999414323355100
0.1587114783918552 -0.0000132072349292 0.0000939973895391 0.0000091024568433 0.9999212197153043 0.9999387140854286
0.1623202289291713 -0.0000138146437723 0.0000939961694482 0.0000097375704479 0.9999175966477409 0.9999358954826281
0.1659782625280557 -0.0000144442821693 0.0000939949047076 0.0000104108295591 0.9999138409935014 0.9999329737240259
0.1696857732404576 -0.0000150967514948 0.0000939935941097 0.0000111241535663 0.9999099491663928 0.9999299460187552
0.1734430136196296 -0.0000157726744415 0.0000939922364040 0.0000118795519800 0.9999059174531296 0.9999268094770054
0.1772501769061958 -0.0000164726743907 0.0000939908303387 0.0000126791042662 0.9999017421363859 0.9999235612057504
0.1811075066059689 -0.0000171973951529 0.0000939893746209 0.0000135249842872 0.9998974193770537 0.9999201982171428
0.1850152180223478 -0.0000179474868749 0.0000939878679449 0.0000144194469736 0.9998929452983042 0.9999167174939098
0.1889735331908559 -0.0000187236125041 0.0000939863089796 0.0000153648382091 0.9998883159470382 0.9999131159593548
0.1929826940121226 -0.0000195264507000 0.0000939846963622 0.0000163636012806 0.9998835272765214 0.9999093904638461
0.1970429146722237 -0.0000203566865432 0.0000939830287169 0.0000174182681790 0.9998785752018083 0.9999055378279283
0.2011543829520762 -0.0000212150113422 0.0000939813046556 0.0000185314613939 0.9998734556008986 0.9999015548432187
0.2053173482403894 -0.0000221021411183 0.0000939795227406 0.0000197059206750 0.9998681642044854 0.9998974381866276
0.2095320226959461 -0.0000230187963513 0.0000939776815252 0.0000209444799834 0.9998626967167725 0.9998931845143451
0.2137986358533541 -0.0000239657135214 0.0000939757795307 0.0000222500854581 0.9998570487466349 0.9998887904082805
0.2181173913649608 -0.0000249436357229 0.0000939738152648 0.0000236257856047 0.9998512158636103 0.9998842524196171
0.2224884952133278 -0.0000259533187759 0.0000939717872103 0.0000250747424095 0.9998451935614496 0.9998795670404479
0.2269121636229608 -0.0000269955332731 0.0000939696938197 0.0000266002375210 0.9998389772459186 0.9998747306942793
0.2313886381271719 -0.0000280710685861 0.0000939675335083 0.0000282056817948 0.9998325622109066 0.9998697397174351
0.2359181024783781 -0.0000291807130307 0.0000939653046933 0.0000298945889726 0.9998259437567353 0.9998645904510962
0.2405007676354677 -0.0000303252740421 0.0000939630057537 0.0000316706085694 0.9998191170698352 0.9998592791476795
0.2451368824419879 -0.0000315055816799 0.0000939606350230 0.0000335375357786 0.9998120772018433 0.9998538019545675
0.2498266152123910 -0.0000327224586585 0.0000939581908496 0.0000354992676291 0.9998048192483658 0.9998481550531815
0.2545701944636472 -0.0000339767560447 0.0000939556715249 0.0000375598625820 0.9997973381360690 0.9998423344933245
0.2593678472043204 -0.0000352693380819 0.0000939530753139 0.0000397235208180 0.9997896287131999 0.9998363362636008
0.2642197361814786 -0.0000366010648953 0.0000939504004900 0.0000419945581320 0.9997816858527518 0.9998301563716724
0.2691261113968735 -0.0000379728337175 0.0000939476452522 0.0000443774791576 0.9997735042065852 0.9998237906529472
0.2740871549499194 -0.0000393855366607 0.0000939448078095 0.0000468769095513 0.9997650784572982 0.9998172349665344
0.2791030724992953 -0.0000408400858357 0.0000939418863312 0.0000494976425200 0.9997564031684185 0.9998104850786776
0.2841740910090613 -0.0000423374134080 0.0000939388789462 0.0000522446438894 0.9997474727840815 0.9998035366624923
0.2893003821012893 -0.0000438784490380 0.0000939357837884 0.0000551230146585 0.9997382817635880 0.9997963854026509
0.2944821652388784 -0.0000454641503622 0.0000939325989359 0.0000581380508196 0.9997288243996196 0.9997890268539298
0.2997196505648596 -0.0000470954864420 0.0000939293224436 0.0000612952175643 0.9997190949169672 0.9997814565180158
0.3050130128297666 -0.0000487734292919 0.0000939259523608 0.0000646001362554 0.9997090875230650 0.9997736698828132
0.3103625004676862 -0.0000504989884973 0.0000939224866611 0.0000680586567834 0.9996987962015405 0.9997656622617965
0.3157682846258659 -0.0000522731634239 0.0000939189233392 0.0000716767677334 0.9996882149972537 0.9997574290157818
0.3212305563923082 -0.0000540969738905 0.0000939152603483 0.0000754606607204 0.9996773378333729 0.9997489654105832
0.3267495271988941 -0.0000559714609810 0.0000939114955993 0.0000794167377103 0.9996661585065471 0.9997402666132418
0.3323253784976741 -0.0000578976702160 0.0000939076269943 0.0000835515804276 0.9996546707872831 0.9997313277701143
0.3379583462356905 -0.0000598766807178 0.0000939036523678 0.0000878720174086 0.9996428682460232 0.9997221438715272
0.3436485638094223 -0.0000619095503642 0.0000938995695973 0.0000923850094913 0.9996307445802523 0.9997127100062915
0.3493962693780139 -0.0000639973887689 0.0000938953764563 0.0000970978140771 0.9996182931792699 0.9997030210230232
0.3552016484964525 -0.0000661413019485 0.0000938910707258 0.0001020178689299 0.9996055074542047 0.9996930717869208
0.3610649030735185 -0.0000683424169452 0.0000938866501447 0.0001071528516195 0.9995923806911836 0.9996828570654943
0.3669862122303864 -0.0000706018673841 0.0000938821124387 0.0001125106512388 0.9995789061374795 0.9996723715955835
0.3729657974313760 -0.0000729208183400 0.0000938774552705 0.0001180994323453 0.9995650768532337 0.9996616099679555
0.3790038015057977 -0.0000753004197191 0.0000938726763334 0.0001239275283098 0.9995508859894843 0.9996505668436404
0.3851004496401806 -0.0000777418688634 0.0000938677732257 0.0001300035977019 0.9995363264148397 0.9996392366633965
0.3912559243073225 -0.0000802463619961 0.0000938627435479 0.0001363365123302 0.9995213910050557 0.9996276138730347
0.3974704373566957 -0.0000828151229972 0.0000938575848453 0.0001429354339583 0.9995060724714515 0.9996156927898708
0.4037441624998906 -0.0000854493759050 0.0000938522946629 0.0001498097500509 0.9994903635249153 0.9996034677303353
0.4100773070752787 -0.0000881503746211 0.0000938468704859 0.0001569691556576 0.9994742566987822 0.9995909328721116
0.4164700191901733 -0.0000909193636054 0.0000938413098186 0.0001644235554838 0.9994577445832430 0.9995780824365387
0.4229225289566707 -0.0000937576386010 0.0000938356100628 0.0001721832317758 0.9994408194632499 0.9995649104067904
0.4294349762725586 -0.0000966664720047 0.0000938297686670 0.0001802586489585 0.9994234737635677 0.9995514108742107
0.4360075830349253 -0.0000996471885939 0.0000938237829748 0.0001886606664116 0.9994056995972280 0.9995375776868726
0.4426405148514262 -0.0001027011043028 0.0000938176503478 0.0001974003758465 0.9993874891306380 0.9995234047336996
0.4493339774825973 -0.0001058295697975 0.0000938113680781 0.0002064892296940 0.9993688343237641 0.9995088857422335
0.4560881544331619 -0.0001090339421631 0.0000938049334452 0.0002159389673467 0.9993497270989885 0.9994940144100229
0.4629032092454665 -0.0001123155853456 0.0000937983437147 0.0002257616207492 0.9993301593384997 0.9994787844025678
0.4697792952097436 -0.0001156758743220 0.0000937915961307 0.0002359695315363 0.9993101228594481 0.9994631893339561
0.4767166522623905 -0.0001191162432301 0.0000937846878184 0.0002465755058270 0.9992896091269955 0.9994472225434868
0.4837154762222571 -0.0001226381223502 0.0000937776159113 0.0002575926320105 0.9992686096301084 0.9994308773881287
0.4907759076193464 -0.0001262429308755 0.0000937703775652 0.0002690342598277 0.9992471159246866 0.9994141472760654
0.4978981250353394 -0.0001299321236657 0.0000937629698647 0.0002809141524811 0.9992251193548196 0.9993970254497015
0.5050823137322359 -0.0001337071761563 0.0000937553898531 0.0002932464483053 0.9992026111428030 0.9993795050556918
0.5123286328529811 -0.0001375695671107 0.0000937476345677 0.0003060456111607 0.9991795824920080 0.9993615792249796
0.5196373138190672 -0.0001415208313045 0.0000937397009333 0.0003193266127186 0.9991560242727968 0.9993432408282727
0.5270084995993226 -0.0001455624736559 0.0000937315859351 0.0003331046542716 0.9991319275345339 0.9993244828745651
0.5344423449107570 -0.0001496960220342 0.0000937232865124 0.0003473953467043 0.9991072831907621 0.9993052982660398
0.5419390909868790 -0.0001539230702537 0.0000937147994727 0.0003622148710896 0.9990820817629125 0.9992856795985100
0.5494988473020799 -0.0001582451559282 0.0000937061217365 0.0003775795609874 0.9990563141085731 0.9992656197283138
0.5571218560966218 -0.0001626639097560 0.0000936972500376 0.0003935064337969 0.9990299705315003 0.9992451110794366
0.5648082249161155 -0.0001671809026643 0.0000936881812306 0.0004100126549436 0.9990030416929637 0.9992241463529433
0.5725582108450128 -0.0001717978109783 0.0000936789119584 0.0004271161424617 0.9989755176270838 0.9992027177603674
0.5803719155265047 -0.0001765162371758 0.0000936694390128 0.0004448349195198 0.9989473888094842 0.9991808178556354
0.5882495174173399 -0.0001813378467567 0.0000936597590595 0.0004631876237274 0.9989186453413600 0.9991584388997987
0.5961912076615454 -0.0001862643314404 0.0000936498687118 0.0004821933839515 0.9988892771689355 0.9991355730318331
0.6041971746241063 -0.0001912974000146 0.0000936397645494 0.0005018717948208 0.9988592741380676 0.9991122123110997
0.6122675474033518 -0.0001964387421080 0.0000936294431908 0.0005222427804912 0.9988286262102426 0.9990883488854806
0.6204025342618747 -0.0002016901157336 0.0000936189011175 0.0005433269471850 0.9987973229407677 0.9990639745850370
0.6286022972071750 -0.0002070532681829 0.0000936081348333 0.0005651452812410 0.9987653539503820 0.9990390812891617
0.6368669920983908 -0.0002125299609053 0.0000935971408138 0.0005877192534187 0.9987327087769938 0.9990136608110903
0.6451968251456766 -0.0002181220075106 0.0000935859154306 0.0006110709863670 0.9986993766492156 0.9989877047214942
0.6535919364609392 -0.0002238311963633 0.0000935744551064 0.0006352229432605 0.9986653469478091 0.9989612047077511
0.6620524941552941 -0.0002296593530229 0.0000935627561897 0.0006601981942677 0.9986306088335516 0.9989341522841091
0.6705786606132795 -0.0002356083178877 0.0000935508150000 0.0006860203332254 0.9985951513805509 0.9989065388954391
0.6791705830894706 -0.0002416799393491 0.0000935386278412 0.0007127134556394 0.9985589636171036 0.9988783559489965
0.6878284947911310 -0.0002478761460005 0.0000935261908566 0.0007403024886591 0.9985220340953852 0.9988495944792276
0.6965524928921698 -0.0002541987887412 0.0000935135003464 0.0007688125015897 0.9984843518325869 0.9988202458806708
0.7053427542361278 -0.0002606497939683 0.0000935005524597 0.0007982693920354 0.9984459053979376 0.9987903011968592
0.7141994957783384 -0.0002672311377295 0.0000934873432466 0.0008286997915671 0.9984066830668449 0.9987597512402732
0.7231228107489819 -0.0002739447236660 0.0000934738689033 0.0008601305096230 0.9983666735483723 0.9987285871589020
0.7321129103851884 -0.0002807925626040 0.0000934601254114 0.0008925893734485 0.9983258649150093 0.9986967996025792
0.7411699843925291 -0.0002877766699144 0.0000934461087442 0.0009261047684338 0.9982842452144515 0.9986643791994084
0.7502940972819164 -0.0002948989832011 0.0000934318150318 0.0009607052418797 0.9982418029601533 0.9986313169378438
0.7594854973653480 -0.0003021616020484 0.0000934172400800 0.0009964206705995 0.9981985257027223 0.9985976030537566
0.7687443450102347 -0.0003095665782700 0.0000934023797911 0.0010332812637209 0.9981544012799332 0.9985632280040810
0.7780707252117632 -0.0003171159220237 0.0000933872301520 0.0010713175841976 0.9981094177803246 0.9985281824384272
0.7874648599134569 -0.0003248117731877 0.0000933717868900 0.0011105614200049 0.9980635625221083 0.9984924564034987
0.7969269013962346 -0.0003326562358424 0.0000933560458050 0.0011510449694194 0.9980168230395272 0.9984560401114343
0.8064569927827416 -0.0003406514260038 0.0000933400026739 0.0011928010858139 0.9979691867984996 0.9984189237182040
0.8160553246018519 -0.0003487995195504 0.0000933236531545 0.0012358635411250 0.9979206409111550 0.9983810971010938
0.8257220369479971 -0.0003571026701549 0.0000933069929498 0.0012802666082219 0.9978711726248937 0.9983425502396719
0.8354572806455139 -0.0003655630603022 0.0000932900177063 0.0013260453367445 0.9978207690185030 0.9983032729789263
0.8452612203599331 -0.0003741829046622 0.0000932727230066 0.0013732355859677 0.9977694169821590 0.9982632550135788
0.8551339774983705 -0.0003829643998020 0.0000932551044707 0.0014218737601903 0.9977171035171111 0.9982224861215302
0.8650757885944349 -0.0003919098653686 0.0000932371574728 0.0014719976038277 0.9976638148947176 0.9981809555083770
0.8750867685814064 -0.0004010215334534 0.0000932188775638 0.0015236450459474 0.9976095379113530 0.9981386527852861
0.8851670105054767 -0.0004103016346755 0.0000932002602986 0.0015768546736355 0.9975542593756443 0.9980955675693313
0.8953167370468449 -0.0004197525389697 0.0000931813009537 0.0016316665579691 0.9974979652699689 0.9980516888298211
0.9055360766113737 -0.0004293765504610 0.0000931619949389 0.0016881210955802 0.9974406419724375 0.9980070058406134
0.9158251774070540 -0.0004391760118082 0.0000931423375878 0.0017462596149975 0.9973822756354550 0.9979615076956529
0.9261842224239872 -0.0004491533198420 0.0000931223241266 0.0018061244895439 0.9973228520927103 0.9979151832363323
0.9366133403158973 -0.0004593108402463 0.0000931019498452 0.0018677586408308 0.9972623573674488 0.9978680214475960
0.9471126563852130 -0.0004696509551835 0.0000930812100019 0.0019312058278596 0.9972007773889084 0.9978200112367972
0.9576823584524916 -0.0004801761291255 0.0000930600996909 0.0019965110691473 0.9971380976004021 0.9977711411280047
0.9683225969241472 -0.0004908888112041 0.0000930386140390 0.0020637200610203 0.9970743035410052 0.9977213997153710
0.9790335127893948 -0.0005017914618851 0.0000930167481513 0.0021328793485191 0.9970093806868033 0.9976707755392554
0.9898152515150037 -0.0005128865668929 0.0000929944970837 0.0022040364251938 0.9969433143680952 0.9976192570215411
1.0006679622323200 -0.0005241766366810 0.0000929718558444 0.0022772397446275 0.9968760897726865 0.9975668324680641
1.0115918258614029 -0.0005356642364458 0.0000929488193328 0.0023525389331703 0.9968076917673263 0.9975134899292130
1.0225869142172803 -0.0005473518374410 0.0000929253826386 0.0024299838252304 0.9967381057831129 0.9974592178903178
1.0336534266370587 -0.0005592420664072 0.0000929015405413 0.0025096261155229 0.9966673163305309 0.9974040041133976
1.0447915161482215 -0.0005713375231787 0.0000928772878758 0.0025915181799805 0.9965953080855814 0.9973478364840639
1.0560013049660391 -0.0005836407951976 0.0000928526195038 0.0026757131724462 0.9965220658034699 0.9972907029441064
1.0672829645945709 -0.0005961545451020 0.0000928275301377 0.0027622656356588 0.9964475737973283 0.9972325910847227
1.0786366405860295 -0.0006088814288944 0.0000928020145053 0.0028512309604416 0.9963718164255351 0.9971734885264890
1.0900624100859349 -0.0006218240461480 0.0000927760674492 0.0029426650363568 0.9962947783882172 0.9971133831505808
1.1015605008142890 -0.0006349851879551 0.0000927496834298 0.0030366260166983 0.9962164432515450 0.9970522619472683
1.1131309945771795 -0.0006483675012775 0.0000927228571987 0.0031331719629252 0.9961367954457839 0.9969901125746380
1.1247740523783307 -0.0006619737446966 0.0000926955832854 0.0032323626713748 0.9960558187431801 0.9969269221708489
1.1364898037240829 -0.0006758066618666 0.0000926678562516 0.0033342587854279 0.9959734970113463 0.9968626779417921
1.1482784260134600 -0.0006898690748537 0.0000926396705037 0.0034389224951110 0.9958898136579472 0.9967973667275604
1.1601400288138812 -0.0007041637469554 0.0000926110205683 0.0035464165374763 0.9958047524472462 0.9967309756395271
1.1720747722819633 -0.0007186935234978 0.0000925819008097 0.0036568052561967 0.9957182966624093 0.9966634914063962
1.1840827925507376 -0.0007334612427896 0.0000925523056082 0.0037701539536949 0.9956304296355920 0.9965949007877319
1.1961641826299758 -0.0007484697108456 0.0000925222294117 0.0038865286987365 0.9955411348984653 0.9965251906913348
1.2083191382440857 -0.0007637218826458 0.0000924916663715 0.0040059977478644 0.9954503951039909 0.9964543473313086
1.2205477785435892 -0.0007792206402815 0.0000924606107875 0.0041286298476349 0.9953581933465918 0.9963823572584617
1.2328502505377454 -0.0007949689225306 0.0000924290568487 0.0042544952539555 0.9952645123914305 0.9963092067584337
1.2452266694093361 -0.0008109696491310 0.0000923969987846 0.0043836651479748 0.9951693351251039 0.9962348822033951
1.2576771667994728 -0.0008272257821474 0.0000923644307426 0.0045162121388299 0.9950726441907932 0.9961593697669704
1.2702018586655126 -0.0008437402844793 0.0000923313468709 0.0046522099450597 0.9949744222352852 0.9960826556169278
1.2828009435559460 -0.0008605162503813 0.0000922977410577 0.0047917344935005 0.9948746511329428 0.9960047253088340
1.2954745121284532 -0.0008775566535351 0.0000922636074353 0.0049348618547908 0.9947733134842744 0.9959255649562907
1.3082226665765799 -0.0008948645029762 0.0000922289400681 0.0050816695305957 0.9946703916887140 0.9958451605065913
1.3210456141245741 -0.0009124429726554 0.0000921937326932 0.0052322375911867 0.9945658671745075 0.9957634971387702
1.3339434718199137 -0.0009302951369530 0.0000921579792500 0.0053866464538241 0.9944597219717525 0.9956805604922385
1.3469163025778403 -0.0009484240153588 0.0000921216737912 0.0055449772413176 0.9943519384467843 0.9955963364592251
1.3599642880209972 -0.0009668328138759 0.0000920848099989 0.0057073139057749 0.9942424978671716 0.9955108100632105
1.3730875678689041 -0.0009855247031831 0.0000920473816294 0.0058737413314503 0.9941313817209939 0.9954239664894843
1.3862862560710878 -0.0010045028391696 0.0000920093824719 0.0060443455136474 0.9940185715949338 0.9953357909897224
1.3995604714542256 -0.0010237704059116 0.0000919708062625 0.0062192139526362 0.9939040489190321 0.9952462686822817
1.4129103889775856 -0.0010433306914818 0.0000919316465327 0.0063984363721254 0.9937877945164248 0.9951553841999115
1.4263360563878238 -0.0010631868194227 0.0000918918971469 0.0065821022776214 0.9936697901995839 0.9950631229373865
1.4398376544174181 -0.0010833421302169 0.0000918515515390 0.0067703044716993 0.9935500165033829 0.9949694692790065
1.4534152985481701 -0.0011037998904655 0.0000918106032944 0.0069631364039571 0.9934284544138369 0.9948744079498271
1.4670691068564392 -0.0011245633920292 0.0000917690459518 0.0071606930949226 0.9933050847791487 0.9947779235549720
1.4807992092487288 -0.0011456359664700 0.0000917268729746 0.0073630712953905 0.9931798882242174 0.9946800005124778
1.4946056943297894 -0.0011670209032376 0.0000916840779142 0.0075703687163186 0.9930528456370080 0.9945806234334412
1.5084887517887215 -0.0011887216703347 0.0000916406539691 0.0077826861876549 0.9929239368579468 0.9944797760965268
1.5224484759810801 -0.0012107416103159 0.0000915965945928 0.0080001247325729 0.9927931424862518 0.9943774428606348
1.5364849627867201 -0.0012330840883681 0.0000915518931980 0.0082227870021561 0.9926604430004472 0.9942736079767455
1.5505983317307781 -0.0012557525281094 0.0000915065430849 0.0084507776564076 0.9925258185461002 0.9941682554214974
1.5647887586032485 -0.0012787504664090 0.0000914605373316 0.0086842039592021 0.9923892486107230 0.9940613686423354
1.5790562867662783 -0.0013020812475763 0.0000914138694060 0.0089231726936837 0.9922507138401327 0.9939529319787750
1.5934011038413163 -0.0013257484722271 0.0000913665322683 0.0091677947423982 0.9921101933733046 0.9938429285761736
1.6078233060794087 -0.0013497556139158 0.0000913185191374 0.0094181812001607 0.9919676671192219 0.9937313421674755
1.6223230009426326 -0.0013741061854579 0.0000912698231588 0.0096744450822502 0.9918231147695626 0.9936181563001587
1.6369003215810896 -0.0013988037643943 0.0000912204373535 0.0099367016240264 0.9916765156479745 0.9935033542178147
1.6515553510130470 -0.0014238518647577 0.0000911703548748 0.0102050669413542 0.9915278494716343 0.9933869194561749
1.6662882262105212 -0.0014492541135661 0.0000911195686554 0.0104796599262399 0.9913770953040199 0.9932688350226706
1.6810990885546866 -0.0014750141683359 0.0000910680715724 0.0107606014072432 0.9912242320450246 0.9931490837797962
1.6959880111274754 -0.0015011355893224 0.0000910158567028 0.0110480127623567 0.9910692391894215 0.9930276490390065
1.7109550928949087 -0.0015276220017187 0.0000909629169997 0.0113420176900154 0.9909120958646582 0.9929045138066872
1.7260004984003052 -0.0015544771687649 0.0000909092451459 0.0116427430727850 0.9907527803977100 0.9927796604441865
1.7411243154065690 -0.0015817047394028 0.0000908548340585 0.0119503161922805 0.9905912718126402 0.9926530718409373
1.7563266572966918 -0.0016093084290945 0.0000907996765279 0.0122648667524928 0.9904275487582181 0.9925247305738013
1.7716076300838206 -0.0016372919611217 0.0000907437653349 0.0125865262451926 0.9902615898566073 0.9923946191799361
1.7869673310705207 -0.0016656590635189 0.0000906870932574 0.0129154279283582 0.9900933737219679 0.9922627201710322
1.8024058875644018 -0.0016944135407898 0.0000906296529267 0.0132517076811251 0.9899228785356513 0.9921290156998118
1.8179234179444761 -0.0017235592028204 0.0000905714369702 0.0135955032105651 0.9897500824682819 0.9919934878905161
1.8335200148306576 -0.0017530998321618 0.0000905124380764 0.0139469536741038 0.9895749638741222 0.9918561189910250
1.8491957818120999 -0.0017830392524155 0.0000904526488591 0.0143062005001692 0.9893975008860822 0.9917168910548453
1.8649508301050461 -0.0018133813226208 0.0000903920618680 0.0146733873514529 0.9892176714495433 0.9915757859671670
1.8807852468922250 -0.0018441298761122 0.0000903306697115 0.0150486594043994 0.9890354536852257 0.9914327857291776
1.8966991843770460 -0.0018752888936506 0.0000902684647111 0.0154321654864462 0.9888508248637411 0.9912878716528623
1.9126927135570968 -0.0019068622188007 0.0000902054394697 0.0158240546158584 0.9886637630927521 0.9911410256846624
1.9287659297078210 -0.0019388529812344 0.0000901415865130 0.0162244785078694 0.9884742461051298 0.9909922294542570
1.9447216738043933 -0.0019708677318691 0.0000900776913622 0.0166285543683123 0.9882846053846139 0.9908433130085502
1.9609541711506779 -0.0020037019032692 0.0000900121681267 0.0170464182937871 0.9880901342085419 0.9906905794430012
1.9772660631175323 -0.0020369648625832 0.0000899457967772 0.0174732684417048 0.9878931476074581 0.9905358455512008
1.9936580685881298 -0.0020706618564641 0.0000898785671519 0.0179092811977301 0.9876936154920113 0.9903790867242650
2.0101302608650715 -0.0021047968494428 0.0000898104716562 0.0183546186603350 0.9874915153939257 0.9902202843132908
2.0266827539429020 -0.0021393739097650 0.0000897415024973 0.0188094462706262 0.9872868242583158 0.9900594191829314
2.0433156208198762 -0.0021743970400563 0.0000896716520217 0.0192739306245925 0.9870795194468535 0.9898964724991605
2.0600289634390432 -0.0022098703228814 0.0000896009124260 0.0197482414029776 0.9868695778766393 0.9897314250520723
2.0768228809467941 -0.0022457978549607 0.0000895292758874 0.0202325505357349 0.9866569764103068 0.9895642575619037
2.0936974488986255 -0.0022821837018822 0.0000894567346545 0.0207270316032969 0.9864416921245732 0.9893949508897614
2.1106527778425290 -0.0023190320238679 0.0000893832807969 0.0212318615607936 0.9862237015667120 0.9892234854524243
2.1276889743878202 -0.0023563469931043 0.0000893089063704 0.0217472196555335 0.9860029812444761 0.9890498416069731
2.1448061434780366 -0.0023941327984067 0.0000892336034072 0.0222732875105855 0.9857795075991563 0.9888739996290855
2.1620043403325262 -0.0024323935377081 0.0000891573641310 0.0228102476309640 0.9855532576419636 0.9886959402133899
2.1792836597421168 -0.0024711334146847 0.0000890801805653 0.0233582861568559 0.9853242077917818 0.9885156435584498
2.1966441739676532 -0.0025103566012723 0.0000890020448072 0.0239175909664807 0.9850923346889354 0.9883330900065779
2.2140860049049618 -0.0025500674005825 0.0000889229487034 0.0244883540206286 0.9848576142328030 0.9881482592855996
2.2316092097816447 -0.0025902699879438 0.0000888428843662 0.0250707676828280 0.9846200231133377 0.9879611317141304
2.2492138985170080 -0.0026309686775257 0.0000887618436427 0.0256650285665722 0.9843795372358090 0.9877716869606245
2.2669001117111423 -0.0026721676416189 0.0000886798186739 0.0262713334794356 0.9841361333804719 0.9875799053500541
2.2846680149947214 -0.0027138713623341 0.0000885968009957 0.0268898860787980 0.9838897865345839 0.9873857657612917
2.3025176619795724 -0.0027560840799299 0.0000885127826378 0.0275208887848730 0.9836404731525498 0.9871892481951606
2.3204490785082226 -0.0027988099842930 0.0000884277557418 0.0281645455480777 0.9833881700248484 0.9869903328832444
2.3384623801841107 -0.0028420534955653 0.0000883417120040 0.0288210661079480 0.9831328526217674 0.9867889989814163
2.3565576728840942 -0.0028858190306018 0.0000882546431397 0.0294906625533341 0.9828744964737939 0.9865852256570585
2.3747349899215688 -0.0029301108483675 0.0000881665411913 0.0301735469400776 0.9826130780847754 0.9863789928090094
2.3929944176706925 -0.0029749333528194 0.0000880773979261 0.0308699359331665 0.9823485731446789 0.9861702796574062
2.4113360281020961 -0.0030202909301858 0.0000879872051602 0.0315800483476002 0.9820809574910945 0.9859590655013537
2.4297599670129579 -0.0030661881681855 0.0000878959543227 0.0323041086213789 0.9818102058168625 0.9857453286981218
2.4482662676798213 -0.0031126293933756 0.0000878036373761 0.0330423395668312 0.9815362944004334 0.9855290488176582
2.4668549719736275 -0.0031596189680424 0.0000877102462262 0.0337949669986578 0.9812591993547169 0.9853102052602166
2.4855261378346514 -0.0032071613099909 0.0000876157726830 0.0345622200878173 0.9809788965114257 0.9850887771642310
2.5042799035040164 -0.0032552610592715 0.0000875202081295 0.0353443341283113 0.9806953604395114 0.9848647426297732
2.5231163283602314 -0.0033039226728994 0.0000874235443281 0.0361415440210540 0.9804085668356176 0.9846380806062186
2.5420354855947558 -0.0033531506594620 0.0000873257729538 0.0369540880608921 0.9801184911416559 0.9844087697996896
2.5610373732177152 -0.0034029493462588 0.0000872268860578 0.0377822040938176 0.9798251099177204 0.9841767897578808
2.5801221329022317 -0.0034533234518458 0.0000871268749301 0.0386261390440309 0.9795283974698887 0.9839421182030711
2.5992898205067343 -0.0035042774872646 0.0000870257312893 0.0394861390260010 0.9792283293792554 0.9837047338214348
2.6185404854633436 -0.0035558159611712 0.0000869234468755 0.0403624527281763 0.9789248812940234 0.9834646153076765
2.6378741689612202 -0.0036079433742146 0.0000868200134617 0.0412553313268034 0.9786180289635391 0.9832217413913638
2.6572909427324101 -0.0036606643238324 0.0000867154226460 0.0421650303076066 0.9783077476225229 0.9829760903487762
2.6767909098848932 -0.0037139835093513 0.0000866096658425 0.0430918096279804 0.9779940119626587 0.9827276399791816
2.6963741333488689 -0.0037679055372023 0.0000865027346673 0.0440359303712549 0.9776767972800251 0.9824763685125789
2.7160406123803043 -0.0038224348516101 0.0000863946210770 0.0449976534729971 0.9773560798831611 0.9822222549329708
2.7357904737492054 -0.0038775762639915 0.0000862853163184 0.0459772490675997 0.9770318339804089 0.9819652765114774
2.7556237486591248 -0.0039333343358610 0.0000861748121533 0.0469749856543864 0.9767040353108397 0.9817054116821873
2.7755404752054504 -0.0039897136605162 0.0000860631002997 0.0479911350437156 0.9763726594882570 0.9814426387297185
2.7955407093293538 -0.0040467188949232 0.0000859501723693 0.0490259729701142 0.9760376818151641 0.9811769356407563
2.8156245087921152 -0.0041043547152059 0.0000858360199562 0.0500797783287674 0.9756990775457879 0.9809082803116685
2.8357919489013610 -0.0041626258623183 0.0000857206345465 0.0511528340439861 0.9753568216191383 0.9806366503357924
2.8560430601783873 -0.0042215369617327 0.0000856040078763 0.0522454237677662 0.9750108897193192 0.9803620238441662
2.8763779005986088 -0.0042810927312167 0.0000854861315201 0.0533578357101401 0.9746612570562631 0.9800843785372290
2.8967965152402262 -0.0043412978640602 0.0000853669971229 0.0544903605074862 0.9743078990528794 0.9798036922293835
2.9172989448368494 -0.0044021570531687 0.0000852465963524 0.0556432916759527 0.9739507912047597 0.9795199427369460
2.9378852480091018 -0.0044636750571796 0.0000851249207690 0.0568169268884851 0.9735899086936115 0.9792331075701234
2.9585554500265174 -0.0045258565474926 0.0000850019621287 0.0580115650812356 0.9732252272860481 0.9789431646465053
2.9793096190757531 -0.0045887004432127 0.0000848777123066 0.0592275108382488 0.9728567219706458 0.9786500912114714
2.9996306361770340 -0.0046506349538186 0.0000847552881721 0.0604341535238411 0.9724936378014460 0.9783612403763327
3.0205520414647422 -0.0047148154503389 0.0000846284551075 0.0616931659421531 0.9721174845925088 0.9780618993855744
3.0415562836448831 -0.0047796743016064 0.0000845003132482 0.0629743316334985 0.9717374570104436 0.9777593788652932
3.0626447263574454 -0.0048452203271423 0.0000843708462599 0.0642780456324345 0.9713535068517356 0.9774536373622343
3.0838172948683447 -0.0049114579503924 0.0000842400465215 0.0656046198718566 0.9709656117597287 0.9771446539283198
3.1050740472352172 -0.0049783920160323 0.0000841079056059 0.0669543776526998 0.9705737469920203 0.9768324056529204
3.1264150336334078 -0.0050460273561061 0.0000839744151374 0.0683276451060321 0.9701778879642912 0.9765168696868340
3.1478402400664605 -0.0051143686089943 0.0000838395671491 0.0697247474819101 0.9697780113107803 0.9761980240872986
3.1693497720613180 -0.0051834208043198 0.0000837033529298 0.0711460211045723 0.9693740914632475 0.9758758450895265
3.1909436218054612 -0.0052531886203818 0.0000835657644892 0.0725917982166718 0.9689661049975468 0.9755503105715162
3.2126218372745940 -0.0053236769240449 0.0000834267934935 0.0740624180452390 0.9685540274764187 0.9752213975355865
3.2343844358127405 -0.0053948904927090 0.0000832864318141 0.0755582210850573 0.9681378350773430 0.9748890834060255
3.2562314556751830 -0.0054668341812963 0.0000831446711992 0.0770795525885208 0.9677175036178746 0.9745533452503453
3.2781629029735626 -0.0055395127479473 0.0000830015036173 0.0786267589075383 0.9672930095758618 0.9742141605931294
3.3001787746542841 -0.0056129309274280 0.0000828569211135 0.0802001890127199 0.9668643296616728 0.9738715070740109
3.3222791547387649 -0.0056870937540165 0.0000827109151741 0.0818002014750736 0.9664314389352351 0.9735253609411134
3.3444640340234302 -0.0057620059598191 0.0000825634779119 0.0834271515799138 0.9659943143209011 0.9731756998597086
3.3667334683744849 -0.0058376725043913 0.0000824146010241 0.0850814027357933 0.9655529315174259 0.9728225004408364
3.3890874316030151 -0.0059140980769371 0.0000822642767729 0.0867633156567209 0.9651072679042706 0.9724657405654109
3.4115259428712998 -0.0059912875271654 0.0000821124971374 0.0884732577507412 0.9646573000295596 0.9721053973736677
3.4340490138538708 -0.0060692456865310 0.0000819592541667 0.0902115992459713 0.9642030046549792 0.9717414481001162
3.4566566305195132 -0.0061479773036999 0.0000818045401069 0.0919787117324919 0.9637443591333197 0.9713738703754549
3.4793488768944973 -0.0062274874766721 0.0000816483465526 0.0937749779037245 0.9632813388935113 0.9710026402096563
3.5021257376383645 -0.0063077809650861 0.0000814906657992 0.0956007761335477 0.9628139214487195 0.9706277352032672
3.5249871882331183 -0.0063888625003377 0.0000813314902336 0.0974564873552929 0.9623420845904632 0.9702491331003213
3.5479332588822028 -0.0064707370131720 0.0000811708118879 0.0993425003073523 0.9618658050665529 0.9698668107262478
3.5709639502186170 -0.0065534093359827 0.0000810086230250 0.1012592047643671 0.9613850603160113 0.9694807453785834
3.5940792625654123 -0.0066368843055207 0.0000808449159374 0.1032069938752573 0.9608998278731280 0.9690909143481232
3.6172791977501029 -0.0067211667693795 0.0000806796829351 0.1051862643258988 0.9604100853318801 0.9686972948893557
3.6405637639009729 -0.0068062616036491 0.0000805129163115 0.1071974167722262 0.9599158102456091 0.9682998641387471
3.6639329705861354 -0.0068921736955925 0.0000803446083786 0.1092408554545541 0.9594169802300231 0.9678985991963983
3.6873868158893712 -0.0069789078957875 0.0000801747515612 0.1113169870628312 0.9589135732431950 0.9674934773503718
3.6969812124355217 -0.0070145361145208 0.0000801049966745 0.1121736157444134 0.9587068436937916 0.9673270586455667
3.7065756089816722 -0.0070502457581055 0.0000800350852000 0.1130345163591427 0.9584996515950266 0.9671602377630633
3.7172731665101066 -0.0070901602474195 0.0000799569507137 0.1139994513210638 0.9582680918941265 0.9669737619306468
3.7409477082464333 -0.0071788712516108 0.0000797833416605 0.1161539151885966 0.9577535937305010 0.9665593010638855
3.7646782470307372 -0.0072683127944132 0.0000796083685988 0.1183398356736513 0.9572350677843877 0.9661414087585395
3.7884934156812244 -0.0073585967193410 0.0000794318146885 0.1205602242063439 0.9567118718730773 0.9657195624682251
3.8123931774377064 -0.0074497277573370 0.0000792536727936 0.1228155023199210 0.9561839852990713 0.9652937400895362
3.8363774949554057 -0.0075417106383010 0.0000790739358248 0.1251060947962663 0.9556513875122090 0.9648639195453426
3.8604463642143996 -0.0076345502221191 0.0000788925964845 0.1274324329616272 0.9551140573538028 0.9644300781734292
3.8845997665392638 -0.0077282513156200 0.0000787096476255 0.1297949501612665 0.9545719741193747 0.9639921935827783
3.9088376948724344 -0.0078228187736924 0.0000785250820536 0.1321940842941212 0.9540251169758399 0.9635502431820611
3.9331601057929881 -0.0079182573117146 0.0000783388928952 0.1346302730501706 0.9534734660485490 0.9631042050572688
3.9575669699993150 -0.0080145717012267 0.0000781510732156 0.1371039588436702 0.9529170012917512 0.9626540570583666
3.9820582880496773 -0.0081117668340941 0.0000779616158954 0.1396155905216957 0.9523557021213986 0.9621997765004339
4.0066340121466579 -0.0082098474127768 0.0000777705142346 0.1421656153830612 0.9517895492067822 0.9617413416124174
4.0312941120364369 -0.0083088182100875 0.0000775777614472 0.1447544858442930 0.9512185229722698 0.9612787303242426
4.0560385930363028 -0.0084086841440809 0.0000773833505167 0.1473826614722115 0.9506426031691235 0.9608119199178742
4.0808673897884393 -0.0085094498496420 0.0000771872750308 0.1500505977225246 0.9500617713490458 0.9603408890310656
4.1057804552023267 -0.0086111200344672 0.0000769895284890 0.1527587552233428 0.9494760088125522 0.9598656159946908
4.1307777920259126 -0.0087136996110079 0.0000767901040471 0.1555076033780581 0.9488852958531010 0.9593860782171391
4.1558593130587136 -0.0088171931237142 0.0000765889956319 0.1582976050416654 0.9482896150586273 0.9589022548631096
4.1810250199818855 -0.0089216054828127 0.0000763861965157 0.1611292361806611 0.9476889470888563 0.9584141234246911
4.2062748297175450 -0.0090269412480363 0.0000761817007088 0.1640029665666972 0.9470832748009317 0.9579216630712207
4.2316086797283994 -0.0091332050618541 0.0000759755021186 0.1669192714136447 0.9464725807580663 0.9574248526253909
4.2570266006683015 -0.0092404019590291 0.0000757675939505 0.1698786400113055 0.9458568454560613 0.9569236691173241
4.2825284438216382 -0.0093485362184424 0.0000755579709361 0.1728815440623410 0.9452360539221024 0.9564180931541416
4.2921650188756244 -0.0093895496920730 0.0000754784916960 0.1740251112555118 0.9450006847166875 0.9562263344175718
4.3018015939296106 -0.0094306406304336 0.0000753988664862 0.1751735386322179 0.9447648853389501 0.9560341850516061
4.3116979804147029 -0.0094729233971540 0.0000753169425589 0.1763579961128622 0.9445222815010407 0.9558364488414549
4.3374101074252378 -0.0095831891551169 0.0000751033743971 0.1794594402132509 0.9438898517827838 0.9553207814501603
4.3631754416124817 -0.0096942756204302 0.0000748883259190 0.1826022930440651 0.9432530622459475 0.9548012659782866
4.3890246057973430 -0.0098063186631937 0.0000746715371497 0.1857907304618515 0.9426111436992545 0.9542772677671221
4.4149574736951873 -0.0099193226322317 0.0000744530029790 0.1890252428595682 0.9419640816959891 0.9537487672725932
4.4409739781878468 -0.0100332921285491 0.0000742327178735 0.1923063308983904 0.9413118605493940 0.9532157438230799
4.4670740197076642 -0.0101482316076881 0.0000740106766472 0.1956344941605083 0.9406544656136377 0.9526781774808062
4.4932575194299869 -0.0102641456121184 0.0000737868740131 0.1990102378048459 0.9399918819566783 0.9521360479567242
4.5195244349625376 -0.0103810388437015 0.0000735613044450 0.2024340747573074 0.9393240939511525 0.9515893342733550
4.5458747026709796 -0.0104989159093221 0.0000733339626697 0.2059065183186359 0.9386510867323108 0.9510380159562906
4.5723082193054241 -0.0106177812356655 0.0000731048438322 0.2094280795408076 0.9379728466859583 0.9504820734346706
4.5988249444885776 -0.0107376395291341 0.0000728739426095 0.2129992808042648 0.9372893588269066 0.9499214858920234
4.6254247723215158 -0.0108584951984267 0.0000726412543250 0.2166206386897262 0.9366006100970281 0.9493562339688499
4.6521076354117472 -0.0109803528232812 0.0000724067740465 0.2202926778765186 0.9359065866946854 0.9487862975722621
4.6788734106375136 -0.0111032167254139 0.0000721704974125 0.2240159182336993 0.9352072765226781 0.9482116578847509
4.7057220316367392 -0.0112270914824188 0.0000719324196452 0.2277908902886183 0.9345026662649610 0.9476322949627072
4.7326534195534844 -0.0113519816125939 0.0000716925361579 0.2316181257425481 0.9337927431859568 0.9470481892126270
4.7596674536789259 -0.0114778914364251 0.0000714508428218 0.2354981531220668 0.9330774959197506 0.9464593220410749
4.7867640327906811 -0.0116048253598609 0.0000712073354227 0.2394315063929308 0.9323569128624878 0.9458656745319935
4.7977026239467397 -0.0116562483956582 0.0000711087300521 0.2410311642075645 0.9320651308258645 0.9456251810845022
4.8086412151027984 -0.0117077669315479 0.0000710099508128 0.2426376295824638 0.9317728379585971 0.9453842025148158
4.8188811420283857 -0.0117560855574376 0.0000709173231787 0.2441476667645987 0.9314987521991366 0.9451581763198452
4.8461890664893907 -0.0118853870317475 0.0000706695588739 0.2482039327819931 0.9307656394575289 0.9445533333592004
4.8735478261952316 -0.0120155774423252 0.0000704202518314 0.2523106045823758 0.9300279964226029 0.9439443437913271
4.9009887547577193 -0.0121468096351863 0.0000701691136190 0.2564728722680388 0.9292849705545453 0.9433304945884655
4.9285117312123363 -0.0122790878875527 0.0000699161406636 0.2606912807480479 0.9285365522219605 0.9427117677880249
4.9561166000972152 -0.0124124163044125 0.0000696613298067 0.2649663720288449 0.9277827330359556 0.9420881463235256
4.9838032644951014 -0.0125467992673219 0.0000694046774476 0.2692986995462026 0.9270235033158402 0.9414596119278700
5.0115715468407780 -0.0126822407610177 0.0000691461808314 0.2736888064941896 0.9262588558990705 0.9408261482854934
5.0394214214331372 -0.0128187455064400 0.0000688858358874 0.2781372624727468 0.9254887797475233 0.9401877357357394
5.0673526663724981 -0.0129563172606283 0.0000686236404747 0.2826446082534331 0.9247132695472469 0.9395443592268328
5.0953651916990435 -0.0130949604214862 0.0000683595913209 0.2872114079045313 0.9239323166560512 0.9388960008131768
5.1234588100203160 -0.0132346789003545 0.0000680936861738 0.2918382118887968 0.9231459154646642 0.9382426449307359
5.1516333514220918 -0.0133754766862163 0.0000678259227259 0.2965255754357285 0.9223540602183344 0.9375842757611008
5.1798888214816179 -0.0135173586434172 0.0000675562971014 0.3012740853446378 0.9215567405415603 0.9369208735045610
5.2082249883970242 -0.0136603284449944 0.0000672848077863 0.3060842910088475 0.9207539530619362 0.9362524240465349
5.2366417077675615 -0.0138043901948100 0.0000670114525451 0.3109567583336261 0.9199456922901540 0.9355789113753353
5.2547267207120543 -0.0138964157549735 0.0000668369164997 0.3140831199795596 0.9194296416832227 0.9351486274519349
5.2718121606492927 -0.0139836002568400 0.0000666716236349 0.3170548964514303 0.9189409352257949 0.9347409516522737
5.3004303700836433 -0.0141301880680284 0.0000663938808578 0.3220723857678385 0.9181197951019946 0.9340555415562420
5.3291066821352358 -0.0142777676138449 0.0000661144785880 0.3271501459181615 0.9172937955109712 0.9333655424771834
5.3578629267601094 -0.0144264552514873 0.0000658332022089 0.3322925846263353 0.9164623031200652 0.9326704139507002
5.3866989047375542 -0.0145762547583886 0.0000655500505971 0.3375002680021726 0.9156253158204097 0.9319701420586668
5.4156144648702140 -0.0147271701549746 0.0000652650222745 0.3427737724138309 0.9147828304743052 0.9312647118825023
5.4446093388348542 -0.0148792048429234 0.0000649781170374 0.3481136543168707 0.9139348477298749 0.9305541115344546
5.4736834027141272 -0.0150323629722051 0.0000646893333763 0.3535204980350471 0.9130813643955698 0.9298383257710222
5.5028364271373995 -0.0151866481337290 0.0000643986709454 0.3589948698798465 0.9122223807387680 0.9291173421069745
5.5320682235942975 -0.0153420641265988 0.0000641061291159 0.3645373450299418 0.9113578962102767 0.9283911472326052
5.5613786436974877 -0.0154986149595979 0.0000638117069762 0.3701485077217085 0.9104879094458795 0.9276597270107303
5.5907674183199774 -0.0156563039914671 0.0000635154049501 0.3758289203398086 0.9096124230472939 0.9269230704967854
5.6202344271614466 -0.0158151353728874 0.0000632172220865 0.3815791751123069 0.9087314355751800 0.9261811632054940
5.6360502625839723 -0.0159006830389272 0.0000630567296526 0.3846881709061785 0.9082572808143783 0.9257816036617337
5.6500975919071470 -0.0159768195155408 0.0000629139229086 0.3874628248336250 0.9078353859337626 0.9254259298178856
5.6628676522922801 -0.0160461723785751 0.0000627838881941 0.3899960664622660 0.9074512342756983 0.9251019498358649
5.6925561192535161 -0.0162079298938556 0.0000624807960183 0.3959255873807245 0.9065558742540856 0.9243463708381668
5.7222908040546931 -0.0163706709418803 0.0000621761427016 0.4019207177721094 0.9056559621744554 0.9235862947702833
5.7521027073108222 -0.0165345688129610 0.0000618696107053 0.4079882407486571 0.9047505614279346 0.9228209176825405
5.7819916216015832 -0.0166996271407282 0.0000615612006506 0.4141287367584208 0.9038396753302730 0.9220502283289768
5.8119572472749637 -0.0168658490432070 0.0000612509142432 0.4203427678733778 0.9029233104223512 0.9212742180524736
5.8419993351932051 -0.0170332379091099 0.0000609387528046 0.4266309068655723 0.9020014721320319 0.9204928771168555
5.8721176444900376 -0.0172017971677260 0.0000606247177047 0.4329937286807679 0.9010741660516883 0.9197061957856009
5.9023118831135983 -0.0173715299555820 0.0000603088109831 0.4394317977343478 0.9001413997748587 0.9189141658813103
5.9325818357713347 -0.0175424398346956 0.0000599910340138 0.4459456950160143 0.8992031789513842 0.9181167774378115
5.9629271820353322 -0.0177145297689474 0.0000596713894104 0.4525359791141639 0.8982595129147297 0.9173140234804492
5.9933476403253376 -0.0178878029335606 0.0000593498795211 0.4592032168193486 0.8973104102370321 0.9165058962527161
6.0238429631927248 -0.0180622066062692 0.0000590265103493 0.4659479824073168 0.8963558784122014 0.9156923871753636
6.0533340642724696 -0.0182315882199300 0.0000587127761245 0.4725290136762926 0.8954298557476719 0.9149024453557579
6.0839777720428883 -0.0184083410207207 0.0000583857315343 0.4794282310177093 0.8944646183552226 0.9140782839558308
6.1146935158355440 -0.0185862768467583 0.0000580568532107 0.4864062095263768 0.8934940438315138 0.9132487730953940
6.1454828821107235 -0.0187654095724699 0.0000577261243047 0.4934639331036988 0.8925180841991984 0.9124138560899842
6.1763455406925978 -0.0189457420336147 0.0000573935485371 0.5006019553082879 0.8915367522154458 0.9115735279586060
6.2072811608689165 -0.0191272770560840 0.0000570591297817 0.5078208287422818 0.8905500611136788 0.9107277839979224
6.2382893576972762 -0.0193100171394825 0.0000567228726489 0.5151210922885278 0.8895580263242543 0.9098766212601758
6.2693698607320973 -0.0194939654517968 0.0000563847806561 0.5225033107350795 0.8885606600780829 0.9090200339244431
6.3005222306431738 -0.0196791241567088 0.0000560448593058 0.5299680077122383 0.8875579804856969 0.9081580210910826
6.3170722781068518 -0.0197778112658157 0.0000558638484281 0.5339604077074693 0.8870240797086641 0.9076986680375354
6.3336223255705297 -0.0198766873387164 0.0000556825473198 0.5379713650929744 0.8864893398555691 0.9072383463146664
6.3508173734739541 -0.0199796496315042 0.0000554938719646 0.5421583244461810 0.8859328751437350 0.9067590602906335
6.3821801657410839 -0.0201680612174831 0.0000551489334312 0.5498468566823724 0.8849156071877501 0.9058821874229543
6.4135893042316647 -0.0203575458749646 0.0000548024495246 0.5576139029482908 0.8838938700401204 0.9050005557357724
6.4450685573661852 -0.0205482508264418 0.0000544541606178 0.5654658875532845 0.8828668999841690 0.9041134901993835
6.4766174982477480 -0.0207401782374064 0.0000541040729499 0.5734033269471115 0.8818347174350661 0.9032209912375285
6.5082357000859270 -0.0209333302651674 0.0000537521929166 0.5814267353342899 0.8807973432950663 0.9023230595821370
6.5399226754255855 -0.0211277086861768 0.0000533985277492 0.5895366089851747 0.8797548009543760 0.9014196980094348
6.5716780214202855 -0.0213233157858950 0.0000530430838952 0.5977334631588529 0.8787071115178041 0.9005109072079770
6.6035012436232634 -0.0215201532783179 0.0000526858689849 0.6060177868937562 0.8776542996021836 0.8995966908042762
6.6146322195750029 -0.0215891940376750 0.0000525606866646 0.6089319991620477 0.8772853757371005 0.8992760996365173
6.6257631955267424 -0.0216583096284531 0.0000524353836687 0.6118548059494678 0.8769161030678393 0.8989550838343732
6.6480089058620369 -0.0217967370804526 0.0000521845951649 0.6177219352612495 0.8761770564067823 0.8983122502578380
6.6800090147763287 -0.0219965575891160 0.0000518229907173 0.6262220786846309 0.8751115334181327 0.8973845811455050
6.7120593572417260 -0.0221975130822830 0.0000514598224590 0.6348071070674065 0.8740415056639714 0.8964519627511289
6.7441753856849278 -0.0223997045770573 0.0000510949187852 0.6434817131154820 0.8729664696957686 0.8955139387829247
6.7763565172690221 -0.0226031331484531 0.0000507282892126 0.6522463436780899 0.8718864558165066 0.8945705173095047
6.8086021695951713 -0.0228077998579791 0.0000503599434231 0.6611014413634996 0.8708014948410955 0.8936217067661056
6.8409117560504242 -0.0230137057249362 0.0000499898913165 0.6700474431677401 0.8697116182500829 0.8926675160916074
6.8732847165147062 -0.0232208519237168 0.0000496181426564 0.6790847889515061 0.8686168571483829 0.8917079538185246
6.8835722513971405 -0.0232868544845069 0.0000494998057589 0.6819721849763706 0.8682683910316015 0.8914022909756231
6.8938597862795747 -0.0233529284646928 0.0000493813729004 0.6848670618650637 0.8679196509801702 0.8910962760282974
6.9043735384417486 -0.0234205312295483 0.0000492602367650 0.6878333301991693 0.8675629602259368 0.8907831685708457
6.9369030287704696 -0.0236302518909640 0.0000488848065065 0.6970605247750010 0.8664575659173862 0.8898120938638767
6.9694602272833324 -0.0238409957419439 0.0000485081015366 0.7063707313651963 0.8653485358814782 0.8888366879453831
7.0020782684947385 -0.0240529806679943 0.0000481297439088 0.7157738886805463 0.8642347597018698 0.8878559568597654
7.0347564764317090 -0.0242662069939316 0.0000477497455652 0.7252703779837538 0.8631162750111602 0.8868699145606405
7.0674940353396805 -0.0244806741087739 0.0000473681202504 0.7348605335373102 0.8619931247701247 0.8858785796561739
7.1002902328299857 -0.0246963820508756 0.0000469848806849 0.7445447129592669 0.8608653489475604 0.8848819680808288
7.1331443826665391 -0.0249133310115173 0.0000466000394539 0.7543232752707487 0.8597329871380331 0.8838800953976244
7.1408839380175744 -0.0249645636267860 0.0000465092475714 0.7566381136163929 0.8594658586360120 0.8836435727312316
7.1486234933686097 -0.0250158263403279 0.0000464184062812 0.7589572541097636 0.8591985880219490 0.8834068565701821
7.1575816565940773 -0.0250752182802257 0.0000463131988494 0.7616469218229647 0.8588890583391925 0.8831326276161484
7.1905664629557933 -0.0252944557801107 0.0000459252342895 0.7716002860676989 0.8577477153123713 0.8821206624346728
7.2235758486140158 -0.0255147240484322 0.0000455360733977 0.7816395196531426 0.8566029855033974 0.8811044450243363
7.2566401613480815 -0.0257362290269909 0.0000451453648215 0.7917742824098197 0.8554538378608759 0.8800830421681641
7.2897584373669373 -0.0259589689102828 0.0000447531252491 0.8020048135916660 0.8543003241450959 0.8790564801452270
7.3229297574946202 -0.0261829421535836 0.0000443593710260 0.8123313570573316 0.8531424951266621 0.8780247843689353
7.3561531745861872 -0.0264081469867734 0.0000439641190107 0.8227541388476478 0.8519804031037282 0.8769879816302715
7.3709221386893260 -0.0265085412077431 0.0000437881357541 0.8274131769260362 0.8514630354050688 0.8765259700727461
7.3833270944529641 -0.0265929828803399 0.0000436401904554 0.8313387203152657 0.8510281136798580 0.8761373810430230
7.3949725813753924 -0.0266723528246886 0.0000435011944178 0.8350341222744393 0.8506195157537447 0.8757721430653186
7.4283363679047731 -0.0269003427905873 0.0000431023944435 0.8456759798219655 0.8494472872517391 0.8747234017813798
7.4617189903347594 -0.0271293503188687 0.0000427025125356 0.8564051159954461 0.8482720265176409 0.8736705908409934
7.4951495381111091 -0.0273595783059625 0.0000423012076611 0.8672312596018948 0.8470927338683270 0.8726127966340276
7.5286268718678748 -0.0275910234284976 0.0000418984999122 0.8781545225853338 0.8459094711881576 0.8715500547527567
7.5621499063804478 -0.0278236826860370 0.0000414944089125 0.8891750229881080 0.8447222989991250 0.8704823996403377
7.5812153558113762 -0.0279564035148707 0.0000412642232897 0.8954794768121007 0.8440461103503563 0.8698736554080793
7.5906138698599124 -0.0280219367750341 0.0000411506533518 0.8985971519695884 0.8437125083599130 0.8695731586538057
7.5953689113706693 -0.0280551193352022 0.0000410931698613 0.9001769681757166 0.8435436602585241 0.8694210237194874
7.6001239528814262 -0.0280883075101395 0.0000410356709188 0.9017584470613166 0.8433747671362052 0.8692688196462920
7.6105026002391982 -0.0281608086955083 0.0000409101134396 0.9052160573750778 0.8430059749675037 0.8689363696729397
7.6441593047948118 -0.0283965144686797 0.0000405024133638 0.9164832216562252 0.8418085682312247 0.8678560147595314
7.6778309047726907 -0.0286332326383143 0.0000400937264855 0.9278389112969621 0.8406084259596173 0.8667717365025586
7.7115427178921117 -0.0288711444798265 0.0000396837537188 0.9392919944343219 0.8394046726138853 0.8656827258117492
7.7452933192430171 -0.0291102442632973 0.0000392725197941 0.9508424045996811 0.8381973837669419 0.8645890313182536
7.7790813176129410 -0.0293505264189963 0.0000388600492184 0.9624900717197583 0.8369866343405822 0.8634907012249444
7.7936930884493609 -0.0294547221445986 0.0000386814350113 0.9675533616696084 0.8364623906072178 0.8630146661345632
7.8083048592857809 -0.0295590662759394 0.0000385026791656 0.9726324873052556 0.8359377581236065 0.8625379943310111
7.8223458760176463 -0.0296594811634006 0.0000383307725517 0.9775281445950298 0.8354332546011184 0.8620793430803954
7.8562371592502114 -0.0299025102084134 0.0000379152976952 0.9894052907306267 0.8342140627445819 0.8609698692401322
7.8901383312709505 -0.0301465368171101 0.0000374989488047 1.0013713470505821 0.8329924838535994 0.8598566718668191
7.9240705189407308 -0.0303917162150918 0.0000370814753590 1.0134340383258251 0.8317677857405416 0.8587390660107264
7.9580320037455250 -0.0306380400094100 0.0000366629068339 1.0255930931848591 0.8305400579092185 0.8576171142040806
7.9716066750001451 -0.0307367589424046 0.0000364953984337 1.0304772403959341 0.8300487808651031 0.8571677184385476
7.9851813462547652 -0.0308356273186796 0.0000363277749188 1.0353751495057693 0.8295571959154040 0.8567177856200026
7.9898927611398127 -0.0308699769120322 0.0000362695703721 1.0370783045328846 0.8293865079859263 0.8565615002853664
7.9946041760248603 -0.0309043331517874 0.0000362113529210 1.0387831184249792 0.8292157832010734 0.8564051504086431
8.0003632134250147 -0.0309463513221095 0.0000361401718256 1.0408692655278342 0.8290070465116421 0.8562139472144025
8.0344065344162079 -0.0311952823729561 0.0000357189835068 1.0532517464924609 0.8277720333659406 0.8550817253665679
8.0684521967784040 -0.0314451720919116 0.0000352970612264 1.0657218359846594 0.8265350588899749 0.8539460749232918
8.1025197148920540 -0.0316961665636640 0.0000348741727397 1.0782868767500755 0.8252954450714114 0.8528063564785513
8.1366070145943237 -0.0319482541630867 0.0000344503528623 1.0909463637720924 0.8240532970172616 0.8516626484194473
8.1500744952973871 -0.0320481125356030 0.0000342827199523 1.0959720208436290 0.8235620463856741 0.8512098691103558
8.1635419760004506 -0.0321481192706926 0.0000341149822053 1.1010113068978136 0.8230705196336418 0.8507565734881848
8.1692443609583645 -0.0321905085030169 0.0000340439274648 1.1031491440695282 0.8228623152335683 0.8505644842203742
8.1749467459162783 -0.0322329088196267 0.0000339728552682 1.1052894262018409 0.8226540616967961 0.8503723026167197
8.2091144294538978 -0.0324875214677594 0.0000335466155828 1.1181648577435002 0.8214052254769915 0.8492188540435377
8.2432518914759783 -0.0327428646379563 0.0000331200968705 1.1311166733427434 0.8201557755993603 0.8480631325387527
8.2774007412531905 -0.0329992510071842 0.0000326927901271 1.1441606790599532 0.8189042236182089 0.8469037473252751
8.3115588299693712 -0.0332566676263802 0.0000322647319646 1.1572962236477118 0.8176506797875865 0.8457407835598204
8.3243593343223790 -0.0333533807318480 0.0000321041584678 1.1622413682008748 0.8171805038385530 0.8453041330250695
8.3320225447114620 -0.0334113442518325 0.0000320079869625 1.1652077747678435 0.8168989179057899 0.8450425076695314
8.3363424494784137 -0.0334440408482599 0.0000319537594151 1.1668819530511263 0.8167401467576731 0.8448949523219009
8.3406623542453655 -0.0334767418099569 0.0000318995228253 1.1685575415711511 0.8165813499636336 0.8447473451631474
8.3465196261250476 -0.0335211037645894 0.0000318259688661 1.1708316909620793 0.8163659998971913 0.8445471248865944
8.3806990727654096 -0.0337805388255806 0.0000313963940089 1.1841539661263349 0.8151084234857364 0.8433768674444435
8.4148718865967567 -0.0340408913366732 0.0000309662970565 1.1975620212649871 0.8138495352303032 0.8422036140016215
8.4490444404583762 -0.0343022121888498 0.0000305356082200 1.2110584114786092 0.8125891337261574 0.8410271618809864
8.4832142028434792 -0.0345644846065050 0.0000301043696940 1.2246422043458600 0.8113273453837639 0.8398476137911438
8.4914672852332362 -0.0346279779004109 0.0000300001253522 1.2279363996933177 0.8110223637521009 0.8395622385913799
8.4980118408503742 -0.0346783560720045 0.0000299174384810 1.2305523155133276 0.8107804582085311 0.8393358092411337
8.5045563964675122 -0.0347287633343635 0.0000298347312036 1.2331714819568145 0.8105384996524347 0.8391092635744929
8.5387362378816931 -0.0349926043597795 0.0000294024439240 1.2469032795772961 0.8092739864699737 0.8379242117550519
8.5728873246116546 -0.0352572015575303 0.0000289699624885 1.2607121647405652 0.8080091336616189 0.8367370061794777
8.6070259784532173 -0.0355226826184805 0.0000285370913074 1.2746046482584295 0.8067433718256036 0.8355471001776585
8.6411494177311514 -0.0357890278036549 0.0000281038763731 1.2885795598011596 0.8054768382306129 0.8343546095008779
8.6681959358730047 -0.0360007613454786 0.0000277601377666 1.2997191767832175 0.8044720449902301 0.8334072288968031
8.6926138276213756 -0.0361924479028347 0.0000274495268834 1.3098240171761062 0.8035642165561315 0.8325502568364528
8.7266887989516562 -0.0364607914791423 0.0000270156349352 1.3240012156188299 0.8022962777940579 0.8313517266889232
8.7607370545393124 -0.0367299128447806 0.0000265815836268 1.3382557688404684 0.8010281152293235 0.8301510860831899
8.7749974671087756 -0.0368429231205356 0.0000263996441468 1.3442522863369923 0.8004966173213367 0.8296473200543253
8.7791271133007633 -0.0368756820592218 0.0000263469407033 1.3459917058832276 0.8003426633418291 0.8295013361639100
8.7832567594927511 -0.0369084478229554 0.0000262942307420 1.3477324277271405 0.8001886920924156 0.8293553077543903
8.7875389936656276 -0.0369424360827146 0.0000262395659543 1.3495388436870597 0.8000290135615205 0.8292038366870927
8.8217997347193222 -0.0372149307976660 0.0000258019382987 1.3640418178731009 0.7987508225524610 0.8279902474497137
8.8557616664656429 -0.0374860443712693 0.0000253676558577 1.3785068387342572 0.7974826513054317 0.8267842365060828
8.8896862992862431 -0.0377578533215362 0.0000249333913146 1.3930440303587919 0.7962147830626150 0.8255765766084565
8.9030331798871423 -0.0378650633033495 0.0000247624160880 1.3987874951930761 0.7957156772547508 0.8251006386787061
8.9109197500406410 -0.0379284854444800 0.0000246613556890 1.4021876727256328 0.7954206832503611 0.8248191957866081
8.9188063201941397 -0.0379919405804279 0.0000245602729770 1.4055926110835550 0.7951256328954870 0.8245375935488279
8.9306612947101485 -0.0380874265314245 0.0000244082821878 1.4107198218489667 0.7946820128549235 0.8241139938548240
8.9644861641495677 -0.0383605406383041 0.0000239743264380 1.4254080503903390 0.7934155860636647 0.8229033984225921
8.9982700994953966 -0.0386343199897439 0.0000235404711033 1.4401659944058374 0.7921497100922009 0.8216913646321918
9.0320027908450662 -0.0389086809369884 0.0000231068597279 1.4549888373539779 0.7908848059691587 0.8204782884611584
9.0374566835869583 -0.0389531241086468 0.0000230367160533 1.4573935843025028 0.7906802095817618 0.8202818892473578
9.0429105763288504 -0.0389975882453414 0.0000229665622505 1.4598006124602110 0.7904755892834785 0.8200854152039593
9.0766305662408175 -0.0392730795352208 0.0000225325881610 1.4747333005979528 0.7892099537418480 0.8188690097181948
9.1102319321744858 -0.0395485999325289 0.0000220997509555 1.4897002462288396 0.7879478987159108 0.8176540543218691
9.1437704433289770 -0.0398246028603389 0.0000216673445491 1.5047256265360847 0.7866873665758197 0.8164385693059906
9.1485400735610067 -0.0398639354345952 0.0000216058202912 1.5068694544731902 0.7865080355846187 0.8162654842989338
9.1533097037930364 -0.0399032790320585 0.0000215442893165 1.5090150296750022 0.7863286882425086 0.8160923429858234
9.1579709826218583 -0.0399417453740052 0.0000214841492093 1.5111135522477213 0.7861533994682329 0.8159230805432903
9.1912795290607558 -0.0402171819023761 0.0000210541962000 1.5261577453643800 0.7849003794116181 0.8147120047704695
9.2246524102211822 -0.0404941457708294 0.0000206230599833 1.5413164981111831 0.7836441817891016 0.8134958529336529
9.2579503716466256 -0.0407714852518365 0.0000201925485615 1.5565265488811411 0.7823900777433314 0.8122797144218007
9.2670066463616170 -0.0408470673602824 0.0000200754029362 1.5606780775876865 0.7820488684869091 0.8119484852275515
9.2752269535847933 -0.0409157346677166 0.0000199690497257 1.5644518476509459 0.7817391114206956 0.8116476584245846
9.3083596454434669 -0.0411931242255531 0.0000195401813274 1.5797150641591435 0.7804901904762903 0.8104334863754600
9.3414536717755272 -0.0414711849050617 0.0000191114964634 1.5950447809694885 0.7792420810809386 0.8092180818532347
9.3544680811413823 -0.0415808072037390 0.0000189428288552 1.6010963668392904 0.7787510844650646 0.8087393947595238
9.3589379609809242 -0.0416184933560933 0.0000188848880129 1.6031778292621774 0.7785824269076984 0.8085748928368308
9.3623058707478890 -0.0416468991486218 0.0000188412279278 1.6047471597386740 0.7784553416152815 0.8084509142927385
9.3654383845069944 -0.0416733225737413 0.0000188006170964 1.6062075874522896 0.7783371331437945 0.8083355766602144
9.3967635220980483 -0.0419380508508288 0.0000183943611221 1.6208534118863753 0.7771547580081319 0.8071809082575959
9.4296125359714047 -0.0422166253795496 0.0000179680591385 1.6362928696567549 0.7759143149166760 0.8059675536669092
9.4399234318142771 -0.0423042715441257 0.0000178341898429 1.6411562586702484 0.7755248437063414 0.8055861678569367
9.4502343276571494 -0.0423920159619134 0.0000177002930765 1.6460278362131857 0.7751353206415760 0.8052045300001622
9.4584991942079242 -0.0424624199742104 0.0000175929462789 1.6499386413919990 0.7748230552123375 0.8048984402350674
9.4667640607586989 -0.0425328676550011 0.0000174855836914 1.6538547084593103 0.7745107571899545 0.8045921889681007
9.4779932943423670 -0.0426286839284119 0.0000173396857246 1.6591837865885462 0.7740863958728049 0.8041758358476372
9.5105540276109437 -0.0429071792369505 0.0000169164574082 1.6746911208945612 0.7728555776884309 0.8029668827997642
9.5430503568407072 -0.0431861100116501 0.0000164938103532 1.6902492365530497 0.7716267354606372 0.8017578411612325
9.5492409468369779 -0.0432393588060445 0.0000164132672479 1.6932223051305040 0.7713925897644796 0.8015272373485988
9.5554315368332485 -0.0432926309903600 0.0000163327162154 1.6961983274765426 0.7711584284166977 0.8012965441494984
9.5614970858318742 -0.0433448601684373 0.0000162537837335 1.6991171034319650 0.7709289819055267 0.8010704239965729
9.5937122821401015 -0.0436228386181025 0.0000158344186429 1.7146667656512518 0.7697101116175401 0.7998680263681178
9.6259174703911867 -0.0439017102870278 0.0000154149525150 1.7302915674654447 0.7684912355631547 0.7986635988082262
9.6330676629068019 -0.0439637587190308 0.0000153217920799 1.7337714322970996 0.7682205712441297 0.7983958671127804
9.6402178554224172 -0.0440258468690604 0.0000152286214155 1.7372552391663183 0.7679498893937854 0.7981280176660945
9.6475372397580337 -0.0440894469824584 0.0000151332354538 1.7408255649825444 0.7676727846567502 0.7978537083734534
9.6794509525935712 -0.0443673504100808 0.0000147172062729 1.7564410446176348 0.7664643599575067 0.7966562378895456
9.7113271582027529 -0.0446458997831489 0.0000143014590886 1.7721165776852623 0.7652570445040142 0.7954578493040324
9.7261658380572911 -0.0447758815478990 0.0000141078577808 1.7794404199609115 0.7646949281607754 0.7948991983049197
9.7410045179118292 -0.0449060614126264 0.0000139142150946 1.7867812451282339 0.7641327519810844 0.7943400471905966
9.7725791449731361 -0.0451837740650881 0.0000135020325391 1.8024580091829963 0.7629363327237887 0.7931485930029132
9.7840733003427331 -0.0452851101976842 0.0000133519395646 1.8081839362529819 0.7625007388824526 0.7927143074777961
9.7895863376841987 -0.0453337604742160 0.0000132799407581 1.8109339266143583 0.7622918006520826 0.7925059019234858
9.7930200993692367 -0.0453640769556292 0.0000132350939903 1.8126479262570785 0.7621616613112269 0.7923760632388755
9.7964538610542746 -0.0453944007684352 0.0000131902454588 1.8143628354437591 0.7620315193120900 0.7922461980452287
9.8025977264236932 -0.0454486807601212 0.0000131099953704 1.8174335099737124 0.7617986559812446 0.7920137703597826
9.8338473152123438 -0.0457253359358772 0.0000127017169801 1.8330969767859824 0.7606141201214808 0.7908302615120970
9.8650518552392210 -0.0460025474753969 0.0000122938623735 1.8488130353409336 0.7594311061255186 0.7896462813774114
9.8702723847132372 -0.0460490118851619 0.0000122256131104 1.8514496719377731 0.7592331708909407 0.7894479893975037
9.8754929141872534 -0.0460954991983157 0.0000121573597788 1.8540884110927627 0.7590352311393485 0.7892496368487135
9.9065424127666439 -0.0463725424716919 0.0000117513288660 1.8698259545373130 0.7578578828604036 0.7880686711367130
9.9172349982566832 -0.0464681696292164 0.0000116114685822 1.8752627443510770 0.7574524051179754 0.7876614856004389
9.9279275837467225 -0.0465639104393090 0.0000114715910569 1.8807083545476142 0.7570469126288063 0.7872540477997572
9.9324617186096731 -0.0466045431969978 0.0000114122715844 1.8830202001510956 0.7568749614311625 0.7870811998698849
9.9354095019826616 -0.0466309708192605 0.0000113737045060 1.8845240542761070 0.7567631692586064 0.7869688017294757
9.9383572853556501 -0.0466574012839250 0.0000113351366259 1.8860285787649875 0.7566513760017199 0.7868563844685993
9.9498842175550042 -0.0467608374690974 0.0000111843096873 1.8919182664840055 0.7562142133711368 0.7864166076399055
9.9804401354041072 -0.0470356721946998 0.0000107844018583 1.9075804175401916 0.7550553056834741 0.7852494244641196
9.9920744637398951 -0.0471405633000710 0.0000106321008435 1.9135627983825176 0.7546140239824707 0.7848044763821417
9.9983855470818312 -0.0471975188617968 0.0000105494769668 1.9168123308771643 0.7543746448617349 0.7845629891258893
10.0030025487845222 -0.0472392055979873 0.0000104890288865 1.9191915387504941 0.7541995203419281 0.7843862692137891
10.0076195504872132 -0.0472809107406104 0.0000104285782395 1.9215723910412466 0.7540243943642682 0.7842095028719062
10.0376936049428984 -0.0475530953992102 0.0000100347495463 1.9371209388381145 0.7528836356300234 0.7830569549080931
10.0482093210325800 -0.0476484840034828 0.0000098970161860 1.9425741181107141 0.7524847473193726 0.7826534913065778
10.0587250371222616 -0.0477439850510524 0.0000097592692766 1.9480358271231861 0.7520858553246106 0.7822497885206985
10.0643725533144561 -0.0477953146657232 0.0000096852866324 1.9509725848783408 0.7518716271377488 0.7820328793990480
10.0700200695066506 -0.0478466726318887 0.0000096113005305 1.9539118027626330 0.7516573981979391 0.7818159014531249
10.0998439377574343 -0.0481184285424767 0.0000092205271874 1.9694742646239283 0.7505260741242925 0.7806689274540836
10.1113849928241937 -0.0482238356154142 0.0000090692812160 1.9755149395563776 0.7500882812677926 0.7802245658304137
10.1179464566713673 -0.0482838240130687 0.0000089832864797 1.9789538394164743 0.7498393825044184 0.7799718045820284
10.1245079205185409 -0.0483438463348665 0.0000088972879599 1.9823960596212997 0.7495904843282911 0.7797189511892321
10.1309681853663935 -0.0484029851491879 0.0000088126114338 1.9857884335139189 0.7493454258599913 0.7794699076738899
10.1603709386074446 -0.0486726897570351 0.0000084271667051 2.0012688826329530 0.7482301023542532 0.7783353052258954
10.1702972919569259 -0.0487639441684975 0.0000082970212302 2.0065101261207179 0.7478535781205777 0.7779518485648770
10.1770456774638394 -0.0488260346642507 0.0000082085375428 2.0100776997788627 0.7475976027951236 0.7776910378417776
10.1837940629707528 -0.0488881680402199 0.0000081200498864 2.0136487849496967 0.7473416301084284 0.7774301305151550
10.2129943368441598 -0.0491575668323739 0.0000077371152214 2.0291413434942340 0.7462340724393444 0.7763000732108503
10.2207526757183178 -0.0492292944978380 0.0000076353589640 2.0332686775159163 0.7459398124402719 0.7759995209375633
10.2285110145924758 -0.0493010785590626 0.0000075335980787 2.0374006519283370 0.7456455578052830 0.7756988418360393
10.2356866378120923 -0.0493675219923836 0.0000074394761877 2.0412264113044256 0.7453734092011043 0.7754206334554695
10.2644535611592183 -0.0496344369553400 0.0000070621013238 2.0566036521944131 0.7442824261287290 0.7743042161684510
10.2710513875421636 -0.0496957783889416 0.0000069755394863 2.0601394858369475 0.7440322177282539 0.7740479162463131
10.2763046275360725 -0.0497446464928245 0.0000069066163716 2.0629571429353808 0.7438330037283973 0.7738437831862737
10.2811171435358801 -0.0497894379424243 0.0000068434740043 2.0655402776288674 0.7436505060271053 0.7736567253906580
10.3094674538717630 -0.0500538019097802 0.0000064714713432 2.0807936340404609 0.7425754858182447 0.7725537961581338
10.3159445703590293 -0.0501143206053271 0.0000063864731081 2.0842872178633867 0.7423298956852659 0.7723015782409365
10.3224216868462957 -0.0501748785085870 0.0000063014725471 2.0877840344530649 0.7420843121064835 0.7720492731923058
10.3310580923427704 -0.0502556892430606 0.0000061881313736 2.0924516204103187 0.7417568684168117 0.7717127213101127
10.3591483130428497 -0.0505190824982618 0.0000058194530641 2.1076728554953932 0.7406919353883759 0.7706170063020381
10.3655463570774238 -0.0505791885005790 0.0000057354739637 2.1111482604939185 0.7404493982428415 0.7703672099540132
10.3719444011119979 -0.0506393347854447 0.0000056514928738 2.1146268188852262 0.7402068689372403 0.7701173292194452
10.3996135870954234 -0.0508999551268317 0.0000052882802493 2.1297066074339610 0.7391581143392799 0.7690357174136970
10.4064273394199098 -0.0509642573623810 0.0000051988307424 2.1334291710302464 0.7388998751925652 0.7687691209144040
10.4130367692937806 -0.0510266755157236 0.0000051120617401 2.1370435232721903 0.7386493895682336 0.7685104279000985
10.4404623837384420 -0.0512861865818810 0.0000047519953657 2.1520771006875905 0.7376101154283672 0.7674360354279902
10.4473190777385749 -0.0513511879006041 0.0000046619705807 2.1558447040850410 0.7373503140458887 0.7671671861353986
10.4535042226154360 -0.0514098661528631 0.0000045807613519 2.1592464112306708 0.7371159678427480 0.7669245859921890
10.4622446406890450 -0.0514928578165704 0.0000044659995808 2.1640584897659818 0.7367848226568088 0.7665816276117341
