0.0000976613934617 -0.0000000000074742 0.0000468936312005 0.0000000000000020 0.9999999999662559 0.9999999999753852
0.0001348375833971 -0.0000000000142488 0.0000468936311944 0.0000000000000052 0.9999999999353515 0.9999999999530749
0.0001804600105447 -0.0000000000255232 0.0000468936311841 0.0000000000000125 0.9999999998839197 0.9999999999159449
0.0002353101751181 -0.0000000000433976 0.0000468936311679 0.0000000000000276 0.9999999998023810 0.9999999998570795
0.0003001464794442 -0.0000000000706085 0.0000468936311432 0.0000000000000573 0.9999999996782516 0.9999999997674665
0.0003756826524536 -0.0000000001106208 0.0000468936311068 0.0000000000001124 0.9999999994957258 0.9999999996356949
0.0004626193485990 -0.0000000001677431 0.0000468936310549 0.0000000000002099 0.9999999992351490 0.9999999994475753
0.0005616167417809 -0.0000000002472172 0.0000468936309826 0.0000000000003755 0.9999999988726089 0.9999999991858447
0.0006733311147367 -0.0000000003553506 0.0000468936308844 0.0000000000006472 0.9999999983793327 0.9999999988297313
0.0007983692800678 -0.0000000004995835 0.0000468936307533 0.0000000000010788 0.9999999977213808 0.9999999983547322
0.0009373424459126 -0.0000000006886484 0.0000468936305815 0.0000000000017459 0.9999999968589172 0.9999999977320887
0.0010908438780505 -0.0000000009326668 0.0000468936303597 0.0000000000027518 0.9999999957457698 0.9999999969284680
0.0012594345405973 -0.0000000012432338 0.0000468936300774 0.0000000000042350 0.9999999943290463 0.9999999959056844
0.0014436631110758 -0.0000000016335541 0.0000468936297227 0.0000000000063785 0.9999999925485092 0.9999999946202509
0.0016440690475346 -0.0000000021185662 0.0000468936292819 0.0000000000094207 0.9999999903360133 0.9999999930229706
0.0018611826887761 -0.0000000027150639 0.0000468936287398 0.0000000000136675 0.9999999876149503 0.9999999910585374
0.0020955093988972 -0.0000000034417661 0.0000468936280794 0.0000000000195070 0.9999999842999289 0.9999999886653044
0.0023475405248636 -0.0000000043194494 0.0000468936272817 0.0000000000274259 0.9999999802961724 0.9999999857748486
0.0026177719542878 -0.0000000053711324 0.0000468936263259 0.0000000000380292 0.9999999754986754 0.9999999823113629
0.0029066912266741 -0.0000000066221662 0.0000468936251890 0.0000000000520617 0.9999999697917936 0.9999999781913598
0.0032147457196639 -0.0000000081001966 0.0000468936238457 0.0000000000704307 0.9999999630494140 0.9999999733237934
0.0035424086430010 -0.0000000098355726 0.0000468936222685 0.0000000000942362 0.9999999551330929 0.9999999676087163
0.0038901324798019 -0.0000000118612683 0.0000468936204275 0.0000000001248002 0.9999999458924105 0.9999999609375353
0.0042583351777272 -0.0000000142128786 0.0000468936182904 0.0000000001636973 0.9999999351649933 0.9999999531930268
0.0046474814695745 -0.0000000169292495 0.0000468936158217 0.0000000002128016 0.9999999227736357 0.9999999442472597
0.0050579688188442 -0.0000000200518605 0.0000468936129838 0.0000000002743155 0.9999999085291196 0.9999999339636306
0.0054902314986083 -0.0000000236256463 0.0000468936097358 0.0000000003508278 0.9999998922264647 0.9999999221941569
0.0059446764285704 -0.0000000276986644 0.0000468936060342 0.0000000004453553 0.9999998736464459 0.9999999087805721
0.0064217089874116 -0.0000000323224021 0.0000468936018320 0.0000000005614018 0.9999998525541915 0.9999998935533138
0.0069217148520022 -0.0000000375517166 0.0000468935970795 0.0000000007030125 0.9999998286994586 0.9999998763317220
0.0074451075020256 -0.0000000434454530 0.0000468935917232 0.0000000008748526 0.9999998018138104 0.9999998569220034
0.0079922543703684 -0.0000000500657787 0.0000468935857065 0.0000000010822556 0.9999997716136568 0.9999998351194234
0.0085635375470817 -0.0000000574789448 0.0000468935789692 0.0000000013313172 0.9999997377967783 0.9999998107057984
0.0091593407963921 -0.0000000657553061 0.0000468935714475 0.0000000016289756 0.9999997000422345 0.9999997834494304
0.0097800322924025 -0.0000000749692102 0.0000468935630737 0.0000000019830916 0.9999996580108719 0.9999997531054717
0.0104259836942822 -0.0000000851993793 0.0000468935537763 0.0000000024025533 0.9999996113435817 0.9999997194146686
0.0110975468288655 -0.0000000965286670 0.0000468935434800 0.0000000028973626 0.9999995596624076 0.9999996821041603
0.0117950882925979 -0.0000001090447385 0.0000468935321051 0.0000000034787679 0.9999995025674457 0.9999996408852412
0.0125189347070554 -0.0000001228392218 0.0000468935195684 0.0000000041593357 0.9999994396407126 0.9999995954561539
0.0132694658728438 -0.0000001380095610 0.0000468935057813 0.0000000049531578 0.9999993704376957 0.9999995454959880
0.0140470024721492 -0.0000001546570029 0.0000468934906517 0.0000000058758783 0.9999992944965349 0.9999994906713092
0.0148518997374565 -0.0000001728885645 0.0000468934740825 0.0000000069449292 0.9999992113290471 0.9999994306296798
0.0156844762169836 -0.0000001928156443 0.0000468934559723 0.0000000081795956 0.9999991204270640 0.9999993650042336
0.0165450577076403 -0.0000002145550669 0.0000468934362151 0.0000000096012241 0.9999990212576630 0.9999992934102339
0.0174339977261354 -0.0000002382298323 0.0000468934146990 0.0000000112334375 0.9999989132597529 0.9999992154426066
0.0183516058506498 -0.0000002639673976 0.0000468933913081 0.0000000131021904 0.9999987958519090 0.9999991306815993
0.0192982072458612 -0.0000002919013100 0.0000468933659212 0.0000000152360557 0.9999986684249266 0.9999990386874033
0.0202741266391749 -0.0000003221709562 0.0000468933384115 0.0000000176664009 0.9999985303429626 0.9999989390009779
0.0212796555658535 -0.0000003549206154 0.0000468933086479 0.0000000204275067 0.9999983809478559 0.9999988311471707
0.0223151380411707 -0.0000003903023365 0.0000468932764923 0.0000000235570156 0.9999982195460017 0.9999987146252408
0.0233808822604270 -0.0000004284732762 0.0000468932418017 0.0000000270959372 0.9999980454204961 0.9999985889176258
0.0244771588069971 -0.0000004695954851 0.0000468932044290 0.0000000310888358 0.9999978578321110 0.9999984534906469
0.0256043041539603 -0.0000005138398760 0.0000468931642188 0.0000000355844553 0.9999976560011904 0.9999983077814379
0.0267626010153725 -0.0000005613819331 0.0000468931210116 0.0000000406355640 0.9999974391272267 0.9999981512120786
0.0279523288644716 -0.0000006124035877 0.0000468930746420 0.0000000462993895 0.9999972063803018 0.9999979831834158
0.0291738161435870 -0.0000006670957135 0.0000468930249367 0.0000000526381883 0.9999969568897060 0.9999978030668467
0.0304273572520028 -0.0000007256547866 0.0000468929717170 0.0000000597191805 0.9999966897591740 0.9999976102153179
0.0317132245898442 -0.0000007882833051 0.0000468929147989 0.0000000676148787 0.9999964040649691 0.9999974039619425
0.0330317283869039 -0.0000008551928087 0.0000468928539902 0.0000000764037862 0.9999960988421108 0.9999971836100574
0.0343831256552784 -0.0000009265995105 0.0000468927890943 0.0000000861701726 0.9999957731043013 0.9999969484476087
0.0357676870039448 -0.0000010027276249 0.0000468927199076 0.0000000970048344 0.9999954258287426 0.9999966977361906
0.0371857406936862 -0.0000010838122197 0.0000468926462163 0.0000001090059043 0.9999950559431281 0.9999964307016533
0.0386375331143552 -0.0000011700915632 0.0000468925678039 0.0000001222781279 0.9999946623605529 0.9999961465593071
0.0401233618712735 -0.0000012618147140 0.0000468924844441 0.0000001369343628 0.9999942439448908 0.9999958444889256
0.0416434742733521 -0.0000013592356354 0.0000468923959060 0.0000001530950858 0.9999937995376420 0.9999955236541289
0.0431981584822946 -0.0000014626189145 0.0000468923019493 0.0000001708897296 0.9999933279318473 0.9999951831835497
0.0447876813125870 -0.0000015722360368 0.0000468922023271 0.0000001904565311 0.9999928278890778 0.9999948221831004
0.0464123149781951 -0.0000016883672179 0.0000468920967848 0.0000002119432974 0.9999922981310850 0.9999944397299430
0.0480723179927443 -0.0000018113001799 0.0000468919850610 0.0000002355076611 0.9999917373453781 0.9999940348765164
0.0497679485462671 -0.0000019413311633 0.0000468918668864 0.0000002613177507 0.9999911441806089 0.9999936066472047
0.0514994702537028 -0.0000020787655309 0.0000468917419834 0.0000002895528308 0.9999905172438204 0.9999931540363496
0.0532671628806678 -0.0000022239188825 0.0000468916100654 0.0000003204040930 0.9999898550953584 0.9999926760045770
0.0550712806843239 -0.0000023771138358 0.0000468914708390 0.0000003540745434 0.9999891562635578 0.9999921714893992
0.0569120782973345 -0.0000025386821268 0.0000468913240028 0.0000003907799916 0.9999884192351610 0.9999916393982984
0.0587898086093486 -0.0000027089645655 0.0000468911692470 0.0000004307496368 0.9999876424555213 0.9999910786088713
0.0607047275854783 -0.0000028883116149 0.0000468910062532 0.0000004742268193 0.9999868243259609 0.9999904879669226
0.0626570721526294 -0.0000030770814129 0.0000468908346960 0.0000005214691672 0.9999859632127945 0.9999898662929795
0.0646470891956879 -0.0000032756425631 0.0000468906542402 0.0000005727499138 0.9999850574346000 0.9999892123731000
0.0666750477592449 -0.0000034843757079 0.0000468904645399 0.0000006283590371 0.9999841052550419 0.9999885249536931
0.0687412045463611 -0.0000037036703149 0.0000468902652413 0.0000006886031617 0.9999831048975298 0.9999878027520995
0.0708457776161556 -0.0000039339217139 0.0000468900559851 0.0000007538053916 0.9999820545587399 0.9999870444663539
0.0729890229340870 -0.0000041755393586 0.0000468898363991 0.0000008243083281 0.9999809523709211 0.9999862487479709
0.0751711903948857 -0.0000044289424257 0.0000468896061024 0.0000009004736719 0.9999797964219784 0.9999854142164437
0.0773925244133022 -0.0000046945599349 0.0000468893647051 0.0000009826830365 0.9999785847549179 0.9999845394588438
0.0796532351795005 -0.0000049728272165 0.0000468891118117 0.0000010713376041 0.9999773153839691 0.9999836230414582
0.0819535802427050 -0.0000052641959245 0.0000468888470115 0.0000011668621065 0.9999759862489030 0.9999826634768100
0.0842938127231992 -0.0000055691281921 0.0000468885698847 0.0000012697039628 0.9999745952416955 0.9999816592429069
0.0866741518594645 -0.0000058880927077 0.0000468882800054 0.0000013803327863 0.9999731402244284 0.9999806087961641
0.0890948201264608 -0.0000062215694142 0.0000468879769373 0.0000014992427990 0.9999716190078523 0.9999795105559269
0.0915560726132959 -0.0000065700539255 0.0000468876602301 0.0000016269554309 0.9999700293312409 0.9999783628899264
0.0940581337729801 -0.0000069340489809 0.0000468873294269 0.0000017640172643 0.9999683689013749 0.9999771641424217
0.0966012364279844 -0.0000073140699031 0.0000468869840593 0.0000019110029705 0.9999666353676434 0.9999759126162246
0.0991855941025622 -0.0000077106406097 0.0000468866236513 0.0000020685147992 0.9999648263402403 0.9999746065858354
0.1018114468392656 -0.0000081243006775 0.0000468862477126 0.0000022371864041 0.9999629393579398 0.9999732442741767
0.1044790203300012 -0.0000085555993412 0.0000468858557439 0.0000024176816044 0.9999609719154716 0.9999718238723565
0.1071885575939224 -0.0000090051006678 0.0000468854472327 0.0000026106976424 0.9999589214399216 0.9999703435226290
0.1099402472971170 -0.0000094733717239 0.0000468850216637 0.0000028169612219 0.9999567853447047 0.9999688013573603
0.1127343413843978 -0.0000099610023325 0.0000468845785009 0.0000030372382190 0.9999545609394458 0.9999671954339638
0.1155710511869616 -0.0000104685877831 0.0000468841172033 0.0000032723273889 0.9999522455088511 0.9999655237918413
0.1184505974812269 -0.0000109967373763 0.0000468836372172 0.0000035230653272 0.9999498362737289 0.9999637844242405
0.1213732138634058 -0.0000115460754232 0.0000468831379753 0.0000037903283314 0.9999473303864344 0.9999619752749643
0.1243391144904120 -0.0000121172354040 0.0000468826189020 0.0000040750309120 0.9999447249575181 0.9999600942576086
0.1273484908322279 -0.0000127108590178 0.0000468820794140 0.0000043781264363 0.9999420170600579 0.9999581392586883
0.1304015893293217 -0.0000133276116583 0.0000468815189067 0.0000047006164074 0.9999392036590693 0.9999561080866722
0.1334986257338886 -0.0000139681659529 0.0000468809367689 0.0000050435436275 0.9999362816865939 0.9999539985261928
0.1366398061437474 -0.0000146332056805 0.0000468803323793 0.0000054079954551 0.9999332480238290 0.9999518083251422
0.1398253340027900 -0.0000153234272129 0.0000468797051050 0.0000057951059721 0.9999300994945555 0.9999495351899254
0.1430554327093808 -0.0000160395446585 0.0000468790542972 0.0000062060604369 0.9999268328416744 0.9999471767685182
0.1463303086446125 -0.0000167822820353 0.0000468783792979 0.0000066420924712 0.9999234447629137 0.9999447306762447
0.1496501709341971 -0.0000175523776183 0.0000468776794362 0.0000071044880475 0.9999199318909973 0.9999421944814569
0.1530152340725394 -0.0000183505847855 0.0000468769540276 0.0000075945876775 0.9999162907897884 0.9999395657027493
0.1564257178871367 -0.0000191776722990 0.0000468762023736 0.0000081137883428 0.9999125179530108 0.9999368418080316
0.1598817880020260 -0.0000200344096798 0.0000468754237748 0.0000086635358140 0.9999086098709624 0.9999340202626920
0.1633837093939375 -0.0000209216052004 0.0000468746174969 0.0000092453506349 0.9999045628572123 0.9999310984044748
0.1669316519679339 -0.0000218400578926 0.0000468737828137 0.0000098607991480 0.9999003732675246 0.9999280736015344
0.1705258328462680 -0.0000227905930902 0.0000468729189754 0.0000105115182135 0.9998960373377267 0.9999249431353776
0.1741664420042674 -0.0000237740435969 0.0000468720252252 0.0000111992046211 0.9998915512696191 0.9999217042628853
0.1778536930481499 -0.0000247912632124 0.0000468711007873 0.0000119256262261 0.9998869111692752 0.9999183541717623
0.1815878045648839 -0.0000258431222527 0.0000468701448710 0.0000126926210610 0.9998821130674800 0.9999148899952914
0.1853689700982087 -0.0000269304991286 0.0000468691566781 0.0000135020931213 0.9998771529581468 0.9999113088400654
0.1891973741926651 -0.0000280542845113 0.0000468681353993 0.0000143560170663 0.9998720267793207 0.9999076077722677
0.1930732072275320 -0.0000292153856885 0.0000468670802103 0.0000152564434755 0.9998667303933070 0.9999037838033233
0.1969966880858467 -0.0000304147338779 0.0000468659902649 0.0000162055069109 0.9998612595533174 0.9998998338658116
0.2009680269756826 -0.0000316532735429 0.0000468648647051 0.0000172054200495 0.9998556099522095 0.9998957548486522
0.2049873956642173 -0.0000329319527173 0.0000468637026695 0.0000182584676699 0.9998497772666223 0.9998915436289674
0.2090550172395205 -0.0000342517513462 0.0000468625032677 0.0000193670319542 0.9998437570277031 0.9998871969787408
0.2131710528292136 -0.0000356136452209 0.0000468612656133 0.0000205335649256 0.9998375447856235 0.9998827116835954
0.2173357407818292 -0.0000370186515320 0.0000468599887819 0.0000217606292834 0.9998311359017924 0.9998780843927642
0.2215492554479452 -0.0000384677825026 0.0000468586718541 0.0000230508612638 0.9998245257603607 0.9998733117717925
0.2258117795253093 -0.0000399620690342 0.0000468573138931 0.0000244069929444 0.9998177096603659 0.9998683904246622
0.2301235069147813 -0.0000415025621489 0.0000468559139442 0.0000258318562747 0.9998106828091589 0.9998633168890381
0.2344846312186002 -0.0000430903292823 0.0000468544710376 0.0000273283824076 0.9998034403393145 0.9998580876484733
0.2388953378596411 -0.0000447264514696 0.0000468529841912 0.0000288996015456 0.9997959773214766 0.9998526991416765
0.2433558322399562 -0.0000464120339453 0.0000468514524009 0.0000305486557664 0.9997882887160098 0.9998471477275980
0.2478663309526528 -0.0000481482035761 0.0000468498746430 0.0000322787997999 0.9997803693847164 0.9998414296938820
0.2524269802961601 -0.0000499360771820 0.0000468482499029 0.0000340933717684 0.9997722142353399 0.9998355413611973
0.2570379594644280 -0.0000517768007305 0.0000468465771397 0.0000359958343362 0.9997638180427906 0.9998294789541493
0.2616994948236648 -0.0000536715565036 0.0000468448552792 0.0000379897862595 0.9997551754164601 0.9998232385776715
0.2664117406306461 -0.0000556215151766 0.0000468430832582 0.0000400789152908 0.9997462810188148 0.9998168163748522
0.2711749172736170 -0.0000576278920493 0.0000468412599725 0.0000422670602196 0.9997371293089089 0.9998102083417314
0.2759891842215800 -0.0000596918947089 0.0000468393843254 0.0000445581578842 0.9997277147811208 0.9998034104996717
0.2808547094730118 -0.0000618147514455 0.0000468374552010 0.0000469562761290 0.9997180318355435 0.9997964188017670
0.2857717292131413 -0.0000639977384195 0.0000468354714402 0.0000494656486807 0.9997080746540780 0.9997892290433633
0.2907404046962588 -0.0000662421172396 0.0000468334318971 0.0000520906076818 0.9996978374851595 0.9997818370676413
0.2957609193411541 -0.0000685491772035 0.0000468313354006 0.0000548356343268 0.9996873144510983 0.9997742386264942
0.3008334119722934 -0.0000709202048327 0.0000468291807822 0.0000577053259143 0.9996764996870420 0.9997664294808601
0.3059581154091338 -0.0000733565486700 0.0000468269668170 0.0000607044774292 0.9996653870454293 0.9997584051873040
0.3111352066415358 -0.0000758595501527 0.0000468246922867 0.0000638380022073 0.9996539704113008 0.9997501613256862
0.3163648624453919 -0.0000784305690813 0.0000468223559563 0.0000671109654067 0.9996422435861398 0.9997416934152763
0.3216472554396952 -0.0000810709817622 0.0000468199565758 0.0000705285850578 0.9996302002963499 0.9997329969208639
0.3269825488956719 -0.0000837821783147 0.0000468174928828 0.0000740962318087 0.9996178342055494 0.9997240672616258
0.3323709433951793 -0.0000865655867106 0.0000468149635805 0.0000778194644089 0.9996051388049308 0.9997148997319408
0.3378125962297200 -0.0000894226318311 0.0000468123673748 0.0000817039793405 0.9995921076000190 0.9997054896362385
0.3433077122076749 -0.0000923547826090 0.0000468097029319 0.0000857556777797 0.9995787338956583 0.9996958321337222
0.3488564493812841 -0.0000953635026890 0.0000468069689225 0.0000899806023363 0.9995650110210681 0.9996859224008723
0.3544589922446761 -0.0000984502891917 0.0000468041639873 0.0000943849939044 0.9995509321530444 0.9996757555037646
0.3601155037829415 -0.0001016166469558 0.0000468012867597 0.0000989752595444 0.9995364904334574 0.9996653264829036
0.3658261813149497 -0.0001048641197294 0.0000467983358380 0.0001037580214115 0.9995216788269957 0.9996546302504794
0.3715911641637847 -0.0001081942380984 0.0000467953098325 0.0001087400445357 0.9995064903586762 0.9996436617618715
0.3774106630158387 -0.0001116085934902 0.0000467922072982 0.0001139283504023 0.9994909177763301 0.9996324157718958
0.3832848266464641 -0.0001151087615374 0.0000467890268045 0.0001193301067894 0.9994749539001465 0.9996208870872145
0.3892138484878164 -0.0001186963643550 0.0000467857668788 0.0001249527261044 0.9994585913386449 0.9996090703612062
0.3951978717818571 -0.0001223730140300 0.0000467824260574 0.0001308037822518 0.9994418227464261 0.9995969602800898
0.4012370748652556 -0.0001261403640117 0.0000467790028393 0.0001368910949963 0.9994246405898012 0.9995845513936502
0.4073316555949377 -0.0001300001009605 0.0000467754956933 0.0001432227234971 0.9994070371839836 0.9995718381420766
0.4134817367810245 -0.0001339538845803 0.0000467719031128 0.0001498068714767 0.9993890049675136 0.9995588150541368
0.4196875446124594 -0.0001380034614343 0.0000467682235122 0.0001566520796727 0.9993705359831885 0.9995454763722805
0.4259491993463055 -0.0001421505304521 0.0000467644553495 0.0001637670063812 0.9993516224914623 0.9995318164956269
0.4322669011134958 -0.0001463968636869 0.0000467605970162 0.0001711606352878 0.9993322564197249 0.9995178295822023
0.4386408174272546 -0.0001507442331034 0.0000467566469039 0.0001788421566326 0.9993124296962149 0.9995035097900793
0.4450711178447581 -0.0001551944332643 0.0000467526033839 0.0001868210103317 0.9992921341465733 0.9994888512026437
0.4515579451855325 -0.0001597492612133 0.0000467484648252 0.0001951068542399 0.9992713615856015 0.9994738478948475
0.4581014756973174 -0.0001644105584118 0.0000467442295567 0.0002037096446173 0.9992501036260274 0.9994584937950642
0.4647018766593726 -0.0001691801817212 0.0000467398958931 0.0002126395895366 0.9992283518108587 0.9994427827806607
0.4713593344497046 -0.0001740600237983 0.0000467354621171 0.0002219071922336 0.9992060975203926 0.9994267086108046
0.4780739987409829 -0.0001790519724527 0.0000467309265154 0.0002315231794241 0.9991833321575814 0.9994102650603306
0.4848459748589132 -0.0001841579030544 0.0000467262873866 0.0002414984880484 0.9991600471826729 0.9993934459447417
0.4916755015141824 -0.0001893798131305 0.0000467215429181 0.0002518445344024 0.9991362334994214 0.9993762446768316
0.4985627252526590 -0.0001947196535344 0.0000467166913399 0.0002625728919333 0.9991118822250428 0.9993586548228066
0.5055078218660436 -0.0002001794197476 0.0000467117308415 0.0002736954744897 0.9990869842738664 0.9993406698015227
0.5125109203487281 -0.0002057610925718 0.0000467066596260 0.0002852244217425 0.9990615306278173 0.9993222830798402
0.5195722119509164 -0.0002114667244080 0.0000467014758316 0.0002971722814970 0.9990355119429858 0.9993034878883968
0.5266918328726152 -0.0002172983460830 0.0000466961776160 0.0003095518233608 0.9990089189745442 0.9992842775285226
0.5338699444788494 -0.0002232580309682 0.0000466907630985 0.0003223761771187 0.9989817422843739 0.9992646451610088
0.5411067314895953 -0.0002293478949757 0.0000466852303599 0.0003356588415145 0.9989539722411160 0.9992445838061078
0.5484023346009776 -0.0002355700401689 0.0000466795774937 0.0003494135676915 0.9989255992773328 0.9992240865292760
0.5557569236402266 -0.0002419266160335 0.0000466738025506 0.0003636544980172 0.9988966136101379 0.9992031462393216
0.5631706377754048 -0.0002484197685617 0.0000466679035843 0.0003783960595222 0.9988670054733974 0.9991817558561198
0.5706436660082354 -0.0002550517105035 0.0000466618785883 0.0003936531288085 0.9988367647974192 0.9991599080791697
0.5781761544849721 -0.0002618246405173 0.0000466557255690 0.0004094408552974 0.9988058815776478 0.9991375956539205
0.5857682403254165 -0.0002687407718026 0.0000466494425196 0.0004257747299977 0.9987743457441263 0.9991148112774343
0.5934200780147042 -0.0002758023561895 0.0000466430273986 0.0004426706486008 0.9987421470516874 0.9990915475190112
0.6011318871227695 -0.0002830117301867 0.0000466364780875 0.0004601450327066 0.9987092748700251 0.9990677966684666
0.6089037754592457 -0.0002903711505179 0.0000466297925408 0.0004782144397111 0.9986757189336275 0.9990435512779290
0.6167358977345059 -0.0002978829406171 0.0000466229686522 0.0004968959198821 0.9986414686738342 0.9990188036792076
0.6246283987696957 -0.0003055494380805 0.0000466160043030 0.0005162068967433 0.9986065134584748 0.9989935461568905
0.6325814386561811 -0.0003133730190803 0.0000466088973396 0.0005361652350792 0.9985708424805864 0.9989677708678948
0.6405951768892919 -0.0003213560835264 0.0000466016455869 0.0005567892116957 0.9985344448261095 0.9989414698903334
0.6486697879758426 -0.0003295010709963 0.0000465942468341 0.0005780975643858 0.9984973094012954 0.9989146351710122
0.6568054073709676 -0.0003378104062515 0.0000465866988842 0.0006001093564332 0.9984594251811487 0.9988872587049139
0.6650021983694479 -0.0003462865664806 0.0000465789994925 0.0006228441588817 0.9984207809028879 0.9988593323136401
0.6732603009917976 -0.0003549320293517 0.0000465711464143 0.0006463219205924 0.9983813653028236 0.9988308478165390
0.6815798487689759 -0.0003637492895293 0.0000465631373897 0.0006705630173299 0.9983411670410934 0.9988017969762699
0.6899610253315337 -0.0003727409194364 0.0000465549700884 0.0006955884280994 0.9983001744246898 0.9987721712985843
0.6984039447748600 -0.0003819094419447 0.0000465466422252 0.0007214193909482 0.9982583759879088 0.9987419624517609
0.7069088224056458 -0.0003912575147209 0.0000465381513930 0.0007480779267986 0.9982157596519754 0.9987111616591976
0.7154757564534137 -0.0004007876927690 0.0000465294952780 0.0007755861767294 0.9981723138076271 0.9986797604817738
0.7241049062399720 -0.0004105026225255 0.0000465206714838 0.0008039669580806 0.9981280264303084 0.9986477501783158
0.7327964093555973 -0.0004204049511331 0.0000465116776135 0.0008332435141636 0.9980828854938194 0.9986151220045021
0.7415504102484607 -0.0004304973582375 0.0000465025112410 0.0008634396136992 0.9980368788254155 0.9985818671080752
0.7503670899035703 -0.0004407825913832 0.0000464931698789 0.0008945796680380 0.9979899939445067 0.9985479764121801
0.7592465942344935 -0.0004512633836281 0.0000464836510532 0.0009266884931893 0.9979422184382720 0.9985134408868045
0.7681890725008214 -0.0004619424973892 0.0000464739522636 0.0009597914477173 0.9978935397618315 0.9984782514042806
0.7771946420707673 -0.0004728226819643 0.0000464640710220 0.0009939143078768 0.9978439454319303 0.9984423988792342
0.7862634658283394 -0.0004839067665465 0.0000464540047682 0.0010290835658574 0.9977934226030055 0.9984058739620586
0.7953956576911612 -0.0004951975460485 0.0000464437509734 0.0010653260797608 0.9977419585876840 0.9983686674151219
0.8045913817866499 -0.0005066979024634 0.0000464333070300 0.0011026694674947 0.9976895403036563 0.9983307697128224
0.8138507917699367 -0.0005184107313548 0.0000464226703186 0.0011411418841634 0.9976361546088148 0.9982921712837942
0.8231740633948590 -0.0005303389831264 0.0000464118381702 0.0011807721665873 0.9975817881132087 0.9982528623748770
0.8325612951576991 -0.0005424855354584 0.0000464008079824 0.0012215894167397 0.9975264277605144 0.9982128334714686
0.8420126674855207 -0.0005548533972461 0.0000463895770340 0.0012636236890066 0.9974700598985901 0.9981720746254259
0.8515283149672724 -0.0005674455446881 0.0000463781426338 0.0013069054529799 0.9974126710266136 0.9981305759951981
0.8611083082784690 -0.0005802648936900 0.0000463665021460 0.0013514654949431 0.9973542479208890 0.9980883279367601
0.8707528858899770 -0.0005933146104195 0.0000463546527078 0.0013973360079586 0.9972947762195884 0.9980453199800977
0.8804621683364411 -0.0006065977309197 0.0000463425915751 0.0014445492857346 0.9972342421564218 0.9980015420827894
0.8902362767716381 -0.0006201173172383 0.0000463303159806 0.0014931382656748 0.9971726318491380 0.9979569841154353
0.9000753614735201 -0.0006338764976291 0.0000463178230973 0.0015431366852688 0.9971099311164058 0.9979116357291289
0.9099795321101876 -0.0006478783697403 0.0000463051101267 0.0015945787421531 0.9970461259190611 0.9978654866744934
0.9199489519719102 -0.0006621261329772 0.0000462921741781 0.0016474995867359 0.9969812017570169 0.9978185263653992
0.9299837535417473 -0.0006766229701052 0.0000462790123768 0.0017019349003763 0.9969151442088722 0.9977707442691490
0.9400841047636235 -0.0006913721422378 0.0000462656217772 0.0017579212591468 0.9968479384991539 0.9977221295933614
0.9502501249109570 -0.0007063768668738 0.0000462519994739 0.0018154956841241 0.9967795700541449 0.9976726716879331
0.9604819800950221 -0.0007216404573876 0.0000462381424751 0.0018746961810317 0.9967100238663683 0.9976223595852264
0.9707797487721913 -0.0007371661229878 0.0000462240478841 0.0019355609765685 0.9966392854061377 0.9975711826594090
0.9811436180977334 -0.0007529572625495 0.0000462097126327 0.0019981296717844 0.9965673392828563 0.9975191296578761
0.9915737183993054 -0.0007690172172053 0.0000461951337056 0.0020624422908961 0.9964941703723806 0.9974661895167275
1.0020701660911546 -0.0007853493329816 0.0000461803080836 0.0021285395288865 0.9964197635317059 0.9974123511542740
1.0126331082294573 -0.0008019570301517 0.0000461652326810 0.0021964630426060 0.9963441032830954 0.9973576032423767
1.0232626684925072 -0.0008188437195512 0.0000461499044212 0.0022662551240564 0.9962671741954393 0.9973019344822684
1.0339590187036714 -0.0008360129161289 0.0000461343201337 0.0023379591801242 0.9961889603670582 0.9972453332301805
1.0447222585557852 -0.0008534680469603 0.0000461184767285 0.0024116189460473 0.9961094463004082 0.9971877881302091
1.0555525422288614 -0.0008712126538349 0.0000461023710122 0.0024872793396374 0.9960286159792956 0.9971292874464138
1.0664499810081935 -0.0008892502358740 0.0000460859998310 0.0025649858102667 0.9959464535859192 0.9970698195816191
1.0774147331300523 -0.0009075843969807 0.0000460693599365 0.0026447849797664 0.9958629428293153 0.9970093725912522
1.0884469262465049 -0.0009262187182634 0.0000460524481020 0.0027267241073096 0.9957780675266025 0.9969479346039006
1.0995467297212271 -0.0009451568794757 0.0000460352610117 0.0028108516319596 0.9956918110499489 0.9968854934208758
1.1107142026745223 -0.0009644023994915 0.0000460177954971 0.0028972160299719 0.9956041575087314 0.9968220373718549
1.1219495392368763 -0.0009839590558749 0.0000460000481554 0.0029858676952100 0.9955150898386789 0.9967575539314550
1.1332528174111667 -0.0010038304529448 0.0000459820157420 0.0030768570161077 0.9954245917692505 0.9966920311433515
1.1446241995032800 -0.0010240203693414 0.0000459636948550 0.0031702359570282 0.9953326462408060 0.9966254564742216
1.1560638008577198 -0.0010445325289403 0.0000459450821430 0.0032660570287455 0.9952392364480571 0.9965578175690580
1.1675717679731217 -0.0010653707389199 0.0000459261741801 0.0033643739361374 0.9951443452114230 0.9964891017958554
1.1791482104845730 -0.0010865387676019 0.0000459069675765 0.0034652410185255 0.9950479555334613 0.9964192966483860
1.1907932957148593 -0.0011080405166467 0.0000458874588222 0.0035687140791167 0.9949500498148873 0.9963483891783088
1.2025071519105521 -0.0011298798450089 0.0000458676444473 0.0036748495628266 0.9948506106563604 0.9962763665756478
1.2142898728178788 -0.0011520605741404 0.0000458475210168 0.0037837045778467 0.9947496208348749 0.9962032161516090
1.2261415695172040 -0.0011745865838878 0.0000458270850436 0.0038953373701557 0.9946470628672482 0.9961289250222811
1.2380623673784947 -0.0011974618082246 0.0000458063329927 0.0040098073221067 0.9945429190297257 0.9960534801226443
1.2500524481034134 -0.0012206903184336 0.0000457852612056 0.0041271753939892 0.9944371709794739 0.9959768679321487
1.2621119373300291 -0.0012442761075047 0.0000457638660961 0.0042475030586757 0.9943298007363065 0.9958990751857351
1.2742409075147971 -0.0012682230907287 0.0000457421441493 0.0043708522919057 0.9942207906800450 0.9958200888718709
1.2864395033499059 -0.0012925353518934 0.0000457200916991 0.0044972868457286 0.9941101224299297 0.9957398954204588
1.2987078822268132 -0.0013172170297321 0.0000456977050302 0.0046268716976354 0.9939977773617668 0.9956584810772775
1.3110461540730791 -0.0013422721964392 0.0000456749804894 0.0047596724239322 0.9938837371610556 0.9955758323046517
1.3234544272276167 -0.0013677049476877 0.0000456519144033 0.0048957556735291 0.9937679834133746 0.9954919354844890
1.3359328495075706 -0.0013935194878454 0.0000456285030010 0.0050351896428078 0.9936504972167298 0.9954067766371028
1.3484815140158015 -0.0014197199362136 0.0000456047425903 0.0051780430485131 0.9935312600635953 0.9953203420603336
1.3611005688190796 -0.0014463105539656 0.0000455806293518 0.0053243863674976 0.9934102528082623 0.9952326175808487
1.3737901078280752 -0.0014732955163723 0.0000455561595452 0.0054742906087396 0.9932874567036188 0.9951435893055027
1.3865503105616201 -0.0015006792088676 0.0000455313292410 0.0056278289656628 0.9931628520540567 0.9950532426445152
1.3993812680673696 -0.0015284658567493 0.0000455061346567 0.0057850747725258 0.9930364199007287 0.9949615635330963
1.4122830670366799 -0.0015566597011755 0.0000454805719965 0.0059461024794343 0.9929081412207921 0.9948685378507716
1.4252558725852149 -0.0015852651820768 0.0000454546372862 0.0061109887224748 0.9927779960954343 0.9947741508177805
1.4382998143175374 -0.0016142866913191 0.0000454283265966 0.0062798109409143 0.9926459648332138 0.9946783878094257
1.4514149310090076 -0.0016437284444720 0.0000454016361601 0.0064526466155534 0.9925120285535198 0.9945812347792005
1.4646014374152281 -0.0016735948629436 0.0000453745618352 0.0066295767864592 0.9923761664666875 0.9944826762856792
1.4772476873436744 -0.0017024862140665 0.0000453483721592 0.0068022543915523 0.9922447441673997 0.9943873303571207
1.4905757538586073 -0.0017331990730419 0.0000453205326099 0.0069874444391721 0.9921050432954601 0.9942859695478743
1.5039737337057322 -0.0017643458079969 0.0000452923011481 0.0071769469955976 0.9919633764624975 0.9941831730221136
1.5174435362798313 -0.0017959350573918 0.0000452636700043 0.0073708716047438 0.9918197047096119 0.9940789121137069
1.5309852928075796 -0.0018279714088414 0.0000452346350824 0.0075693046632780 0.9916740075141439 0.9939731715210973
1.5445990562222489 -0.0018604592909856 0.0000452051924327 0.0077723327457800 0.9915262650866074 0.9938659364633512
1.5582850189202710 -0.0018934034917943 0.0000451753377814 0.0079800458504669 0.9913764560138446 0.9937571909693038
1.5720432654011915 -0.0019268085698965 0.0000451450670646 0.0081925337462302 0.9912245599363724 0.9936469198205320
1.5858739248327185 -0.0019606792185450 0.0000451143760985 0.0084098882621437 0.9910705558934647 0.9935351073499221
1.5997770622353926 -0.0019950200003647 0.0000450832608196 0.0086322016085488 0.9909144235295043 0.9934217383172204
1.6137528823170377 -0.0020298358504968 0.0000450517168290 0.0088595696479650 0.9907561408066636 0.9933067962479394
1.6278013775584301 -0.0020651312035130 0.0000450197401834 0.0090920862327592 0.9905956879745864 0.9931902663156633
1.6419227290427771 -0.0021009109906692 0.0000449873264917 0.0093298497252963 0.9904330430368259 0.9930721320496326
1.6561170813297077 -0.0021371800823764 0.0000449544714202 0.0095729593957006 0.9902681842859279 0.9929523771752636
1.6703845241082480 -0.0021739432368277 0.0000449211707391 0.0098215150639869 0.9901010905370821 0.9928309857837706
1.6847251579589941 -0.0022112052656415 0.0000448874201727 0.0100756182101099 0.9899317403754201 0.9927079417852087
1.6991390562308764 -0.0022489709346959 0.0000448532154890 0.0103353713128128 0.9897601126069963 0.9925832292358625
1.7136264027693893 -0.0022872453264816 0.0000448185521715 0.0106008803687020 0.9895861846124211 0.9924568311415610
1.7281872597229802 -0.0023260332310944 0.0000447834259713 0.0108722507155840 0.9894099351148123 0.9923287314687260
1.7428217809049180 -0.0023653397082564 0.0000447478323978 0.0111495909364976 0.9892313416260977 0.9921989132882989
1.7575300670202540 -0.0024051697037429 0.0000447117670662 0.0114330102079142 0.9890503821903491 0.9920673600424067
1.7723121770537333 -0.0024455280746897 0.0000446752256745 0.0117226184566944 0.9888670352689241 0.9919340554608064
1.7871682447702666 -0.0024864199068501 0.0000446382037167 0.0120185286472319 0.9886812782994802 0.9917989825129230
1.8020983830048991 -0.0025278502562341 0.0000446006967162 0.0123208549662864 0.9884930888701630 0.9916621242610943
1.8171026958353746 -0.0025698241809138 0.0000445627001976 0.0126297130578967 0.9883024445754131 0.9915234637554751
1.8321812809135885 -0.0026123467465856 0.0000445242096815 0.0129452200743832 0.9881093229910207 0.9913829840156071
1.8473342585298247 -0.0026554231087366 0.0000444852206103 0.0132674953048816 0.9879137013013338 0.9912406677588993
1.8625617438820361 -0.0026990584353845 0.0000444457284178 0.0135966596269818 0.9877155566505630 0.9910964976557789
1.8778638222328905 -0.0027432578344045 0.0000444057285956 0.0139328349648336 0.9875148664730988 0.9909504565697598
1.8932406230000542 -0.0027880265665926 0.0000443652165002 0.0142761459200427 0.9873116075264364 0.9908025268534049
1.9086922023773554 -0.0028333697048793 0.0000443241876611 0.0146267171834347 0.9871057574388499 0.9906526914743004
1.9242186951530029 -0.0028792925765798 0.0000442826373810 0.0149846769462169 0.9868972927019066 0.9905009325536531
1.9398201959470838 -0.0029258004170292 0.0000442405610494 0.0153501542570688 0.9866861902434156 0.9903472325107322
1.9554968291746699 -0.0029728985758503 0.0000441979539557 0.0157232806430721 0.9864724264914804 0.9901915733811756
1.9712486688949276 -0.0030205922767477 0.0000441548115069 0.0161041882297556 0.9862559784651759 0.9900339376107889
1.9870757879443257 -0.0030688867620119 0.0000441111290968 0.0164930108781725 0.9860368231189698 0.9898743075779702
2.0029783508055661 -0.0031177875789415 0.0000440669018468 0.0168898865341577 0.9858149360435670 0.9897126646468517
2.0189564417986419 -0.0031673000561954 0.0000440221250803 0.0172949530362288 0.9855902938426597 0.9895489908980617
2.0350101254679709 -0.0032174294834791 0.0000439767941593 0.0177083495418442 0.9853628733177513 0.9893832685348464
2.0511396051734891 -0.0032681816099851 0.0000439309040346 0.0181302206838307 0.9851326492075454 0.9892154782351453
2.0673448860189576 -0.0033195615882101 0.0000438844502006 0.0185607078479622 0.9848995989797796 0.9890456026432434
2.0836260466513914 -0.0033715748216019 0.0000438374279287 0.0189999561717326 0.9846636989861579 0.9888736235675180
2.0999832056863594 -0.0034242268648140 0.0000437898323579 0.0194481137850228 0.9844249249156491 0.9886995223100048
2.1164164898626536 -0.0034775233247859 0.0000437416585844 0.0199053310188223 0.9841832522438053 0.9885232799933471
2.1329260045101033 -0.0035314697647923 0.0000436929017481 0.0203717596003482 0.9839386566683677 0.9883448778780377
2.1495118249083007 -0.0035860716731853 0.0000436435570613 0.0208475523752495 0.9836911142513478 0.9881642974658151
2.1661739810554850 -0.0036413344088909 0.0000435936198576 0.0213328628118730 0.9834406016663920 0.9879815206799867
2.1829126861750319 -0.0036972639620227 0.0000435430849052 0.0218278517246135 0.9831870927515447 0.9877965273496458
2.1997279680149391 -0.0037538657307828 0.0000434919475117 0.0223326765500335 0.9829305640542558 0.9876092992549313
2.2166199105992912 -0.0038111453211385 0.0000434402028021 0.0228474983688792 0.9826709912067810 0.9874198174821797
2.2335886332132002 -0.0038691084816271 0.0000433878457774 0.0233724813952331 0.9824083492226010 0.9872280626393916
2.2506342174859624 -0.0039277608558315 0.0000433348715387 0.0239077907689302 0.9821426136187007 0.9870340156750148
2.2677567673280508 -0.0039871081860396 0.0000432812751030 0.0244535944097433 0.9818737594932896 0.9868376572041905
2.2849563399350243 -0.0040471560741674 0.0000432270516194 0.0250100608387003 0.9816017626094805 0.9866389682997354
2.3022330298121494 -0.0041079102722617 0.0000431721961071 0.0255773618620973 0.9813265980798390 0.9864379295309706
2.3195869548931047 -0.0041693766377385 0.0000431167034953 0.0261556722124677 0.9810482405700428 0.9862345211116957
2.3370182071878984 -0.0042315609595523 0.0000430605687811 0.0267451679429381 0.9807666650868258 0.9860287234753863
2.3545268544111106 -0.0042944689606351 0.0000430037870267 0.0273460264371992 0.9804818469673544 0.9858205172672018
2.3721129684963858 -0.0043581063981865 0.0000429463532695 0.0279584273653568 0.9801937614256724 0.9856098830121062
2.3897766914731018 -0.0044224793049830 0.0000428882623040 0.0285825550553609 0.9799023824612101 0.9853968003160525
2.4075180645313696 -0.0044875933687119 0.0000428295092423 0.0292185925187376 0.9796076856690716 0.9851812499203878
2.4253371677985087 -0.0045534544372247 0.0000427700890584 0.0298667263268253 0.9793096459534300 0.9849632120295229
2.4432341765188310 -0.0046200645940893 0.0000427099965244 0.0305271488166540 0.9790082365442008 0.9847426655897392
2.4610441862939689 -0.0046868127223400 0.0000426497861452 0.0311938309647863 0.9787062393315721 0.9845216452680505
2.4790967460171309 -0.0047549399626624 0.0000425883390321 0.0318792979585566 0.9783980425031926 0.9842960424745734
2.4972269957114182 -0.0048238362007832 0.0000425262058439 0.0325776148366624 0.9780864081381379 0.9840678769083432
2.5154354004465760 -0.0048935088252635 0.0000424633801935 0.0332889940240019 0.9777713043269558 0.9838371236203645
2.5337220725256411 -0.0049639639201029 0.0000423998568773 0.0340136370319463 0.9774527051006361 0.9836037619743425
2.5520870697867295 -0.0050352073792456 0.0000423356308705 0.0347517455715476 0.9771305853885894 0.9833677719564056
2.5705304439549543 -0.0051072450886871 0.0000422706971625 0.0355035234007355 0.9768049201955986 0.9831291335721021
2.5890523555255984 -0.0051800833787833 0.0000422050503498 0.0362691811041795 0.9764756825582036 0.9828878253479451
2.6076527851867937 -0.0052537278921928 0.0000421386856562 0.0370489242447205 0.9761428486628482 0.9826438280817732
2.6263318704846665 -0.0053281849061206 0.0000420715977415 0.0378429672638964 0.9758063918698945 0.9823971204623506
2.6450897143250289 -0.0054034605821260 0.0000420037813774 0.0386515256496621 0.9754662861057508 0.9821476815546385
2.6639263172948717 -0.0054795606869706 0.0000419352316997 0.0394748128732369 0.9751225071242789 0.9818954917251370
2.6828418093560380 -0.0055564915240430 0.0000418659433687 0.0403130504326395 0.9747750282995707 0.9816405295554479
2.7018362572407399 -0.0056342591595142 0.0000417959112670 0.0411664595504227 0.9744238241231241 0.9813827744066381
2.7209097095429420 -0.0057128696000281 0.0000417251303392 0.0420352630639181 0.9740688694016149 0.9811222058306270
2.7400622230808382 -0.0057923288997561 0.0000416535954958 0.0429196866091617 0.9737101387742919 0.9808588032154741
2.7592939335614584 -0.0058726434573867 0.0000415813013461 0.0438199619917967 0.9733476053735657 0.9805925448008136
2.7786048876063645 -0.0059538193183573 0.0000415082428267 0.0447363194307832 0.9729812439760994 0.9803234099910351
2.7979951411845612 -0.0060358625802633 0.0000414344148363 0.0456689920551099 0.9726110291732138 0.9800513780115925
2.8174648170353702 -0.0061187796392774 0.0000413598120144 0.0466182187668861 0.9722369342603631 0.9797764270919167
2.8370139245801735 -0.0062025764247560 0.0000412844294303 0.0475842355185831 0.9718589346915812 0.9794985370034921
2.8566425750769810 -0.0062872593145407 0.0000412082617594 0.0485672857994748 0.9714770039509013 0.9792176860248993
2.8763507867375511 -0.0063728342999900 0.0000411313040351 0.0495676110341154 0.9710911173199419 0.9789338537108837
2.8961386571706487 -0.0064593077287885 0.0000410535509802 0.0505854592110260 0.9707012485287209 0.9786470184290135
2.9160062815974923 -0.0065466859549950 0.0000409749973226 0.0516210808773230 0.9703073713354768 0.9783571585203186
2.9359536827259367 -0.0066349750271516 0.0000408956380752 0.0526747254186436 0.9699094609333154 0.9780642533342249
2.9559809273626509 -0.0067241811989374 0.0000408154680775 0.0537466471026547 0.9695074916492021 0.9777682815348208
2.9760881075132186 -0.0068143108501703 0.0000407344820666 0.0548371042159566 0.9691014373017952 0.9774692213629170
2.9962752470723455 -0.0069053700679451 0.0000406526750541 0.0559463540084352 0.9686912730896464 0.9771670520260852
3.0165424748186003 -0.0069973654244664 0.0000405700416270 0.0570746621557726 0.9682769720884562 0.9768617511178102
3.0368897940120965 -0.0070903029360814 0.0000404865768835 0.0582222900758262 0.9678585099409927 0.9765532980720962
3.0573172968127547 -0.0071841890337354 0.0000404022755615 0.0593895068134409 0.9674358604875339 0.9762416709431960
3.0778250466002568 -0.0072790300295196 0.0000403171325176 0.0605765825267369 0.9670089981696681 0.9759268481761483
3.0949038258289310 -0.0073584555312052 0.0000402458362727 0.0615769182125012 0.9666515610882966 0.9756631592530879
3.1119826050576052 -0.0074382838109563 0.0000401741867716 0.0625879806112008 0.9662923575426623 0.9753981035780797
3.1327116399487287 -0.0075357184805419 0.0000400867498152 0.0638296220754934 0.9658540129682677 0.9750745634297918
3.1535133564738849 -0.0076340943108219 0.0000399984851455 0.0650916696877408 0.9654115265653370 0.9747478697519923
3.1743955843962435 -0.0077334540454895 0.0000399093549745 0.0663748685279267 0.9649647091391693 0.9744178799764887
3.1953584222089115 -0.0078338042135228 0.0000398193540295 0.0676795064381189 0.9645135345101546 0.9740845717811256
3.2164018458282557 -0.0079351507656118 0.0000397284775703 0.0690058663905632 0.9640579791726333 0.9737479247622696
3.2375259422008300 -0.0080375001913765 0.0000396367203869 0.0703542410152922 0.9635980172731634 0.9734079167243854
3.2587307702348847 -0.0081408588553993 0.0000395440773961 0.0717249240115612 0.9631336235974949 0.9730645258856139
3.2800164077284735 -0.0082452332237185 0.0000394505434381 0.0731182131383010 0.9626647725540862 0.9727177301257306
3.3013828393196021 -0.0083506293120142 0.0000393561137713 0.0745344028312825 0.9621914406539970 0.9723675088200814
3.3228301537945866 -0.0084570536536822 0.0000392607832055 0.0759737971517593 0.9617136021639360 0.9720138396233846
3.3443583561660555 -0.0085645123741099 0.0000391645469311 0.0774366973827293 0.9612312332654558 0.9716567015461506
3.3659675717526221 -0.0086730122058117 0.0000390673996103 0.0789234158140203 0.9607443074991336 0.9712960715814595
3.3876578255521297 -0.0087825593884141 0.0000389693363631 0.0804342608037216 0.9602528007042761 0.9709319283611987
3.4094291241943040 -0.0088931600711622 0.0000388703524061 0.0819695421746030 0.9597566892125646 0.9705642508190956
3.4312815567012618 -0.0090048208263123 0.0000387704425939 0.0835295783796783 0.9592559475471357 0.9701930164843843
3.4532151690171511 -0.0091175480144172 0.0000386696019875 0.0851146877498246 0.9587505512718963 0.9698182035921564
3.4752299883211357 -0.0092313479037519 0.0000385678257477 0.0867251901046219 0.9582404764567890 0.9694397906870336
3.4973260651765017 -0.0093462268870545 0.0000384651089411 0.0883614098177809 0.9577256987078538 0.9690577559030039
3.5195034327438495 -0.0094621912709097 0.0000383614467295 0.0900236728555248 0.9572061941130957 0.9686720776642797
3.5417621365712777 -0.0095792474300334 0.0000382568342314 0.0917123089802577 0.9566819385528346 0.9682827341727791
3.5641022197108585 -0.0096974017299671 0.0000381512665925 0.0934276506660969 0.9561529080479915 0.9678897036657593
3.5865237065015414 -0.0098166604399843 0.0000380447390629 0.0951700318282944 0.9556190791516520 0.9674929647061631
3.6017020722860122 -0.0098977759555173 0.0000379722983249 0.0963614235955851 0.9552560722396923 0.9672230973002798
3.6151413903675915 -0.0099698481230230 0.0000379079382615 0.0974243470888310 0.9549335617954801 0.9669832798012019
3.6273296835420590 -0.0100354173911766 0.0000378493915019 0.0983948715859098 0.9546401853698214 0.9667650803808535
3.6500016627255141 -0.0101579131341044 0.0000377400369997 0.1002168083752278 0.9540922222581234 0.9663574143714007
3.6727338695167742 -0.0102814220450556 0.0000376298069762 0.1020653849044692 0.9535398848409663 0.9659463394541358
3.6955476917208947 -0.0104060654954959 0.0000375185939980 0.1039426557001117 0.9529826351633637 0.9655314511408524
3.7184431439918253 -0.0105318497003311 0.0000374063934684 0.1058489707566943 0.9524204505868304 0.9651127281758972
3.7414202703190726 -0.0106587810354367 0.0000372932006684 0.1077846853989923 0.9518533078666565 0.9646901487770987
3.7644790856327206 -0.0107868657166561 0.0000371790110429 0.1097501554261524 0.9512811845886578 0.9642636917050847
3.7876196286133688 -0.0109161100909278 0.0000370638199417 0.1117457415532648 0.9507040578703848 0.9638333352948456
3.8108419479267877 -0.0110465205621942 0.0000369476226863 0.1137718083278039 0.9501219046948383 0.9633990577030632
3.8341460276399215 -0.0111781031704687 0.0000368304149451 0.1158287175652857 0.9495347037911970 0.9629608383107590
3.8575319124789402 -0.0113108642947519 0.0000367121921071 0.1179168392718297 0.9489424324990957 0.9625186553833711
3.8809996607370438 -0.0114448103926254 0.0000365929495152 0.1200365476818490 0.9483450679344234 0.9620724869385547
3.9045492514350739 -0.0115799474679807 0.0000364726829402 0.1221882128035712 0.9477425893648022 0.9616223125201462
3.9281807524351109 -0.0117162820311067 0.0000363513877261 0.1243722156327598 0.9471349739303447 0.9611681100010208
3.9518941386029378 -0.0118538200547270 0.0000362290597201 0.1265889315301310 0.9465222013001363 0.9607098590617321
3.9756894788993153 -0.0119925680532744 0.0000361056943127 0.1288387475188016 0.9459042488645230 0.9602475375958301
3.9995667968785997 -0.0121325322773652 0.0000359812871548 0.1311220493763614 0.9452810953274302 0.9597811243945044
4.0235260856102011 -0.0122737187947761 0.0000358558340857 0.1334392228448776 0.9446527203464513 0.9593105988780799
4.0364081088791437 -0.0123499361965582 0.0000357881271320 0.1346959033388768 0.9443135940366829 0.9590565766931665
4.0442660183975008 -0.0123965332369601 0.0000357467390085 0.1354661931671760 0.9441062943558198 0.9589012696200279
4.0521239279158578 -0.0124432022695242 0.0000357052848977 0.1362393122180117 0.9438986648268988 0.9587456930007765
4.0663296908754747 -0.0125277733760355 0.0000356301750666 0.1376441741922901 0.9435224701076246 0.9584637534042617
4.0905366544314203 -0.0126724822864504 0.0000355016892450 0.1400594987319643 0.9428789513668190 0.9579812963288887
4.1148059469140312 -0.0128183186640553 0.0000353722459341 0.1425082322218446 0.9422306558740249 0.9574950393086051
4.1391573413875093 -0.0129654064799866 0.0000352417363872 0.1449927369122695 0.9415770395062449 0.9570045687480018
4.1635907994243491 -0.0131137515688887 0.0000351101567958 0.1475134119993692 0.9409180837385600 0.9565098649258094
4.1881063736084814 -0.0132633603105321 0.0000349775028967 0.1500706688778405 0.9402537677798688 0.9560109063296079
4.2127040506056472 -0.0134142386788542 0.0000348437708163 0.1526649150215011 0.9395840728004021 0.9555076728282271
4.2373838392562257 -0.0135663927760125 0.0000347089565975 0.1552965630455079 0.9389089795619305 0.9550001438920703
4.2621457421347912 -0.0137198286590552 0.0000345730563534 0.1579660277504608 0.9382284691902729 0.9544882991724596
4.2869897809200683 -0.0138745524972197 0.0000344360661292 0.1606737288632598 0.9375425224805236 0.9539721179782159
4.3119159866447099 -0.0140305705136412 0.0000342979819538 0.1634200900683343 0.9368511201592299 0.9534515794713563
4.3369243319668751 -0.0141878885596088 0.0000341588002177 0.1662055314780377 0.9361542447733852 0.9529266640890238
4.3620148157083758 -0.0143465126410790 0.0000340185172071 0.1690304788467577 0.9354518783591325 0.9523973517883783
4.3871874863342244 -0.0145064490722480 0.0000338771289688 0.1718953664109337 0.9347440017666376 0.9518636215353400
4.4124423057715871 -0.0146677036116224 0.0000337346320748 0.1748006214405396 0.9340305984873634 0.9513254541890689
4.4228024896065747 -0.0147340846760606 0.0000336759892471 0.1760014497310921 0.9337370132240163 0.9511039045344417
4.4331626734415623 -0.0148005901992065 0.0000336172382728 0.1772075373498723 0.9334428890782303 0.9508819020808568
4.4428959074230132 -0.0148631896180840 0.0000335619440957 0.1783454377348764 0.9331660738546618 0.9506729220335072
4.4683621876069841 -0.0150275331376545 0.0000334168200436 0.1813447221996979 0.9324395671426373 0.9501242550423865
4.4938802025534272 -0.0151930172060921 0.0000332707488861 0.1843822123045548 0.9317083444947905 0.9495717410169641
4.5194804374469149 -0.0153598440273693 0.0000331235538205 0.1874619228788220 0.9309715215020956 0.9490147051170613
4.5451628302814129 -0.0155280191391593 0.0000329752317822 0.1905842926546727 0.9302290835354686 0.9484531291034195
4.5709273716139451 -0.0156975484095346 0.0000328257794521 0.1937497693085855 0.9294810147045085 0.9478869936818645
4.5967740838012983 -0.0158684379076553 0.0000326751933719 0.1969588071987908 0.9287272984344163 0.9473162789365481
4.6227028643629788 -0.0160406928657140 0.0000325234708588 0.2002118478108822 0.9279679220466310 0.9467409677986033
4.6487137837237098 -0.0162143196513093 0.0000323706082692 0.2035093568719384 0.9272028680645851 0.9461610394607243
4.6748068582294096 -0.0163893242689418 0.0000322166023190 0.2068517962539177 0.9264321208273749 0.9455764743834527
4.7009820305922707 -0.0165657122193554 0.0000320614502081 0.2102396210664180 0.9256556671084744 0.9449872547673309
4.7272393021910917 -0.0167434893856982 0.0000319051488406 0.2136732965439997 0.9248734922158585 0.9443933615948694
4.7535786496600609 -0.0169226614741648 0.0000317476953181 0.2171532873524512 0.9240855824590116 0.9437947765009451
4.7629359328184151 -0.0169865158904835 0.0000316915991892 0.2183981894889619 0.9238048805420227 0.9435814417069190
4.7722932159767693 -0.0170504628938081 0.0000316354201689 0.2196476127478303 0.9235237655654543 0.9433677497965085
4.7866310571821504 -0.0171486508906326 0.0000315491776782 0.2215708458737236 0.9230922231838453 0.9430396250228764
4.8131776409311797 -0.0173310994370724 0.0000313889854655 0.2251598540371793 0.9222906740952609 0.9424298933751957
4.8397838856900215 -0.0175148071231326 0.0000312277665498 0.2287937018203899 0.9214840204141342 0.9418159224616002
4.8664721618646629 -0.0176999331418607 0.0000310653834031 0.2324758771316796 0.9206715748523400 0.9411971811996147
4.8932424111052146 -0.0178864828806535 0.0000309018336177 0.2362068533462997 0.9198533262495738 0.9405736525738588
4.9200946180861926 -0.0180744620131318 0.0000307371145808 0.2399871122381566 0.9190292624327695 0.9399453186861395
4.9470287662772048 -0.0182638761943778 0.0000305712237421 0.2438171379480827 0.9181993715583946 0.9393121617762810
4.9740447982581406 -0.0184547307798786 0.0000304041588609 0.2476974112333784 0.9173636433465855 0.9386741651640169
5.0011427348097870 -0.0186470316661506 0.0000302359172706 0.2516284265208874 0.9165220654036086 0.9380313104413279
5.0283225057824907 -0.0188407840950421 0.0000300664969261 0.2556106675535955 0.9156746284610247 0.9373835814719250
5.0555841068922298 -0.0190359937645922 0.0000298958954327 0.2596446300308568 0.9148213215170504 0.9367309606802212
5.0646966068439658 -0.0191014396133614 0.0000298387207088 0.2610019255238976 0.9145353561154212 0.9365121593359772
5.0738091067957019 -0.0191669705716477 0.0000297814718573 0.2623636878100534 0.9142490221637647 0.9362930301411527
5.0830973588270982 -0.0192338629668908 0.0000297230423646 0.2637563165211990 0.9139567871720181 0.9360693375533631
5.1105573520105256 -0.0194322153313481 0.0000295498494121 0.2679007402600319 0.9130905894837578 0.9354060211371005
5.1380649271275631 -0.0196317940420396 0.0000293756839688 0.2720932494649037 0.9122195681896184 0.9347385856794654
5.1656542184476093 -0.0198328507812649 0.0000292003289825 0.2763394765682162 0.9113426387528663 0.9340661913054590
5.1933251571527039 -0.0200353907043439 0.0000290237827713 0.2806399192677144 0.9104597938166639 0.9333888226448770
5.2210776744065281 -0.0202394189511250 0.0000288460437197 0.2849950773145863 0.9095710263754194 0.9327064644800417
5.2489117543735757 -0.0204449410385690 0.0000286671099379 0.2894054609325980 0.9086763280704415 0.9320191004355903
5.2768273378421133 -0.0206519621532567 0.0000284869798795 0.2938715757099367 0.9077756922766262 0.9313267153474785
5.3048244154969018 -0.0208604878409077 0.0000283056517415 0.2983939373840204 0.9068691111055206 0.9306292929598083
5.3329028575713844 -0.0210705227377149 0.0000281231245686 0.3029730442940859 0.9059565809251627 0.9299268201708817
5.3390559373551634 -0.0211166701615313 0.0000280830362592 0.3039823517261148 0.9057561687649417 0.9297724775549383
5.3452090171389424 -0.0211628532058262 0.0000280429161318 0.3049937643226958 0.9055555984389703 0.9296179901191051
5.3516698354432419 -0.0212113889996512 0.0000280007550884 0.3060580287861418 0.9053448268584631 0.9294556204311281
5.3799264304175605 -0.0214242211401422 0.0000278159486141 0.3107399582883066 0.9044209710202962 0.9287436195658035
5.4082219274451200 -0.0216382568945316 0.0000276302158492 0.3154730269288007 0.9034925325507187 0.9280275928609550
5.4365987388488879 -0.0218538205866491 0.0000274432783551 0.3202647561694902 0.9025581206948530 0.9273064581017516
5.4650566875435462 -0.0220709164098285 0.0000272551358152 0.3251156453597625 0.9016177350986334 0.9265802041512097
5.4935957162531350 -0.0222895494507515 0.0000270657871989 0.3300262157028479 0.9006713718579703 0.9258488170128105
5.5222157558055747 -0.0225097246937962 0.0000268752316266 0.3349969882092264 0.8997190278423824 0.9251122831645876
5.5509167215615367 -0.0227314469918983 0.0000266834683949 0.3400284829455757 0.8987607008241100 0.9243705896599103
5.5796985550736329 -0.0229547213883369 0.0000264904966996 0.3451212262868258 0.8977963880915765 0.9236237230544305
5.6085612336615256 -0.0231795202325213 0.0000262963166969 0.3502757528215175 0.8968260859860769 0.9228716690982525
5.6361173415822243 -0.0233949864677109 0.0000261103082332 0.3552414357833604 0.8958966638928674 0.9221507828080234
5.6651401201177300 -0.0236228332111455 0.0000259137496195 0.3605185474750447 0.8949145811767339 0.9213885000271171
5.6942410114399307 -0.0238522306404261 0.0000257159971477 0.3658585486995984 0.8939265908005238 0.9206210586150159
5.7234224003787721 -0.0240832028663460 0.0000255170338662 0.3712624162777255 0.8929326094728123 0.9198483819890764
5.7526841853962791 -0.0243157545075357 0.0000253168597136 0.3767306783840071 0.8919326383151988 0.9190704589399337
5.7820262282038852 -0.0245498898766450 0.0000251154749610 0.3822638575680907 0.8909266801320564 0.9182872794446812
5.8114484431430977 -0.0247856136925340 0.0000249128795999 0.3878624874917347 0.8899147363540141 0.9174988322882874
5.8190742247123470 -0.0248468643807911 0.0000248602627180 0.3893218070379202 0.8896519303975282 0.9172939694345261
5.8267000062815963 -0.0249081688276508 0.0000248076021680 0.3907845240872027 0.8893889088019435 0.9170888972123064
5.8352094442010465 -0.0249766454018272 0.0000247487878250 0.3924207508956881 0.8890951548944513 0.9168598148169997
5.8648113156981720 -0.0252154706197742 0.0000245437653450 0.3981457367612022 0.8880711914560226 0.9160608787302418
5.8944581906906590 -0.0254556147117933 0.0000243377741774 0.4039309539671961 0.8870424546579841 0.9152575851097214
5.9241848572063613 -0.0256973631317212 0.0000241305734733 0.4097836553312961 0.8860077431240436 0.9144489841587130
5.9539911747690448 -0.0259407200825204 0.0000239221639961 0.4157043696296208 0.8849670622451221 0.9136350671567890
5.9838769861478864 -0.0261856896164985 0.0000237125467126 0.4216936230998328 0.8839204184523197 0.9128158260758620
6.0138421793526913 -0.0264322761444798 0.0000235017223588 0.4277519518434346 0.8828678170466097 0.9119912518814723
6.0273575676846605 -0.0265438116091779 0.0000234064212368 0.4305019352969477 0.8823920216755861 0.9116183080701264
6.0328975551315684 -0.0265895869334265 0.0000233673192342 0.4316322999931118 0.8821968072260130 0.9114652528014635
6.0384375425784764 -0.0266353860151097 0.0000233281955851 0.4327644919857372 0.8820014854996515 0.9113120902113407
6.0443787737170114 -0.0266845356384182 0.0000232862140678 0.4339807166217533 0.8817918982346011 0.9111477153659110
6.0745386030756858 -0.0269346193900702 0.0000230727131612 0.4401871763320039 0.8807260659381527 0.9103113908826882
6.1047426278351207 -0.0271860433909606 0.0000228582542339 0.4464571945792280 0.8796555241040643 0.9094706715916114
6.1350254800930708 -0.0274390995256805 0.0000226425927874 0.4527984291570833 0.8785790538345052 0.9086245877764492
6.1653869325715824 -0.0276937911685956 0.0000224257308137 0.4592113955919673 0.8774966668186044 0.9077731348104930
6.1958268435062047 -0.0279501223965171 0.0000222076697863 0.4656966276339197 0.8764083721836229 0.9069163059353939
6.2263449545773835 -0.0282080962919685 0.0000219884121056 0.4722546343885448 0.8753141837077127 0.9060540979375038
6.2364573390039775 -0.0282937815047128 0.0000219156204154 0.4744400908042290 0.8749509375317317 0.9057676999700139
6.2465697234305715 -0.0283795647459154 0.0000218427599003 0.4766317356400322 0.8745873549000156 0.9054809546622540
6.2772509221543800 -0.0286404912368335 0.0000216212782692 0.4833191544916823 0.8734821890371275 0.9046088427136248
6.3079765987055749 -0.0289027864712990 0.0000213988449567 0.4900735340788307 0.8723723563334709 0.9037322813652432
6.3387798018628096 -0.0291667361812883 0.0000211752226116 0.4969026121939775 0.8712566742816806 0.9028503233808125
6.3696602437670080 -0.0294323431045238 0.0000209504142911 0.5038068905939979 0.8701351600503394 0.9019629676994974
6.4006176345299899 -0.0296996099402185 0.0000207244231679 0.5107868697353344 0.8690078314108969 0.9010702136329559
6.4124260387730097 -0.0298018191651546 0.0000206380579511 0.5134647749033054 0.8685770322385711 0.9007288433694839
6.4242344430160294 -0.0299041469541279 0.0000205516041241 0.5161512274785630 0.8681457990965312 0.9003870117788381
6.4371767666106328 -0.0300164657870812 0.0000204567460122 0.5191054769181547 0.8676726597256028 0.9000118263610195
6.4683314909939966 -0.0302875507684513 0.0000202279668471 0.5262591347933580 0.8665316039257071 0.8991064190394905
6.4995321643617467 -0.0305600412148588 0.0000199982361873 0.5334832025010617 0.8653858934405045 0.8981964853662348
6.5308086563085643 -0.0308342016702434 0.0000197673364497 0.5407850731068783 0.8642344450638700 0.8972811510126613
6.5621606722143824 -0.0311100346815946 0.0000195352713597 0.5481652411325110 0.8630772794544287 0.8963604170487870
6.5758599342631516 -0.0312308769789048 0.0000194336810205 0.5514091050648872 0.8625707409045374 0.8959571039245242
6.5807018583622181 -0.0312736340530038 0.0000193977470883 0.5525584111045275 0.8623915754652939 0.8958144104010950
6.5855437824612846 -0.0313164078725523 0.0000193617991305 0.5537091705074139 0.8622123410613532 0.8956716413122220
6.5913612524616596 -0.0313678264628448 0.0000193185897314 0.5550937064638534 0.8619969036572870 0.8955000073909763
6.6228983594690654 -0.0316471745194739 0.0000190839903870 0.5626359790692672 0.8608272744793949 0.8945676692109882
6.6544697983268888 -0.0319278442145693 0.0000188485368076 0.5702483848262737 0.8596534851586841 0.8936311263114806
6.6861153076126119 -0.0322101919473437 0.0000186119357121 0.5779409464046102 0.8584740756210315 0.8926891996379787
6.7178344303356612 -0.0324942186897331 0.0000183741925568 0.5857141100461550 0.8572890752782669 0.8917418968031974
6.7307894241183153 -0.0326105171817613 0.0000182769225359 0.5889069762272461 0.8568042749936519 0.8913540779591650
6.7381660517340203 -0.0326768141012066 0.0000182214930542 0.5907296988687235 0.8565280184955366 0.8911330162677795
6.7447439933701077 -0.0327359692169134 0.0000181720388684 0.5923579435080917 0.8562815453314833 0.8909357452367356
6.7513219350061950 -0.0327951625397680 0.0000181225599018 0.5939888975629879 0.8560349521282228 0.8907383383590437
6.7832146319756603 -0.0330827774993969 0.0000178823121613 0.6019349132120152 0.8548376697475240 0.8897793034394392
6.8151558689029335 -0.0333718593909650 0.0000176411178540 0.6099570009895445 0.8536357774271245 0.8888156284664710
6.8471686838147914 -0.0336626205321959 0.0000173988061227 0.6180614245497115 0.8524284259731759 0.8878466173514823
6.8792524217105413 -0.0339550599021781 0.0000171553844964 0.6262485634566327 0.8512156552500787 0.8868722857586442
6.8848230344037349 -0.0340059406904211 0.0000171130618806 0.6276766881957190 0.8510048077061255 0.8867027927488121
6.8903936470969285 -0.0340568469326700 0.0000170707224027 0.6291067714053202 0.8507938785074499 0.8865332045636735
6.8954976942386876 -0.0341035097149039 0.0000170319143618 0.6304187980755401 0.8506005440947798 0.8863777367208121
6.9277273578756313 -0.0343987654543294 0.0000167865312111 0.6387416409570520 0.8493781572217306 0.8853941909884961
6.9599864988135813 -0.0346953309677604 0.0000165403602550 0.6471378933273474 0.8481519613034904 0.8844065783601525
6.9923142428583267 -0.0349935688303006 0.0000162931069255 0.6556181499456660 0.8469204913000036 0.8834137041190442
7.0247098267584631 -0.0352934767762766 0.0000160447801294 0.6641827394405044 0.8456837940376820 0.8824155893799777
7.0337226789724276 -0.0353770817740493 0.0000159755953979 0.6665773719750229 0.8453392637261163 0.8821373419838358
7.0419410713066446 -0.0354533846583862 0.0000159124723351 0.6687654268763961 0.8450249273135001 0.8818834096652193
7.0744782893510836 -0.0357561308497724 0.0000156622201978 0.6774702982854106 0.8437788137189856 0.8808760962026958
7.1070420315980982 -0.0360601736101093 0.0000154112202829 0.6862498111492636 0.8425291006832526 0.8798648149785699
7.1396703965696551 -0.0363658713695067 0.0000151591833920 0.6951146259358539 0.8412743506288711 0.8788483878046813
7.1489277438107548 -0.0364527956660973 0.0000150875779794 0.6976421466442760 0.8409178906918117 0.8785594365407522
7.1551223659333276 -0.0365110089295716 0.0000150396388217 0.6993365160735444 0.8406792498328204 0.8783659424451534
7.1613169880559004 -0.0365692451193251 0.0000149916811229 0.7010333400488794 0.8404405185356173 0.8781723360551034
7.1799175175600167 -0.0367443373659712 0.0000148475648050 0.7061431336286385 0.8397231417387671 0.8775903224865363
7.2127081595342277 -0.0370538342064979 0.0000145930897496 0.7152050920515541 0.8384565278854910 0.8765618452931481
7.2455379089588146 -0.0373647584896492 0.0000143377875695 0.7243469353006418 0.8371859296011428 0.8755290218926323
7.2575720197478004 -0.0374789961813388 0.0000142440738375 0.7277153110612873 0.8367195647883283 0.8751496508331515
7.2696061305367863 -0.0375933758838143 0.0000141502909668 0.7310929920678618 0.8362528740050640 0.8747698637841309
7.2748633965336449 -0.0376433887748856 0.0000141092990228 0.7325714999671816 0.8360488918943877 0.8746038182879099
7.2801206625305035 -0.0376934192321659 0.0000140682943242 0.7340517850700620 0.8358448480178550 0.8744376936503283
7.2853724702468661 -0.0377434216967322 0.0000140273192554 0.7355323081160521 0.8356409544848311 0.8742716625412097
7.3184040942483986 -0.0380585340151807 0.0000137693062820 0.7448848545830945 0.8343571518665239 0.8732255938653083
7.3514202791335581 -0.0383745640754277 0.0000135109062242 0.7543032646525669 0.8330715623523965 0.8721769169568335
7.3844911314695070 -0.0386921834554172 0.0000132515764846 0.7638077563235482 0.8317814886432462 0.8711234186837252
7.3883339833952340 -0.0387291601395149 0.0000132214099695 0.7649167628619277 0.8316314301377741 0.8710008022286727
7.3921768353209609 -0.0387661452291198 0.0000131912369978 0.7660267233242153 0.8314813403283557 0.8708781443721609
7.3966716762164619 -0.0388094199205968 0.0000131559364719 0.7673262133842140 0.8313057462317198 0.8707346235437179
7.4297988774796551 -0.0391289624132061 0.0000128954902679 0.7769438010126277 0.8300103002717467 0.8696751265957365
7.4629919606518396 -0.0394502096456859 0.0000126340373138 0.7866517282654329 0.8287099927976399 0.8686104607233981
7.4895769480400807 -0.0397082739065992 0.0000124242864366 0.7944784648717104 0.8276669264975489 0.8677555517894583
7.4960379232923060 -0.0397710950351741 0.0000123732641637 0.7963875246129474 0.8274132131999332 0.8675474884933412
7.5024988985445313 -0.0398339419315783 0.0000123222244277 0.7982992917005426 0.8271594159728568 0.8673393105407398
7.5118505241702289 -0.0399249776742366 0.0000122483176697 0.8010711828386350 0.8267919214722836 0.8670377906504048
7.5451865430923766 -0.0402501837711100 0.0000119845564257 0.8109984106964114 0.8254804904597887 0.8659610083250511
7.5785363747407670 -0.0405765994520267 0.0000117202168140 0.8210019942772970 0.8241663372996890 0.8648807545936105
7.5938402441604280 -0.0407267475809655 0.0000115987591934 0.8256167378061982 0.8235625677849382 0.8643840306601860
7.6002215746044941 -0.0407894133525140 0.0000115480861604 0.8275454723813421 0.8233106786030361 0.8641767226623112
7.6066029050485602 -0.0408521128344627 0.0000114973965851 0.8294768574197691 0.8230587118667880 0.8639693050634060
7.6400176148187020 -0.0411810682214375 0.0000112316980913 0.8396335117474510 0.8217380770172084 0.8628814153676431
7.6734716510773948 -0.0415114878053929 0.0000109652354178 0.8498750148934997 0.8204138033565465 0.8617892586430814
7.6896081953765147 -0.0416712506141014 0.0000108365478493 0.8548410993350962 0.8197743058758801 0.8612613947260445
7.7022139466354158 -0.0417962037667386 0.0000107359475978 0.8587323926939531 0.8192744061825099 0.8608485522070675
7.7137534692250123 -0.0419107203556058 0.0000106438018598 0.8623036465177154 0.8188165383809971 0.8604702616058606
7.7472951089203921 -0.0422443086500845 0.0000103756707141 0.8727335157520858 0.8174843181965674 0.8593687076312319
7.7594102194416701 -0.0423650648588964 0.0000102787164420 0.8765188236377718 0.8170026378531102 0.8589701068532252
7.7715253299629481 -0.0424859618695656 0.0000101817062744 0.8803137317163119 0.8165207016040544 0.8585711234985723
7.7769313365147035 -0.0425399539769868 0.0000101384004356 0.8820101947373360 0.8163055698329917 0.8583929658888837
7.7823373430664589 -0.0425939663533521 0.0000100950838537 0.8837085702288249 0.8160903875852664 0.8582147323764348
7.7877456136587471 -0.0426480253100993 0.0000100517382729 0.8854095709645520 0.8158750648803170 0.8580363483473596
7.8212879903554189 -0.0429839273002842 0.0000097826626313 0.8960020388801629 0.8145385078577685 0.8569283115918235
7.8548599390852933 -0.0433212037849205 0.0000095129339996 0.9066776587577171 0.8131988780532462 0.8558163985830336
7.8594150947441461 -0.0433670496919290 0.0000094763046525 0.9081318562251288 0.8130169686057661 0.8556653080912316
7.8639702504029989 -0.0434129112677989 0.0000094396679543 0.9095874145732679 0.8128350250399825 0.8555141646230107
7.8682650343781475 -0.0434561643769388 0.0000094051187359 0.9109610200974797 0.8126634501537022 0.8553716120025711
7.9020499637623658 -0.0437970296319085 0.0000091331067525 0.9218087009862623 0.8113127106421701 0.8542485853908026
7.9356306802072645 -0.0441369148703230 0.0000088623388162 0.9326650779148585 0.8099683248515013 0.8531294846567679
7.9402294221113214 -0.0441835445949657 0.0000088252275965 0.9341575817939135 0.8097840782736017 0.8529760073661469
7.9448281640153784 -0.0442301851988873 0.0000087881093974 0.9356514755330626 0.8095997985993578 0.8528224769914090
7.9523682294372220 -0.0443067001195770 0.0000087272348571 0.9381038613373002 0.8092975836464507 0.8525706349110569
7.9859371988689842 -0.0446480085903752 0.0000084559801822 0.9490674458304730 0.8079510346152790 0.8514476896835562
8.0031018356823438 -0.0448229431303064 0.0000083171334413 0.9547020373439932 0.8072618480596834 0.8508724167202584
8.0118301313027640 -0.0449120058681041 0.0000082464913661 0.9575746893838026 0.8069112237326939 0.8505796078095300
8.0177675772979260 -0.0449726251154399 0.0000081984226807 0.9595316844799495 0.8066726455979230 0.8503803161437653
8.0237050232930880 -0.0450332734402815 0.0000081503424630 0.9614910005458767 0.8064340150601277 0.8501809374475547
8.0572411701016247 -0.0453764602992833 0.0000078785558211 0.9726012884798605 0.8050851979247730 0.8490531691702320
8.0689887278053085 -0.0454969303496715 0.0000077832635351 0.9765106951483903 0.8046123268072850 0.8486574651060008
8.0807362855089924 -0.0456175318061708 0.0000076879267693 0.9804291976697986 0.8041392576675377 0.8482614241537555
8.0874973163530619 -0.0456869929918251 0.0000076330381768 0.9826885244652409 0.8038669046451238 0.8480333396883750
8.0942583471971314 -0.0457564922463673 0.0000075781352137 0.9849508652390839 0.8035944868334587 0.8478051440801897
8.1277261849870079 -0.0461011614692318 0.0000073061469071 0.9961940984695001 0.8022450457558442 0.8466739198969331
8.1406948559988823 -0.0462350060308721 0.0000072006582554 1.0005706791966820 0.8017217253912179 0.8462348477509735
8.1480247777626715 -0.0463107260463728 0.0000071410128280 1.0030492424871558 0.8014258419415361 0.8459865043728831
8.1553546995264607 -0.0463864851335757 0.0000070813513321 1.0055313525295155 0.8011298855288477 0.8457380321089646
8.1622649401400000 -0.0464579516852806 0.0000070250908047 1.0078745955651065 0.8008508079361628 0.8455036684993450
8.1954878960088617 -0.0468021812332379 0.0000067544000766 1.0191844340543643 0.7995081731644126 0.8443753074052052
8.2043964675737318 -0.0468946630831915 0.0000066817593556 1.0222295088785485 0.7991479049156970 0.8440722967192616
8.2099418010613157 -0.0469522685158141 0.0000066365306515 1.0241276299364721 0.7989235959390585 0.8438835862009406
8.2154871345488996 -0.0470098943287488 0.0000065912931800 1.0260277832486782 0.7986992470654982 0.8436948029351724
8.2213703988239928 -0.0470710624908960 0.0000065432890840 1.0280459532893085 0.7984611830539592 0.8434944358448881
8.2545011310459948 -0.0474161359353438 0.0000062727722676 1.0394537057840751 0.7971197362302378 0.8423645763625947
8.2656370946814626 -0.0475323568638968 0.0000061817743897 1.0433044003380552 0.7966685362045549 0.8419842277043894
8.2731853604457068 -0.0476111938418998 0.0000061200736327 1.0459191727684971 0.7963626126288834 0.8417262520477240
8.2807336262099511 -0.0476900795394354 0.0000060583568818 1.0485377146475761 0.7960566187147108 0.8414681435250033
8.3137596847476907 -0.0480358658671035 0.0000057881380073 1.0600390040395111 0.7947169819619514 0.8403372801832091
8.3211805324099686 -0.0481137054961519 0.0000057273789284 1.0626332399402376 0.7944157894751500 0.8400828315025781
8.3271103955161845 -0.0481759372469400 0.0000056788167886 1.0647088669430864 0.7941750650531482 0.8398794149389369
8.3330402586224004 -0.0482381984806893 0.0000056302451501 1.0667868222195431 0.7939342990710421 0.8396759173916143
8.3658478579587854 -0.0485832688608468 0.0000053613447891 1.0783254149174053 0.7926014942189903 0.8385485871597446
8.3734490690187329 -0.0486633642978558 0.0000052990018358 1.0810089712641506 0.7922925190498298 0.8382870441982098
8.3787447241991533 -0.0487191922733197 0.0000052555595298 1.0828808292093808 0.7920772216114884 0.8381047531436731
8.3836542630619135 -0.0487709709565476 0.0000052152781466 1.0846178663714343 0.7918775935690889 0.8379356962730667
8.4161304047017769 -0.0491140586862086 0.0000049486613288 1.0961484384621478 0.7905563944241425 0.8368160241092919
8.4218837754644564 -0.0491749435032035 0.0000049013997800 1.0981984480830689 0.7903222136248361 0.8366174179733277
8.4276371462271360 -0.0492358538999039 0.0000048541299497 1.1002506523006739 0.7900879967464624 0.8364187372868697
8.4330409698231072 -0.0492930894185466 0.0000048097244020 1.1021801732386718 0.7898679770768783 0.8362320596772137
8.4651878323797014 -0.0496341517683876 0.0000045454068893 1.1136987467010109 0.7885584541807787 0.8351201783813278
8.4685700683957368 -0.0496700927192704 0.0000045175824428 1.1149146241434853 0.7884206131756387 0.8350030608783128
8.4719523044117722 -0.0497060413297079 0.0000044897552772 1.1161312604504638 0.7882827602124522 0.8348859178971546
