0.0001046121032990 -0.0000000000048078 0.0000967660463335 0.0000000000000022 0.9999999999682537 0.9999999999766269
0.0001457546808196 -0.0000000000093339 0.0000967660463248 0.0000000000000060 0.9999999999380971 0.9999999999546233
0.0001965619189828 -0.0000000000169762 0.0000967660463101 0.0000000000000148 0.9999999998871794 0.9999999999174709
0.0002579748140142 -0.0000000000292419 0.0000967660462866 0.0000000000000334 0.9999999998054564 0.9999999998578412
0.0003308911636024 -0.0000000000481092 0.0000967660462503 0.0000000000000705 0.9999999996797502 0.9999999997661184
0.0004161653869421 -0.0000000000761016 0.0000967660461965 0.0000000000001402 0.9999999994932470 0.9999999996300343
0.0005146360004782 -0.0000000001163763 0.0000967660461192 0.0000000000002651 0.9999999992249110 0.9999999994342397
0.0006271056171635 -0.0000000001728014 0.0000967660460108 0.0000000000004796 0.9999999988489712 0.9999999991599307
0.0007543200642419 -0.0000000002500221 0.0000967660458624 0.0000000000008347 0.9999999983344786 0.9999999987845246
0.0008970499673067 -0.0000000003535909 0.0000967660456635 0.0000000000014038 0.9999999976444380 0.9999999982810278
0.0010560038317073 -0.0000000004900036 0.0000967660454014 0.0000000000022901 0.9999999967355706 0.9999999976178611
0.0012318787705797 -0.0000000006668139 0.0000967660450618 0.0000000000036354 0.9999999955575498 0.9999999967583032
0.0014253502403607 -0.0000000008927135 0.0000967660446278 0.0000000000056314 0.9999999940524644 0.9999999956600982
0.0016371007320817 -0.0000000011776600 0.0000967660440804 0.0000000000085326 0.9999999921539723 0.9999999942748390
0.0018677450969933 -0.0000000015328670 0.0000967660433981 0.0000000000126709 0.9999999897873606 0.9999999925480102
0.0021179250086222 -0.0000000019710177 0.0000967660425564 0.0000000000184750 0.9999999868681259 0.9999999904179528
0.0023882582577706 -0.0000000025062941 0.0000967660415281 0.0000000000264909 0.9999999833017793 0.9999999878157219
0.0026793214512550 -0.0000000031544174 0.0000967660402831 0.0000000000374048 0.9999999789835757 0.9999999846648887
0.0029917045211084 -0.0000000039328461 0.0000967660387878 0.0000000000520726 0.9999999737971954 0.9999999808805792
0.0033259810205910 -0.0000000048608154 0.0000967660370051 0.0000000000715505 0.9999999676144826 0.9999999763692826
0.0036826961272182 -0.0000000059593843 0.0000967660348948 0.0000000000971294 0.9999999602951283 0.9999999710286207
0.0040624171223866 -0.0000000072516807 0.0000967660324123 0.0000000001303787 0.9999999516850402 0.9999999647461582
0.0044656524512732 -0.0000000087627315 0.0000967660295096 0.0000000001731841 0.9999999416174735 0.9999999574002274
0.0048929437606038 -0.0000000105198640 0.0000967660261341 0.0000000002278054 0.9999999299103564 0.9999999488579772
0.0053448111270186 -0.0000000125526209 0.0000967660222292 0.0000000002969274 0.9999999163668568 0.9999999389757867
0.0058217488676229 -0.0000000148928093 0.0000967660177337 0.0000000003837193 0.9999999007750563 0.9999999275990265
0.0063242734893549 -0.0000000175748239 0.0000967660125816 0.0000000004919095 0.9999998829057954 0.9999999145604875
0.0068528696354370 -0.0000000206354831 0.0000967660067021 0.0000000006258506 0.9999998625137679 0.9999998996811789
0.0074079894396895 -0.0000000241140641 0.0000967660000198 0.0000000007905954 0.9999998393372842 0.9999998827701551
0.0079901251901788 -0.0000000280528422 0.0000967659924534 0.0000000009920053 0.9999998130946793 0.9999998636218957
0.0085997560422324 -0.0000000324969020 0.0000967659839164 0.0000000012368345 0.9999997834855721 0.9999998420172233
0.0092373446772996 -0.0000000374941915 0.0000967659743166 0.0000000015328323 0.9999997501905037 0.9999998177230406
0.0099033329945761 -0.0000000430955527 0.0000967659635564 0.0000000018888494 0.9999997128707324 0.9999997904921800
0.0105981607411793 -0.0000000493549468 0.0000967659515322 0.0000000023149664 0.9999996711667352 0.9999997600623105
0.0113222759784429 -0.0000000563296625 0.0000967659381338 0.0000000028226328 0.9999996246968197 0.9999997261549249
0.0120761145269717 -0.0000000640802376 0.0000967659232450 0.0000000034247970 0.9999995730576459 0.9999996884757205
0.0128601174662567 -0.0000000726707308 0.0000967659067427 0.0000000041360707 0.9999995158224145 0.9999996467132773
0.0136746927729741 -0.0000000821683943 0.0000967658884978 0.0000000049728558 0.9999994525430507 0.9999996005406507
0.0145202544402155 -0.0000000926441677 0.0000967658683739 0.0000000059535470 0.9999993827469110 0.9999995496129697
0.0153972292556957 -0.0000001041729033 0.0000967658462273 0.0000000070987326 0.9999993059352841 0.9999994935663420
0.0163060104351125 -0.0000001168328660 0.0000967658219076 0.0000000084313325 0.9999992215867205 0.9999994320202843
0.0172470109314035 -0.0000001307065215 0.0000967657952564 0.0000000099768757 0.9999991291517843 0.9999993645738920
0.0182206476383678 -0.0000001458804781 0.0000967657661073 0.0000000117637137 0.9999990280534388 0.9999992908061212
0.0192272911455714 -0.0000001624447729 0.0000967657342874 0.0000000138231588 0.9999989176918024 0.9999992102792589
0.0202673426090807 -0.0000001804941495 0.0000967656996147 0.0000000161898709 0.9999987974356359 0.9999991225327109
0.0213411886282111 -0.0000002001274642 0.0000967656618993 0.0000000189020426 0.9999986666262994 0.9999990270858897
0.0224492014694135 -0.0000002214477383 0.0000967656209432 0.0000000220016666 0.9999985245774053 0.9999989234379608
0.0235917749813973 -0.0000002445629454 0.0000967655765391 0.0000000255349315 0.9999983705695680 0.9999988110640119
0.0247692651753264 -0.0000002695849428 0.0000967655284720 0.0000000295523601 0.9999982038575289 0.9999986894202515
0.0259820577137999 -0.0000002966309309 0.0000967654765169 0.0000000341093454 0.9999980236604313 0.9999985579369128
0.0272305111496692 -0.0000003258223672 0.0000967654204404 0.0000000392663096 0.9999978291690547 0.9999984160235330
0.0285149816357598 -0.0000003572855528 0.0000967653599999 0.0000000450891387 0.9999976195419087 0.9999982630661015
0.0298358572631751 -0.0000003911526319 0.0000967652949415 0.0000000516497417 0.9999973938985738 0.9999980984222023
0.0311934695164271 -0.0000004275594681 0.0000967652250043 0.0000000590260301 0.9999971513338499 0.9999979214313371
0.0325881948961117 -0.0000004666483327 0.0000967651499150 0.0000000673028377 0.9999968908998463 0.9999977314018565
0.0340203779403616 -0.0000005085659941 0.0000967650693916 0.0000000765719646 0.9999966116187112 0.9999975276202488
0.0354903480124723 -0.0000005534641583 0.0000967649831427 0.0000000869326831 0.9999963124796979 0.9999973093489984
0.0369984720824792 -0.0000006015011980 0.0000967648908641 0.0000000984925984 0.9999959924276409 0.9999970758181779
0.0385450732356113 -0.0000006528397584 0.0000967647922432 0.0000001113675749 0.9999956503789135 0.9999968262370912
0.0401304967600847 -0.0000007076489049 0.0000967646869555 0.0000001256827427 0.9999952852071133 0.9999965597838288
0.0417550783274609 -0.0000007661032242 0.0000967645746654 0.0000001415728089 0.9999948957490551 0.9999962756096399
0.0434191574183767 -0.0000008283833844 0.0000967644550260 0.0000001591827513 0.9999944808010376 0.9999959728362088
0.0451230850384342 -0.0000008946765852 0.0000967643276776 0.0000001786685327 0.9999940391158433 0.9999956505534653
0.0468671532291526 -0.0000009651738619 0.0000967641922533 0.0000002001968866 0.9999935694207057 0.9999953078326943
0.0486516851482250 -0.0000010400735969 0.0000967640483720 0.0000002239469374 0.9999930703939063 0.9999949437094598
0.0504770165995963 -0.0000011195810544 0.0000967638956393 0.0000002501107521 0.9999925406678836 0.9999945571858726
0.0523434857957724 -0.0000012039081274 0.0000967637336483 0.0000002788939565 0.9999919788309114 0.9999941472318149
0.0542513759467353 -0.0000012932707423 0.0000967635619841 0.0000003105155100 0.9999913834443966 0.9999937127975613
0.0562010546029520 -0.0000013878953921 0.0000967633802117 0.0000003452107064 0.9999907529993484 0.9999932527820160
0.0581927923804467 -0.0000014880107076 0.0000967631878919 0.0000003832289236 0.9999900859725376 0.9999927660736898
0.0602269219181756 -0.0000015938551399 0.0000967629845667 0.0000004248371698 0.9999893807753131 0.9999922515133525
0.0623037339254374 -0.0000017056719344 0.0000967627697687 0.0000004703190121 0.9999886357870854 0.9999917079184645
0.0644235444990706 -0.0000018237126763 0.0000967625430148 0.0000005199767807 0.9999878493317076 0.9999911340659428
0.0665866544926075 -0.0000019482352631 0.0000967623038095 0.0000005741316305 0.9999870196909821 0.9999905287020150
0.0687934059100563 -0.0000020795072865 0.0000967620516388 0.0000006331259220 0.9999861450821327 0.9999898905257816
0.0710440502936336 -0.0000022177983363 0.0000967617859848 0.0000006973207033 0.9999852237090757 0.9999892182266265
0.0733389058263053 -0.0000023633893456 0.0000967615063080 0.0000007671008189 0.9999842537001619 0.9999885104387878
0.0756782695019823 -0.0000025165675317 0.0000967612120565 0.0000008428736552 0.9999832331418832 0.9999877657659528
0.0780624147008210 -0.0000026776261312 0.0000967609026671 0.0000009250699329 0.9999821600806361 0.9999869827825435
0.0804916613789342 -0.0000028468692299 0.0000967605775558 0.0000010141472157 0.9999810324905459 0.9999861600102385
0.0829663078420937 -0.0000030246074019 0.0000967602361259 0.0000011105888537 0.9999798483025191 0.9999852959391710
0.0854866363099318 -0.0000032111580154 0.0000967598777678 0.0000012149051771 0.9999786054022102 0.9999843890264438
0.0880529136376476 -0.0000034068452262 0.0000967595018588 0.0000013276345613 0.9999773016300653 0.9999834376961608
0.0906654673862989 -0.0000036120059754 0.0000967591077519 0.0000014493481281 0.9999759347413595 0.9999824403102668
0.0933245521297857 -0.0000038269798424 0.0000967586947945 0.0000015806451016 0.9999745024738081 0.9999813952178799
0.0960304418030836 -0.0000040521161037 0.0000967582623160 0.0000017221580912 0.9999730025005363 0.9999803007209737
0.0987834388664157 -0.0000042877748666 0.0000967578096245 0.0000018745552667 0.9999714324225255 0.9999791550688651
0.1015838411578360 -0.0000045343245738 0.0000967573360124 0.0000020385402484 0.9999697897852415 0.9999779564703460
0.1044318804589244 -0.0000047921364331 0.0000967568407667 0.0000022148496252 0.9999680721157498 0.9999767031207643
0.1073278764332127 -0.0000050615982198 0.0000967563231425 0.0000024042636637 0.9999662768307555 0.9999753931349208
0.1102720662760783 -0.0000053430990028 0.0000967557823925 0.0000026075973544 0.9999644013383688 0.9999740246213252
0.1132647316743190 -0.0000056370408320 0.0000967552177445 0.0000028257099800 0.9999624429602403 0.9999725956253772
0.1163061557373856 -0.0000059438350310 0.0000967546284084 0.0000030595042101 0.9999603989562605 0.9999711041473883
0.1193966296719590 -0.0000062639030369 0.0000967540135748 0.0000033099283967 0.9999582665189696 0.9999695481385006
0.1225364089596403 -0.0000065976719140 0.0000967533724233 0.0000035779746777 0.9999560428034452 0.9999679255224948
0.1257257558280469 -0.0000069455786712 0.0000967527041147 0.0000038646838981 0.9999537248985436 0.9999662341748019
0.1289649191981123 -0.0000073080681959 0.0000967520077945 0.0000041711456404 0.9999513098406647 0.9999644719325471
0.1322542016415025 -0.0000076856009576 0.0000967512825782 0.0000044985066010 0.9999487945624315 0.9999626365570986
0.1355938227370332 -0.0000080786376220 0.0000967505275810 0.0000048479592358 0.9999461759951997 0.9999607258088666
0.1389840811719500 -0.0000084876577456 0.0000967497418819 0.0000052207598412 0.9999434509445065 0.9999587373564163
0.1424252099209454 -0.0000089131429436 0.0000967489245560 0.0000056182155951 0.9999406162022199 0.9999566688583008
0.1459174752301071 -0.0000093555887061 0.0000967480746515 0.0000060416970946 0.9999376684678132 0.9999545179056131
0.1494611329707961 -0.0000098154992875 0.0000967471912000 0.0000064926357643 0.9999346043824188 0.9999522820468318
0.1530564705220949 -0.0000102933932954 0.0000967462732055 0.0000069725314643 0.9999314204915978 0.9999499587606523
0.1567037336882098 -0.0000107897942460 0.0000967453196626 0.0000074829453050 0.9999281133082623 0.9999475455018974
0.1604031728197396 -0.0000113052365203 0.0000967443295450 0.0000080255075313 0.9999246792730012 0.9999450396725645
0.1641550353518934 -0.0000118402644735 0.0000967433018073 0.0000086019188507 0.9999211147600120 0.9999424386261518
0.1679595656258165 -0.0000123954324749 0.0000967422353847 0.0000092139527063 0.9999174160768453 0.9999397396674667
0.1718170406658521 -0.0000129713103699 0.0000967411291830 0.0000098634637833 0.9999135794280131 0.9999369400260691
0.1757276592030963 -0.0000135684670175 0.0000967399821098 0.0000105523718274 0.9999096010246752 0.9999340369363059
0.1796917283703461 -0.0000141874985341 0.0000967387930201 0.0000112826962656 0.9999054768964729 0.9999310274999997
0.1837094841607471 -0.0000148290013155 0.0000967375607688 0.0000120565279796 0.9999012030712700 0.9999279088176057
0.1877811319256923 -0.0000154935775903 0.0000967362841994 0.0000128760373925 0.9998967755381590 0.9999246779612112
0.1919069601118503 -0.0000161818541549 0.0000967349621083 0.0000137435002486 0.9998921901226487 0.9999213318834546
0.1960871916886198 -0.0000168944583954 0.0000967335932906 0.0000146612709304 0.9998874426464155 0.9999178675340937
0.2003220651103874 -0.0000176320314581 0.0000967321765152 0.0000156318012506 0.9998825288395677 0.9999142817959796
0.2046118354659743 -0.0000183952288529 0.0000967307105235 0.0000166576444170 0.9998774443366290 0.9999105714821193
0.2089567457587151 -0.0000191847156109 0.0000967291940384 0.0000177414516065 0.9998721847088042 0.9999067333592165
0.2133570405400121 -0.0000200011687290 0.0000967276257601 0.0000188859780771 0.9998667454477025 0.9999027641357886
0.2178129434903336 -0.0000208452730259 0.0000967260043736 0.0000200940802254 0.9998611219929502 0.9998986604823111
0.2223247088005627 -0.0000217177308834 0.0000967243285303 0.0000213687324455 0.9998553096672984 0.9998944189838576
0.2268925597079706 -0.0000226192507130 0.0000967225968700 0.0000227130137431 0.9998493037534694 0.9998900361961707
0.2315167586965461 -0.0000235505607311 0.0000967208079946 0.0000241301312073 0.9998430994023901 0.9998855085786911
0.2361974954012858 -0.0000245123866101 0.0000967189605108 0.0000256233894261 0.9998366917820910 0.9998808326032084
0.2409350427043179 -0.0000255054831368 0.0000967170529696 0.0000271962421646 0.9998300758668045 0.9998760045999494
0.2457296005126719 -0.0000265306023274 0.0000967150839271 0.0000288522464003 0.9998232466493908 0.9998710209125889
0.2505814220989144 -0.0000275885198243 0.0000967130518944 0.0000305951072991 0.9998161989654937 0.9998658777699194
0.2554907394018240 -0.0000286800193755 0.0000967109553668 0.0000324286572259 0.9998089275969437 0.9998605713613022
0.2604577827646324 -0.0000298058970123 0.0000967087928161 0.0000343568658632 0.9998014272439396 0.9998550978163584
0.2654827917153307 -0.0000309669636438 0.0000967065626857 0.0000363838484062 0.9997936925077721 0.9998494531923530
0.2705659433673526 -0.0000321640283553 0.0000967042634225 0.0000385138396796 0.9997857180020948 0.9998436335553896
0.2757075371314092 -0.0000333979418646 0.0000967018933935 0.0000407512750099 0.9997774980634437 0.9998376347691439
0.2809077579710988 -0.0000346695409716 0.0000966994509924 0.0000431006954418 0.9997690271213077 0.9998314527649245
0.2861668522379580 -0.0000359796902768 0.0000966969345598 0.0000455668263309 0.9997602994202229 0.9998250833388529
0.2914850128230013 -0.0000373292542951 0.0000966943424362 0.0000481545299855 0.9997513092055551 0.9998185222874347
0.2968624921413419 -0.0000387191257870 0.0000966916729083 0.0000508688632732 0.9997420505347767 0.9998117652698209
0.3022994948104663 -0.0000401501987733 0.0000966889242602 0.0000537150303324 0.9997325174572504 0.9998048079390014
0.3077962473918086 -0.0000416233863692 0.0000966860947394 0.0000566984211084 0.9997227038954325 0.9997976458550969
0.3133529911566996 -0.0000431396194333 0.0000966831825595 0.0000598246139142 0.9997126036538945 0.9997902744919297
0.3189699344574516 -0.0000446998336978 0.0000966801859249 0.0000630993533987 0.9997022105050609 0.9997826892995849
0.3246472734554652 -0.0000463049749852 0.0000966771030204 0.0000665285646674 0.9996915181544800 0.9997748856790521
0.3303852458156827 -0.0000479560145926 0.0000966739319823 0.0000701183909115 0.9996805201383525 0.9997668589074267
0.3361840995833042 -0.0000496539412573 0.0000966706709134 0.0000738751823642 0.9996692098770756 0.9997586041769706
0.3420440141848994 -0.0000513997378077 0.0000966673179279 0.0000778054487449 0.9996575808307865 0.9997501167086238
0.3479652157008399 -0.0000531944147470 0.0000966638710869 0.0000819159377966 0.9996456262756733 0.9997413915887309
0.3539479216335235 -0.0000550389943969 0.0000966603284291 0.0000862136056018 0.9996333394096167 0.9997324238461269
0.3599923399300810 -0.0000569345104783 0.0000966566879712 0.0000907056201245 0.9996207133549966 0.9997232084541720
0.3660986943447491 -0.0000588820161262 0.0000966529476929 0.0000953993851984 0.9996077411053284 0.9997137402917861
0.3722671775864098 -0.0000608825691034 0.0000966491055651 0.0001003025101905 0.9995944156237695 0.9997040142153293
0.3784980205698232 -0.0000629372540952 0.0000966451595071 0.0001054228692635 0.9995807296946391 0.9996940249502123
0.3847914321176157 -0.0000650471634833 0.0000966411074235 0.0001107685601755 0.9995666760515023 0.9996837671843645
0.3911476337299824 -0.0000672134087980 0.0000966369471824 0.0001163479380193 0.9995522473009094 0.9996732355125534
0.3975668241409307 -0.0000694371088072 0.0000966326766381 0.0001221695902570 0.9995374360017550 0.9996624244942899
0.4040492123289048 -0.0000717194007022 0.0000966282936095 0.0001282423707299 0.9995222345907953 0.9996513285994439
0.4105949963657945 -0.0000740614328682 0.0000966237958945 0.0001345753864149 0.9995066354308247 0.9996399422433890
0.4172044243327035 -0.0000764643870024 0.0000966191812269 0.0001411780636539 0.9994906306633861 0.9996282596794674
0.4238776606325871 -0.0000789294299078 0.0000966144473694 0.0001480600224277 0.9994742125298671 0.9996162752333509
0.4306149175882569 -0.0000814577609280 0.0000966095920223 0.0001552312112832 0.9994573730555940 0.9996039830724248
0.4374164280805050 -0.0000840506029506 0.0000966046128410 0.0001627018911335 0.9994401041097805 0.9995913772495221
0.4442823450844307 -0.0000867091639361 0.0000965995075097 0.0001704825298512 0.9994223976617805 0.9995784518899569
0.4512129299694754 -0.0000894347092383 0.0000965942736026 0.0001785840182320 0.9994042452994533 0.9995652008399176
0.4582083511088590 -0.0000922284839621 0.0000965889087330 0.0001870174498354 0.9993856387462986 0.9995516180439407
0.4652688244735138 -0.0000950917676768 0.0000965834104481 0.0001957942881411 0.9993665694970921 0.9995376972789028
0.4723945397928253 -0.0000980258453582 0.0000965777762851 0.0002049262863747 0.9993470290114463 0.9995234322952927
0.4795856995358963 -0.0001010320230952 0.0000965720037409 0.0002144255417322 0.9993270086092338 0.9995088167408417
0.4868425559653496 -0.0001041116444395 0.0000965660902406 0.0002243045562322 0.9993064993617440 0.9994938440810313
0.4941652699033375 -0.0001072660308207 0.0000965600332521 0.0002345760533492 0.9992854924885346 0.9994785078887819
0.5015540320810740 -0.0001104965321705 0.0000965538301887 0.0002452531442810 0.9992639790203208 0.9994628015983210
0.5090090378897630 -0.0001138045166994 0.0000965474784292 0.0002563493034725 0.9992419498671016 0.9994467185548842
0.5165304998584999 -0.0001171913768120 0.0000965409753058 0.0002678783965812 0.9992193957788031 0.9994302519859484
0.5241186149104309 -0.0001206585147125 0.0000965343181325 0.0002798546396602 0.9991963074411817 0.9994133950712140
0.5317735854416182 -0.0001242073518386 0.0000965275041864 0.0002922926382098 0.9991726754130373 0.9993961408967320
0.5394955765358439 -0.0001278393088848 0.0000965205307467 0.0003052073238375 0.9991484902592840 0.9993784825520260
0.5472848218525243 -0.0001315558555222 0.0000965133949985 0.0003186141380429 0.9991237422199049 0.9993604128883510
0.5551414760827125 -0.0001353584409290 0.0000965060941669 0.0003325287922837 0.9990984216725943 0.9993419248564466
0.5630657827004827 -0.0001392485741094 0.0000964986253621 0.0003469675663122 0.9990725185979714 0.9993230111160237
0.5710578951394205 -0.0001432277374243 0.0000964909857463 0.0003619469996331 0.9990460231554048 0.9993036644561700
0.5791180361148983 -0.0001472974645530 0.0000964831723831 0.0003774841877249 0.9990189251639404 0.9992838774162974
0.5872463861352141 -0.0001514592855602 0.0000964751823437 0.0003935965852198 0.9989912144681280 0.9992636425532188
0.5954431044780217 -0.0001557147364676 0.0000964670126881 0.0004103020464473 0.9989628808743316 0.9992429523946064
0.6037084056668075 -0.0001600653991142 0.0000964586603890 0.0004276189904646 0.9989339138853860 0.9992217992451837
0.6120425037050575 -0.0001645128732941 0.0000964501223846 0.0004455663041771 0.9989043028861712 0.9992001753221856
0.6204455516858148 -0.0001690587439619 0.0000964413956425 0.0004641632161061 0.9988740373620079 0.9991780729148014
0.6289177777552341 -0.0001737046541522 0.0000964324770189 0.0004834296005449 0.9988431064132245 0.9991554840296299
0.6374593435481138 -0.0001784522286527 0.0000964233634057 0.0005033856748266 0.9988114992633871 0.9991324007617790
0.6460704331787104 -0.0001833031220886 0.0000964140516381 0.0005240522043712 0.9987792049392228 0.9991088150610697
0.6547512307792502 -0.0001882590069531 0.0000964045385171 0.0005454504631816 0.9987462123503736 0.9990847187902260
0.6635019611084367 -0.0001933215973553 0.0000963948207648 0.0005676023476690 0.9987125101313692 0.9990601036093998
0.6723227709252958 -0.0001984925806879 0.0000963848951548 0.0005905300879484 0.9986780870965931 0.9990349613084090
0.6812138664418286 -0.0002037736968932 0.0000963747583605 0.0006142566026667 0.9986429317126631 0.9990092834213240
0.6901754082248728 -0.0002091666772111 0.0000963644070725 0.0006388052381014 0.9986070325062566 0.9989830615242797
0.6992076228968759 -0.0002146733110280 0.0000963538378705 0.0006642000801611 0.9985703776191860 0.9989562869104329
0.7083106567887630 -0.0002202953576244 0.0000963430473925 0.0006904655612412 0.9985329553959358 0.9989289510190585
0.7174847102891678 -0.0002260346276642 0.0000963320321785 0.0007176268436816 0.9984947538413004 0.9989010450393228
0.7267299199500789 -0.0002318929102738 0.0000963207888106 0.0007457094880731 0.9984557611058413 0.9988725602648336
0.7360465669696769 -0.0002378721051973 0.0000963093136590 0.0007747400968656 0.9984159646063434 0.9988434874510552
0.7454347410057407 -0.0002439740089163 0.0000962976032931 0.0008047452948748 0.9983753524494695 0.9988138178552503
0.7548946307571128 -0.0002502004993467 0.0000962856541265 0.0008357526273247 0.9983339122025120 0.9987835423384216
0.7644264572109711 -0.0002565534952352 0.0000962734624952 0.0008677903839593 0.9982916311637541 0.9987526515627232
0.7740303786522497 -0.0002630348931098 0.0000962610247787 0.0009008872928376 0.9982484967821769 0.9987211362980238
0.7837065886414806 -0.0002696466321101 0.0000962483372754 0.0009350728553876 0.9982044962260789 0.9986889871066699
0.7934552502518558 -0.0002763906497961 0.0000962353962875 0.0009703771322088 0.9981596166772656 0.9986561945583498
0.8032765280644732 -0.0002832689034866 0.0000962221980802 0.0010068308612941 0.9981138451891288 0.9986227491263286
0.8131706075282545 -0.0002902833842171 0.0000962087388548 0.0010444655447742 0.9980671685938706 0.9985886411195710
0.8231376580094304 -0.0002974360910533 0.0000961950147981 0.0010833133246980 0.9980195736735306 0.9985538608076271
0.8331778690055591 -0.0003047290569467 0.0000961810220328 0.0011234071338206 0.9979710469880451 0.9985183982949025
0.8432914266968392 -0.0003121643323669 0.0000961667566489 0.0011647806204737 0.9979215749842679 0.9984822436002342
0.8534784766874900 -0.0003197439573647 0.0000961522147572 0.0012074680014635 0.9978711441819528 0.9984453867927271
0.8637392060739290 -0.0003274700220131 0.0000961373923737 0.0012515044103844 0.9978197407717075 0.9984078176978439
0.8740738107503374 -0.0003353446432902 0.0000961222854638 0.0012969257858694 0.9977673507689403 0.9983695260098020
0.8844824465586296 -0.0003433699276883 0.0000961068900139 0.0013437686667916 0.9977139602627305 0.9983305014733814
0.8949652611450737 -0.0003515479944816 0.0000960912019872 0.0013920703323887 0.9976595552611309 0.9982907337707755
0.9055224584296475 -0.0003598810266078 0.0000960752172256 0.0014418691180561 0.9976041213528012 0.9982502122741518
0.9161542054455402 -0.0003683711985219 0.0000960589315885 0.0014932040045328 0.9975476441871036 0.9982089263964701
0.9268606541805825 -0.0003770206923257 0.0000960423409220 0.0015461147199033 0.9974901093669050 0.9981668655130376
0.9376419641119689 -0.0003858317156648 0.0000960254410240 0.0016006418594262 0.9974315023296544 0.9981240188744704
0.9484983390757207 -0.0003948065328084 0.0000960082275856 0.0016568270961335 0.9973718081408033 0.9980803754555414
0.9594299372038537 -0.0004039473911014 0.0000959906963310 0.0017147127387557 0.9973110119831557 0.9980359243128214
0.9704369180976380 -0.0004132565589982 0.0000959728429457 0.0017743419766031 0.9972490989040073 0.9979906543997152
0.9815194372882766 -0.0004227363214436 0.0000959546630847 0.0018357588631638 0.9971860538460143 0.9979445545889141
0.9926776514966419 -0.0004323889843246 0.0000959361523643 0.0018990083575579 0.9971218616177252 0.9978976136507307
1.0039117782049829 -0.0004422169270076 0.0000959173062613 0.0019641366885086 0.9970565065443745 0.9978498199975987
1.0152219447689688 -0.0004522224711775 0.0000958981203645 0.0020311905041399 0.9969899733402685 0.9978011623218969
1.0266083231227074 -0.0004624079976454 0.0000958785901510 0.0021002176526593 0.9969222463321510 0.9977516290278989
1.0380710958799653 -0.0004727759177956 0.0000958587110405 0.0021712670142378 0.9968533096492675 0.9977012083706115
1.0496104135774114 -0.0004833286348869 0.0000958384784703 0.0022443882494958 0.9967831474808403 0.9976498886439592
1.0612264002582543 -0.0004940685477084 0.0000958178878875 0.0023196318286534 0.9967117440518883 0.9975976581629976
1.0729192895051689 -0.0005049981771422 0.0000957969345071 0.0023970499376392 0.9966390827819768 0.9975445046483947
1.0846891919911816 -0.0005161199509816 0.0000957756137240 0.0024766949828254 0.9965651477160054 0.9974904162728953
1.0965362709867055 -0.0005274363662656 0.0000957539208025 0.0025586207430190 0.9964899224451209 0.9974353808718390
1.1084606899179357 -0.0005389499411377 0.0000957318509678 0.0026428820491195 0.9964133904269735 0.9973793861772671
1.1204626212494475 -0.0005506632236412 0.0000957093993900 0.0027295348647343 0.9963355349274486 0.9973224197751335
1.1325422280186839 -0.0005625787739529 0.0000956865612177 0.0028186361714742 0.9962563391389551 0.9972644691916938
1.1446996662113345 -0.0005746991663426 0.0000956633315745 0.0029102439957250 0.9961757861675872 0.9972055218839644
1.1569350736595378 -0.0005870269776232 0.0000956397055812 0.0030044173326884 0.9960938591100710 0.9971455652958834
1.1692486371784006 -0.0005995648549625 0.0000956156782256 0.0031012166807908 0.9960105406033136 0.9970845865284895
1.1816405107873593 -0.0006123154339859 0.0000955912445201 0.0032007034352722 0.9959258133689014 0.9970225727382195
1.1941108345361697 -0.0006252812938833 0.0000955663994706 0.0033029400333200 0.9958396600936240 0.9969595110493283
1.2065524596630639 -0.0006383517279473 0.0000955413551272 0.0034070826502521 0.9957528160840581 0.9968959395301189
1.2191798517409433 -0.0006517546909781 0.0000955156750043 0.0035149897346856 0.9956637678261888 0.9968307500439134
1.2318857677153761 -0.0006653806493412 0.0000954895690563 0.0036258375671830 0.9955732433806493 0.9967644753041875
1.2446707758574054 -0.0006792327816769 0.0000954630312654 0.0037396969975683 0.9954812219007911 0.9966970998200677
1.2575350031675205 -0.0006933138208068 0.0000954360564706 0.0038566363661023 0.9953876855111785 0.9966286102681632
1.2704786045122534 -0.0007076265506993 0.0000954086394154 0.0039767255129910 0.9952926160059961 0.9965589930754101
1.2835017406439555 -0.0007221737834043 0.0000953807747920 0.0041000356115523 0.9951959950025503 0.9964882345312386
1.2966045653908513 -0.0007369583449173 0.0000953524572688 0.0042266390665650 0.9950978040354189 0.9964163208563157
1.3097872108847384 -0.0007519830579224 0.0000953236815229 0.0043566093782570 0.9949980246712926 0.9963432382864702
1.3230498458828404 -0.0007672508080754 0.0000952944421138 0.0044900217309042 0.9948966380690453 0.9962689727502687
1.3363925881171330 -0.0007827644437403 0.0000952647336751 0.0046269521392071 0.9947936256458358 0.9961935103567001
1.3498156235244059 -0.0007985269137906 0.0000952345506510 0.0047674786745451 0.9946889681623268 0.9961168367248611
1.3633191037519947 -0.0008145411494714 0.0000952038875223 0.0049116804488985 0.9945826465074644 0.9960389375585906
1.3769031277746642 -0.0008308100403330 0.0000951727388529 0.0050596373954119 0.9944746418584401 0.9959597987635352
1.3905678962073489 -0.0008473366187104 0.0000951410989362 0.0052114319605918 0.9943649344562587 0.9958794055497496
1.4043135038236172 -0.0008641238111486 0.0000951089622715 0.0053671468604464 0.9942535052562449 0.9957977436408535
1.4181401023232090 -0.0008811746338563 0.0000950763231897 0.0055268668805710 0.9941403346308140 0.9957147983232478
1.4320478868030178 -0.0008984921792059 0.0000950431758794 0.0056906787973937 0.9940254024595425 0.9956305545117522
1.4460369493513494 -0.0009160794334523 0.0000950095147355 0.0058586696725878 0.9939086893392435 0.9955449976363251
1.4601074526716207 -0.0009339394919905 0.0000949753339479 0.0060309288987238 0.9937901751556317 0.9954581125949036
1.4742595525886599 -0.0009520754638894 0.0000949406276836 0.0062075473247294 0.9936698397172934 0.9953698842177928
1.4884933601282599 -0.0009704904222272 0.0000949053901824 0.0063886167806144 0.9935476630854996 0.9952802975092689
1.5028090547660544 -0.0009891875499796 0.0000948696154777 0.0065742315245776 0.9934236246065991 0.9951893369378413
1.5172067508323037 -0.0010081699673154 0.0000948332977267 0.0067644865650464 0.9932977040582088 0.9950969872764268
1.5316866020382998 -0.0010274408673546 0.0000947964309512 0.0069594790199964 0.9931698807488948 0.9950032329418861
1.5462487055368319 -0.0010470033891668 0.0000947590092804 0.0071593068576937 0.9930401343609748 0.9949080586128801
1.5608933012125770 -0.0010668608857311 0.0000947210264386 0.0073640716558460 0.9929084431736903 0.9948114479261962
1.5756204452337441 -0.0010870164841357 0.0000946824765862 0.0075738741156537 0.9927747869804411 0.9947133856164359
1.5904302568176800 -0.0011074734163999 0.0000946433536877 0.0077888174531406 0.9926391448949791 0.9946138559065127
1.6053229345754862 -0.0011282350463740 0.0000946036514594 0.0080090077464049 0.9925014951737182 0.9945128423767406
1.6202985570257182 -0.0011493045929156 0.0000945633639000 0.0082345510334009 0.9923618170515628 0.9944103293116694
1.6353573400870187 -0.0011706854894455 0.0000945224846022 0.0084655571522301 0.9922200883585088 0.9943062999506923
1.6504993329473683 -0.0011923809551291 0.0000944810075733 0.0087021351605341 0.9920762883627986 0.9942007385744452
1.6657246855469130 -0.0012143943725377 0.0000944389265132 0.0089443974129144 0.9919303952677744 0.9940936286672933
1.6810335279543869 -0.0012367291174535 0.0000943962351397 0.0091924577541047 0.9917823873405721 0.9939849537454072
1.6964260473223589 -0.0012593886713799 0.0000943529269736 0.0094464327922551 0.9916322421670005 0.9938746968093100
1.7119023384304677 -0.0012823764023548 0.0000943089957578 0.0097064394726984 0.9914799381044219 0.9937628414103861
1.7274625165706932 -0.0013056957287695 0.0000942644351446 0.0099725969080361 0.9913254531965483 0.9936493708537847
1.7431066848795700 -0.0013293500711177 0.0000942192387874 0.0102450258558098 0.9911687654936118 0.9935342684331997
1.7588350576490559 -0.0013533430401130 0.0000941733999821 0.0105238509255262 0.9910098518068746 0.9934175165154729
1.7746477455392011 -0.0013776781121993 0.0000941269122865 0.0108091968665076 0.9908486898585825 0.9932990981195614
1.7905448171326424 -0.0014023587185509 0.0000940797693512 0.0111011895657242 0.9906852576925896 0.9931789964834976
1.8065264275212205 -0.0014273884444562 0.0000940319645381 0.0113999584245082 0.9905195323545380 0.9930571940941439
1.8225926999357052 -0.0014527708474018 0.0000939834912684 0.0117056342500844 0.9903514910971606 0.9929336735724281
1.8387437673066529 -0.0014785095214139 0.0000939343428997 0.0120183500365634 0.9901811109547304 0.9928084173602473
1.8549797583251113 -0.0015046080752260 0.0000938845127682 0.0123382407263500 0.9900083688881572 0.9926814078267171
1.8713007893154061 -0.0015310701187538 0.0000938339942142 0.0126654430608071 0.9898332418750143 0.9925526273340030
1.8877069725256972 -0.0015578992758452 0.0000937827805581 0.0130000957513408 0.9896557068256520 0.9924220581752848
1.9041984920306552 -0.0015850993097071 0.0000937308648611 0.0133423410827214 0.9894757397539119 0.9922896819643440
1.9207753772526037 -0.0016126737496341 0.0000936782406380 0.0136923202422746 0.9892933182474527 0.9921554814521946
1.9374378273864963 -0.0016406264266205 0.0000936249008348 0.0140501800887534 0.9891084179245581 0.9920194379203950
1.9541859267159096 -0.0016689610017318 0.0000935708387293 0.0144160672135855 0.9889210155550275 0.9918815334763871
1.9710197522907043 -0.0016976811423961 0.0000935160475943 0.0147901301637007 0.9887310878942296 0.9917417501955577
1.9879395069793793 -0.0017267907517143 0.0000934605202607 0.0151725224809608 0.9885386101675145 0.9916000690051635
2.0049452569749948 -0.0017562935202201 0.0000934042499730 0.0155633968818626 0.9883435590350448 0.9914564718659782
2.0220371234025873 -0.0017861932525778 0.0000933472297655 0.0159629095328666 0.9881459104319479 0.9913109401822500
2.0392152322983677 -0.0018164937829394 0.0000932894526246 0.0163712189807185 0.9879456401288008 0.9911634552136847
2.0564796865507384 -0.0018471989251786 0.0000932309115837 0.0167884855015293 0.9877427240611998 0.9910139983177071
2.0738306434955223 -0.0018783126108872 0.0000931715994601 0.0172148729996353 0.9875371374184896 0.9908625502777940
2.0912681895372218 -0.0019098386657629 0.0000931115092819 0.0176505459838171 0.9873288561221398 0.9907090923919407
2.1087923836219065 -0.0019417808839120 0.0000930506341459 0.0180956705574631 0.9871178563350659 0.9905536061110616
2.1264034275733175 -0.0019741433400409 0.0000929889666232 0.0185504188164312 0.9869041124003060 0.9903960715193406
2.1441013772340303 -0.0020069298627976 0.0000929264997633 0.0190149615316968 0.9866876003206749 0.9902364698979093
2.1618863385666924 -0.0020401443915309 0.0000928632264139 0.0194894731347064 0.9864682954027892 0.9900747819882849
2.1797584048287848 -0.0020737908612561 0.0000927991394405 0.0199741301302395 0.9862461730176358 0.9899109885523792
2.1977176944919452 -0.0021078732739046 0.0000927342315910 0.0204691121445311 0.9860212081309605 0.9897450700256991
2.2157643723727465 -0.0021423957407812 0.0000926684954151 0.0209746026011019 0.9857933750241199 0.9895770063106847
2.2338984843647549 -0.0021773621661411 0.0000926019238668 0.0214907841083264 0.9855626493831054 0.9894067783171874
2.2521201919507092 -0.0022127766956412 0.0000925345094513 0.0220178450481464 0.9853290053397665 0.9892343657793627
2.2704295309336828 -0.0022486432506850 0.0000924662451108 0.0225559727190239 0.9850924185451905 0.9890597495226967
2.2888266474157688 -0.0022849659864229 0.0000923971233537 0.0231053601671212 0.9848528631488465 0.9888829092343412
2.3073116207059066 -0.0023217489464684 0.0000923271369118 0.0236662010548775 0.9846103140772662 0.9887038251441798
2.3258845677336004 -0.0023589962678789 0.0000922562783503 0.0242386927681010 0.9843647456828678 0.9885224770269456
2.3445456044100665 -0.0023967121056452 0.0000921845402117 0.0248230353109777 0.9841161322429675 0.9883388445699172
2.3632947932067561 -0.0024349005253875 0.0000921119152205 0.0254194296470729 0.9838644486678098 0.9881529078954612
2.3821322881558920 -0.0024735657978611 0.0000920383957228 0.0260280823102897 0.9836096685603993 0.9879646461271959
2.4010581078970583 -0.0025127119349116 0.0000919639745696 0.0266491981533095 0.9833517672754752 0.9877740396495014
2.4200723775652344 -0.0025523431847666 0.0000918886441744 0.0272829881494539 0.9830907186566116 0.9875810676960451
2.4391752397349391 -0.0025924638526905 0.0000918123968555 0.0279296666514055 0.9828264962195113 0.9873857092230721
2.4583667934636244 -0.0026330781728549 0.0000917352250793 0.0285894493504542 0.9825590739968193 0.9871879435334068
2.4776470547422811 -0.0026741902201517 0.0000916571216279 0.0292625517945780 0.9822884271190461 0.9869877507060240
2.4970161653876222 -0.0027158043539071 0.0000915780787565 0.0299491966485800 0.9820145288942479 0.9867851094355390
2.5164742263055495 -0.0027579248656991 0.0000914980888629 0.0306496080096167 0.9817373531281061 0.9865799987472216
2.5360213096353061 -0.0028005560025745 0.0000914171444434 0.0313640117669453 0.9814568739716780 0.9863723978840929
2.5556574885056902 -0.0028437020302618 0.0000913352379733 0.0320926366571212 0.9811730655062741 0.9861622859992459
2.5753828646254351 -0.0028873672944756 0.0000912523617903 0.0328357153356245 0.9808859013414121 0.9859496418574325
2.5951975274514303 -0.0029315561317964 0.0000911685082647 0.0335934829073979 0.9805953552022505 0.9857344442691921
2.6151015782234954 -0.0029762729227901 0.0000910836696983 0.0343661778548252 0.9803014005813659 0.9855166718323121
2.6350950781025442 -0.0030215219751115 0.0000909978385467 0.0351540400361960 0.9800040115082677 0.9852963035012747
2.6551781696427703 -0.0030673077980473 0.0000909110068989 0.0359573154847741 0.9797031607461265 0.9850733172503637
2.6753508883206560 -0.0031136346748294 0.0000908231672887 0.0367762489665869 0.9793988226036016 0.9848476921567241
2.6956133419748718 -0.0031605070702059 0.0000907343119221 0.0376110911287207 0.9790909702576713 0.9846194064155995
2.7159655617703291 -0.0032079292879076 0.0000906444333269 0.0384620924634052 0.9787795780050063 0.9843884390087487
2.7364076644315762 -0.0032559058462285 0.0000905535236413 0.0393295100278616 0.9784646187965047 0.9841547678754142
2.7569396782723987 -0.0033044410724503 0.0000904615753826 0.0402136001864293 0.9781460669016541 0.9839183718878498
2.7775617652982305 -0.0033535396259451 0.0000903685804569 0.0411146281285984 0.9778238944761241 0.9836792283037151
2.7982739335808109 -0.0034032058173202 0.0000902745314488 0.0420328554737790 0.9774980760315295 0.9834373160824738
2.8190762896318446 -0.0034534442068437 0.0000901794204884 0.0429685512320097 0.9771685845094988 0.9831926129708907
2.8399689236081094 -0.0035042593325919 0.0000900832397666 0.0439219868681769 0.9768353930671793 0.9829450968273510
2.8609519234453158 -0.0035556522367558 0.0000899859817001 0.0448934369303669 0.9764984748433330 0.9826947454495025
2.8817868554282575 -0.0036070398403806 0.0000898887551205 0.0458718972534534 0.9761616717515604 0.9824444124829201
2.9029503037830939 -0.0036596025604656 0.0000897893286218 0.0468800241319986 0.9758172543321615 0.9821883505932498
2.9242037038091557 -0.0037127584040176 0.0000896888043238 0.0479069728707237 0.9754690407070149 0.9819293948745472
2.9455477241651726 -0.0037665134122496 0.0000895871716634 0.0489530581898911 0.9751169945180909 0.9816675158609626
2.9669823961234756 -0.0038208720607495 0.0000894844230602 0.0500185677950797 0.9747610897439396 0.9814026917182623
2.9885078376013272 -0.0038758390588928 0.0000893805505126 0.0511037969395880 0.9744012989108548 0.9811348994781662
3.0101241003034653 -0.0039314189629968 0.0000892755463302 0.0522090408825406 0.9740375956274123 0.9808641169232657
3.0318312698107097 -0.0039876164303931 0.0000891694026533 0.0533345998989960 0.9736699529225752 0.9805903213495296
3.0536293783541946 -0.0040444359941915 0.0000890621118793 0.0544807748047129 0.9732983447208965 0.9803134906639682
3.0755184310387951 -0.0041018821274935 0.0000889536665414 0.0556478681879398 0.9729227454230110 0.9800336030721439
3.0974985494704965 -0.0041599596216371 0.0000888440585950 0.0568361921439841 0.9725431274345002 0.9797506352356170
3.1195698135283760 -0.0042186731741780 0.0000887332801961 0.0580460599976359 0.9721594638623250 0.9794645642796841
3.1417322400693277 -0.0042780273278452 0.0000886213238171 0.0592777849760281 0.9717717289141685 0.9791753680912054
3.1639859232529290 -0.0043380268443692 0.0000885081815412 0.0605316879468546 0.9713798954574974 0.9788830234975624
3.1863308788602982 -0.0043986762873884 0.0000883938458503 0.0618080887819311 0.9709839377458950 0.9785875082992752
3.2087671830336020 -0.0044599803955981 0.0000882783089213 0.0631073141585008 0.9705838289836425 0.9782887994522589
3.2312948745959345 -0.0045219438185581 0.0000881615631248 0.0644296920421036 0.9701795430525548 0.9779868743554990
3.2539140179111263 -0.0045845712878116 0.0000880436007033 0.0657755553218235 0.9697710533967482 0.9776817100176864
3.2766246560255690 -0.0046478674880867 0.0000879244140139 0.0671452390857692 0.9693583338648327 0.9773732836852379
3.2994268357332399 -0.0047118371257885 0.0000878039954000 0.0685390820946542 0.9689413582647213 0.9770615725090086
3.3223205916209042 -0.0047764848840349 0.0000876823372764 0.0699574258190264 0.9685201006585076 0.9767465537638529
3.3453059783476298 -0.0048418155134684 0.0000875594319590 0.0714006164453015 0.9680945347724954 0.9764282044065912
3.3683830411273226 -0.0049078337492876 0.0000874352718210 0.0728690030857475 0.9676646345398766 0.9761065014807884
3.3915518759091308 -0.0049745444841069 0.0000873098489691 0.0743629416615509 0.9672303729772951 0.9757814212749165
3.4148124199408580 -0.0050419521636938 0.0000871831563795 0.0758827813630693 0.9667917261199241 0.9754529422674465
3.4381647692583277 -0.0051100617010179 0.0000870551861799 0.0774288851370288 0.9663486670733027 0.9751210406732357
3.4616089882341763 -0.0051788779301517 0.0000869259306774 0.0790016175321954 0.9659011695710791 0.9747856931051998
3.4851450762917819 -0.0052484055045766 0.0000867953825494 0.0806013423014104 0.9654492086369661 0.9744468770704633
3.5087730398416141 -0.0053186491055103 0.0000866635344525 0.0822284271131977 0.9649927592310681 0.9741045699557611
3.5324929496919770 -0.0053896136147446 0.0000865303786990 0.0838832476260763 0.9645317951296432 0.9737587481857617
3.5563048476475601 -0.0054613038385402 0.0000863959077761 0.0855661811509814 0.9640662907220064 0.9734093885691830
3.5802087258901993 -0.0055337244421218 0.0000862601144685 0.0872776050485520 0.9635962214367465 0.9730564686186542
3.6042046631383888 -0.0056068803612582 0.0000861229910876 0.0890179064504981 0.9631215610720685 0.9726999645456623
3.6282926838352707 -0.0056807763770828 0.0000859845302694 0.0907874722661700 0.9626422845583608 0.9723398533332049
3.6524727229079788 -0.0057554170017011 0.0000858447251886 0.0925866863026751 0.9621583686998666 0.9719761132939487
3.6767448930424842 -0.0058308073022282 0.0000857035680159 0.0944159491187937 0.9616697868340631 0.9716087200552219
3.7011092217386254 -0.0059069520934477 0.0000855610514309 0.0962756586921937 0.9611765140700025 0.9712376504940945
3.7255657506819766 -0.0059838562429758 0.0000854171680516 0.0981662177527784 0.9606785253115868 0.9708628812510024
3.7501144286713255 -0.0060615243327416 0.0000852719110676 0.1000880254292324 0.9601757974512222 0.9704843903801839
3.7747552811734124 -0.0061399611912678 0.0000851252732451 0.1020414903253501 0.9596683059250615 0.9701021547565587
3.7994883460793756 -0.0062191716946211 0.0000849772473001 0.1040270257197394 0.9591560260056782 0.9697161510465561
3.8156863121139972 -0.0062713079261431 0.0000848798488418 0.1053408833047778 0.9588189634836080 0.9694620852875004
3.8318842781486189 -0.0063236439422824 0.0000847820917810 0.1066654767062886 0.9584806654309770 0.9692070174315063
3.8495052981009206 -0.0063808100942697 0.0000846753395443 0.1081186770930096 0.9581112462604884 0.9689284039677641
3.8745326917579859 -0.0064624217020146 0.0000845229905740 0.1102046889442622 0.9575840525544812 0.9685306512114071
3.8996358516424472 -0.0065447722365658 0.0000843693252780 0.1123230915431430 0.9570523208284532 0.9681292995640992
3.9248312839399682 -0.0066279201392583 0.0000842142365458 0.1144756806878150 0.9565156809540059 0.9677240647129685
3.9501190372638062 -0.0067118703548859 0.0000840577171948 0.1166628927753594 0.9559741086138802 0.9673149231012329
3.9754989894372761 -0.0067966272649227 0.0000838997611358 0.1188851529930125 0.9554275832838385 0.9669018539462639
4.0009712325342255 -0.0068821959678318 0.0000837403609865 0.1211429087425933 0.9548760799769362 0.9664848330008470
4.0265357894949165 -0.0069685813397851 0.0000835795098240 0.1234366052226441 0.9543195753064424 0.9660638371319089
4.0521925750410848 -0.0070557878945165 0.0000834172014452 0.1257666814914096 0.9537580483873452 0.9656388450044791
4.0779416512043491 -0.0071438206486400 0.0000832534287565 0.1281335935044074 0.9531914752656152 0.9652098328656784
4.1037829557877643 -0.0072326841997676 0.0000830881854910 0.1305377895204655 0.9526198348575836 0.9647767790385133
4.1297165630995414 -0.0073223836184742 0.0000829214645493 0.1329797341092455 0.9520431032125086 0.9643396595761686
4.1557424123916586 -0.0074129235144539 0.0000827532597373 0.1354598828934559 0.9514612595226786 0.9638984528140009
4.1818604804789370 -0.0075043086286344 0.0000825835646655 0.1379786985307350 0.9508742823165304 0.9634531364851650
4.2080708149857786 -0.0075965439542091 0.0000824123725257 0.1405366541927847 0.9502821486868154 0.9630036871321033
4.2343733429279551 -0.0076896340643215 0.0000822396773401 0.1431342149641562 0.9496848386104825 0.9625500833838951
4.2607681080349886 -0.0077835839469685 0.0000820654724123 0.1457718609948147 0.9490823295916668 0.9620923018891512
4.2872549859179809 -0.0078783979942654 0.0000818897522026 0.1484500592189433 0.9484746031484497 0.9616303222422772
4.3138340319430402 -0.0079740812412120 0.0000817125100323 0.1511692981526976 0.9478616368719509 0.9611641209487728
4.3405052470940095 -0.0080706385338730 0.0000815337396271 0.1539300645922287 0.9472434097649731 0.9606936754797525
4.3672685486775746 -0.0081680744168759 0.0000813534353249 0.1567328402034726 0.9466199029615515 0.9602189648212945
4.3941239502810481 -0.0082663937855122 0.0000811715908699 0.1595781201860090 0.9459910955552908 0.9597399662986961
4.4210714058481893 -0.0083656013199075 0.0000809882004605 0.1624663970527194 0.9453569682245617 0.9592566583347047
4.4481108350560481 -0.0084657015731000 0.0000808032585865 0.1653981630262670 0.9447175026692772 0.9587690200217238
4.4752422894142869 -0.0085666995875102 0.0000806167588914 0.1683739281408338 0.9440726776770140 0.9582770281202299
4.5024657076113463 -0.0086685999901927 0.0000804286958450 0.1713941937717786 0.9434224749067458 0.9577806614678215
4.5297810367999194 -0.0087714074389563 0.0000802390639196 0.1744594656061994 0.9427668760403111 0.9572798988074073
4.5571882047753922 -0.0088751265176476 0.0000800478577838 0.1775702505140550 0.9421058634534866 0.9567747192988555
4.5707035977936856 -0.0089264823322034 0.0000799532233341 0.1791173161833639 0.9417787164211479 0.9565245920613992
4.5842189908119790 -0.0089779667032640 0.0000798583626608 0.1806730170439923 0.9414507923120172 0.9562738009886294
4.6014383556973506 -0.0090437587448267 0.0000797371770219 0.1826676067427941 0.9410318755021705 0.9559533185127700
4.6291064688916794 -0.0091499398711127 0.0000795416883279 0.1859020403290874 0.9403561310097241 0.9554361153867104
4.6568449138478893 -0.0092569672227791 0.0000793447564534 0.1891813747157129 0.9396754286021433 0.9549148166686597
4.6846750302915181 -0.0093649273209689 0.0000791462254357 0.1925086214923313 0.9389892300231615 0.9543890026141892
4.7125967668739248 -0.0094738248163964 0.0000789460901513 0.1958843090370475 0.9382975184494812 0.9538586523409540
4.7406100408555076 -0.0095836642358898 0.0000787443457704 0.1993089652172919 0.9376002780886861 0.9533237456371457
4.7687148651220896 -0.0096944504811549 0.0000785409868422 0.2027831329531191 0.9368974910173585 0.9527842605344633
4.7969110630080216 -0.0098061877057306 0.0000783360093567 0.2063073350222948 0.9361891443097219 0.9522401787788440
4.8251986537377718 -0.0099188808347365 0.0000781294079573 0.2098821217165443 0.9354752204008897 0.9516914784318531
4.8535775761533237 -0.0100325344761556 0.0000779211779393 0.2135080366961797 0.9347557039972646 0.9511381391742977
4.8820477353532601 -0.0101471531007093 0.0000777113149204 0.2171856224762525 0.9340305809359440 0.9505801414320720
4.9106090855269260 -0.0102627413744702 0.0000774998142326 0.2209154310497077 0.9332998360834840 0.9500174647588863
4.9392615378740894 -0.0103793037885479 0.0000772866716010 0.2246980119995589 0.9325634556827382 0.9494500896411727
4.9680050067617012 -0.0104968448438645 0.0000770718828063 0.2285339183694036 0.9318214261867762 0.9488779966005894
4.9968394334633572 -0.0106153691494081 0.0000768554435070 0.2324237098886505 0.9310737336434386 0.9483011657180493
5.0257647092419742 -0.0107348811065645 0.0000766373498165 0.2363679426070641 0.9303203656909643 0.9477195781722429
5.0547808336818534 -0.0108553855631470 0.0000764175971108 0.2403671904503051 0.9295613074389665 0.9471332130591378
5.0838875357735960 -0.0109768862392953 0.0000761961829002 0.2444219929356893 0.9287965513871255 0.9465420550536597
5.1130848975297001 -0.0110993883218668 0.0000759731020999 0.2485329414094545 0.9280260810912070 0.9459460817883062
5.1423728169476961 -0.0112228962318136 0.0000757483511025 0.2527006048415126 0.9272498852282771 0.9453452747190929
5.1717511341922773 -0.0113474141408346 0.0000755219268343 0.2569255466697395 0.9264679543392060 0.9447396166132797
5.1912133068905444 -0.0114302494916131 0.0000753713902783 0.2597490144204344 0.9259481175768957 0.9443367388201686
5.1998601248507228 -0.0114671407433817 0.0000753043715329 0.2610097503700257 0.9257166929846242 0.9441573238657693
5.2085069428109012 -0.0115040785846961 0.0000752372691526 0.2622743698569787 0.9254849815845798 0.9439776501443502
5.2204587492602759 -0.0115552232295916 0.0000751443806047 0.2640287545479086 0.9251642340706049 0.9437288758003595
5.2501120340560616 -0.0116825643557478 0.0000749132261513 0.2684136622256606 0.9243660817595682 0.9431095185995386
5.2798198464206649 -0.0118107786669019 0.0000746806624607 0.2728527383082923 0.9235631102793267 0.9424859835223119
5.3096177008947860 -0.0119400231205441 0.0000744464093754 0.2773518069404826 0.9227543534899872 0.9418575105942372
5.3395053301661335 -0.0120703013823435 0.0000742104651869 0.2819114304154209 0.9219398067536124 0.9412240855673788
5.3694826930651871 -0.0122016180941913 0.0000739728265049 0.2865322076900575 0.9211194596472647 0.9405856895616076
5.3995497067772913 -0.0123339777170871 0.0000737334903574 0.2912147342319695 0.9202933032125237 0.9399423046945061
5.4297061661619850 -0.0124673841690745 0.0000734924548439 0.2959595889054669 0.9194613322122070 0.9392939158432525
5.4599519597148785 -0.0126018417746047 0.0000732497174199 0.3007673674597375 0.9186235392072699 0.9386405060324867
5.4902869879799709 -0.0127373549095651 0.0000730052755412 0.3056386700868196 0.9177799167812126 0.9379820581631709
5.5207111292694782 -0.0128739278485858 0.0000727591269403 0.3105740959032789 0.9169304584954007 0.9373185557574856
5.5512242127840690 -0.0130115646413404 0.0000725112698498 0.3155742383121126 0.9160751596591725 0.9366499835622876
5.5818261260477398 -0.0131502695955842 0.0000722617021331 0.3206397024368122 0.9152140143304773 0.9359763252054820
5.6125167405002676 -0.0132900469440999 0.0000720104218863 0.3257710930708336 0.9143470173927458 0.9352975648172380
5.6432958568233840 -0.0134309005924334 0.0000717574278914 0.3309690052326425 0.9134741661199214 0.9346136882575325
5.6741633645118865 -0.0135728348469276 0.0000715027183094 0.3362340508865687 0.9125954556663928 0.9339246795841046
5.7051191044741607 -0.0137158537884557 0.0000712462918072 0.3415668358733727 0.9117108829551296 0.9332305240966710
5.7361629106255201 -0.0138599614609519 0.0000709881472190 0.3469679667339970 0.9108204455113212 0.9325312074244353
5.7443604848041092 -0.0138981290507050 0.0000709198158627 0.3484031253354025 0.9105847555047223 0.9323460111561258
5.7525580589826983 -0.0139363360521446 0.0000708514165665 0.3498420132520103 0.9103488335514156 0.9321605931868953
5.7618263960417764 -0.0139795884203999 0.0000707740007787 0.3514733439934878 0.9100818167452355 0.9319506891880208
5.7930702955538846 -0.0141258401842450 0.0000705123872988 0.3570078364269252 0.9091795205905574 0.9312410119855054
5.8243622548944742 -0.0142730063849183 0.0000702493834580 0.3626054299996322 0.9082724942599986 0.9305270296811536
5.8557416892585961 -0.0144212758777615 0.0000699846577155 0.3682737152985402 0.9073595958739630 0.9298078315497713
5.8872084249370680 -0.0145706526351586 0.0000697182095073 0.3740133062199731 0.9064408251454081 0.9290834042455255
5.9187622084594569 -0.0147211402444508 0.0000694500390633 0.3798248034977829 0.9055161845503568 0.9283537364581473
5.9504029230610822 -0.0148727429390787 0.0000691801455706 0.3857088343970554 0.9045856729946012 0.9276188139164134
5.9821303008877660 -0.0150254642256304 0.0000689085296208 0.3916659996001603 0.9036492942529841 0.9268786260485322
6.0139442091469988 -0.0151793082544411 0.0000686351907714 0.3976969263064151 0.9027070485603990 0.9261331593413472
6.0458444357733434 -0.0153342787914152 0.0000683601293766 0.4038022281952313 0.9017589389249318 0.9253824023279157
6.0778307601877550 -0.0154903795557798 0.0000680833459867 0.4099825183978230 0.9008049690569383 0.9246263439534738
6.1099029839957870 -0.0156476143704374 0.0000678048410826 0.4162384153880986 0.8998451424549543 0.9238649728509616
6.1420608483694465 -0.0158059867571134 0.0000675246157944 0.4225705267956824 0.8988794648812867 0.9230982793051150
6.1743042207157908 -0.0159655008556649 0.0000672426702756 0.4289794860739964 0.8979079387604909 0.9223262508057221
6.2066328322400048 -0.0161261601315704 0.0000669590059912 0.4354659007304860 0.8969305710643573 0.9215488783085027
6.2224502072176691 -0.0162050293250201 0.0000668198649389 0.4386616304668173 0.8964511892087880 0.9211673326313152
6.2382675821953333 -0.0162840592348986 0.0000666804938981 0.4418719299931150 0.8959710316276071 0.9207849990574980
6.2528149355881935 -0.0163568858739029 0.0000665521109697 0.4448373456766212 0.8955287449345828 0.9204326696262608
6.2853817197777024 -0.0165204501989218 0.0000662640012165 0.4515207703959779 0.8945362512514223 0.9196415116134995
6.3180007180826765 -0.0166850093923699 0.0000659744622233 0.4582771780229700 0.8935389198524414 0.9188457583472541
6.3507040043051974 -0.0168507289610229 0.0000656832103711 0.4651137856451358 0.8925357757156418 0.9180446177224291
6.3834912076320673 -0.0170176118103666 0.0000653902487320 0.4720311822786163 0.8915268314949318 0.9172380844571725
6.4163620284705196 -0.0171856611967987 0.0000650955798831 0.4790299715369220 0.8905120981681846 0.9164261517963386
6.4493162596388212 -0.0173548808452927 0.0000647992057056 0.4861107768345254 0.8894915843457958 0.9156088109498041
6.4823536371574866 -0.0175252741892082 0.0000645011287199 0.4932742097363614 0.8884653008690576 0.9147860547701860
6.5154738702965451 -0.0176968445204995 0.0000642013518216 0.5005208759508084 0.8874332599007849 0.9139578770299911
6.5486767219041129 -0.0178695954061807 0.0000638998775548 0.5078513928227506 0.8863954724242302 0.9131242704154690
6.5819618430812321 -0.0180435298292649 0.0000635967096130 0.5152663528146821 0.8853519534091494 0.9122852306764233
6.6153289207085217 -0.0182186509526870 0.0000632918515050 0.5227663556399059 0.8843027172191708 0.9114407529426090
6.6487776728211223 -0.0183949620996128 0.0000629853065921 0.5303520075045551 0.8832477777411809 0.9105908318243965
6.6618893230502225 -0.0184642825036094 0.0000628648881337 0.5333439434104147 0.8828333994866557 0.9102567497902581
6.6725808195306255 -0.0185208826448834 0.0000627665915020 0.5357913164408310 0.8824951546746392 0.9099839502089123
6.6832723160110286 -0.0185775538138425 0.0000626682004864 0.5382456036129731 0.8821565940440421 0.9097108073854322
6.7169266948953643 -0.0187564481215821 0.0000623578717332 0.5460163365036782 0.8810888317727149 0.9088487802276052
6.7506212605071045 -0.0189363255726610 0.0000620462412960 0.5538652118960511 0.8800166981918879 0.9079823333306265
6.7843962779558087 -0.0191174045349006 0.0000617329397628 0.5618021543946726 0.8789389246255811 0.9071104258544128
6.8182512903815820 -0.0192996873636013 0.0000614179728103 0.5698277253535518 0.8778555330762006 0.9062330583020149
6.8521860167744491 -0.0194831773536848 0.0000611013446258 0.5779425261923905 0.8767665404538723 0.9053502269294982
6.8862000483955379 -0.0196678771086836 0.0000607830607277 0.5861471266116508 0.8756719682796609 0.9044619316019313
6.9202930372344778 -0.0198537895567042 0.0000604631262117 0.5944421092443667 0.8745718366521713 0.9035681709079914
6.9544646114558510 -0.0200409174942111 0.0000601415465393 0.6028280493852426 0.8734661669593871 0.9026689443595006
6.9887143857507654 -0.0202292636411439 0.0000598183274422 0.6113055172460841 0.8723549815519177 0.9017642521299187
7.0230419136956694 -0.0204188303765506 0.0000594934753760 0.6198750658008464 0.8712383052995620 0.9008540963270589
7.0574468465124731 -0.0206096206145822 0.0000591669960185 0.6285372702048201 0.8701161604313095 0.8999384767908650
7.0694102228053231 -0.0206761360083946 0.0000590532643616 0.6315665482538287 0.8697252786208390 0.8996192973535915
7.0813735990981730 -0.0207427380779205 0.0000589394264653 0.6346047300304757 0.8693340445978498 0.8992997071766055
7.1159462040330590 -0.0209357494254317 0.0000586098520025 0.6434347885279966 0.8682014617599195 0.8983738297371507
7.1505579663731282 -0.0211297827398336 0.0000582790214085 0.6523495555013052 0.8670646928935485 0.8974434864872795
7.1852455782398188 -0.0213250472699737 0.0000579465882652 0.6613590182255532 0.8659225502947508 0.8965076882936269
7.2200085758743233 -0.0215215452570090 0.0000576125600280 0.6704637111109476 0.8647750624477621 0.8955664395894850
7.2548464078492572 -0.0217192784392323 0.0000572769451468 0.6796641422469232 0.8636222612845733 0.8946197475383775
7.2897586840464532 -0.0219182494646123 0.0000569397506679 0.6889608589365541 0.8624641739488310 0.8936676152745964
7.3247448714101671 -0.0221184601659321 0.0000566009851632 0.6983543673711027 0.8613008328570778 0.8927100501662779
7.3598044651293995 -0.0223199125306134 0.0000562606570831 0.7078451775071161 0.8601322700407028 0.8917470591747906
7.3949369460405832 -0.0225226084586916 0.0000559187751672 0.7174337916270758 0.8589585185564239 0.8907786500169498
7.4082022803025787 -0.0225993571282288 0.0000557894688104 0.7210746216454080 0.8585146215588236 0.8904121114531873
7.4214676145645742 -0.0226762234584937 0.0000556600434514 0.7247266241939371 0.8580703373043906 0.8900450882848507
7.4328433751491616 -0.0227422205711680 0.0000555489606166 0.7278673240346581 0.8576890316885161 0.8897299601672861
7.4442191357337490 -0.0228082941489289 0.0000554377916606 0.7310162513522614 0.8573074436016589 0.8894144767275286
7.4795619560376805 -0.0230141259571899 0.0000550918552748 0.7408520511392499 0.8561201160322629 0.8884320545784204
7.5149388130542478 -0.0232209905803011 0.0000547447584089 0.7507770557162647 0.8549289601066276 0.8874452717458330
7.5503861985080292 -0.0234291049880570 0.0000543961486301 0.7608020073452447 0.8537327693168272 0.8864531105647576
7.5859034816523172 -0.0236384703801024 0.0000540460365802 0.7709273536324384 0.8525315834146702 0.8854555838720753
7.6214900089215147 -0.0238490878105545 0.0000536944332801 0.7811535302144722 0.8513254434853419 0.8844527055529253
7.6571452487456346 -0.0240609590484978 0.0000533413486961 0.7914810025233251 0.8501143870268096 0.8834444864488025
7.6928684791558588 -0.0242740847260094 0.0000529867948284 0.8019101755423025 0.8488984585453603 0.8824309431765787
7.7286591292630007 -0.0244884663659522 0.0000526307823305 0.8124414924071900 0.8476776979591359 0.8814120884808596
7.7429951656380656 -0.0245745772042656 0.0000524879610955 0.8166830219489313 0.8471880146927862 0.8810030330160811
7.7573312020131304 -0.0246608251782493 0.0000523450152158 0.8209378258242856 0.8466979318480107 0.8805934353474174
7.7682322552821077 -0.0247264854823482 0.0000522362378483 0.8241820482421925 0.8463250090262868 0.8802816169743675
7.7791333085510850 -0.0247922147064860 0.0000521273897947 0.8274339549252463 0.8459518573289396 0.8799694861025652
7.8151219659163988 -0.0250097748225660 0.0000517675356977 0.8382243847314740 0.8447183250267095 0.8789368063382716
7.8511377264721132 -0.0252283628425063 0.0000514066436073 0.8491069675784928 0.8434814138905159 0.8778999602059614
7.8872178483422291 -0.0254482084670208 0.0000510443469786 0.8600934176434252 0.8422398708879016 0.8768578785481514
7.9233615595331397 -0.0256693119355760 0.0000506806592785 0.8711840834294083 0.8409937457380474 0.8758105821200551
7.9595680779800295 -0.0258916734111641 0.0000503155942259 0.8823793028177412 0.8397430890525130 0.8747580924144889
7.9958365721250448 -0.0261152927365124 0.0000499491661895 0.8936793905321501 0.8384879536967940 0.8737004328159627
8.0321662698007739 -0.0263401701043447 0.0000495813890875 0.9050846717763491 0.8372283910200916 0.8726376254310613
8.0685563732372589 -0.0265663055363494 0.0000492122772419 0.9165954558661664 0.8359644537835771 0.8715696935569160
8.0791893543772062 -0.0266325338458707 0.0000491042907152 0.9199752104729746 0.8355947128314261 0.8712570180235707
8.0898223355171535 -0.0266988269376383 0.0000489962442858 0.9233623734554258 0.8352247809395713 0.8709440574336790
8.1263427765367062 -0.0269270947430830 0.0000486246850033 0.9350525140132501 0.8339527580505867 0.8698669859893402
8.1628855572068026 -0.0271563942428563 0.0000482521945864 0.9468374385625042 0.8326777516487283 0.8687859119341637
8.1994856084189571 -0.0273869482600626 0.0000478784247217 0.9587288190027810 0.8313985730089052 0.8676998081405337
8.2361419482682816 -0.0276187555578352 0.0000475033922738 0.9707268644004543 0.8301152837040490 0.8666087054876132
8.2728536470104199 -0.0278518152041927 0.0000471271137185 0.9828317908277190 0.8288279440006510 0.8655126337943108
8.3096196494707808 -0.0280861254453479 0.0000467496069612 0.9950437627030281 0.8275366190764625 0.8644116271186078
8.3464389515350472 -0.0283216848223980 0.0000463708895274 1.0073629504459456 0.8262413728318492 0.8633057185014771
8.3595825552150611 -0.0284059944701189 0.0000462355376678 1.0117823205502354 0.8257785116191747 0.8629101378526807
8.3678273754346186 -0.0284589273129030 0.0000461505917787 1.0145603722619208 0.8254880342067697 0.8626617813274836
8.3760721956541762 -0.0285118983845153 0.0000460656139662 1.0173429243185663 0.8251974568526215 0.8624132602843518
8.4130405998504294 -0.0287499732542529 0.0000456841912176 1.0298747858828541 0.8238933397203920 0.8612969158017147
8.4500045715041701 -0.0289889382858517 0.0000453021737641 1.0424957377615336 0.8225874181871169 0.8601774198901413
8.4870178680111081 -0.0292291438775775 0.0000449190151293 1.0552244044943260 0.8212778276803544 0.8590531562914190
8.5240792579882871 -0.0294705869381692 0.0000445347358483 1.0680608240070433 0.8199646424693123 0.8579241673710669
8.5611875232947821 -0.0297132644177119 0.0000441493564580 1.0810050254805066 0.8186479368431846 0.8567904956468766
8.5983414728426073 -0.0299571734007664 0.0000437628973490 1.0940570342949050 0.8173277846035013 0.8556521833544172
8.6121415765919132 -0.0300480065984031 0.0000436192025357 1.0989283792765787 0.8168369825135668 0.8552285563101654
8.6259416803412190 -0.0301389688350951 0.0000434754261179 1.1038124247698511 0.8163459356909203 0.8548044847398558
8.6318373658860086 -0.0301778691155770 0.0000434139771538 1.1059028617023705 0.8161360763563347 0.8546231774293297
8.6377330514307982 -0.0302167802311701 0.0000433525144051 1.1079956179386867 0.8159261727232309 0.8544417892207917
8.6444650239855587 -0.0302612370202654 0.0000432823155333 1.1103880625612432 0.8156864409839637 0.8542345727430779
8.6817651500281503 -0.0305081171338555 0.0000428930167628 1.1236988101232532 0.8143571196219490 0.8530845347283524
8.7190593602077584 -0.0307559018808858 0.0000425032030788 1.1371003815356520 0.8130262934462984 0.8519314658584112
8.7563937813392894 -0.0310049007205868 0.0000421124019321 1.1506095694838516 0.8116923529131168 0.8507739538402845
8.7937670243987984 -0.0312551091589659 0.0000417206364476 1.1642262540003880 0.8103553811971097 0.8496120499160035
8.8311776570752674 -0.0315065223532605 0.0000413279303256 1.1779502836365807 0.8090154634411961 0.8484458072509069
8.8686242191885452 -0.0317591352109683 0.0000409343076794 1.1917814805572668 0.8076726861967192 0.8472752804629806
8.8799549209928372 -0.0318357608485202 0.0000408150992942 1.1959851117884324 0.8072660801466531 0.8469204776357290
8.8842008208783927 -0.0318644970743267 0.0000407704164820 1.1975625383106574 0.8071136786341012 0.8467874499507517
8.8884467207639482 -0.0318932376115130 0.0000407257275413 1.1991411751777534 0.8069612575084886 0.8466543819021765
8.8932867195136076 -0.0319260112611640 0.0000406747776419 1.2009421759517460 0.8067874853848220 0.8465026453758072
8.9308150041792160 -0.0321806757279800 0.0000402794288453 1.2149601377922319 0.8054392452125301 0.8453243390801594
8.9683507805526670 -0.0324363579652440 0.0000398834866527 1.2290755767334813 0.8040892584824418 0.8441426659068461
9.0059169299694535 -0.0326932174857459 0.0000394867193292 1.2432973145661399 0.8027367391311817 0.8429569193747575
9.0435117539135614 -0.0329512472332938 0.0000390891540232 1.2576250036410257 0.8013817840303913 0.8417671643641794
9.0811336084333192 -0.0332104404406616 0.0000386908174123 1.2720582981696733 0.8000244884349543 0.8405734646500241
9.1187808174518725 -0.0334707900359989 0.0000382917366144 1.2865968212653864 0.7986649490864887 0.8393758856324973
9.1270772420649156 -0.0335282831671922 0.0000382037280821 1.2898135705138480 0.7983651684109268 0.8391115599174604
9.1353736666779586 -0.0335858153024185 0.0000381156977316 1.2930349631047580 0.7980653253492697 0.8388470859040080
9.1730908190152007 -0.0338479704105707 0.0000377152141118 1.3077385945085001 0.7967014070200058 0.8376428717013338
9.2107934963099556 -0.0341110146597394 0.0000373144321019 1.3225325708692701 0.7953367733797743 0.8364360792230030
9.2485153090220891 -0.0343751854367758 0.0000369130046839 1.3374301573303080 0.7939702467699224 0.8352256508389549
9.2862543677881604 -0.0346404737413243 0.0000365109616512 1.3524308035542483 0.7926019329436952 0.8340116615456880
9.3240088124439104 -0.0349068706704280 0.0000361083325677 1.3675339494884116 0.7912319368443080 0.8327941860296045
9.3413586263208419 -0.0350296280770769 0.0000359231681727 1.3745068482909344 0.7906019974304469 0.8322337047166991
9.3490281882455388 -0.0350839485810969 0.0000358412889468 1.3775957427789653 0.7903234576630536 0.8319857418172600
9.3566977501702358 -0.0351383026250166 0.0000357593936182 1.3806886191089618 0.7900448740275238 0.8317376567116186
9.3945077792158695 -0.0354068680921055 0.0000353554178650 1.3959943475344119 0.7886708609996225 0.8305128456200456
9.4322962668518251 -0.0356762904165993 0.0000349512785626 1.4113881045426440 0.7872966146906752 0.8292857873339178
9.4700922824976974 -0.0359467795013982 0.0000345466752549 1.4268817238314768 0.7859211172950894 0.8280555582959260
9.5078937360273024 -0.0362183242042303 0.0000341416403018 1.4424744417352402 0.7845444830780911 0.8268222437517392
9.5456983594997453 -0.0364909119638364 0.0000337362080264 1.4581653968945385 0.7831668329289107 0.8255859354027707
9.5509327578490648 -0.0365287348612822 0.0000336800441229 1.4603455962186356 0.7829760157659514 0.8254145303582094
9.5561671561983843 -0.0365665693871459 0.0000336238741045 1.4625276547018677 0.7827851820720418 0.8252430703055190
9.5652911580118154 -0.0366325545840159 0.0000335259497619 1.4663356133628329 0.7824525035745983 0.8249440694576072
9.6031171371222612 -0.0369067505911686 0.0000331197636498 1.4821827873351714 0.7810727786851779 0.8237027060811949
9.6409211360196547 -0.0371818151733314 0.0000327134754716 1.4981178048384696 0.7796930509137394 0.8224592191575995
9.6787203964439783 -0.0374578763801064 0.0000323069103052 1.5141478638395038 0.7783127300971729 0.8212130631747739
9.7165125586890113 -0.0377349202693844 0.0000319001036613 1.5302719489924170 0.7769319408885308 0.8199643358166719
9.7292081769353320 -0.0378282211250516 0.0000317633744857 1.5357103315757947 0.7764679322117896 0.8195442214163325
9.7419037951816527 -0.0379216393009817 0.0000316266109439 1.5411596680527577 0.7760038471612848 0.8191237932487152
9.7601679661985550 -0.0380562105828971 0.0000314298028625 1.5490184092998680 0.7753360736083112 0.8185184078529725
9.7784321372154572 -0.0381910041950229 0.0000312329271974 1.5568998260059692 0.7746681488008621 0.8179123764780828
9.8162030857538198 -0.0384705356558493 0.0000308255665077 1.5732708206966233 0.7732863961528396 0.8166570418761281
9.8539503213819781 -0.0387509368444731 0.0000304181802556 1.5897284587531555 0.7719049216923520 0.8153997625111611
9.8916790031533424 -0.0390322485104138 0.0000300107229832 1.6062748476725186 0.7705235750385326 0.8141403894625273
9.9293866468594718 -0.0393144547510182 0.0000296032316378 1.6229087643948876 0.7691424852793201 0.8128790281813981
9.9343888791268693 -0.0393519709564397 0.0000295491554166 1.6251226595420563 0.7689592356737386 0.8127114970249565
9.9393911113942668 -0.0393894935115630 0.0000294950757666 1.6273382572527202 0.7687759775976485 0.8125439188924094
9.9458022781728026 -0.0394376104442384 0.0000294257576881 1.6301803922444609 0.7685410908171019 0.8123290718818662
9.9835359518985936 -0.0397214275440859 0.0000290176346408 1.6469647861412398 0.7671583732993109 0.8110630069593254
10.0211826568713729 -0.0400056487345422 0.0000286102148964 1.6638070587371652 0.7657784198464125 0.8097972194931090
10.0587992180440544 -0.0402907026574672 0.0000282028940802 1.6807321936983879 0.7643991861232061 0.8085298291994613
10.0963829509658307 -0.0405765709589844 0.0000277957112485 1.6977387511429911 0.7630208079278616 0.8072609510127896
10.1053676511958948 -0.0406450680353307 0.0000276983396859 1.7018185497023808 0.7626912477640422 0.8069572332238332
10.1143523514259588 -0.0407136127341635 0.0000276009574409 1.7059038437372847 0.7623616700757500 0.8066533685169309
10.1255008738731540 -0.0407987374459359 0.0000274801070946 1.7109806561137082 0.7619526952649849 0.8062761189019197
10.1630122879073319 -0.0410858483127730 0.0000270733537842 1.7281247308774155 0.7605764401174931 0.8050051352876600
10.2004919686559639 -0.0413737854406127 0.0000266667539724 1.7453499793204279 0.7592011020226423 0.8037326958449983
10.2379284835786066 -0.0416624627586710 0.0000262604414071 1.7626508630887232 0.7578271367849921 0.8024592138533553
10.2524179167092413 -0.0417744810685739 0.0000261031355218 1.7693726117264983 0.7572953080374967 0.8019656561532862
10.2669073498398760 -0.0418866608970911 0.0000259458044209 1.7761086542126601 0.7567634550258936 0.8014717265993347
10.2726183823624737 -0.0419309211937454 0.0000258837853106 1.7787676030680897 0.7565538181184973 0.8012769415537809
10.2783294148850715 -0.0419751948644813 0.0000258217633469 1.7814287725339013 0.7563441777007486 0.8010820989532631
10.2840076456418696 -0.0420192360706727 0.0000257600941214 1.7840768588711093 0.7561357381322432 0.8008883184382820
10.3213676796382821 -0.0423096271662320 0.0000253542494517 1.8015547318508436 0.7547642352064392 0.7996119225540160
10.3586463589090467 -0.0426004644441806 0.0000249491378745 1.8190892603377897 0.7533956216121780 0.7983358731996492
10.3958697052663140 -0.0428919502937018 0.0000245444862558 1.8366921586051157 0.7520289769977108 0.7970593101035133
10.4076671585481808 -0.0429845590677274 0.0000244162091484 1.8422908514197676 0.7515958293447453 0.7966542207365166
10.4194646118300476 -0.0430772769873405 0.0000242879190109 1.8478990183123123 0.7511626799528749 0.7962488919377306
10.4290043086431972 -0.0431523307990904 0.0000241841712651 1.8524408410233055 0.7508124246901223 0.7959209588708251
10.4385440054563468 -0.0432274318927501 0.0000240804172941 1.8569888582459551 0.7504621691759135 0.7955928698649410
10.4527449921541873 -0.0433393611743941 0.0000239259521864 1.8637706029727004 0.7499407731177992 0.7951041816281658
10.4898052767011798 -0.0436322121681821 0.0000235227643969 1.8815335575881629 0.7485801076854448 0.7938272349184131
10.5268114580319185 -0.0439257212607998 0.0000231200557748 1.8993638470365546 0.7472214850878854 0.7925498310691388
10.5637490894510897 -0.0442197741146113 0.0000227179924979 1.9172540351101284 0.7458654685532029 0.7912724967709800
10.5721368154500865 -0.0442866990244469 0.0000226266796046 1.9213294378151693 0.7455575627853616 0.7909821241802324
10.5805245414490834 -0.0443536681569628 0.0000225353630469 1.9254096269464041 0.7452496635043148 0.7906916343032567
10.5946356257874648 -0.0444664458008362 0.0000223817277000 1.9322847292062864 0.7447316852298207 0.7902026647271134
10.6314249417217646 -0.0447612236597256 0.0000219811242876 1.9502726490903484 0.7433813596266401 0.7889263093757272
10.6681536110252804 -0.0450566057386890 0.0000215811050400 1.9683227430676116 0.7420334396616407 0.7876498327394421
10.7048024005588935 -0.0453524370063724 0.0000211818879281 1.9864250149295390 0.7406886620459546 0.7863739319167473
10.7141789346474336 -0.0454283008233069 0.0000210797389516 1.9910711231533831 0.7403446405102528 0.7860471435393137
10.7235554687359738 -0.0455042133969180 0.0000209775880855 1.9957232084273060 0.7400006349654693 0.7857202125690317
10.7600464845228352 -0.0458003305384519 0.0000205800101446 2.0138847935114299 0.7386620209568515 0.7844465302890424
10.7964831260274057 -0.0460970989482740 0.0000201829772796 2.0321096142299999 0.7373256876376824 0.7831726102443525
10.8328295466363542 -0.0463942262787103 0.0000197868880887 2.0503791817942369 0.7359929786984649 0.7818997337596784
10.8410693880441098 -0.0464617384601406 0.0000196970888097 2.0545334258601105 0.7356908965908905 0.7816108773182127
10.8493092294518654 -0.0465292967450785 0.0000196072888469 2.0586922816929474 0.7353888324199008 0.7813219134848661
10.8569174636715644 -0.0465917180296699 0.0000195243717269 2.0625364442534440 0.7351099385471904 0.7810550043238731
10.8930671259820411 -0.0468889662297196 0.0000191303856232 2.0808552594191023 0.7337850292966666 0.7797855707496003
10.9291603379101829 -0.0471868437033117 0.0000187369958112 2.0992339889927720 0.7324625790422890 0.7785160782464362
10.9651526928694398 -0.0474849831320603 0.0000183446937492 2.1176494168560045 0.7311442416733631 0.7772481167355008
10.9731977967503234 -0.0475517633167086 0.0000182570054376 2.1217777019639117 0.7308496232908380 0.7769644248465535
10.9812429006312069 -0.0476185903651445 0.0000181693176616 2.1259103786671791 0.7305550273586060 0.7766806332230795
11.0170312410885867 -0.0479165356250143 0.0000177792424008 2.1443476465925357 0.7292448106517333 0.7754169924644215
11.0527654574038969 -0.0482151228257080 0.0000173897631017 2.1628437037213017 0.7279370561886641 0.7741533109767156
11.0645108522893398 -0.0483135042322211 0.0000172617485798 2.1689420355805908 0.7275073231649197 0.7737375310299233
11.0762562471747827 -0.0484120045173968 0.0000171337357146 2.1750497198177738 0.7270776460941457 0.7733215424095576
11.0851564464731407 -0.0484867234823857 0.0000170367338438 2.1796841110781133 0.7267520915476764 0.7730061838918537
11.0940566457714986 -0.0485614913021940 0.0000169397348002 2.1843238713816775 0.7264265697786729 0.7726907060435555
11.1044155067076709 -0.0486485984319235 0.0000168268402115 2.1897308065713301 0.7260477402041113 0.7723233742471209
11.1398296813828672 -0.0489470979273581 0.0000164408994662 2.2082705918349235 0.7247529756812532 0.7710663508258198
11.1751703101919304 -0.0492460677601732 0.0000160557894726 2.2268565686853590 0.7234614644292795 0.7698100751837543
11.1893665683047558 -0.0493664714389553 0.0000159011013029 2.2343463292592984 0.7229428318130635 0.7693049110095939
11.1939516450296281 -0.0494053970053662 0.0000158511417597 2.2367682711777928 0.7227753456268254 0.7691416906377003
11.1985367217545004 -0.0494443352715107 0.0000158011833624 2.2391916363727900 0.7226078695196608 0.7689784392902778
11.2068875944222679 -0.0495152938123291 0.0000157101957497 2.2436090062017362 0.7223028688362357 0.7686810275289528
11.2418915933662902 -0.0498133975832408 0.0000153288331927 2.2621764668277993 0.7210247877203851 0.7674332660237352
11.2768750763953829 -0.0501124123189123 0.0000149477414238 2.2808158796910809 0.7197480837658785 0.7661844494736325
11.2898294320708228 -0.0502234139496640 0.0000148066367045 2.2877390423533965 0.7192754857953654 0.7657215632122212
11.2970678335236876 -0.0502855027828131 0.0000147277960698 2.2916123847661636 0.7190114555376188 0.7654628143402010
11.3043062349765524 -0.0503476300758420 0.0000146489585904 2.2954892700886553 0.7187474537445783 0.7652039898817087
11.3119132315724826 -0.0504129642275373 0.0000145661098518 2.2995673926220630 0.7184700393464868 0.7649319041705814
11.3466027762910198 -0.0507115613415228 0.0000141883385651 2.3182141037896269 0.7172053808349032 0.7636900813242226
11.3811910270998009 -0.0510103682427333 0.0000138117349796 2.3368873320810315 0.7159451046178278 0.7624501735509445
11.3965939796730904 -0.0511437832873658 0.0000136440469769 2.3452289637854218 0.7153841023343968 0.7618974671667257
11.4029530411995008 -0.0511989183394279 0.0000135748223680 2.3486774538951298 0.7151525358729030 0.7616691861842469
11.4093121027259112 -0.0512540850293982 0.0000135056007055 2.3521286747478314 0.7149209939267773 0.7614408481146694
11.4435491807521412 -0.0515517367874514 0.0000131329571307 2.3707569083907254 0.7136748054422175 0.7602105019849216
11.4777440157468380 -0.0518500957236981 0.0000127608526999 2.3894411255732999 0.7124308946444020 0.7589800361276240
11.4877954481106777 -0.0519380023138621 0.0000126514900290 2.3949482781737785 0.7120653962159652 0.7586180361399145
11.4921205881660207 -0.0519758573718774 0.0000126044334726 2.3973201078913924 0.7119081423651250 0.7584622240973593
11.4964457282213637 -0.0520137219020596 0.0000125573789746 2.3996931993593047 0.7117509007309477 0.7583063861327008
11.5018225623899006 -0.0520608167094277 0.0000124988848278 2.4026450870839251 0.7115554417600900 0.7581126187460306
11.5356049660519862 -0.0523573259436884 0.0000121314199595 2.4212362646403349 0.7103278264071088 0.7568942740971298
11.5694007653116842 -0.0526550188748906 0.0000117639016396 2.4399117885781929 0.7091005077348669 0.7556738781890843
11.5770616261245998 -0.0527226491255909 0.0000116806056559 2.4441558726318560 0.7088224093458703 0.7553970208816254
11.5804915124070682 -0.0527529461312601 0.0000116433143940 2.4460572962822167 0.7086979138724395 0.7552730416693250
11.5839213986895366 -0.0527832482766274 0.0000116060246565 2.4479595124092088 0.7085734266621457 0.7551490464530451
11.5884762522979816 -0.0528235054443315 0.0000115565059369 2.4504868607277728 0.7084081218974762 0.7549843573626108
11.6218939388688725 -0.0531194600776359 0.0000111932576948 2.4690720380294078 0.7071957851513736 0.7537752195256684
11.6552929114696564 -0.0534163073254494 0.0000108303163248 2.4877219264933599 0.7059849481627443 0.7525652539029126
11.6632441230027517 -0.0534871337019831 0.0000107439275655 2.4921729228954299 0.7056968104581766 0.7522769798050770
11.6702746097637924 -0.0535497980153487 0.0000106675484505 2.4961120515120174 0.7054420779416219 0.7520220165043834
11.6766452219227421 -0.0536066196561403 0.0000105983426031 2.4996843290606492 0.7052112869008128 0.7517909268102525
11.7096774864886424 -0.0539018701442819 0.0000102395692956 2.5182507174982987 0.7040151144124165 0.7505918373774908
11.7426482173597773 -0.0541976198384393 0.0000098815781665 2.5368556743912674 0.7028220249009344 0.7493935409267015
11.7528437510553498 -0.0542892708288098 0.0000097709018325 2.5426236708842995 0.7024532617095327 0.7490227021030512
11.7621621480689456 -0.0543731241130864 0.0000096697572811 2.5479015468008175 0.7021162973322768 0.7486836477695406
11.7947756567645587 -0.0546672695538769 0.0000093158379523 2.5664195415649065 0.7009375140932324 0.7474960956332923
11.8065615295471513 -0.0547738239497841 0.0000091879686535 2.5731291452768703 0.7005117423042601 0.7470665971463363
11.8143371796264773 -0.0548441971910060 0.0000091036166703 2.5775608664350704 0.7002309060586409 0.7467831397275350
11.8175934922857078 -0.0548736860003405 0.0000090682935913 2.5794180030187772 0.7001133116692019 0.7466644092145972
11.8208498049449382 -0.0549031805591232 0.0000090329721725 2.5812758512770779 0.6999957261578086 0.7465456649771743
11.8248448745356161 -0.0549393796966482 0.0000089896392355 2.5835561601357959 0.6998514763780003 0.7463999625970573
11.8569547666546633 -0.0552308982830336 0.0000086414261727 2.6019227630777961 0.6986925817638188 0.7452281494933506
11.8730185712887408 -0.0553771214032831 0.0000084672713241 2.6111370861269707 0.6981131493525455 0.7446414224083653
11.8825286670289305 -0.0554638094027488 0.0000083641834591 2.6166003053778977 0.6977702201663321 0.7442939125265430
11.8883908384500891 -0.0555172901556921 0.0000083006442250 2.6199709398736641 0.6975588729749791 0.7440796444753432
11.8942530098712478 -0.0555707962263004 0.0000082371101612 2.6233438781137766 0.6973475560219023 0.7438653326032584
11.9009761627160096 -0.0556322022886045 0.0000081642503228 2.6272150380960633 0.6971052403618428 0.7436194907060393
11.9328574954113993 -0.0559240078194139 0.0000078188279668 2.6456133993145210 0.6959567261240586 0.7424529219551781
11.9444126969644131 -0.0560300233751040 0.0000076936650479 2.6522985899860361 0.6955406812136925 0.7420297884958381
11.9515090618018487 -0.0560951972021688 0.0000076168080273 2.6564085804937334 0.6952852372324383 0.7417698472652281
11.9553016049971443 -0.0561300492207887 0.0000075757357840 2.6586064845386375 0.6951487381000885 0.7416308996818116
11.9590941481924400 -0.0561649103357991 0.0000075346659733 2.6608053517042722 0.6950122521160951 0.7414919340148538
11.9639966459568985 -0.0562099950606764 0.0000074815793427 2.6636491831538796 0.6948358407829400 0.7413122708216286
11.9955611795333255 -0.0565008553278053 0.0000071398632004 2.6819976031446990 0.6937005595209009 0.7401547956653197
12.0068239097402554 -0.0566048844946164 0.0000070179674198 2.6885607525916129 0.6932956997145987 0.7397414889409882
12.0180866399471853 -0.0567090433101426 0.0000068960898115 2.6951323882749953 0.6928909603914846 0.7393280244707905
12.0274099043041023 -0.0567953511299300 0.0000067952147640 2.7005787932910068 0.6925560094624279 0.7389856403766852
12.0359117056243932 -0.0568741311390509 0.0000067032388486 2.7055503886548991 0.6922506434745037 0.7386733295482515
12.0669357094404095 -0.0571622392264495 0.0000063676992962 2.7237332759000417 0.6911369239445935 0.7375329164939841
12.0748807284340636 -0.0572361814904896 0.0000062817932754 2.7284001262663322 0.6908518599739716 0.7372406747120644
12.0778408677982796 -0.0572637474734076 0.0000062497890268 2.7301399706025786 0.6907456673147743 0.7371317720591584
12.0808010071624956 -0.0572913194328621 0.0000062177863776 2.7318804004025070 0.6906394832490195 0.7370228586718536
12.0841529204558054 -0.0573225501874929 0.0000061815499095 2.7338518825637612 0.6905192561810674 0.7368995176639783
12.1149589990504030 -0.0576101265909745 0.0000058485962126 2.7520061213541389 0.6894148219670349 0.7357652978736297
12.1266602239230501 -0.0577196176378972 0.0000057221675291 2.7589183427006039 0.6889955690502693 0.7353341788721879
12.1328987214315198 -0.0577780512798052 0.0000056547710236 2.7626073229607218 0.6887721014263585 0.7351042602917388
12.1391372189399895 -0.0578365202929890 0.0000055873811676 2.7662989009772287 0.6885486732842530 0.7348742945859466
12.1451863251208021 -0.0578932502138319 0.0000055220433603 2.7698808886552038 0.6883320659440555 0.7346512653425408
12.1755392256162800 -0.0581784884906257 0.0000051942837097 2.7878912673546723 0.6872457524944938 0.7335314943077528
12.1846409336276214 -0.0582642105483310 0.0000050960300499 2.7933038881403562 0.6869201934636257 0.7331955007543129
12.1937426416389627 -0.0583500137335436 0.0000049977906418 2.7987220330867117 0.6865947208391268 0.7328594079827313
12.2028942912194047 -0.0584363710667545 0.0000048990265285 2.8041754764470155 0.6862675498666096 0.7325213711975151
12.2327957994711216 -0.0587191515883118 0.0000045764291910 2.8220326212755942 0.6851991902465444 0.7314161960166961
12.2392565800792852 -0.0587803771786630 0.0000045067459556 2.8258988187154261 0.6849684763557412 0.7311772627360191
