0.0001020029715991 -0.0000000000258784 0.0000171986346741 0.0000000000000019 0.9999999999761939 0.9999999999795671
0.0001416582570124 -0.0000000000499157 0.0000171986346702 0.0000000000000051 0.9999999999538713 0.9999999999605879
0.0001905243148146 -0.0000000000902978 0.0000171986346636 0.0000000000000124 0.9999999999163705 0.9999999999287033
0.0002494927901473 -0.0000000001548478 0.0000171986346531 0.0000000000000278 0.9999999998564264 0.9999999998777362
0.0003193988251308 -0.0000000002537833 0.0000171986346370 0.0000000000000584 0.9999999997645508 0.9999999997996194
0.0004010478989842 -0.0000000004001230 0.0000171986346133 0.0000000000001156 0.9999999996286539 0.9999999996840734
0.0004952255492502 -0.0000000006101126 0.0000171986345791 0.0000000000002177 0.9999999994336493 0.9999999995182711
0.0006026815927942 -0.0000000009036112 0.0000171986345314 0.0000000000003924 0.9999999991610951 0.9999999992865323
0.0007241475684436 -0.0000000013045513 0.0000171986344662 0.0000000000006808 0.9999999987887667 0.9999999989699605
0.0008603146711261 -0.0000000018412914 0.0000171986343790 0.0000000000011415 0.9999999982903294 0.9999999985461646
0.0010118653268298 -0.0000000025471463 0.0000171986342643 0.0000000000018573 0.9999999976348457 0.9999999979888401
0.0011794614213930 -0.0000000034607988 0.0000171986341158 0.0000000000029414 0.9999999967863932 0.9999999972674440
0.0013637414783051 -0.0000000046267206 0.0000171986339263 0.0000000000045468 0.9999999957036741 0.9999999963468628
0.0015653172127057 -0.0000000060955670 0.0000171986336875 0.0000000000068757 0.9999999943396477 0.9999999951871001
0.0017847927029151 -0.0000000079247418 0.0000171986333902 0.0000000000101923 0.9999999926410069 0.9999999937428318
0.0020227588952282 -0.0000000101788313 0.0000171986330239 0.0000000000148368 0.9999999905477741 0.9999999919630618
0.0022798008760914 -0.0000000129301512 0.0000171986325767 0.0000000000212421 0.9999999879927945 0.9999999897906917
0.0025564689656296 -0.0000000162588901 0.0000171986320356 0.0000000000299522 0.9999999849016020 0.9999999871624068
0.0028533181789470 -0.0000000202539769 0.0000171986313863 0.0000000000416445 0.9999999811916138 0.9999999840079911
0.0031708796251837 -0.0000000250132115 0.0000171986306127 0.0000000000571540 0.9999999767720089 0.9999999802502242
0.0035096782752131 -0.0000000306439393 0.0000171986296976 0.0000000000775013 0.9999999715431026 0.9999999758043492
0.0038702335687358 -0.0000000372635612 0.0000171986286216 0.0000000001039247 0.9999999653958721 0.9999999705776693
0.0042530356873400 -0.0000000449995408 0.0000171986273643 0.0000000001379127 0.9999999582119500 0.9999999644695428
0.0046585943306605 -0.0000000539908086 0.0000171986259029 0.0000000001812474 0.9999999498623197 0.9999999573702735
0.0050873899085111 -0.0000000643872839 0.0000171986242131 0.0000000002360436 0.9999999402077608 0.9999999491614892
0.0055398982018600 -0.0000000763508077 0.0000171986222686 0.0000000003047983 0.9999999290979817 0.9999999397154045
0.0060165904248534 -0.0000000900556510 0.0000171986200410 0.0000000003904438 0.9999999163711479 0.9999999288944195
0.0065179263974605 -0.0000001056888039 0.0000171986175001 0.0000000004964042 0.9999999018536132 0.9999999165508918
0.0070443648473888 -0.0000001234507591 0.0000171986146131 0.0000000006266610 0.9999998853591927 0.9999999025265176
0.0075963473780408 -0.0000001435554606 0.0000171986113454 0.0000000007858173 0.9999998666892099 0.9999998866523723
0.0081743154702849 -0.0000001662313275 0.0000171986076598 0.0000000009791772 0.9999998456315466 0.9999998687481022
0.0087786947290009 -0.0000001917211289 0.0000171986035168 0.0000000012128217 0.9999998219607580 0.9999998486220231
0.0094099350786187 -0.0000002202841934 0.0000171985988742 0.0000000014937124 0.9999997954360221 0.9999998260693759
0.0100684383630017 -0.0000002521937438 0.0000171985936878 0.0000000018297571 0.9999997658036139 0.9999998008744310
0.0107546285859017 -0.0000002877404413 0.0000171985879102 0.0000000022299408 0.9999997327936149 0.9999997728076898
0.0114689025994452 -0.0000003272305146 0.0000171985814917 0.0000000027044109 0.9999996961216496 0.9999997416273624
0.0122116691208755 -0.0000003709882170 0.0000171985743795 0.0000000032646164 0.9999996554866046 0.9999997070774266
0.0129833354319458 -0.0000004193557535 0.0000171985665180 0.0000000039234298 0.9999996105706960 0.9999996688876862
0.0137843049417142 -0.0000004726936690 0.0000171985578487 0.0000000046952818 0.9999995610391083 0.9999996267734645
0.0146149416108785 -0.0000005313787705 0.0000171985483103 0.0000000055962652 0.9999995065419248 0.9999995804372444
0.0154756511398228 -0.0000005958101264 0.0000171985378379 0.0000000066443700 0.9999994467085562 0.9999995295639317
0.0163668053531591 -0.0000006664043745 0.0000171985263638 0.0000000078595693 0.9999993811520976 0.9999994738245600
0.0172887860393943 -0.0000007435993275 0.0000171985138169 0.0000000092640412 0.9999993094659806 0.9999994128734438
0.0182419462401148 -0.0000008278512622 0.0000171985001229 0.0000000108822944 0.9999992312264904 0.9999993463503188
0.0192266791458691 -0.0000009196413950 0.0000171984852038 0.0000000127414769 0.9999991459867522 0.9999992738752287
0.0202433362940120 -0.0000010194692092 0.0000171984689782 0.0000000148714454 0.9999990532829284 0.9999991950537943
0.0212922757069198 -0.0000011278570892 0.0000171984513613 0.0000000173050607 0.9999989526299143 0.9999991094735544
0.0223738461605299 -0.0000012453493049 0.0000171984322646 0.0000000200783860 0.9999988435222826 0.9999990167047673
0.0234884348962312 -0.0000013725179098 0.0000171984115952 0.0000000232310620 0.9999987254288049 0.9999989162957541
0.0246363560930243 -0.0000015099507375 0.0000171983892575 0.0000000268062591 0.9999985978035987 0.9999988077823764
0.0258179625075645 -0.0000016582642350 0.0000171983651513 0.0000000308512421 0.9999984600742110 0.9999986906779031
0.0270336114729172 -0.0000018181005791 0.0000171983391722 0.0000000354175831 0.9999983116442951 0.9999985644752878
0.0282836397288801 -0.0000019901248711 0.0000171983112121 0.0000000405613654 0.9999981518962167 0.9999984286493830
0.0295683819981170 -0.0000021750278199 0.0000171982811588 0.0000000463435515 0.9999979801885609 0.9999982826548224
0.0308881606086452 -0.0000023735246594 0.0000171982488961 0.0000000528302571 0.9999977958571392 0.9999981259268750
0.0322433239970523 -0.0000025863614886 0.0000171982143025 0.0000000600932862 0.9999975982091013 0.9999979578764395
0.0336341916975168 -0.0000028143075333 0.0000171981772532 0.0000000682102219 0.9999973865301204 0.9999977778961542
0.0350610792860198 -0.0000030581590882 0.0000171981376187 0.0000000772649024 0.9999971600807342 0.9999975853572843
0.0365243159336684 -0.0000033187431319 0.0000171980952645 0.0000000873479319 0.9999969180929861 0.9999973796068675
0.0380242236157433 -0.0000035969144700 0.0000171980500518 0.0000000985569723 0.9999966597730798 0.9999971599699703
0.0395611284682001 -0.0000038935582916 0.0000171980018367 0.0000001109972526 0.9999963842990045 0.9999969257476683
0.0411353132116325 -0.0000042095811861 0.0000171979504718 0.0000001247816042 0.9999960908288772 0.9999966762241401
0.0427471252175225 -0.0000045459329890 0.0000171978958028 0.0000001400318408 0.9999957784806567 0.9999964106494182
0.0443968578016204 -0.0000049035837392 0.0000171978376719 0.0000001568782272 0.9999954463535409 0.9999961282575826
0.0460848308747096 -0.0000052835405554 0.0000171977759155 0.0000001754607064 0.9999950935122955 0.9999958282534355
0.0478113165702205 -0.0000056868316417 0.0000171977103665 0.0000001959286250 0.9999947190021079 0.9999955098251307
0.0495766520397583 -0.0000061145326226 0.0000171976408500 0.0000002184425630 0.9999943218241300 0.9999951721233795
0.0513811239598020 -0.0000065677404598 0.0000171975671877 0.0000002431735692 0.9999939009597012 0.9999948142820454
0.0532250140922276 -0.0000070475838565 0.0000171974891963 0.0000002703042087 0.9999934553606870 0.9999944354099295
0.0551086394466235 -0.0000075552345987 0.0000171974066852 0.0000003000298030 0.9999929839389465 0.9999940345818150
0.0570322919231769 -0.0000080918926694 0.0000171973194595 0.0000003325582099 0.9999924855801571 0.9999936108502213
0.0589962680548414 -0.0000086587943807 0.0000171972273181 0.0000003681109050 0.9999919591362616 0.9999931632389825
0.0610008506652011 -0.0000092572076213 0.0000171971300550 0.0000004069233319 0.9999914034298831 0.9999926907470000
0.0630463234380209 -0.0000098884363250 0.0000171970274582 0.0000004492458377 0.9999908172501744 0.9999921923447144
0.0651329792239454 -0.0000105538237811 0.0000171969193095 0.0000004953446020 0.9999901993497456 0.9999916669714913
0.0672610947998079 -0.0000112547452507 0.0000171968053854 0.0000005455018533 0.9999895484515195 0.9999911135414516
0.0694309469370373 -0.0000119926132519 0.0000171966854561 0.0000006000169530 0.9999888632438255 0.9999905309392981
0.0716428517150569 -0.0000127688921452 0.0000171965592838 0.0000006592082917 0.9999881423668543 0.9999899180087993
0.0738970381457356 -0.0000135850544484 0.0000171964266291 0.0000007234107633 0.9999873844532255 0.9999892735872817
0.0761937967130482 -0.0000144426328373 0.0000171962872430 0.0000007929804997 0.9999865880797000 0.9999885964645718
0.0785334173957955 -0.0000153431999878 0.0000171961408697 0.0000008682942677 0.9999857517858975 0.9999878853989117
0.0809161758860087 -0.0000162883636148 0.0000171959872480 0.0000009497499200 0.9999848740789065 0.9999871391208764
0.0833423555812533 -0.0000172797753485 0.0000171958261094 0.0000010377680360 0.9999839534250385 0.9999863563263652
0.0858121885763622 -0.0000183191066070 0.0000171956571824 0.0000011327906622 0.9999829882722382 0.9999855356956520
0.0883259887842497 -0.0000194081045027 0.0000171954801829 0.0000012352873251 0.9999819769981637 0.9999846758492426
0.0908839912657940 -0.0000205485249003 0.0000171952948256 0.0000013457499097 0.9999809179723538 0.9999837754007308
0.0934864561580479 -0.0000217421763400 0.0000171951008166 0.0000014646976603 0.9999798095154393 0.9999828329221173
0.0961336627156843 -0.0000229909193567 0.0000171948978534 0.0000015926782987 0.9999786498997759 0.9999818469443473
0.0988258631434051 -0.0000242966456349 0.0000171946856286 0.0000017302670083 0.9999774373688024 0.9999808159737688
0.1015633373067323 -0.0000256613044360 0.0000171944638254 0.0000018780702687 0.9999761701124997 0.9999797384712663
0.1043463440559930 -0.0000270868798069 0.0000171942321214 0.0000020367246317 0.9999748462885575 0.9999786128702566
0.1071751219322206 -0.0000285753901088 0.0000171939901884 0.0000022068976996 0.9999734640228111 0.9999774375770600
0.1100499397376702 -0.0000301289148400 0.0000171937376886 0.0000023892923602 0.9999720213843343 0.9999762109497218
0.1129710340269663 -0.0000317495622445 0.0000171934742794 0.0000025846443176 0.9999705164155207 0.9999749313235877
0.1159386665921424 -0.0000334395007057 0.0000171931996082 0.0000027937270308 0.9999689471029302 0.9999735969865157
0.1189530934613511 -0.0000352009428360 0.0000171929133155 0.0000030173511978 0.9999673113920656 0.9999722061914383
0.1220145721461056 -0.0000370361500436 0.0000171926150339 0.0000032563666619 0.9999656071831330 0.9999707571527572
0.1251233453125666 -0.0000389474230769 0.0000171923043892 0.0000035116625404 0.9999638323398221 0.9999692480538075
0.1282796939885613 -0.0000409371354209 0.0000171919809959 0.0000037841731291 0.9999619846582971 0.9999676770204899
0.1314838239214906 -0.0000430076625826 0.0000171916444679 0.0000040748697279 0.9999600619328619 0.9999660421771047
0.1347359890530523 -0.0000451614594377 0.0000171912944062 0.0000043847725850 0.9999580618841383 0.9999643415852796
0.1380364458756845 -0.0000474010333284 0.0000171909304033 0.0000047149489363 0.9999559821840476 0.9999625732652118
0.1413854383696372 -0.0000497289342857 0.0000171905520448 0.0000050665131296 0.9999538204648923 0.9999607352033872
0.1447831918710425 -0.0000521477501704 0.0000171901589101 0.0000054406273371 0.9999515743238697 0.9999588253564174
0.1482299518255123 -0.0000546601342424 0.0000171897505681 0.0000058385073785 0.9999492412974718 0.9999568416292706
0.1517259820176041 -0.0000572688061178 0.0000171893265768 0.0000062614248269 0.9999468188605979 0.9999547818745156
0.1552714878559217 -0.0000599764947200 0.0000171888864927 0.0000067106994429 0.9999443044795334 0.9999526439373666
0.1588667346005184 -0.0000627860271512 0.0000171884298564 0.0000071877153818 0.9999416955294241 0.9999504255855114
0.1625119447342243 -0.0000657002516434 0.0000171879562049 0.0000076939103519 0.9999389893658257 0.9999481245699472
0.1662073663636752 -0.0000687220908432 0.0000171874650634 0.0000082307864133 0.9999361832752258 0.9999457385829078
0.1699532262580671 -0.0000718545050412 0.0000171869559509 0.0000087999055340 0.9999332745091913 0.9999432652868964
0.1737497480768229 -0.0000751005065322 0.0000171864283777 0.0000094028938939 0.9999302602710354 0.9999407023033469
0.1775971899109503 -0.0000784631930533 0.0000171858818405 0.0000100414502321 0.9999271376847686 0.9999380471862209
0.1814957572442834 -0.0000819456730905 0.0000171853158341 0.0000107173338570 0.9999239038644613 0.9999352974809841
0.1854456834552500 -0.0000855511356342 0.0000171847298405 0.0000114323797597 0.9999205558494727 0.9999324506695281
0.1894472143574884 -0.0000892828389027 0.0000171841233300 0.0000121884989426 0.9999170906149225 0.9999295041790732
0.1935005773400819 -0.0000931440824811 0.0000171834957665 0.0000129876750391 0.9999135050975667 0.9999264554041671
0.1976059651063717 -0.0000971381900812 0.0000171828466100 0.0000138319625076 0.9999097962118090 0.9999233017202966
0.2017636366453357 -0.0001012686078900 0.0000171821753004 0.0000147235095940 0.9999059607583771 0.9999200404062324
0.2059738018151152 -0.0001055387937348 0.0000171814812760 0.0000156645374155 0.9999019955272470 0.9999166687315419
0.2102367036273064 -0.0001099522986077 0.0000171807639596 0.0000166573597870 0.9998978972219431 0.9999131838922188
0.2145525835466491 -0.0001145127337274 0.0000171800227645 0.0000177043787828 0.9998936624901273 0.9999095830366891
0.2189216288260251 -0.0001192237136457 0.0000171792571034 0.0000188080737648 0.9998892879764325 0.9999058633107328
0.2233440791894417 -0.0001240889694541 0.0000171784663701 0.0000199710298840 0.9998847702173441 0.9999020217680976
0.2278201281422642 -0.0001291122432602 0.0000171776499565 0.0000211959159966 0.9998801057391916 0.9998980554538172
0.2323500069313119 -0.0001342973806635 0.0000171768072379 0.0000224855092966 0.9998752909722806 0.9998939613311932
0.2369339614878693 -0.0001396483083892 0.0000171759375761 0.0000238426932842 0.9998703222716659 0.9998897362994545
0.2415721834094653 -0.0001451689536503 0.0000171750403332 0.0000252704399235 0.9998651959920343 0.9998853772574270
0.2462648847223009 -0.0001508633300551 0.0000171741148570 0.0000267718337384 0.9998599084079363 0.9998808810357011
0.2510123086959800 -0.0001567355540333 0.0000171731604788 0.0000283500796899 0.9998544556985384 0.9998762443836607
0.2558146346444716 -0.0001627897279822 0.0000171721765320 0.0000300084747747 0.9998488340561343 0.9998714640617495
0.2606721270657750 -0.0001690301265972 0.0000171711623222 0.0000317504614487 0.9998430395131306 0.9998665366943444
0.2655849269655123 -0.0001754609320543 0.0000171701171698 0.0000335795574482 0.9998370681879485 0.9998614589788526
0.2705533185622554 -0.0001820865775208 0.0000171690403547 0.0000354994553892 0.9998309159652131 0.9998562274137541
0.2755774486853780 -0.0001889113825699 0.0000171679311749 0.0000375139217545 0.9998245788359813 0.9998508385879102
0.2806575829439136 -0.0001959398940901 0.0000171667888921 0.0000396268986488 0.9998180525810541 0.9998452889112618
0.2857939589754700 -0.0002031766917199 0.0000171656127622 0.0000418424517913 0.9998113329502538 0.9998395747672708
0.2909867133020432 -0.0002106262798409 0.0000171644020535 0.0000441647387178 0.9998044157634138 0.9998336925987937
0.2962360883891467 -0.0002182933801613 0.0000171631559990 0.0000465981018096 0.9997972966387096 0.9998276386770566
0.3015423098015529 -0.0002261827617973 0.0000171618738239 0.0000491470205583 0.9997899711504415 0.9998214092358212
0.3069055445685100 -0.0002342991761277 0.0000171605547566 0.0000518160928649 0.9997824348895304 0.9998150005228221
0.3123260098815464 -0.0002426475184080 0.0000171591980018 0.0000546100906318 0.9997746833134611 0.9998084086721555
0.3178039500645020 -0.0002512327986548 0.0000171578027458 0.0000575339555462 0.9997667117733247 0.9998016297272662
0.3233394919490928 -0.0002600599133742 0.0000171563681933 0.0000605927243313 0.9997585157257798 0.9997946598211906
0.3289329269138037 -0.0002691340913793 0.0000171548934949 0.0000637916854831 0.9997500903191129 0.9997874948245364
0.3345844068182992 -0.0002784604112031 0.0000171533778259 0.0000671362164596 0.9997414308413330 0.9997801307265327
0.3402941433209993 -0.0002880441195008 0.0000171518203341 0.0000706318979256 0.9997325324245412 0.9997725633836170
0.3460623331523280 -0.0002978905114162 0.0000171502201595 0.0000742844758991 0.9997233901560187 0.9997647886138966
0.3518892008434363 -0.0003080050038063 0.0000171485764224 0.0000780998928755 0.9997139990102486 0.9997568021393282
0.3577749400772335 -0.0003183930354935 0.0000171468882396 0.0000820842548861 0.9997043539415388 0.9997485996644768
0.3637197466566034 -0.0003290601229903 0.0000171451547152 0.0000862438559348 0.9996944498322915 0.9997401768325146
0.3697238083545258 -0.0003400118426996 0.0000171433749435 0.0000905851752272 0.9996842815095397 0.9997315292392721
0.3757873584469381 -0.0003512539303212 0.0000171415479933 0.0000951149213673 0.9996738436526620 0.9997226523547447
0.3819105558636461 -0.0003627920606518 0.0000171396729431 0.0000998399486053 0.9996631309978403 0.9997135416969624
0.3880935812558571 -0.0003746320222687 0.0000171377488529 0.0001047673300458 0.9996521381758825 0.9997041926940554
0.3943366589737360 -0.0003867797644573 0.0000171357747567 0.0001099043833984 0.9996408596686657 0.9996946006471975
0.4006400072104409 -0.0003992413052266 0.0000171337496774 0.0001152586385839 0.9996292898945501 0.9996847608032349
0.4070037926242892 -0.0004120226391288 0.0000171316726418 0.0001208378015975 0.9996174232939764 0.9996746684274717
0.4134282010308608 -0.0004251298750200 0.0000171295426580 0.0001266498173398 0.9996052542015723 0.9996643186948890
0.4199134592450508 -0.0004385692852410 0.0000171273587077 0.0001327028979956 0.9995927768005073 0.9996537066513083
0.4264597563725804 -0.0004523471458859 0.0000171251197721 0.0001390054572948 0.9995799852708043 0.9996428273395151
0.4330672597772104 -0.0004664697656634 0.0000171228248270 0.0001455661263546 0.9995668737625557 0.9996316757764679
0.4397361611375417 -0.0004809435835654 0.0000171204728273 0.0001523938034632 0.9995534363052612 0.9996202468761730
0.4464666708152339 -0.0004957751609125 0.0000171180627077 0.0001594976571671 0.9995396668152280 0.9996085354559633
0.4532589615303579 -0.0005109710581019 0.0000171155934035 0.0001668870726329 0.9995255592100123 0.9995965363338173
0.4601132593463802 -0.0005265380370039 0.0000171130638171 0.0001745717545949 0.9995111072205326 0.9995842441685389
0.4670297095682708 -0.0005424827591747 0.0000171104728674 0.0001825615848388 0.9994963046712581 0.9995716536980539
0.4740085127760563 -0.0005588120931803 0.0000171078194396 0.0001908667783001 0.9994811451949116 0.9995587594967347
0.4810498564572784 -0.0005755329611367 0.0000171051024104 0.0001994978134794 0.9994656223749558 0.9995455560965730
0.4881539474618717 -0.0005926524157729 0.0000171023206351 0.0002084654776163 0.9994497296740693 0.9995320379263252
0.4953209435574955 -0.0006101774758455 0.0000170994729749 0.0002177807861008 0.9994334605869540 0.9995181994414708
0.5025510590923505 -0.0006281153819845 0.0000170965582548 0.0002274551226697 0.9994168084028441 0.9995040349221839
0.5098444634473034 -0.0006464733499582 0.0000170935753041 0.0002375001146758 0.9993997664345758 0.9994895386681604
0.5172013572268600 -0.0006652587590375 0.0000170905229253 0.0002479277400387 0.9993823278437443 0.9994747048498744
0.5246219029810817 -0.0006844789775285 0.0000170873999232 0.0002587502374632 0.9993644858026832 0.9994595276463412
0.5321062767262925 -0.0007041414926071 0.0000170842050830 0.0002699801833623 0.9993462333739582 0.9994440011425898
0.5396546976412403 -0.0007242539929992 0.0000170809371575 0.0002816305475999 0.9993275634336402 0.9994281192643700
0.5472673229734997 -0.0007448240916972 0.0000170775949116 0.0002937145404793 0.9993084689287236 0.9994118759971052
0.5549443404804676 -0.0007658595698689 0.0000170741770833 0.0003062457587580 0.9992889426507330 0.9993952651932848
0.5626859162163557 -0.0007873682371132 0.0000170706824059 0.0003192381104604 0.9992689773654665 0.9993782806828096
0.5704922645678048 -0.0008093581264535 0.0000170671095765 0.0003327059391942 0.9992485656320171 0.9993609161190087
0.5783635214876115 -0.0008318371397692 0.0000170634573136 0.0003466638148586 0.9992277001319223 0.9993431652586229
0.5862999170907479 -0.0008548135360671 0.0000170597242779 0.0003611268404689 0.9992063732159598 0.9993250215762308
0.5943015634549222 -0.0008782953236344 0.0000170559091708 0.0003761102800120 0.9991845774683897 0.9993064787442393
0.6023687329852722 -0.0009022910706706 0.0000170520106030 0.0003916300784622 0.9991623049545467 0.9992875299927479
0.6105015273107743 -0.0009268089331003 0.0000170480272522 0.0004077022477584 0.9991395481232496 0.9992681688772503
0.6187001579888810 -0.0009518574839906 0.0000170439577284 0.0004243434065343 0.9991162990369709 0.9992483886236624
0.6269647614662297 -0.0009774451596852 0.0000170398006640 0.0004415704263797 0.9990925498859516 0.9992281825656898
0.6352955404973113 -0.0010035806915038 0.0000170355546438 0.0004594007254048 0.9990682925875441 0.9992075438039191
0.6436926524900425 -0.0010302727627032 0.0000170312182602 0.0004778520460893 0.9990435191046360 0.9991864654767023
0.6521563226739663 -0.0010575303664062 0.0000170267900556 0.0004969427087391 0.9990182211134772 0.9991649404775008
0.6606867189320513 -0.0010853624093771 0.0000170222685865 0.0005166913460836 0.9989923903714583 0.9991429617677704
0.6692839772960448 -0.0011137777852894 0.0000170176524118 0.0005371169557499 0.9989660186491338 0.9991205223190991
0.6779482394599743 -0.0011427854947778 0.0000170129400730 0.0005582389910248 0.9989390976188324 0.9990976150183973
0.6866797503352842 -0.0011723949799869 0.0000170081300403 0.0005800776175911 0.9989116185442186 0.9990742324036977
0.6954786615102655 -0.0012026154681753 0.0000170032208186 0.0006026532444838 0.9988835728895061 0.9990503671825015
0.7043450915495915 -0.0012334561630218 0.0000169982109172 0.0006259866631645 0.9988549521419384 0.9990260120807006
0.7132793060486212 -0.0012649268759801 0.0000169930987464 0.0006500995367109 0.9988257472259217 0.9990011593439848
0.7222814012169912 -0.0012970369237126 0.0000169878827976 0.0006750135720601 0.9987959495262640 0.9989758016085385
0.7313515609848931 -0.0013297960252145 0.0000169825614965 0.0007007512089029 0.9987655500556687 0.9989499311925683
0.7404899768235834 -0.0013632140269117 0.0000169771332487 0.0007273354230526 0.9987345397098947 0.9989235403133863
0.7496968261644549 -0.0013973008245356 0.0000169715964517 0.0007547896732854 0.9987029093402966 0.9988966211490994
0.7589722537413306 -0.0014320662901072 0.0000169659495072 0.0007831378477914 0.9986706498216146 0.9988691658962648
0.7683164008955176 -0.0014675203767618 0.0000169601908039 0.0008124043539308 0.9986377519547429 0.9988411666871017
0.7777294598266102 -0.0015036733279975 0.0000169543186836 0.0008426143021294 0.9986042062726166 0.9988126154242304
0.7872116467384908 -0.0015405355849959 0.0000169483314563 0.0008737934457859 0.9985700031262682 0.9987835038538551
0.7967630588874709 -0.0015781172270214 0.0000169422274906 0.0009059677135959 0.9985351332041025 0.9987538240076933
0.8063838674982955 -0.0016164287165525 0.0000169360050937 0.0009391638444472 0.9984995868405572 0.9987235676145112
0.8160742597288718 -0.0016554806820055 0.0000169296625455 0.0009734092197367 0.9984633542177672 0.9986927262717026
0.8258343989613020 -0.0016952837591866 0.0000169231981255 0.0010087317347653 0.9984264255127198 0.9986612915704937
0.8356644512693692 -0.0017358486959233 0.0000169166100948 0.0010451598979250 0.9983887908002256 0.9986292550133015
0.8455645438851410 -0.0017771861787565 0.0000169098967251 0.0010827226825440 0.9983504402137573 0.9985966081505973
0.8555348714058283 -0.0018193072751413 0.0000169030562261 0.0011214499368531 0.9983113635352523 0.9985633422316634
0.8655755952328794 -0.0018622230182175 0.0000168960868138 0.0011613720203938 0.9982715505804032 0.9985294485325152
0.8756868750816545 -0.0019059445361166 0.0000168889866887 0.0012025199290569 0.9982309910787475 0.9984949182537705
0.8858688418610303 -0.0019504829326822 0.0000168817540558 0.0012449251905506 0.9981896747843746 0.9984597426148442
0.8961217162219764 -0.0019958498081768 0.0000168743870396 0.0012886203719653 0.9981475909929536 0.9984239124426932
0.9064456183867823 -0.0020420564265480 0.0000168668838197 0.0013336382959916 0.9981047293142833 0.9983874188294849
0.9168407176378599 -0.0020891143708402 0.0000168592425241 0.0013800126764135 0.9980610790643614 0.9983502526149529
0.9273071681547279 -0.0021370352607717 0.0000168514612753 0.0014277778575991 0.9980166295274356 0.9983124046094405
0.9378451153803106 -0.0021858307789266 0.0000168435381856 0.0014769688479012 0.9979713699317704 0.9982738655732049
0.9484547473346140 -0.0022355129105236 0.0000168354713190 0.0015276215738504 0.9979252892273230 0.9982346260270338
0.9591361955016926 -0.0022860934830998 0.0000168272587651 0.0015797724251535 0.9978783765127709 0.9981946766157965
0.9698896381201852 -0.0023375846493633 0.0000168188985612 0.0016334587567606 0.9978306205877280 0.9981540077270696
0.9807152587840995 -0.0023899986984952 0.0000168103887229 0.0016887187126926 0.9977820101278514 0.9981126096401597
0.9916131240054277 -0.0024433474554268 0.0000168017273414 0.0017455905952280 0.9977325342420235 0.9980704730005625
1.0025834617423650 -0.0024976436357197 0.0000167929123640 0.0018041143109163 0.9976821812158858 0.9980275877498267
1.0136264020273695 -0.0025528995848064 0.0000167839417980 0.0018643300470705 0.9976309396811722 0.9979839441213267
1.0247420572505026 -0.0026091276600991 0.0000167748136498 0.0019262786782369 0.9975787982613904 0.9979395323384549
1.0359306711112153 -0.0026663409922292 0.0000167655258003 0.0019900026245010 0.9975257448660100 0.9978943420133389
1.0471923562423120 -0.0027245521583135 0.0000167560762208 0.0020555444017850 0.9974717679208548 0.9978483631947513
1.0585272289928156 -0.0027837738539871 0.0000167464628638 0.0021229473626006 0.9974168557449704 0.9978015858372965
1.0699354898369642 -0.0028440193216037 0.0000167366835936 0.0021922562038345 0.9973609961536923 0.9977539994631713
1.0814172567476392 -0.0029053014802780 0.0000167267363276 0.0022635159889786 0.9973041772653884 0.9977055938493051
1.0929727227643233 -0.0029676337573764 0.0000167166189008 0.0023367731160446 0.9972463867305896 0.9976563583705723
1.1046020031606130 -0.0030310292727931 0.0000167063291990 0.0024120743808878 0.9971876124883970 0.9976062826441047
1.1163052210187647 -0.0030955012909373 0.0000166958650849 0.0024894675089709 0.9971278423474933 0.9975553561722651
1.1280825796394423 -0.0031610636284536 0.0000166852243321 0.0025690016672816 0.9970670636082797 0.9975035680205696
1.1399342084834949 -0.0032277298068566 0.0000166744047628 0.0026507264611266 0.9970052638485499 0.9974509074870082
1.1518602531086712 -0.0032955135452081 0.0000166634041676 0.0027346925345940 0.9969424304668340 0.9973973637128658
1.1638608535696129 -0.0033644286405011 0.0000166522203250 0.0028209514386285 0.9968785507933925 0.9973429257771944
1.1759361560134431 -0.0034344890340031 0.0000166408509907 0.0029095557263412 0.9968136120288278 0.9972875826443928
1.1880863157120181 -0.0035057088312792 0.0000166292938946 0.0030005589941246 0.9967476012256389 0.9972313231483735
1.2003114574092884 -0.0035781020692911 0.0000166175467780 0.0030940155963188 0.9966805055041986 0.9971741361765274
1.2126117672686276 -0.0036516832603553 0.0000166056073059 0.0031899813598161 0.9966123115487121 0.9971160102400104
1.2249873885424996 -0.0037264667775011 0.0000165934731666 0.0032885128079642 0.9965430061770089 0.9970569339592626
1.2374384321389011 -0.0038024669066317 0.0000165811420632 0.0033896672273578 0.9964725762922778 0.9969968960227968
1.2499650344932980 -0.0038796981954747 0.0000165686116569 0.0034935031397044 0.9964010085597944 0.9969358849115258
1.2625673769094969 -0.0039581755827511 0.0000165558795464 0.0036000805021088 0.9963282892873874 0.9968738887967001
1.2752455794068682 -0.0040379137415234 0.0000165429433741 0.0037094598349632 0.9962544050340538 0.9968108960586360
1.2879997536401147 -0.0041189273982392 0.0000165298007744 0.0038217026544837 0.9961793423144087 0.9967468950346681
1.3008301201285091 -0.0042012320860367 0.0000165164492518 0.0039368725421175 0.9961030869008846 0.9966818734240145
1.3137367269986429 -0.0042848423485493 0.0000165028864721 0.0040550326562842 0.9960256254880753 0.9966158197067697
1.3267197799913719 -0.0043697738548443 0.0000164891099192 0.0041762487032634 0.9959469437333737 0.9965487214730653
1.3397794385286670 -0.0044560420962948 0.0000164751171067 0.0043005871354529 0.9958670274644837 0.9964805664525367
1.3529157605033788 -0.0045436620021350 0.0000164609056404 0.0044281145835669 0.9957858630356154 0.9964113428180494
1.3661289584195342 -0.0046326496402375 0.0000164464729421 0.0045589003351680 0.9957034357521214 0.9963410378420015
1.3794191293541314 -0.0047230204225272 0.0000164318165411 0.0046930137467894 0.9956197315330453 0.9962696393141049
1.3927864167154960 -0.0048147901834841 0.0000164169338987 0.0048305258277266 0.9955347359122302 0.9961971346893064
1.4062309295235500 -0.0049079746334210 0.0000164018224978 0.0049715084463817 0.9954484345448724 0.9961235115197143
1.4197528497511542 -0.0050025901020192 0.0000163864797213 0.0051160354694604 0.9953608125190647 0.9960487568671320
1.4333523196625781 -0.0050986527632580 0.0000163709029788 0.0052641816134650 0.9952718550738091 0.9959728579154045
1.4470294433832220 -0.0051961786337718 0.0000163550897061 0.0054160224380502 0.9951815476006377 0.9958958019717132
1.4607843362193806 -0.0052951839169304 0.0000163390373099 0.0055716348849633 0.9950898753251278 0.9958175761947093
1.4746171484072825 -0.0053956851801155 0.0000163227431390 0.0057310975817294 0.9949968231429585 0.9957381674544225
1.4885280522159134 -0.0054976992717774 0.0000163062044975 0.0058944907427957 0.9949023756969456 0.9956575623977713
1.5025171422986139 -0.0056012425882960 0.0000162894187642 0.0060618950074635 0.9948065180559674 0.9955757480278309
1.5165845549716443 -0.0057063319427916 0.0000162723832512 0.0062333928376658 0.9947092349107456 0.9954927110173453
1.5307304444396099 -0.0058129843995647 0.0000162550952311 0.0064090682831790 0.9946105107273645 0.9954084378395187
1.5449548705129730 -0.0059212164223035 0.0000162375520753 0.0065890055859170 0.9945103305359019 0.9953229154410651
1.5592580424667315 -0.0060310457223981 0.0000162197509539 0.0067732922569335 0.9944086782197686 0.9952361297817076
1.5736400527673826 -0.0061424892387827 0.0000162016891636 0.0069620157440016 0.9943055383858137 0.9951480674304394
1.5881010211074464 -0.0062555642284800 0.0000161833639507 0.0071552652518282 0.9942008953550771 0.9950587147037937
1.6026410842608749 -0.0063702881959286 0.0000161647725229 0.0073531316522332 0.9940947332284540 0.9949680577216670
1.6172603866035997 -0.0064866788234281 0.0000161459120603 0.0075557073899569 0.9939870359513040 0.9948760824622632
1.6319590432643079 -0.0066047528666221 0.0000161267797723 0.0077630859854448 0.9938777875850932 0.9947827749938435
1.6466956448398393 -0.0067241904892775 0.0000161074276076 0.0079747606347481 0.9937672848443136 0.9946883884407340
1.6615532986800048 -0.0068456823213392 0.0000160877437483 0.0081920197665669 0.9936548893044436 0.9945923771533464
1.6764905657824019 -0.0069689109520094 0.0000160677796756 0.0084143697847497 0.9935408949831763 0.9944949919119314
1.6915076854443469 -0.0070938954098881 0.0000160475323585 0.0086419120599621 0.9934252846268152 0.9943962176233935
1.7066047576114911 -0.0072206536964650 0.0000160269989337 0.0088747474774939 0.9933080419421648 0.9942960400050896
1.7217819974002484 -0.0073492049003575 0.0000160061763635 0.0091129802976142 0.9931891496410821 0.9941944439139548
1.7370394042313380 -0.0074795664008919 0.0000159850618885 0.0093567130020930 0.9930685920270749 0.9940914155565386
1.7523771803457251 -0.0076117574106825 0.0000159636524543 0.0096060528730085 0.9929463517191335 0.9939869396892396
1.7677954223489798 -0.0077457963582726 0.0000159419451350 0.0098611071510222 0.9928224120726467 0.9938810016868432
1.7832942703458734 -0.0078817021620537 0.0000159199369268 0.0101219854349037 0.9926967560015488 0.9937735865356990
1.7988737858398272 -0.0080194931622332 0.0000158976249218 0.0103887976542166 0.9925693669660872 0.9936646796778427
1.8145341285109560 -0.0081591886747257 0.0000158750060556 0.0106616570775238 0.9924402275364244 0.9935542657828420
1.8302754154265466 -0.0083008077565660 0.0000158520773074 0.0109406779608775 0.9923093205343899 0.9934423297235633
1.8460977754546981 -0.0084443696855657 0.0000158288356228 0.0112259764921592 0.9921766285903024 0.9933288561970569
1.8620013185824376 -0.0085898936830030 0.0000158052779584 0.0115176702607462 0.9920421343995803 0.9932138299437400
1.8779861412018655 -0.0087373989553891 0.0000157814012750 0.0118158783464998 0.9919058206843711 0.9930972357143873
1.8940523692169156 -0.0088869050920177 0.0000157572024736 0.0121207221415298 0.9917676698264586 0.9929790579558883
1.9102001053403188 -0.0090384315798860 0.0000157326784737 0.0124323243908013 0.9916276643158513 0.9928592811946672
1.9264294876333805 -0.0091919983508750 0.0000157078261248 0.0127508103320120 0.9914857862454947 0.9927378896041562
1.9427406074298228 -0.0093476250093689 0.0000156826423318 0.0130763061217012 0.9913420180252180 0.9926148676153379
1.9591335939224466 -0.0095053316309319 0.0000156571239252 0.0134089405073419 0.9911963416441539 0.9924901992854093
1.9756085619766957 -0.0096651382690612 0.0000156312677415 0.0137488438249630 0.9910487391267730 0.9923638686876817
1.9921656190110135 -0.0098270650170863 0.0000156050706130 0.0140961481400287 0.9908991924759979 0.9922358598626583
2.0088048435281851 -0.0099911317926369 0.0000155785294027 0.0144509867924292 0.9907476838725341 0.9921061569884311
2.0255263757380222 -0.0101573592304736 0.0000155516408599 0.0148134963452347 0.9905941948507160 0.9919747436748586
2.0423303058191040 -0.0103257675830489 0.0000155244017982 0.0151838142315736 0.9904387073141666 0.9918416038327281
2.0592167387128844 -0.0104963773574725 0.0000154968089926 0.0155620801476806 0.9902812029479248 0.9917067211702120
2.0761858224983367 -0.0106692096116285 0.0000154688591313 0.0159484367504442 0.9901216629455446 0.9915700789587504
2.0932376542067908 -0.0108442850009846 0.0000154405489705 0.0163430275607792 0.9899600688894236 0.9914316607866476
2.1103723152560012 -0.0110216241257952 0.0000154118752776 0.0167459977286884 0.9897964024305205 0.9912914502846049
2.1275899282237076 -0.0112012481191884 0.0000153828347368 0.0171574953905972 0.9896306447459998 0.9911494306607699
2.1448905954576434 -0.0113831780160572 0.0000153534240508 0.0175776702654074 0.9894627771221247 0.9910055851997180
2.1622744173729198 -0.0115674349392934 0.0000153236399108 0.0180066740907437 0.9892927807827446 0.9908598971152301
2.1797414618330611 -0.0117540397704974 0.0000152934790501 0.0184446598652679 0.9891206371934443 0.9907123498106803
2.1972918611788828 -0.0119430141849982 0.0000152629380764 0.0188917842945500 0.9889463271071275 0.9905629260606738
2.2149257109676284 -0.0121343795757891 0.0000152320136460 0.0193482052997670 0.9887698315571848 0.9904116088618925
2.2326431389459689 -0.0123281577951798 0.0000152007023443 0.0198140837912838 0.9885911311738161 0.9902583808466882
2.2478985969261340 -0.0124962178091199 0.0000151735491517 0.0202211256130714 0.9884361646009925 0.9901254868469728
2.2631540549062992 -0.0126653933476985 0.0000151462176919 0.0206336650174757 0.9882801828977579 0.9899917066133131
2.2806960461787567 -0.0128613061416464 0.0000151145695053 0.0211148785236891 0.9880995684789089 0.9898367800525411
2.2987236212036728 -0.0130641805052089 0.0000150818000286 0.0216170920668738 0.9879125583559724 0.9896763451501797
2.3168341186583770 -0.0132695574206728 0.0000150486297471 0.0221295122723871 0.9877232644684778 0.9895139279382115
2.3350287452748324 -0.0134774714495739 0.0000150150532109 0.0226523425012681 0.9875316558507434 0.9893495009891553
2.3533075685970886 -0.0136879444779875 0.0000149810670212 0.0231857568489301 0.9873377132452336 0.9891830468983205
2.3716706741482780 -0.0139009986963138 0.0000149466677335 0.0237299321901391 0.9871414171376321 0.9890145480193989
2.3901181503979858 -0.0141166564305455 0.0000149118518850 0.0242850477836511 0.9869427479128863 0.9888439865979389
2.4086501344314417 -0.0143349406833180 0.0000148766159074 0.0248512867052467 0.9867416853573990 0.9886713443434618
2.4272666878879878 -0.0145558736775049 0.0000148409563621 0.0254288321045717 0.9865382100011293 0.9884966035813746
2.4459679289446847 -0.0147794784064758 0.0000148048696899 0.0260178712369871 0.9863323016901048 0.9883197460269193
2.4647539165725632 -0.0150057772596797 0.0000147683524331 0.0266185918898310 0.9861239408527546 0.9881407538722823
2.4836247139934451 -0.0152347927688570 0.0000147314011148 0.0272311843355578 0.9859131078130875 0.9879596091964681
2.5025804686939859 -0.0154665485915142 0.0000146940120809 0.0278558440176541 0.9856997818860626 0.9877762931874290
2.5216212497093689 -0.0157010675373229 0.0000146561818179 0.0284927662967137 0.9854839431950863 0.9875907877031844
2.5407470872651565 -0.0159383720260453 0.0000146179068797 0.0291421476322023 0.9852655722506062 0.9874030749097303
2.5599581457077787 -0.0161784862388153 0.0000145791835402 0.0298041915065311 0.9850446479711534 0.9872131355793861
2.5792544799457149 -0.0164214331015639 0.0000145400082805 0.0304791002075230 0.9848211504599317 0.9870209514770255
2.5986361456979687 -0.0166672356379242 0.0000145003775701 0.0311670785096543 0.9845950597601819 0.9868265042900097
2.6181032605813783 -0.0169159177524235 0.0000144602877412 0.0318683359117499 0.9843663551355674 0.9866297750086854
2.6376558716344038 -0.0171675025481042 0.0000144197352600 0.0325830819433989 0.9841350166182161 0.9864307452573525
2.6572940733621579 -0.0174220138288704 0.0000143787164844 0.0333115304072412 0.9839010236275952 0.9862293961058758
2.6770179745826783 -0.0176794756869501 0.0000143372277307 0.0340538982704115 0.9836643553507757 0.9860257083961017
2.6968276415471921 -0.0179399117589039 0.0000142952653936 0.0348104035375793 0.9834249914269737 0.9858196633305554
2.7167231493691877 -0.0182033458651965 0.0000142528258399 0.0355812671610894 0.9831829113384509 0.9856112419479055
2.7365569790450315 -0.0184678209710799 0.0000142102236203 0.0363608694582659 0.9829399090727041 0.9854019879099312
2.7566241436229255 -0.0187372995803600 0.0000141668215128 0.0371610286685938 0.9826923505246470 0.9851887704707983
2.7767769727005032 -0.0190098425537183 0.0000141229321220 0.0379762074269565 0.9824420190296819 0.9849731237712612
2.7970159210392276 -0.0192854791711019 0.0000140785509588 0.0388066523450403 0.9821888892109849 0.9847550245460305
2.8173410803021310 -0.0195642339512421 0.0000140336743067 0.0396525984201775 0.9819329401032880 0.9845344532976995
2.8377525016790073 -0.0198461309492362 0.0000139882985296 0.0405142817102998 0.9816741512048440 0.9843113908966131
2.8582502923854309 -0.0201311950834098 0.0000139424198580 0.0413919433939124 0.9814125012599539 0.9840858175310793
2.8788344713348115 -0.0204194501339003 0.0000138960347118 0.0422858236483740 0.9811479700968928 0.9838577142912267
2.8995051681758599 -0.0207109215157588 0.0000138491392535 0.0431961702266378 0.9808805360834842 0.9836270609747582
2.9202624016426846 -0.0210056331745957 0.0000138017298884 0.0441232288510809 0.9806101789767393 0.9833938385436504
2.9411062542178277 -0.0213036100376298 0.0000137538028699 0.0450672508528840 0.9803368776744606 0.9831580271847203
2.9620367760483917 -0.0216048766567170 0.0000137053545184 0.0460284889485680 0.9800606114610656 0.9829196073836172
2.9830540675350123 -0.0219094583930381 0.0000136563810303 0.0470072010289907 0.9797813589219423 0.9826785589874462
3.0041581455494626 -0.0222173794829098 0.0000136068787898 0.0480036439814026 0.9794990997177526 0.9824348627356625
3.0253491085110116 -0.0225286654291845 0.0000135568439841 0.0490180813930040 0.9792138123927422 0.9821884983676793
3.0466270044000678 -0.0228433410827578 0.0000135062729118 0.0500507773888313 0.9789254761344093 0.9819394461413770
3.0679919142980139 -0.0231614318650635 0.0000134551617872 0.0511020006223699 0.9786340696538838 0.9816876858657755
3.0894438519193530 -0.0234829622733024 0.0000134035069800 0.0521720193608048 0.9783395725562293 0.9814331980843013
3.1080113810117758 -0.0237629883187669 0.0000133585266575 0.0531099770949806 0.9780831355705467 0.9812115526936517
3.1265789101041985 -0.0240446181504688 0.0000133132952092 0.0540589593974744 0.9778252737428971 0.9809886316098017
3.1482752327338082 -0.0243757391734335 0.0000132601240788 0.0551819016130332 0.9775221573053076 0.9807265313266668
3.1700516900452804 -0.0247102856740541 0.0000132064126805 0.0563243065216611 0.9772159708716680 0.9804617142371019
3.1919154785967958 -0.0250483917582676 0.0000131521398154 0.0574868256725118 0.9769065939242050 0.9801940741337075
3.2138666220816927 -0.0253900824877491 0.0000130973018045 0.0586697448175364 0.9765940058296391 0.9799235911267596
3.2359052081903954 -0.0257353839927339 0.0000130418948054 0.0598733561875938 0.9762781850303885 0.9796502444849891
3.2580312787496073 -0.0260843217661082 0.0000129859150859 0.0610979526231523 0.9759591106063301 0.9793740139862311
3.2802448087555649 -0.0264369203055969 0.0000129293590820 0.0623438262406877 0.9756367626021629 0.9790948802010128
3.3025459139261071 -0.0267932064053978 0.0000128722228697 0.0636112800728594 0.9753111190191168 0.9788128218870210
3.3249346725830407 -0.0271532063550522 0.0000128145026147 0.0649006182892491 0.9749821583776932 0.9785278182068369
3.3474110546190579 -0.0275169447665638 0.0000127561947605 0.0662121419035879 0.9746498607895041 0.9782398496568430
3.3699751763806285 -0.0278844486821593 0.0000126972953698 0.0675461635416482 0.9743142042051022 0.9779488948154879
3.3926270512639150 -0.0282557435489627 0.0000126378007703 0.0689029929883229 0.9739751680928497 0.9776549335303933
3.4153666861791576 -0.0286308547611642 0.0000125777073074 0.0702829426958241 0.9736327320305216 0.9773579456977989
3.4326668994833018 -0.0289178250755767 0.0000125317417319 0.0713448564814571 0.9733708103798484 0.9771307330003580
3.4484879293540902 -0.0291814623210389 0.0000124895198272 0.0723251388596625 0.9731302274493661 0.9769219904897601
3.4714586629936988 -0.0295662877415997 0.0000124279007634 0.0737640795173533 0.9727791297327754 0.9766172893236228
3.4945015324700215 -0.0299547558473263 0.0000123657120736 0.0752262687773954 0.9724248000830270 0.9763096988148829
3.5176324085001736 -0.0303471572413209 0.0000123029076745 0.0767130206797404 0.9720669763592689 0.9759989888969176
3.5408512523194191 -0.0307435168658188 0.0000122394840359 0.0782246620612757 0.9717056388953816 0.9756851398576843
3.5641581055881701 -0.0311438610775634 0.0000121754374111 0.0797615280840629 0.9713407668037936 0.9753681308740290
3.5875530315408684 -0.0315482166697964 0.0000121107639947 0.0813239586306977 0.9709723388693717 0.9750479407864560
3.6110360915788466 -0.0319566104750482 0.0000120454599856 0.0829122968193296 0.9706003339129387 0.9747245484140650
3.6346072497757551 -0.0323690676876379 0.0000119795218556 0.0845268824306728 0.9702247323199472 0.9743979338833655
3.6582666024036921 -0.0327856158642428 0.0000119129457101 0.0861680675222820 0.9698455123980665 0.9740680754607975
3.6820141406572611 -0.0332062807787634 0.0000118457279508 0.0878362002482014 0.9694626541535476 0.9737349528356051
3.6962865596465857 -0.0334603378453559 0.0000118051403266 0.0888488482632328 0.9692314835300360 0.9735337642488652
3.7105589786359103 -0.0337153148880560 0.0000117644108362 0.0898691030075680 0.9689995104953234 0.9733318406321678
3.7236332832882479 -0.0339496976828148 0.0000117269760306 0.0908104089343799 0.9687863073717170 0.9731462230674436
3.7476464312916793 -0.0343822029222715 0.0000116579112609 0.0925560249678666 0.9683929749736200 0.9728037008908588
3.7717244101447345 -0.0348185025254507 0.0000115882583258 0.0943282363131032 0.9679963105790589 0.9724581698640862
3.7958907292866360 -0.0352590448067855 0.0000115179461995 0.0961291058230425 0.9675959102290684 0.9721092750969360
3.8201454132582024 -0.0357038564192931 0.0000114469712107 0.0979590030953581 0.9671917535751476 0.9717569956454791
3.8444883730931263 -0.0361529619657170 0.0000113753300280 0.0998182923708142 0.9667838222150003 0.9714013122039282
3.8689197271722766 -0.0366063899080039 0.0000113030187171 0.1017073569697673 0.9663720943258550 0.9710422024250154
3.8934394576469646 -0.0370641662477425 0.0000112300337495 0.1036265732286914 0.9659565504070785 0.9706796459255271
3.9180475847868372 -0.0375263177344882 0.0000111563714908 0.1055763237622352 0.9655371703671526 0.9703136217459764
3.9427441028304564 -0.0379928706709871 0.0000110820283915 0.1075569924812503 0.9651139346099231 0.9699441092974678
3.9607462103769930 -0.0383346769991722 0.0000110275751079 0.1090159382524770 0.9648039442334794 0.9696733889196223
3.9769534599184904 -0.0386436459521753 0.0000109783621857 0.1103404128541562 0.9645237953193740 0.9694286724613165
4.0018784982444364 -0.0391211089821580 0.0000109023293675 0.1123977226230848 0.9640909896097661 0.9690504999723826
4.0268739231916530 -0.0396027185638009 0.0000108256584790 0.1144857975726518 0.9636545737601661 0.9686690415600913
4.0519578200669573 -0.0400888467100838 0.0000107482909714 0.1166065207419415 0.9632142151449449 0.9682840028877074
4.0771302621451850 -0.0405795214709322 0.0000106702230927 0.1187603010690357 0.9627698930831586 0.9678953620723597
4.1023910924357487 -0.0410747664365460 0.0000105914518156 0.1209475311206308 0.9623215910317860 0.9675031007843755
4.1277403811501490 -0.0415746096532975 0.0000105119734192 0.1231686262327699 0.9618692885137322 0.9671071971861481
4.1531781760373745 -0.0420790787863734 0.0000104317842594 0.1254240034282244 0.9614129655016260 0.9667076297643390
4.1676011420439831 -0.0423663882352435 0.0000103861254242 0.1267146362162587 0.9611531511118265 0.9664800650375813
4.1799755475021607 -0.0426136214836739 0.0000103468410022 0.1278288178045308 0.9609296152571196 0.9662842379737359
4.1923499529603383 -0.0428615324261815 0.0000103074544201 0.1289493547796469 0.9607055037826238 0.9660878715452164
4.2180393026499772 -0.0433783703514617 0.0000102253618130 0.1312959578980461 0.9602384121629306 0.9656784929099937
4.2437897011087591 -0.0438993773996912 0.0000101426336903 0.1336758359582903 0.9597677307764105 0.9652658133172664
4.2696286483358010 -0.0444251321499244 0.0000100591789614 0.1360919148241807 0.9592929420929168 0.9648493749829368
4.2955560444002909 -0.0449556594647589 0.0000099749945170 0.1385446170077823 0.9588140292071411 0.9644291587396591
4.3215718984802161 -0.0454909864439076 0.0000098900769098 0.1410343785354211 0.9583309733076166 0.9640051436757232
4.3476761155392687 -0.0460311380601881 0.0000098044230478 0.1435616287825296 0.9578437576180949 0.9635773105925702
4.3646848211767777 -0.0463847028862970 0.0000097483728086 0.1452240240521783 0.9575249485346375 0.9632972677514968
4.3733015802741431 -0.0465643088847003 0.0000097199048787 0.1460709561756910 0.9573630300230775 0.9631550105506844
4.3819183393715084 -0.0467442348083495 0.0000096913884106 0.1469210884048225 0.9572008381069559 0.9630124945620900
4.4082637108160450 -0.0472963793130518 0.0000096038993521 0.1495402351542729 0.9567032501372463 0.9625751541324891
4.4346603865795089 -0.0478526625118842 0.0000095157856311 0.1521946824639359 0.9562021398084309 0.9621345405453446
4.4611454909343946 -0.0484138873535120 0.0000094269209389 0.1548885534384072 0.9556967896045537 0.9616900185040781
4.4877189785182514 -0.0489800799503306 0.0000093373020998 0.1576223003515673 0.9551871823576744 0.9612415680622317
4.5143807725883258 -0.0495512657493334 0.0000092469260629 0.1603963754713946 0.9546733016263649 0.9607891698349205
4.5411308884556894 -0.0501274721795615 0.0000091557894836 0.1632112439363490 0.9541551293161743 0.9603328029030398
4.5508668356613660 -0.0503379647870700 0.0000091225050973 0.1642436281075538 0.9539658936086789 0.9601660906565630
4.5606027828670426 -0.0505488678200359 0.0000090891598035 0.1652802331923897 0.9537763157787142 0.9599990513628280
4.5698021621888278 -0.0507485233645888 0.0000090575963414 0.1662635938651905 0.9535968719520793 0.9598409176006510
4.5967659645532741 -0.0513358515053969 0.0000089647696841 0.1691676756801311 0.9530691592016904 0.9593757405356536
4.6237869169380641 -0.0519276056905737 0.0000088712795303 0.1721106564153077 0.9525377094639770 0.9589070677595137
4.6508960866853890 -0.0525244879763418 0.0000087770159731 0.1750963408222491 0.9520018988979132 0.9584343441714414
4.6780934044140414 -0.0531265240225428 0.0000086819760516 0.1781252020637800 0.9514617116789529 0.9579575504383065
4.7053788483890822 -0.0537337405484258 0.0000085861566593 0.1811977218589585 0.9509171311749539 0.9574766664304372
4.7203598735319181 -0.0540685059045797 0.0000085333468595 0.1828991562340463 0.9506170075998934 0.9572115552627357
4.7315942009510614 -0.0543201785880378 0.0000084936516888 0.1841818203108144 0.9503914227663322 0.9570122443761000
4.7417347570130950 -0.0545478152832087 0.0000084577529136 0.1853445840208343 0.9501874179110973 0.9568319684058529
4.7692586204025940 -0.0551679195478366 0.0000083599888457 0.1885244801935427 0.9496318728753108 0.9563408892846454
4.7968369834980527 -0.0557925385456934 0.0000082615540125 0.1917458068552574 0.9490725557673639 0.9558462501931706
4.8245033058461066 -0.0564224513656916 0.0000081623267632 0.1950129070959301 0.9485087763840354 0.9553474353539756
4.8522574759102834 -0.0570576827242982 0.0000080623044274 0.1983262696621098 0.9479405206729944 0.9548444264577737
4.8648199992948991 -0.0573463025351974 0.0000080168731117 0.1998378763642285 0.9476824259505656 0.9546158884959072
4.8773825226795147 -0.0576356018579271 0.0000079713437469 0.2013568959757811 0.9474237827895465 0.9543868162604037
4.8891527358556495 -0.0579072598692880 0.0000079285971865 0.2027868517366451 0.9471809551997031 0.9541717070401842
4.9171417136902242 -0.0585556415353579 0.0000078266034856 0.2062134758271688 0.9466015969569652 0.9536583078983730
4.9451874809002687 -0.0592087139618878 0.0000077239175717 0.2096842725101487 0.9460183505586617 0.9531412156593538
4.9733208757188967 -0.0598672169501316 0.0000076204243678 0.2132035128184412 0.9454305635082723 0.9526198460025523
5.0015417374307383 -0.0605311740074917 0.0000075161215232 0.2167716957484602 0.9448382236788772 0.9520941818482180
5.0172981539003985 -0.0609033606164480 0.0000074576746537 0.2187805213023511 0.9445063217366334 0.9517995272708416
5.0330545703700587 -0.0612765937289045 0.0000073990764313 0.2208012925339469 0.9441735737622071 0.9515040403413723
5.0484019871075718 -0.0616411567364446 0.0000073418538838 0.2227811214833053 0.9438486514400343 0.9512154241412459
5.0768793523306162 -0.0623202720373016 0.0000072352973049 0.2264849132209274 0.9432436365782237 0.9506778051055699
5.1054190219020823 -0.0630043416277351 0.0000071280145040 0.2302363153596207 0.9426345471692757 0.9501362925981461
5.1340457214297919 -0.0636939808601552 0.0000070199103663 0.2340390598003330 0.9420208444624557 0.9495904012659124
5.1432882426454656 -0.0639173846252907 0.0000069849020568 0.2352753903966232 0.9418221144838161 0.9494135702907279
5.1495978245331369 -0.0640701037315866 0.0000069609734753 0.2361218007079322 0.9416862832757329 0.9492926901340590
5.1558485993930399 -0.0642215598528756 0.0000069372444107 0.2369622492469199 0.9415515866145893 0.9491728061404712
5.1846722415966457 -0.0649221019360204 0.0000068275215423 0.2408625988185187 0.9409287826284426 0.9486183172195302
5.2135383597298164 -0.0656272077494475 0.0000067171389516 0.2448097805841097 0.9403022864157523 0.9480602502650232
5.2424909744752410 -0.0663379716196211 0.0000066059267527 0.2488102638689522 0.9396711350399315 0.9474977411152374
5.2576227271475293 -0.0667108554021505 0.0000065476047855 0.2509176557976585 0.9393401677707506 0.9472026501684447
5.2692451921343118 -0.0669979189205611 0.0000065027164184 0.2525440625595717 0.9390854440076077 0.9469754823545382
5.2808676571210942 -0.0672855419001719 0.0000064577482398 0.2541772165225785 0.9388302753832166 0.9467478691938074
5.2931105553549642 -0.0675891343208676 0.0000064102932393 0.2559048612894160 0.9385610049702809 0.9465076242753732
5.3223314664741856 -0.0683162934189023 0.0000062966721310 0.2600587284055240 0.9379163332074475 0.9459322230752764
5.3516059365176032 -0.0690483934154400 0.0000061823394171 0.2642632983811390 0.9372676812105444 0.9453529546998665
5.3809659687661888 -0.0697862556585081 0.0000060671684101 0.2685236527586896 0.9366143316480053 0.9447691715685989
5.3961729971430188 -0.0701698413595093 0.0000060073179289 0.2707474852302387 0.9362748301433270 0.9444656921499379
5.4100554281046795 -0.0705208613435884 0.0000059525631159 0.2727878778408959 0.9359642476053569 0.9441879872066230
5.4396140454801607 -0.0712709505593579 0.0000058356056600 0.2771650314283576 0.9353008813654734 0.9435945996088568
5.4692279416537755 -0.0720261147579981 0.0000057179221604 0.2815951824325778 0.9346334588265833 0.9429972477795704
5.4849182269760171 -0.0724277102535868 0.0000056553649729 0.2839606416714042 0.9342787013593452 0.9426795978931082
5.4968912291010268 -0.0727348433869981 0.0000056075333952 0.2857742054568128 0.9340074629286893 0.9424366665712474
5.5077645003091256 -0.0730142831575253 0.0000055640238367 0.2874275930092894 0.9337607421659639 0.9422156456809312
5.5376086558140898 -0.0737838066241849 0.0000054442536458 0.2919970757008992 0.9330816299698120 0.9416070347774362
5.5674992063347686 -0.0745582513278947 0.0000053237870275 0.2966199217813238 0.9323986345091074 0.9409945895300307
5.5840116903580341 -0.0749876758019140 0.0000052570192502 0.2991936458755823 0.9320201174998008 0.9406550182797544
5.6005241743812997 -0.0754182181017143 0.0000051900968270 0.3017815841597211 0.9316407429438699 0.9403145678873021
5.6225984446858304 -0.0759955483641584 0.0000051003921057 0.3052634544984767 0.9311322505810083 0.9398580745836439
5.6527380941200134 -0.0767870905484263 0.0000049774671611 0.3100587497512114 0.9304355089038241 0.9392322608076342
5.6667484919665192 -0.0771563225734671 0.0000049201514328 0.3123040942712126 0.9301106656868937 0.9389403590792277
5.6737463499417675 -0.0773410500963093 0.0000048914823091 0.3134294615701597 0.9299481859512913 0.9387943255556102
5.6807442079170158 -0.0775259744076785 0.0000048627857909 0.3145574111122514 0.9297855543147389 0.9386481351793634
5.6887480360772482 -0.0777377298963468 0.0000048299304031 0.3158506765836678 0.9295993577185683 0.9384807371564875
5.7190947117828284 -0.0785430156837026 0.0000047050331040 0.3207848895865545 0.9288915909293080 0.9378441834189658
5.7494763283452119 -0.0793530465647122 0.0000045794777300 0.3257737050583372 0.9281801680643674 0.9372039519110941
5.7612836584257181 -0.0796688798694376 0.0000045305442874 0.3277257763085786 0.9279029207780334 0.9369543425279685
5.7730909885062243 -0.0799852787098444 0.0000044815337155 0.3296852792179200 0.9276252469808047 0.9367042895197137
