0.0000872396805761 -0.0000000000024055 0.0002868575193511 0.0000000000000030 0.9999999999377814 0.9999999999598314
0.0001186405977992 -0.0000000000044490 0.0002868575193166 0.0000000000000074 0.9999999998842274 0.9999999999257070
0.0001568047503989 -0.0000000000077719 0.0002868575192604 0.0000000000000171 0.9999999997971458 0.9999999998702186
0.0002023160474787 -0.0000000000129383 0.0002868575191732 0.0000000000000368 0.9999999996617531 0.9999999997839465
0.0002557361054974 -0.0000000000206731 0.0002868575190425 0.0000000000000744 0.9999999994590529 0.9999999996547856
0.0003176136856641 -0.0000000000318876 0.0002868575188530 0.0000000000001425 0.9999999991651606 0.9999999994675169
0.0003884663539977 -0.0000000000477015 0.0002868575185859 0.0000000000002608 0.9999999987507363 0.9999999992034446
0.0004687998219860 -0.0000000000694706 0.0002868575182181 0.0000000000004583 0.9999999981802471 0.9999999988399274
0.0005591080372164 -0.0000000000988140 0.0002868575177224 0.0000000000007774 0.9999999974112643 0.9999999983499296
0.0006598523966482 -0.0000000001376325 0.0002868575170666 0.0000000000012780 0.9999999963939729 0.9999999977017084
0.0007714961345234 -0.0000000001881461 0.0002868575162132 0.0000000000020426 0.9999999950701955 0.9999999968581937
0.0008944876605073 -0.0000000002529162 0.0002868575151190 0.0000000000031835 0.9999999933728078 0.9999999957766131
0.0010292445852772 -0.0000000003348616 0.0002868575137347 0.0000000000048500 0.9999999912253191 0.9999999944082271
0.0011761955028372 -0.0000000004373079 0.0002868575120040 0.0000000000072381 0.9999999885405764 0.9999999926975008
0.0013357401565255 -0.0000000005639913 0.0002868575098638 0.0000000000106011 0.9999999852206695 0.9999999905820461
0.0015082786352758 -0.0000000007191039 0.0002868575072434 0.0000000000152626 0.9999999811557350 0.9999999879918575
0.0016942058318390 -0.0000000009073209 0.0002868575040637 0.0000000000216313 0.9999999762232581 0.9999999848488681
0.0018938970504009 -0.0000000011338128 0.0002868575002374 0.0000000000302171 0.9999999702877352 0.9999999810667349
0.0021077239043533 -0.0000000014042877 0.0002868574956680 0.0000000000416509 0.9999999631995788 0.9999999765501397
0.0023360468445233 -0.0000000017250106 0.0002868574902498 0.0000000000567058 0.9999999547946062 0.9999999711944654
0.0025792267014191 -0.0000000021028473 0.0002868574838668 0.0000000000763223 0.9999999448928919 0.9999999648850626
0.0028376015203410 -0.0000000025452563 0.0002868574763928 0.0000000001016336 0.9999999332989710 0.9999999574973804
0.0031115215927572 -0.0000000030603730 0.0002868574676906 0.0000000001339990 0.9999999197996506 0.9999999488955718
0.0034013203175448 -0.0000000036569902 0.0002868574576115 0.0000000001750353 0.9999999041644998 0.9999999389328050
0.0037073315878614 -0.0000000043446180 0.0002868574459949 0.0000000002266561 0.9999998861442946 0.9999999274502742
0.0040298861037229 -0.0000000051335085 0.0002868574326675 0.0000000002911129 0.9999998654703669 0.9999999142767830
0.0043692900372487 -0.0000000060346278 0.0002868574174443 0.0000000003710357 0.9999998418553319 0.9999998992292088
0.0047258519048427 -0.0000000070597440 0.0002868574001262 0.0000000004694868 0.9999998149907927 0.9999998821110402
0.0050998880152823 -0.0000000082214802 0.0002868573805001 0.0000000005900177 0.9999997845459460 0.9999998627114878
0.0054916965739974 -0.0000000095332679 0.0002868573583391 0.0000000007367204 0.9999997501687989 0.9999998408062608
0.0059015865473330 -0.0000000110094668 0.0002868573334006 0.0000000009143015 0.9999997114830388 0.9999998161555713
0.0063298489339215 -0.0000000126652978 0.0002868573054274 0.0000000011281403 0.9999996680897779 0.9999997885052468
0.0067767703125264 -0.0000000145169118 0.0002868572741467 0.0000000013843674 0.9999996195657657 0.9999997575855899
0.0072426375951229 -0.0000000165814384 0.0002868572392691 0.0000000016899479 0.9999995654620937 0.9999997231105547
0.0077277298769627 -0.0000000188769812 0.0002868572004888 0.0000000020527631 0.9999995053043355 0.9999996847778346
0.0082323324503144 -0.0000000214227126 0.0002868571574819 0.0000000024817139 0.9999994385900527 0.9999996422672740
0.0087567239678926 -0.0000000242388473 0.0002868571099068 0.0000000029868126 0.9999993647894947 0.9999995952413131
0.0093011843222698 -0.0000000273467125 0.0002868570574033 0.0000000035792969 0.9999992833437533 0.9999995433438132
0.0098659650731680 -0.0000000307686008 0.0002868569995948 0.0000000042717091 0.9999991936686196 0.9999994862025137
0.0104513381475012 -0.0000000345280755 0.0002868569360832 0.0000000050780692 0.9999990951465879 0.9999994234239367
0.0110575514208676 -0.0000000386497315 0.0002868568664530 0.0000000060139497 0.9999989871331183 0.9999993545973781
0.0116848839966647 -0.0000000431595914 0.0002868567902646 0.0000000070966939 0.9999988689462516 0.9999992792882897
0.0123335864733170 -0.0000000480847372 0.0002868567070605 0.0000000083454734 0.9999987398762757 0.9999991970444388
0.0130039056704076 -0.0000000534534898 0.0002868566163622 0.0000000097814721 0.9999985991809988 0.9999991073928964
0.0136960959821578 -0.0000000592955339 0.0002868565176682 0.0000000114280761 0.9999984460824972 0.9999990098379645
0.0144104162556689 -0.0000000656419403 0.0002868564104537 0.0000000133110491 0.9999982797665242 0.9999989038607996
0.0151470966952391 -0.0000000725248945 0.0002868562941748 0.0000000154586247 0.9999980993896166 0.9999987889239405
0.0159063914282900 -0.0000000799781932 0.0002868561682608 0.0000000179018373 0.9999979040660881 0.9999986644630214
0.0166885384167715 -0.0000000880369132 0.0002868560321189 0.0000000206746165 0.9999976928767085 0.9999985298923013
0.0174937724824163 -0.0000000967375508 0.0002868558851326 0.0000000238140311 0.9999974648650478 0.9999983846023348
0.0183223317200878 -0.0000001061181225 0.0002868557266597 0.0000000273605394 0.9999972190348408 0.9999982279582924
0.0191744565368282 -0.0000001162181961 0.0002868555560318 0.0000000313582307 0.9999969543491585 0.9999980592994326
0.0200503732849251 -0.0000001270787258 0.0002868553725569 0.0000000358549956 0.9999966697347523 0.9999978779418704
0.0209502980348767 -0.0000001387420975 0.0002868551755191 0.0000000409027798 0.9999963640808500 0.9999976831778093
0.0218744688199590 -0.0000001512525789 0.0002868549641704 0.0000000465580378 0.9999960362273607 0.9999974742680257
0.0228231315233002 -0.0000001646562151 0.0002868547377330 0.0000000528819826 0.9999956849676233 0.9999972504436192
0.0237964855361414 -0.0000001790000715 0.0002868544954119 0.0000000599405049 0.9999953090682357 0.9999970109186499
0.0247947510203144 -0.0000001943331796 0.0002868542363786 0.0000000678049004 0.9999949072442692 0.9999967548743421
0.0258181626385268 -0.0000002107065336 0.0002868539597718 0.0000000765522064 0.9999944781593690 0.9999964814591501
0.0268669425546205 -0.0000002281727141 0.0002868536647030 0.0000000862653396 0.9999940204356017 0.9999961897950317
0.0279412867036138 -0.0000002467856409 0.0002868533502616 0.0000000970332715 0.9999935326599421 0.9999958789815822
0.0290414320598129 -0.0000002666017526 0.0002868530154939 0.0000001089520530 0.9999930133533598 0.9999955480763356
0.0301675759569972 -0.0000002876786455 0.0002868526594269 0.0000001221243976 0.9999924610064841 0.9999951961174903
0.0313199359592264 -0.0000003100761538 0.0002868522810500 0.0000001366606976 0.9999918740513039 0.9999948221058756
0.0324987026145056 -0.0000003338554864 0.0002868518793290 0.0000001526788732 0.9999912508837783 0.9999944250193600
0.0337041103741401 -0.0000003590806717 0.0002868514531823 0.0000001703057485 0.9999905898259863 0.9999940037887310
0.0349363590011109 -0.0000003858170243 0.0002868510015064 0.0000001896764640 0.9999898891663003 0.9999935573232944
0.0361956508678313 -0.0000004141319002 0.0002868505231636 0.0000002109354132 0.9999891471395974 0.9999930844982649
0.0374821933160589 -0.0000004440947973 0.0002868500169797 0.0000002342367915 0.9999883619246289 0.9999925841530883
0.0387961649212843 -0.0000004757765833 0.0002868494817576 0.0000002597444616 0.9999875316642526 0.9999920551043344
0.0401378085670415 -0.0000005092517711 0.0002868489162384 0.0000002876342834 0.9999866544057991 0.9999914961076970
0.0415072983095631 -0.0000005445953350 0.0002868483191557 0.0000003180920642 0.9999857281845184 0.9999909059111661
0.0429048473927834 -0.0000005818853786 0.0002868476891900 0.0000003513162721 0.9999847509536509 0.9999902832104687
0.0443306250989822 -0.0000006212010122 0.0002868470250048 0.0000003875167491 0.9999837206400654 0.9999896266845201
0.0457848471856776 -0.0000006626248061 0.0002868463252052 0.0000004269174793 0.9999826350799601 0.9999889349544532
0.0472676964672180 -0.0000007062406654 0.0002868455883740 0.0000004697552535 0.9999814920745584 0.9999882066191054
0.0487793806975895 -0.0000007521354966 0.0002868448130428 0.0000005162818587 0.9999802893464343 0.9999874402271905
0.0503200904105047 -0.0000008003980211 0.0002868439977130 0.0000005667635696 0.9999790245706127 0.9999866342971140
0.0518900001159454 -0.0000008511187665 0.0002868431408552 0.0000006214817176 0.9999776953747860 0.9999857873171100
0.0534892999573222 -0.0000009043910913 0.0002868422408923 0.0000006807344363 0.9999762993124657 0.9999848977281337
0.0551181983572699 -0.0000009603113901 0.0002868412961959 0.0000007448376768 0.9999748338576154 0.9999839639204394
0.0567768722537302 -0.0000010189774381 0.0002868403051143 0.0000008141240584 0.9999732964480225 0.9999829842612169
0.0584655009391896 -0.0000010804895130 0.0002868392659536 0.0000008889448154 0.9999716844559026 0.9999819570758597
0.0601842880213148 -0.0000011449512768 0.0002868381769625 0.0000009696716923 0.9999699951647972 0.9999808806332424
0.0619333904594489 -0.0000012124671652 0.0002868370363769 0.0000010566944862 0.9999682258379748 0.9999797531893055
0.0637130178913714 -0.0000012831461655 0.0002868358423556 0.0000011504266200 0.9999663736194472 0.9999785729239812
0.0655233299665084 -0.0000013570978946 0.0002868345930470 0.0000012513009346 0.9999644356367321 0.9999773380066733
0.0673645148072100 -0.0000014344356904 0.0002868332865364 0.0000013597745775 0.9999624089198536 0.9999760465446423
0.0692367483044164 -0.0000015152750291 0.0002868319208731 0.0000014763277944 0.9999602904428072 0.9999746966094256
0.0711402278790118 -0.0000015997350073 0.0002868304940453 0.0000016014669710 0.9999580770847384 0.9999732862120986
0.0730751197767674 -0.0000016879360725 0.0002868290040184 0.0000017357222690 0.9999557656893964 0.9999718133411584
0.0750415798519322 -0.0000017800008551 0.0002868274487208 0.0000018796496367 0.9999533530433546 0.9999702759486434
0.0770398091421609 -0.0000018760568416 0.0002868258259989 0.0000020338360346 0.9999508358059400 0.9999686719054814
0.0790699711283781 -0.0000019762325601 0.0002868241336817 0.0000021988945338 0.9999482106092074 0.9999669990651936
0.0811322447094795 -0.0000020806600926 0.0002868223695379 0.0000023754692972 0.9999454739920981 0.9999652552219367
0.0832267996807147 -0.0000021894739200 0.0002868205312960 0.0000025642347885 0.9999426224307154 0.9999634381297938
0.0853538035399027 -0.0000023028112639 0.0002868186166379 0.0000027658973969 0.9999396523293589 0.9999615454970578
0.0875134406601116 -0.0000024208131668 0.0002868166231812 0.0000029811985366 0.9999365599922350 0.9999595749682040
0.0897058774680846 -0.0000025436226677 0.0002868145485097 0.0000032109125694 0.9999333416712481 0.9999575241543402
0.0919312721991694 -0.0000026713852812 0.0002868123901654 0.0000034558487149 0.9999299935534613 0.9999553906252148
0.0941897872395378 -0.0000028042497083 0.0002868101456364 0.0000037168535720 0.9999265117424726 0.9999531718973458
0.0964816164543769 -0.0000029423695654 0.0002868078123281 0.0000039948159415 0.9999228922130939 0.9999508654051380
0.0988069128327946 -0.0000030858991307 0.0002868053876343 0.0000042906597042 0.9999191309228364 0.9999484685719233
0.1011658464818357 -0.0000032349967885 0.0002868028688797 0.0000046053519135 0.9999152237216450 0.9999459787524358
0.1035585838217880 -0.0000033898238288 0.0002868002533401 0.0000049399017777 0.9999111663833571 0.9999433932528566
0.1059852783359874 -0.0000035505438353 0.0002867975382523 0.0000052953606262 0.9999069546217468 0.9999407093410334
0.1084461045986699 -0.0000037173249527 0.0002867947207761 0.0000056728283005 0.9999025840311100 0.9999379242086162
0.1109412253252304 -0.0000038903377748 0.0002867917980300 0.0000060734500229 0.9998980501416085 0.9999350350063210
0.1134707949971778 -0.0000040697555473 0.0002867887670880 0.0000064984181750 0.9998933484139665 0.9999320388405455
0.1160349792839540 -0.0000042557555600 0.0002867856249553 0.0000069489770751 0.9998884742029738 0.9999289327501090
0.1186339519074023 -0.0000044485190375 0.0002867823685712 0.0000074264244728 0.9998834227603729 0.9999257137080869
0.1212678475445769 -0.0000046482276312 0.0002867789948674 0.0000079321043466 0.9998781893267749 0.9999223786803799
0.1239368300952536 -0.0000048550684766 0.0002867755006831 0.0000084674209558 0.9998727689991493 0.9999189245412673
0.1266410690897915 -0.0000050692325829 0.0002867718827924 0.0000090338368011 0.9998671567730090 0.9999153481002844
0.1293807181430577 -0.0000052909131565 0.0002867681379319 0.0000096328698935 0.9998613475863720 0.9999116461302321
0.1321559486077498 -0.0000055203083090 0.0002867642627557 0.0000102661027059 0.9998553362487763 0.9999078153219362
0.1349668823787682 -0.0000057576155167 0.0002867602539285 0.0000109351686000 0.9998491175864913 0.9999038523767789
0.1378137282405723 -0.0000060030430908 0.0002867561079321 0.0000116417857912 0.9998426861419393 0.9998997538151458
0.1406965842988171 -0.0000062567934256 0.0002867518213482 0.0000123877116669 0.9998360366126818 0.9998955162561709
0.1436156208805574 -0.0000065190786273 0.0002867473905947 0.0000131747891909 0.9998291634418643 0.9998911361567336
0.1465710155291494 -0.0000067901151880 0.0002867428120152 0.0000140049342460 0.9998220609577989 0.9998866099004036
0.1495628970160195 -0.0000070701187996 0.0002867380819671 0.0000148801215041 0.9998147235098735 0.9998819338840460
0.1525914298167659 -0.0000073593120739 0.0002867331966910 0.0000158024099221 0.9998071452662325 0.9998771043888806
0.1556567800658224 -0.0000076579215688 0.0002867281523606 0.0000167739360737 0.9997993202917363 0.9998721176301559
0.1587590662273963 -0.0000079661728913 0.0002867229451661 0.0000177968999450 0.9997912426762720 0.9998669698389129
0.1618984581563841 -0.0000082843003997 0.0002867175711497 0.0000188735987072 0.9997829062805293 0.9998616570999631
0.1650751107731356 -0.0000086125408255 0.0002867120263137 0.0000200064083442 0.9997743049031292 0.9998561754583879
0.1682891802862224 -0.0000089511348869 0.0002867063065931 0.0000211977911624 0.9997654322383630 0.9998505208925992
0.1715407854819089 -0.0000093003231403 0.0002867004079257 0.0000224502831216 0.9997562819848994 0.9998446893836084
0.1748300939448397 -0.0000096603551546 0.0002866943260972 0.0000237665286418 0.9997468476053885 0.9998386767618127
0.1781572333321717 -0.0000100314800609 0.0002866880569008 0.0000251492492222 0.9997371225741060 0.9998324788648104
0.1815223727344795 -0.0000104139555007 0.0002866815959859 0.0000266012786297 0.9997271001424769 0.9998260913879555
0.1849256366259137 -0.0000108080380443 0.0002866749390203 0.0000281255295939 0.9997167735901689 0.9998195100443739
0.1883672010820771 -0.0000112139941993 0.0002866680815039 0.0000297250382918 0.9997061359366287 0.9998127303811074
0.1918472131164030 -0.0000116320912266 0.0002866610189242 0.0000314029318864 0.9996951801817469 0.9998057479324839
0.1953657921355583 -0.0000120625970387 0.0002866537467574 0.0000331624295374 0.9996838993085320 0.9997985582218115
0.1989231087939159 -0.0000125057898367 0.0002866462603064 0.0000350068842605 0.9996722860305920 0.9997911566004268
0.2025192887566481 -0.0000129619464038 0.0002866385548982 0.0000369397379265 0.9996603330989058 0.9997835384431989
0.2061544528885884 -0.0000134313468646 0.0002866306258031 0.0000389645426447 0.9996480331771102 0.9997756990690331
0.2098287784267533 -0.0000139142827703 0.0002866224680990 0.0000410849990623 0.9996353786296573 0.9997676336058386
0.2135423766320758 -0.0000144110408494 0.0002866140769380 0.0000433048907363 0.9996223619363757 0.9997593372547349
0.2172953174934971 -0.0000149219063826 0.0002866054475016 0.0000456280958519 0.9996089756229521 0.9997508052457329
0.2210879108553407 -0.0000154472023179 0.0002865965743456 0.0000480587688850 0.9995952112441255 0.9997420321896409
0.2249202437640698 -0.0000159872253586 0.0002865874524611 0.0000506010584628 0.9995810610302042 0.9997330131274814
0.2287924451103393 -0.0000165422820475 0.0002865780766732 0.0000532592703427 0.9995665169539408 0.9997237429357365
0.2327046429840849 -0.0000171126830335 0.0002865684417379 0.0000560378445992 0.9995515708807859 0.9997142164220950
0.2366569838366301 -0.0000176987459573 0.0002865585422934 0.0000589413731147 0.9995362144932811 0.9997044282772448
0.2406495900874442 -0.0000183007892676 0.0002865483729641 0.0000619745724939 0.9995204394531126 0.9996943731781464
0.2446825979686464 -0.0000189191378007 0.0002865379282670 0.0000651423146595 0.9995042372549181 0.9996840456948307
0.2487561601377150 -0.0000195541233978 0.0002865272026009 0.0000684496342661 0.9994875992101289 0.9996734402800800
0.2528704145947184 -0.0000202060801850 0.0002865161903262 0.0000719017080145 0.9994705165706602 0.9996625513482480
0.2570254936094818 -0.0000208753458675 0.0002865048857432 0.0000755038641922 0.9994529804950105 0.9996513732536323
0.2612215324424539 -0.0000215622631264 0.0002864932830681 0.0000792615934842 0.9994349820116853 0.9996399002671381
0.2654586576389910 -0.0000222671777272 0.0002864813764656 0.0000831805421404 0.9994165120687712 0.9996281266078567
0.2697370212779707 -0.0000229904442706 0.0002864691599512 0.0000872665476898 0.9993975613832682 0.9996160463469996
0.2740567377411133 -0.0000237324156237 0.0002864566275700 0.0000915255834095 0.9993781207180247 0.9996036535844081
0.2784179573948181 -0.0000244934553980 0.0002864437731859 0.0000959638325162 0.9993581805548283 0.9995909422401373
0.2828208001356003 -0.0000252739266030 0.0002864305906733 0.0001005876270428 0.9993377313916938 0.9995779062439427
0.2872654140031941 -0.0000260742018919 0.0002864170737440 0.0001054035113935 0.9993167634744441 0.9995645393641425
0.2917518923513521 -0.0000268946487244 0.0002864032161977 0.0001104181572090 0.9992952671854839 0.9995508354554318
0.2962804305602590 -0.0000277356579485 0.0002863890114396 0.0001156385414249 0.9992732322949368 0.9995367879814545
0.3008511534204215 -0.0000285976124920 0.0002863744530089 0.0001210717603974 0.9992506487809930 0.9995223905377438
0.3054641460228976 -0.0000294808923439 0.0002863595344947 0.0001267250600664 0.9992275066993952 0.9995076367685014
0.3101195876416422 -0.0000303859002249 0.0002863442491028 0.0001326060043911 0.9992037955108940 0.9994925199377998
0.3148175595732963 -0.0000313130247945 0.0002863285902765 0.0001387222438557 0.9991795050452441 0.9994770335441279
0.3195582494768737 -0.0000322626804707 0.0002863125510247 0.0001450817790360 0.9991546244579624 0.9994611706552492
0.3243417436493682 -0.0000332352665035 0.0002862961246128 0.0001516926951822 0.9991291433026158 0.9994449245918052
0.3291682018388357 -0.0000342312018183 0.0002862793039744 0.0001585633986768 0.9991030506179530 0.9994282883452754
0.3340377160293296 -0.0000352508963751 0.0002862620821948 0.0001657024270505 0.9990763356783128 0.9994112550563807
0.3389504409337835 -0.0000362947780886 0.0002862444520567 0.0001731186390313 0.9990489872883593 0.9993938175653830
0.3439064864326370 -0.0000373632704713 0.0002862264064173 0.0001808210635664 0.9990209943688473 0.9993759687855256
0.3489060031608281 -0.0000384568108200 0.0002862079379018 0.0001888190335806 0.9989923454801694 0.9993577013992062
0.3539490969524694 -0.0000395758317696 0.0002861890392146 0.0001971220575172 0.9989630293056679 0.9993390081661053
0.3590359137573447 -0.0000407207798611 0.0002861697028256 0.0002057399597566 0.9989330341652037 0.9993198816129835
0.3641665789207645 -0.0000418921022538 0.0002861499211950 0.0002146827880919 0.9989023483633040 0.9993003142556297
0.3693411992529967 -0.0000430902469078 0.0002861296867697 0.0002239608177120 0.9988709601844129 0.9992802985957959
0.3745599069214419 -0.0000443156726879 0.0002861089918135 0.0002335846337640 0.9988388576282238 0.9992598269523824
0.3798228290651384 -0.0000455688425228 0.0002860878285217 0.0002435650847615 0.9988060285889275 0.9992388915756903
0.3851301196998287 -0.0000468502311092 0.0002860661888917 0.0002539133498046 0.9987724606534284 0.9992174845186930
0.3904818758520807 -0.0000481603047234 0.0002860440650639 0.0002646407811018 0.9987381416302421 0.9991955979742771
0.3958782025768132 -0.0000494995365376 0.0002860214490626 0.0002757590296092 0.9987030591482954 0.9991732240193492
0.4013192631552072 -0.0000508684194937 0.0002859983325791 0.0002872801604055 0.9986672003197228 0.9991503543997216
0.4068051574481942 -0.0000522674361000 0.0002859747074815 0.0002992164070780 0.9986305525311217 0.9991269810346864
0.4123360078984420 -0.0000536970797475 0.0002859505654550 0.0003115803537648 0.9985931028851778 0.9991030956608581
0.4179119442551063 -0.0000551578510998 0.0002859258980626 0.0003243849121341 0.9985548382952868 0.9990786898924581
0.4235330776671898 -0.0000566502513267 0.0002859006968597 0.0003376432677082 0.9985157456628397 0.9990537553343335
0.4291995362046058 -0.0000581747914235 0.0002858749532364 0.0003513689671976 0.9984758116331489 0.9990282834262255
0.4349114526556912 -0.0000597319891912 0.0002858486584688 0.0003655758992601 0.9984350226745976 0.9990022654931855
0.4406689452352475 -0.0000613223639880 0.0002858218038076 0.0003802782524412 0.9983933652161681 0.9989756928332385
0.4464721223748063 -0.0000629464378441 0.0002857943804593 0.0003954905293295 0.9983508256182838 0.9989485566987298
0.4523211049329650 -0.0000646047416463 0.0002857663794815 0.0004112276099745 0.9983073900108537 0.9989208481929487
0.4582160226118430 -0.0000662978143565 0.0002857377917969 0.0004275047525409 0.9982630443138030 0.9988925582831517
0.4641569758310807 -0.0000680261920416 0.0002857086083776 0.0004443374936197 0.9982177745244685 0.9988636779838375
0.4701441253507938 -0.0000697904339295 0.0002856788198058 0.0004617419079330 0.9981715660351609 0.9988341979213092
0.4761775580767862 -0.0000715910832707 0.0002856484169346 0.0004797342323144 0.9981244046583648 0.9988041089876440
0.4822573794944849 -0.0000734286940809 0.0002856173904364 0.0004983311308080 0.9980762759263223 0.9987734018937898
0.4883837383200976 -0.0000753038391082 0.0002855857306682 0.0005175497866395 0.9980271648824416 0.9987420670363825
0.4945567274121395 -0.0000772170797900 0.0002855534281795 0.0005374076035779 0.9979770568682144 0.9987100949997443
0.5007764939324385 -0.0000791689999838 0.0002855204731421 0.0005579225583215 0.9979259366398432 0.9986774759921745
0.5070431208280082 -0.0000811601691621 0.0002854868559722 0.0005791128241925 0.9978737893322334 0.9986442004609598
0.5133567064429106 -0.0000831911669427 0.0002854525669156 0.0006009970306586 0.9978205998165952 0.9986102586824100
0.5197174316456062 -0.0000852626054058 0.0002854175956717 0.0006235945181204 0.9977663521160763 0.9985756403888367
0.5261254023879560 -0.0000873750785524 0.0002853819322462 0.0006469248013977 0.9977110307294572 0.9985403356131495
0.5325806954860266 -0.0000895291762018 0.0002853455667170 0.0006710077171157 0.9976546202672375 0.9985043344565843
0.5390834361655463 -0.0000917255097683 0.0002853084887987 0.0006958637175301 0.9975971047766579 0.9984676266578477
0.5456337513704937 -0.0000939646972110 0.0002852706880969 0.0007215137151871 0.9975384681359315 0.9984302018445956
0.5522317394429725 -0.0000962473525437 0.0002852321542853 0.0007479789684892 0.9974786943290124 0.9983920497087130
0.5588775365741367 -0.0000985741086699 0.0002851928767204 0.0007752813518808 0.9974177668476947 0.9983531596246007
0.5655712620876709 -0.0001009455986952 0.0002851528447568 0.0008034431493204 0.9973556691810725 0.9983135209614705
0.5723130018642762 -0.0001033624496229 0.0002851120478536 0.0008324869817490 0.9972923849806615 0.9982731231886683
0.5791028777350470 -0.0001058253069868 0.0002850704751592 0.0008624361075182 0.9972278974154901 0.9982319554639039
0.5859409885360480 -0.0001083348138759 0.0002850281158646 0.0008933141796248 0.9971621897214081 0.9981900069837891
0.5928274619488649 -0.0001108916298227 0.0002849849588853 0.0009251454840635 0.9970952447066009 0.9981472666680502
0.5997624074366654 -0.0001134964136674 0.0002849409931503 0.0009579547383573 0.9970270452003659 0.9981037234459115
0.6067459532398068 -0.0001161498373237 0.0002848962073697 0.0009917672711961 0.9969575736927812 0.9980593660259254
0.6137781950260849 -0.0001188525663629 0.0002848505903628 0.0010266087841314 0.9968868128431247 0.9980141832204752
0.6208592316734439 -0.0001216052733093 0.0002848041308334 0.0010625055250062 0.9968147451318786 0.9979681637234785
0.6279892013717457 -0.0001244086520022 0.0002847568171279 0.0010994844874684 0.9967413524848218 0.9979212958702042
0.6351681878954938 -0.0001272633810131 0.0002847086378522 0.0011375729400806 0.9966666172308896 0.9978735682488058
0.6423963275906737 -0.0001301701657120 0.0002846595811623 0.0011767989895238 0.9965905210009793 0.9978249689969795
0.6496736897572830 -0.0001331296905555 0.0002846096355694 0.0012171909502161 0.9965130459771067 0.9977754865995840
0.6570004148152010 -0.0001361426747157 0.0002845587890012 0.0012587781043160 0.9964341734362256 0.9977251089585040
0.6643765958550976 -0.0001392098241977 0.0002845070296099 0.0013015900605843 0.9963538850038406 0.9976738241931555
0.6718023663987179 -0.0001423318678712 0.0002844543451644 0.0013456572596618 0.9962721617108706 0.9976216200379500
0.6792778211914557 -0.0001455095245730 0.0002844007236054 0.0013910105240662 0.9961889848549497 0.9975684843923051
0.6868030450362694 -0.0001487435146814 0.0002843461528502 0.0014376812224419 0.9961043356975180 0.9975144051270510
0.6943781886229016 -0.0001520345930185 0.0002842906202376 0.0014857017576672 0.9960181946027531 0.9974593695341463
0.7020033344253863 -0.0001553834912101 0.0002842341135006 0.0015351047438533 0.9959305425464212 0.9974033652904767
0.7096785825868166 -0.0001587909544190 0.0002841766201464 0.0015859235428342 0.9958413601544952 0.9973463798435211
0.7174040302062530 -0.0001622577324340 0.0002841181276073 0.0016381921444046 0.9957506279365276 0.9972884005602880
0.7251798127373923 -0.0001657845984874 0.0002840586229230 0.0016919454628516 0.9956583257933094 0.9972294144125152
0.7330060182238438 -0.0001693723106760 0.0002839980933915 0.0017472187632391 0.9955644340266930 0.9971694086218036
0.7408827752851985 -0.0001730216518036 0.0002839365258973 0.0018040482772037 0.9954689322969975 0.9971083699931763
0.7488101566393075 -0.0001767333849793 0.0002838739076603 0.0018624705255746 0.9953718007851395 0.9970462856576344
0.7567882627568118 -0.0001805082920432 0.0002838102255877 0.0019225229209751 0.9952730191871897 0.9969831424294000
0.7648171901617947 -0.0001843471590259 0.0002837454665195 0.0019842435532496 0.9951725670950248 0.9969189270490086
0.7728971069744954 -0.0001882508127488 0.0002836796166111 0.0020476717955466 0.9950704230388170 0.9968536255709701
0.7810280597712422 -0.0001922200278694 0.0002836126629013 0.0021128468098588 0.9949665669194816 0.9967872249186198
0.7892101686258404 -0.0001962556205224 0.0002835445917333 0.0021798090688358 0.9948609775585625 0.9967197113176147
0.7974435572626792 -0.0002003584152066 0.0002834753893127 0.0022485998384464 0.9947536335648894 0.9966510708497246
0.8057282943301975 -0.0002045292151796 0.0002834050422074 0.0023192606861633 0.9946445141093031 0.9965812899480623
0.8140644902059196 -0.0002087688505357 0.0002833335365367 0.0023918342945237 0.9945335976669133 0.9965103545926431
0.8224522306997225 -0.0002130781450576 0.0002832608585304 0.0024663639135677 0.9944208628845526 0.9964382508648804
0.8308916396577641 -0.0002174579482398 0.0002831869939888 0.0025428939227382 0.9943062877431733 0.9963649644116681
0.8393828360514977 -0.0002219091136858 0.0002831119286475 0.0026214694757590 0.9941898501232307 0.9962904808067186
0.8479258918111063 -0.0002264324765570 0.0002830356485573 0.0027021361054715 0.9940715283947336 0.9962147859278430
0.8565208667414796 -0.0002310288711020 0.0002829581397891 0.0027849400297581 0.9939513009588148 0.9961378656635818
0.8651679419182124 -0.0002356992027362 0.0002828793872184 0.0028699294741140 0.9938291443626200 0.9960597047068006
0.8738671809265492 -0.0002404443204185 0.0002827993766774 0.0029571523847037 0.9937050366377496 0.9959802886903468
0.8826186836167113 -0.0002452650986199 0.0002827180935731 0.0030466579113445 0.9935789551563864 0.9958996028152186
0.8914225166752311 -0.0002501623994949 0.0002826355235252 0.0031384957236423 0.9934508776209136 0.9958176324835717
0.9002788446234499 -0.0002551371459236 0.0002825516511349 0.0032327173952078 0.9933207801539012 0.9957343620760276
0.9091877295755938 -0.0002601902100679 0.0002824664618635 0.0033293743241468 0.9931886402128680 0.9956497768168895
0.9181492871752926 -0.0002653225003046 0.0002823799405676 0.0034285193785015 0.9930544343170062 0.9955638613189480
0.9271635820222371 -0.0002705349019457 0.0002822920724980 0.0035302057742221 0.9929181395975922 0.9954766005756608
0.9362307318373005 -0.0002758283369262 0.0002822028422937 0.0036344882404291 0.9927797322374414 0.9953879789618578
0.9453508214898920 -0.0002812037143739 0.0002821122348158 0.0037414220723325 0.9926391887636807 0.9952979810611023
0.9545239520078133 -0.0002866619589922 0.0002820202346686 0.0038510636976434 0.9924964853058484 0.9952065911904153
0.9637502020538955 -0.0002922039882672 0.0002819268265846 0.0039634702331273 0.9923515981920698 0.9951137937817740
0.9730296937825966 -0.0002978307519539 0.0002818319947582 0.0040787002960151 0.9922045029170001 0.9950195727208252
0.9823625257932453 -0.0003035431920879 0.0002817357235210 0.0041968132110969 0.9920551751875587 0.9949239120163117
0.9917487718820801 -0.0003093422415404 0.0002816379973654 0.0043178689789956 0.9919035909608732 0.9948267958242015
1.0011885118023951 -0.0003152288425724 0.0002815388006323 0.0044419286660289 0.9917497259595027 0.9947282081368856
1.0106818947289691 -0.0003212039871294 0.0002814381168324 0.0045690552810988 0.9915935546185738 0.9946281321081218
1.0202289627599772 -0.0003272686062324 0.0002813359305105 0.0046993114453289 0.9914350529771241 0.9945265519054282
1.0298298485409827 -0.0003334236941213 0.0002812322251530 0.0048327620409283 0.9912741954336255 0.9944234506307150
1.0394846010183225 -0.0003396701976619 0.0002811269850525 0.0049694718502502 0.9911109576367163 0.9943188121725529
1.0491933565401621 -0.0003460091260902 0.0002810201934582 0.0051095079494045 0.9909453136174298 0.9942126193677353
1.0589561895720778 -0.0003524414548003 0.0002809118341974 0.0052529376237631 0.9907772383038581 0.9941048556128139
1.0687731800603490 -0.0003589681684852 0.0002808018909490 0.0053998293149941 0.9906067063940125 0.9939955041413303
1.0786444342671631 -0.0003655902753309 0.0002806903470041 0.0055502529612203 0.9904336919853227 0.9938845477858194
1.0885700160199359 -0.0003723087610599 0.0002805771860410 0.0057042789699378 0.9902581697757160 0.9937719697476882
1.0985500843813907 -0.0003791246820782 0.0002804623905559 0.0058619803661010 0.9900801126304364 0.9936577520362444
1.1085846327488651 -0.0003860389878002 0.0002803459448563 0.0060234287064504 0.9898994962240326 0.9935418784458973
1.1186738198501371 -0.0003930527466905 0.0002802278312533 0.0061886993228065 0.9897162931356540 0.9934243307681156
1.1288176889076798 -0.0004001669535021 0.0002801080333090 0.0063578668521734 0.9895304778848900 0.9933050920215999
1.1390163815993390 -0.0004073826777507 0.0002799865333360 0.0065310087430933 0.9893420230538715 0.9931841439637960
1.1492699171814513 -0.0004147009084233 0.0002798633150128 0.0067082015669155 0.9891509033436122 0.9930614696935811
1.1595784725123341 -0.0004221227526379 0.0002797383600387 0.0068895258122936 0.9889570903860720 0.9929370503211709
1.1699420955151920 -0.0004296492315687 0.0002796116515704 0.0070750609688860 0.9887605580741361 0.9928108683887666
1.1803608424331602 -0.0004372813773685 0.0002794831725903 0.0072648878614574 0.9885612800306608 0.9926829062458684
1.1908348241083788 -0.0004450202677479 0.0002793529053246 0.0074590895406847 0.9883592287061070 0.9925531454692544
1.2013641137281872 -0.0004528669586495 0.0002792208323766 0.0076577496291841 0.9881543771369347 0.9924215679916092
1.2119488112350747 -0.0004608225316524 0.0002790869359299 0.0078609535207878 0.9879466977083198 0.9922881553065352
1.2225889920872848 -0.0004688880558082 0.0002789511983900 0.0080687874291952 0.9877361631509376 0.9921528891083521
1.2332847731540011 -0.0004770646374263 0.0002788136015475 0.0082813396812197 0.9875227452418307 0.9920157504570154
1.2440362197548962 -0.0004853533494291 0.0002786741277668 0.0084986989063119 0.9873064166488654 0.9918767209627599
1.2548434137417537 -0.0004937552828164 0.0002785327591205 0.0087209553733986 0.9870871495877990 0.9917357819228649
1.2657064269679366 -0.0005022715262964 0.0002783894777324 0.0089482004734840 0.9868649163543706 0.9915929146631314
1.2766253628740776 -0.0005109031989496 0.0002782442652282 0.0091805276077017 0.9866396884724440 0.9914480999897587
1.2876002944116529 -0.0005196514015614 0.0002780971035546 0.0094180309036217 0.9864114379644759 0.9913013190056136
1.2986313047848306 -0.0005285172484779 0.0002779479744438 0.0096608060779020 0.9861801365207303 0.9911525525756807
1.3097184807795494 -0.0005375018624953 0.0002777968594997 0.0099089503184365 0.9859457556331832 0.9910017814126161
1.3208618834585750 -0.0005466063509173 0.0002776437406008 0.0101625616326577 0.9857082672205886 0.9908489864783987
1.3320616235225946 -0.0005558318670005 0.0002774885988675 0.0104217405707543 0.9854676420261872 0.9906941479529852
1.3433177600964588 -0.0005651795272045 0.0002773314160536 0.0106865879342716 0.9852238517767649 0.9905372466229048
1.3546303829972350 -0.0005746504785846 0.0002771721734137 0.0109572066740327 0.9849768674253317 0.9903782627500550
1.3659995699227516 -0.0005842458635263 0.0002770108522965 0.0112337009148296 0.9847266600715101 0.9902171766634265
1.3774253866947301 -0.0005939668195170 0.0002768474341487 0.0115161759515163 0.9844732009679483 0.9900539687628480
1.3889079627075280 -0.0006038145436779 0.0002766818994311 0.0118047401502324 0.9842164598384535 0.9898886184353248
1.4004473350740845 -0.0006137901596491 0.0002765142298559 0.0120995010804776 0.9839564083492022 0.9897211062898604
1.4120435695484828 -0.0006238948201776 0.0002763444066632 0.0124005685025385 0.9836930174344590 0.9895514124349843
1.4236967766693895 -0.0006341297223043 0.0002761724103659 0.0127080548699827 0.9834262569016657 0.9893795162233391
1.4354070250188347 -0.0006444960318017 0.0002759982220204 0.0130220730951314 0.9831560974017310 0.9892053975204830
1.4471743808423492 -0.0006549949171749 0.0002758218226550 0.0133427375616265 0.9828825095432304 0.9890290361338199
1.4589989350416401 -0.0006656275739143 0.0002756431928633 0.0136701648864306 0.9826054632611626 0.9888504114050275
1.4708807351399051 -0.0006763951634337 0.0002754623138303 0.0140044720592458 0.9823249294086787 0.9886695032356750
1.4828198727495352 -0.0006872988917020 0.0002752791660117 0.0143457788794271 0.9820408777089599 0.9884862907661033
1.4948164376365134 -0.0006983399683255 0.0002750937298223 0.0146942067252066 0.9817532778222094 0.9883007530625810
1.5068704942467770 -0.0007095195845990 0.0002749059860044 0.0150498778664413 0.9814620999180065 0.9881128694860601
1.5189820882419018 -0.0007208389187022 0.0002747159155413 0.0154129156175007 0.9811673145403889 0.9879226196048653
1.5311513292482100 -0.0007322992132139 0.0002745234983562 0.0157834468454421 0.9808688905900026 0.9877299818916916
1.5433783023394487 -0.0007439016930551 0.0002743287146902 0.0161615993778499 0.9805667974621021 0.9875349351024796
1.5556630378044110 -0.0007556467571806 0.0002741315457553 0.0165475010020900 0.9802610058222058 0.9873374587772464
1.5680717499263337 -0.0007675999672000 0.0002739308983453 0.0169434091233934 0.9799498203705209 0.9871364562131754
1.5804724238700727 -0.0007796356555941 0.0002737288884570 0.0173452423504530 0.9796365229669023 0.9869340456537284
1.5929312452056461 -0.0007918185018189 0.0002735244311895 0.0177552281587644 0.9793194310709120 0.9867291387916800
1.6054481553551847 -0.0008041496134916 0.0002733175088432 0.0181734982767262 0.9789985172761930 0.9865217162609922
1.6180231729211345 -0.0008166301756859 0.0002731081024422 0.0186001885453197 0.9786737521978734 0.9863117573787101
1.6306563867627215 -0.0008292614467536 0.0002728961918055 0.0190354388863123 0.9783451045832074 0.9860992402144799
1.6433479074489612 -0.0008420447117900 0.0002726817563285 0.0194793917883850 0.9780125425240646 0.9858841423728523
1.6560977717053287 -0.0008549811860946 0.0002724647766035 0.0199321889614111 0.9776760359692326 0.9856664426176268
1.6689060584403568 -0.0008680721314079 0.0002722452324698 0.0203939753672382 0.9773355537011222 0.9854461189160127
1.6817728230444327 -0.0008813187895479 0.0002720231041277 0.0208648969247237 0.9769910650630931 0.9852231495552108
1.6946981144938276 -0.0008947223992877 0.0002717983718556 0.0213451010991483 0.9766425395211734 0.9849975128583933
1.7076820517025457 -0.0009082842761026 0.0002715710146742 0.0218347397980146 0.9762899445916775 0.9847691858419606
1.7207246599079291 -0.0009220056420104 0.0002713410131994 0.0223339632732992 0.9759332502665309 0.9845381470800211
1.7338259715085900 -0.0009358877292219 0.0002711083479052 0.0228429238156198 0.9755724263186775 0.9843043749596745
1.7469861076751838 -0.0009499318677574 0.0002708729976560 0.0233617790274095 0.9752074400263214 0.9840678462051490
1.7602051233650651 -0.0009641393216051 0.0002706349424535 0.0238906858485831 0.9748382604327515 0.9838285386366469
1.7734830745146606 -0.0009785113591423 0.0002703941622569 0.0244298031250477 0.9744648565166425 0.9835864299845740
1.7868200059628911 -0.0009930492399105 0.0002701506372051 0.0249792911232690 0.9740871975366655 0.9833414981122743
1.8002160390303881 -0.0010077543106102 0.0002699043460092 0.0255393151972950 0.9737052505391682 0.9830937193984779
1.8136711686153300 -0.0010226277829175 0.0002696552696753 0.0261100373669562 0.9733189861305567 0.9828430724808127
1.8271854784724761 -0.0010376709690260 0.0002694033875595 0.0266916252736062 0.9729283723601264 0.9825895342871059
1.8407590150856445 -0.0010528851431606 0.0002691486796882 0.0272842469214839 0.9725333783182081 0.9823330823687837
1.8543919179298824 -0.0010682716876059 0.0002688911243143 0.0278880763848660 0.9721339703462044 0.9820736924393281
1.8680841273244269 -0.0010838317631336 0.0002686307034344 0.0285032808982950 0.9717301205930188 0.9818113439301634
1.8818357893889239 -0.0010995667661245 0.0002683673951383 0.0291300388165726 0.9713217951502726 0.9815460122843112
1.8956469281891843 -0.0011154779575642 0.0002681011798192 0.0297685250302389 0.9709089636836302 0.9812776752111257
1.9095175999523848 -0.0011315666376891 0.0002678320372517 0.0304189178617578 0.9704915949009143 0.9810063097418358
1.9234478836888640 -0.0011478341362027 0.0002675599467566 0.0310813987343053 0.9700696568079128 0.9807318923941964
1.9374378094746718 -0.0011642817285187 0.0002672848886027 0.0317561487779387 0.9696431188821519 0.9804544005853507
1.9514874386423497 -0.0011809107290005 0.0002670068424478 0.0324433526256855 0.9692119496556217 0.9801738110590936
1.9655968268140087 -0.0011977224479452 0.0002667257880593 0.0331431966855860 0.9687761178319738 0.9798901006114382
1.9797660512488380 -0.0012147182242117 0.0002664417047696 0.0338558705182414 0.9683355914421372 0.9796032455399859
1.9939951423006621 -0.0012318993429896 0.0002661545728515 0.0345815634052845 0.9678903399771586 0.9793132230318259
2.0082841829464670 -0.0012492671552379 0.0002658643715227 0.0353204693776371 0.9674403312938978 0.9790200091476389
2.0226331791598899 -0.0012668229206179 0.0002655710815716 0.0360727805722547 0.9669855356865663 0.9787235814732718
2.0370422272435444 -0.0012845680110857 0.0002652746819561 0.0368386959206985 0.9665259206131962 0.9784239156825100
2.0515113324189431 -0.0013025036888634 0.0002649751535143 0.0376184116470233 0.9660614564489737 0.9781209892861138
2.0660406022184539 -0.0013206313447724 0.0002646724749841 0.0384121315801685 0.9655921103148800 0.9778147776070032
2.0806300578550476 -0.0013389522646722 0.0002643666269054 0.0392200570294172 0.9651178521278306 0.9775052577249945
2.0952797238268026 -0.0013574677395150 0.0002640575897824 0.0400423915355936 0.9646386517515275 0.9771924066184778
2.1099896695893370 -0.0013761791185904 0.0002637453431961 0.0408793432792488 0.9641544776205284 0.9768762002646502
2.1247599463355993 -0.0013950877301023 0.0002634298671317 0.0417311215932466 0.9636652987978658 0.9765566149814203
2.1395905992379629 -0.0014141948961861 0.0002631111417282 0.0425979376235935 0.9631710845877723 0.9762336271739719
2.1544816915764451 -0.0014335019639810 0.0002627891467616 0.0434800057548894 0.9626718037337123 0.9759072128096339
2.1694332558205893 -0.0014530102422840 0.0002624638627027 0.0443775407364482 0.9621674260583841 0.9755773484889622
2.1844453530879897 -0.0014727176812361 0.0002621352700957 0.0452907612102021 0.9616579204495677 0.9752440101304454
2.1996056006890465 -0.0014927446795650 0.0002618014142744 0.0462253212005417 0.9611402571342869 0.9749052106490707
2.2147390095773170 -0.0015128615791640 0.0002614661300174 0.0471706535085371 0.9606203823486100 0.9745648378409264
2.2299332701794152 -0.0015331851310686 0.0002611274733172 0.0481323501509632 0.9600952818964237 0.9742209153860159
2.2451882494824376 -0.0015537164272851 0.0002607854284920 0.0491106266101455 0.9595649315770106 0.9738734234215303
2.2605039477916913 -0.0015744567359478 0.0002604399769840 0.0501057087181846 0.9590293027330832 0.9735223390908259
2.2758804443953076 -0.0015954074325223 0.0002600910985096 0.0511178296217378 0.9584883640338285 0.9731676377062257
2.2913177569303280 -0.0016165698096560 0.0002597387742278 0.0521472206895761 0.9579420863879086 0.9728092959679299
2.3068159088498437 -0.0016379451678741 0.0002593829852307 0.0531941158420691 0.9573904406025916 0.9724472904293162
2.3223750040094790 -0.0016595349195629 0.0002590237108143 0.0542587567194062 0.9568333947033756 0.9720815957357073
2.3379949978030665 -0.0016813402718273 0.0002586609337582 0.0553413770808877 0.9562709221192989 0.9717121899963698
2.3536759675030914 -0.0017033626009910 0.0002582946340938 0.0564422212521258 0.9557029920218197 0.9713390484416944
2.3694179581116486 -0.0017256032392225 0.0002579247926577 0.0575615336466925 0.9551295748329139 0.9709621470375078
2.3852209850165895 -0.0017480634769004 0.0002575513910522 0.0586995588216256 0.9545506421648865 0.9705814624459825
2.4010851102463007 -0.0017707446706423 0.0002571744098505 0.0598565469449625 0.9539661640377157 0.9701969701951666
2.4170103098347022 -0.0017936480538991 0.0002567938317468 0.0610327441597550 0.9533761137624485 0.9698086478901077
2.4329966623824881 -0.0018167750068300 0.0002564096370724 0.0622284063804495 0.9527804609893784 0.9694164706382166
2.4490442291244463 -0.0018401268855600 0.0002560218066350 0.0634437906399348 0.9521791761112024 0.9690204139437900
2.4651530076191626 -0.0018637049534036 0.0002556303228623 0.0646791514425197 0.9515722320348063 0.9686204548756155
2.4813230139986691 -0.0018875104995276 0.0002552351678315 0.0659347468909886 0.9509596011270363 0.9682165700553866
2.4975542891033555 -0.0019115448487880 0.0002548363231084 0.0672108392646393 0.9503412549649837 0.9678087354909514
2.5138469278294853 -0.0019358094065563 0.0002544337690061 0.0685076974947941 0.9497171631869823 0.9673969258155393
2.5302008554250137 -0.0019603053249396 0.0002540274901238 0.0698255793002064 0.9490873020793494 0.9669811199534202
2.5466161613490281 -0.0019850339998174 0.0002536174671020 0.0711647577523618 0.9484516417948352 0.9665612926850490
2.5630928948427045 -0.0020099967672323 0.0002532036816622 0.0725255051129221 0.9478101541653428 0.9661374198000138
2.5796310246255154 -0.0020351948400245 0.0002527861176570 0.0739080892483186 0.9471628143299686 0.9657094791747803
2.5962305969375401 -0.0020606295471453 0.0002523647571047 0.0753127866768656 0.9465095945877260 0.9652774467098422
2.6128916224648231 -0.0020863021622155 0.0002519395830327 0.0767398732244863 0.9458504688057846 0.9648412992416028
2.6296141706901075 -0.0021122140485391 0.0002515105770777 0.0781896320727420 0.9451854086986963 0.9644010120796810
2.6405558877673849 -0.0021292466058269 0.0002512286521751 0.0791476999726348 0.9447483621266595 0.9641115592240783
2.6514976048446623 -0.0021463381153548 0.0002509457637006 0.0801132932333986 0.9443098235817697 0.9638210251824186
2.6661515235135043 -0.0021693223138369 0.0002505653938984 0.0814183139235932 0.9437201712393151 0.9634302303579614
2.6830740646903322 -0.0021960018071121 0.0002501239990467 0.0829422924321403 0.9430359233747815 0.9629765301151473
2.7000534411829338 -0.0022229181810917 0.0002496788263770 0.0844897046975676 0.9423458257133047 0.9625187202837125
2.7170944597400419 -0.0022500802364622 0.0002492297348876 0.0860612700598769 0.9416496598729304 0.9620566496111711
2.7341970799858677 -0.0022774891492422 0.0002487767098434 0.0876572759627086 0.9409474032147317 0.9615902964975088
2.7513613098577783 -0.0023051461695767 0.0002483197353886 0.0892780164498020 0.9402390313663381 0.9611196380841787
2.7685872051457054 -0.0023330526230369 0.0002478587945290 0.0909237923860306 0.9395245181949967 0.9606446502318107
2.7858747796312331 -0.0023612097659048 0.0002473938715256 0.0925949029893076 0.9388038395175184 0.9601653099839018
2.8032240591421331 -0.0023896188720410 0.0002469249504607 0.0942916509118512 0.9380769708782282 0.9596815940896694
2.8206350624442340 -0.0024182812018246 0.0002464520157533 0.0960143404066803 0.9373438883473839 0.9591934795338656
2.8381077540484676 -0.0024471979234883 0.0002459750534576 0.0977632725354243 0.9366045705347684 0.9587009448780770
2.8556421583876483 -0.0024763703011561 0.0002454940481633 0.0995387564785517 0.9358589937838235 0.9582039670595947
2.8732383095138627 -0.0025057996130706 0.0002450089843475 0.1013411046991706 0.9351071342683757 0.9577025227845607
2.8908962015499546 -0.0025354870684532 0.0002445198477472 0.1031706278357684 0.9343489701197276 0.9571965899459690
2.9086158977274730 -0.0025654339904675 0.0002440266223468 0.1050276459553992 0.9335844767569984 0.9566861445070614
2.9263973143636419 -0.0025956414512819 0.0002435292963907 0.1069124659367372 0.9328136362071779 0.9561711667228981
2.9442405122143072 -0.0026261107643737 0.0002430278542774 0.1088254119924674 0.9320364245408843 0.9556516327504376
2.9621454866534327 -0.0026568431297811 0.0002425222824044 0.1107668036615066 0.9312528209318226 0.9551275206966693
2.9801122641366593 -0.0026878397980388 0.0002420125664714 0.1127369660439997 0.9304628034773437 0.9545988078252337
2.9981408194606920 -0.0027191019276736 0.0002414986938266 0.1147362207618380 0.9296663528346891 0.9540654729884359
3.0162311400431778 -0.0027506306952106 0.0002409806516590 0.1167648928808295 0.9288634494191738 0.9535274947529142
3.0343832832771445 -0.0027824273964180 0.0002404584253387 0.1188233175221094 0.9280540708324263 0.9529848496728759
3.0502898057535872 -0.0028104162825563 0.0002399988269661 0.1206459602724135 0.9273417631956938 0.9525070123721195
3.0661963282300300 -0.0028385237535449 0.0002395373897810 0.1224862948153981 0.9266266121040980 0.9520270099145478
3.0845229317789298 -0.0028710588917614 0.0002390034774653 0.1246286430918225 0.9257991461715547 0.9514713000365125
3.1029065114068373 -0.0029038574741307 0.0002384654749781 0.1268014304170327 0.9249653516773653 0.9509109890878418
3.1213518863769134 -0.0029369292080917 0.0002379232302027 0.1290055558090229 0.9241249931652233 0.9503459099658593
3.1398590535963189 -0.0029702752577333 0.0002373767314043 0.1312413597495362 0.9232780527517221 0.9497760415083175
3.1584280001113094 -0.0030038967656991 0.0002368259673545 0.1335091835853572 0.9224245133439872 0.9492013629520690
3.1770587485692494 -0.0030377949356556 0.0002362709259834 0.1358093750969336 0.9215643565506511 0.9486218525252793
3.1957512288320928 -0.0030719707985559 0.0002357115982092 0.1381422726184511 0.9206975686167078 0.9480374914453317
3.2145054708932310 -0.0031064255637993 0.0002351479721911 0.1405082288701357 0.9198241315175565 0.9474482579174327
3.2333214436480762 -0.0031411603253096 0.0002345800381440 0.1429075909563352 0.9189440304200511 0.9468541321618065
3.2521991660247358 -0.0031761762654516 0.0002340077850049 0.1453407143383083 0.9180572485169314 0.9462550929286260
3.2711386036587169 -0.0032114744642172 0.0002334312035558 0.1478079496360367 0.9171637718658363 0.9456511207640301
3.2901397671718189 -0.0032470560813377 0.0002328502834496 0.1503096552558456 0.9162635847812830 0.9450421948969268
3.3092026033738700 -0.0032829221530994 0.0002322650165317 0.1528461831391100 0.9153566749810432 0.9444282967181192
3.3283271403873531 -0.0033190738644978 0.0002316753923996 0.1554178979185742 0.9144430267065021 0.9438094051248579
3.3475133443120417 -0.0033555122799949 0.0002310814028007 0.1580251579008006 0.9135226275365537 0.9431855011314190
3.3667611925392942 -0.0033922384809950 0.0002304830393907 0.1606683247324778 0.9125954649146766 0.9425565655187191
3.3810398983517542 -0.0034195933833239 0.0002300375665478 0.1626469900471054 0.9119052149236544 0.9420880463952057
3.3934857227064024 -0.0034435070267203 0.0002296481809272 0.1643841197453504 0.9113018751419714 0.9416783146865476
3.4059315470610505 -0.0034674878643609 0.0002292577784878 0.1661328786751536 0.9106969645883491 0.9412673245423615
3.4253794828992117 -0.0035051019245558 0.0002286457050421 0.1688888496880394 0.9097485970618445 0.9406225947317169
3.4448753563859591 -0.0035429813430438 0.0002280296544545 0.1716802826169914 0.9087940821028215 0.9399732074352988
3.4644327817821514 -0.0035811534865627 0.0002274091913717 0.1745094707567297 0.9078327455578865 0.9393186930958461
3.4840517499054311 -0.0036196194294709 0.0002267843086023 0.1773767886294568 0.9068645766946963 0.9386590328567971
3.5037322008909841 -0.0036583801423763 0.0002261550008454 0.1802826050557856 0.9058895677167434 0.9379942097141414
3.5234741112353927 -0.0036974366625185 0.0002255212619247 0.1832272958049366 0.9049077094788739 0.9373242055975496
3.5432774686603792 -0.0037367900453569 0.0002248830855804 0.1862112400444653 0.9039189927136729 0.9366490022030068
3.5631422059362867 -0.0037764412327268 0.0002242404676097 0.1892348102855065 0.9029234113477745 0.9359685832581280
3.5830683077882095 -0.0038163912652654 0.0002235934024248 0.1922983884609085 0.9019209571698001 0.9352829308805496
3.6030557379711632 -0.0038566411375867 0.0002229418854049 0.1954023549248006 0.9009116234743270 0.9345920280658282
3.6231044497316529 -0.0038971918186147 0.0002222859125691 0.1985470899200834 0.8998954045544633 0.9338958583420394
3.6432144398983066 -0.0039380443612994 0.0002216254788050 0.2017329820874652 0.8988722929585984 0.9331944038892588
3.6633856427044917 -0.0039791996875039 0.0002209605813513 0.2049604117163681 0.8978422848850537 0.9324876492361204
3.6836180436968045 -0.0040206588192213 0.0002202912160624 0.2082297687260657 0.8968053743960308 0.9317755772932216
3.6937718279196243 -0.0040415327573454 0.0002199543706871 0.2098826811849936 0.8962835760501782 0.9314170245354837
3.7039256121424442 -0.0040624417120012 0.0002196169159955 0.2115437378397984 0.8957608353688922 0.9310576756732936
3.7231996850067137 -0.0041022542496624 0.0002189746805451 0.2147192292585227 0.8947659814623828 0.9303733692429014
3.7436143373864197 -0.0041445979504359 0.0002182920633401 0.2181147830649091 0.8937085934894343 0.9296454560511442
3.7640879884786989 -0.0041872444431626 0.0002176050363877 0.2215534637452005 0.8926443948597566 0.9289122358258936
3.7846225817720867 -0.0042301987715043 0.0002169135317343 0.2250359921207393 0.8915732808315147 0.9281736227253420
3.8052180627359355 -0.0042734618392049 0.0002162175484405 0.2285627595340386 0.8904952504784562 0.9274296021911451
3.8258744313000888 -0.0043170346607515 0.0002155170840433 0.2321341679945584 0.8894103005232528 0.9266801578846646
3.8465916120198815 -0.0043609180882796 0.0002148121389519 0.2357506078357909 0.8883184321463298 0.9259252763876200
3.8673695518897468 -0.0044051130168419 0.0002141027131486 0.2394124743824722 0.8872196458754941 0.9251649436760462
3.8882081951771688 -0.0044496203316421 0.0002133888070412 0.2431201636135753 0.8861139429065477 0.9243991460316988
3.9091074987999606 -0.0044944409410738 0.0002126704209368 0.2468740748883930 0.8850013242888269 0.9236278694775916
3.9300673810182696 -0.0045395756666819 0.0002119475568094 0.2506746016810091 0.8838817936621646 0.9228511016757038
3.9510877825013830 -0.0045850253738910 0.0002112202162069 0.2545221424525570 0.8827553540159579 0.9220688296817247
3.9721686557037339 -0.0046307909500059 0.0002104884006099 0.2584170988433248 0.8816220082444980 0.9212810403275541
3.9905920737584073 -0.0046709189649533 0.0002098469042132 0.2618509394278495 0.8806285512676828 0.9205898911366934
4.0071928286257066 -0.0047071955138110 0.0002092673366329 0.2649689924241321 0.8797310163303527 0.9199649944463861
4.0284425927210963 -0.0047537969790181 0.0002085233541050 0.2689934288037287 0.8785788863816297 0.9191621689760308
4.0497440936215305 -0.0048006981102919 0.0002077752041514 0.2730651437586974 0.8774203286393907 0.9183541024100734
4.0711057804877981 -0.0048479183647322 0.0002070225928562 0.2771861449438427 0.8762548885831515 0.9175404622605683
4.0925275262226304 -0.0048954584234898 0.0002062655264746 0.2813568236512069 0.8750825765520307 0.9167212396626139
4.1140092898540601 -0.0049433191547112 0.0002055040085869 0.2855775884886421 0.8739033987526086 0.9158964227102315
4.1355509726851212 -0.0049915012950838 0.0002047380451754 0.2898488374678372 0.8727173651214117 0.9150660019485368
4.1571525276866224 -0.0050400056935954 0.0002039676407497 0.2941709794405721 0.8715244833249139 0.9142299661777205
4.1788138530340486 -0.0050888330735151 0.0002031928021342 0.2985444129435180 0.8703247646244556 0.9133883065601992
4.2005348796191022 -0.0051379842285895 0.0002024135353545 0.3029695435763662 0.8691182190547377 0.9125410132439928
4.2223155026583239 -0.0051874598690003 0.0002016298480853 0.3074467701468885 0.8679048592146538 0.9116880780230182
4.2305791079849078 -0.0052062805729258 0.0002013319224984 0.3091559260353833 0.8674435977729940 0.9113636068864926
4.2388427133114917 -0.0052251179828741 0.0002010336747327 0.3108708593359180 0.8669818383124718 0.9110386605933700
4.2498162808021549 -0.0052501740080933 0.0002006371205890 0.3131571254371741 0.8663678833958155 0.9106064185434509
4.2717510843293933 -0.0053004007384062 0.0001998427614886 0.3177576959884427 0.8651380604348969 0.9097399208606646
4.2937255098817664 -0.0053509086112140 0.0001990447194800 0.3224075656781345 0.8639025672547648 0.9088685301503370
4.3157592122326651 -0.0054017434750831 0.0001982422892544 0.3271112609438918 0.8626603126441279 0.9079914602369488
4.3378520343226095 -0.0054529058944698 0.0001974354823657 0.3318691710818448 0.8614113152601528 0.9071087063846123
4.3600038371012300 -0.0055043964715231 0.0001966243101125 0.3366816890208431 0.8601555933755818 0.9062202634437172
4.3822145935098078 -0.0055562160667632 0.0001958087800735 0.3415492321394274 0.8588931595164675 0.9053261220483251
4.4044841845218698 -0.0056083653256506 0.0001949889035725 0.3464721980155518 0.8576240320174765 0.9044262767904411
4.4268124824537436 -0.0056608448710157 0.0001941646926440 0.3514509821697702 0.8563482303255548 0.9035207229054494
4.4491993475162204 -0.0057136552947751 0.0001933361601661 0.3564859771650757 0.8550657752045890 0.9026094564206234
4.4593282198970003 -0.0057376126307988 0.0001929605891980 0.3587782660426785 0.8544844545777900 0.9021960630243459
4.4694570922777803 -0.0057616093004676 0.0001925845829907 0.3610794250222441 0.8539024677378478 0.9017819905393327
4.4803787223901113 -0.0057875118263040 0.0001921786663936 0.3635706365466165 0.8532741879749151 0.9013347506525350
4.5029258425951753 -0.0058411301671633 0.0001913390934576 0.3687462999746381 0.8519747205183509 0.9004089642562313
4.5255106635913478 -0.0058950321263425 0.0001904960038711 0.3739748426380318 0.8506698480242909 0.8994782894587879
4.5481536203124016 -0.0059492671185429 0.0001896486470542 0.3792613591432116 0.8493584096283885 0.8985418802853076
4.5708545610293783 -0.0060038356887974 0.0001887970384348 0.3846062379345435 0.8480404301006775 0.8975997348454114
4.5936133281207860 -0.0060587383663395 0.0001879411940661 0.3900098653953245 0.8467159351914407 0.8966518518153408
4.6164298153170655 -0.0061139758034621 0.0001870811284687 0.3954726395106271 0.8453849482913119 0.8956982280466024
4.6393038976243197 -0.0061695486074520 0.0001862168572577 0.4009949533520957 0.8440474944977968 0.8947388614737702
4.6622354226854403 -0.0062254573189794 0.0001853483974786 0.4065771927405484 0.8427036011343939 0.8937737514934748
4.6852242475317443 -0.0062817025012976 0.0001844757662218 0.4122197449883144 0.8413532956069284 0.8928028974305446
4.6919482119354416 -0.0062981903842955 0.0001842201568899 0.4138789115028177 0.8409577750085437 0.8925183058525484
4.6980407104754320 -0.0063131345037070 0.0001839884092126 0.4153856976769624 0.8405991768177344 0.8922601962846430
4.7211451943484501 -0.0063699314300611 0.0001831083082498 0.4211295713567474 0.8392373674900899 0.8912792630409752
4.7442801228437315 -0.0064270003420012 0.0001822250891895 0.4269281871580089 0.8378707781010163 0.8902937078000255
4.7674718839496206 -0.0064844069001383 0.0001813377610305 0.4327884984015219 0.8364978762185320 0.8893024065155765
4.7907202744535553 -0.0065421515093737 0.0001804463449708 0.4387108733330360 0.8351186956575583 0.8883053625494910
4.8140251392798135 -0.0066002346942974 0.0001795508607698 0.4446956911425871 0.8337332680209308 0.8873025775479583
4.8373863217133302 -0.0066586569768752 0.0001786513286465 0.4507433294812030 0.8323416256357266 0.8862940535602419
4.8608036759172375 -0.0067174189081801 0.0001777477687951 0.4568541676822881 0.8309438008043883 0.8852797924974225
4.8842769979497618 -0.0067765208952164 0.0001768402040493 0.4630285686168245 0.8295398299262723 0.8842597991277166
4.8959373163356377 -0.0068059538099032 0.0001763886953146 0.4661139299535246 0.8288413803773124 0.8837518946117054
4.9063199549150021 -0.0068321918846406 0.0001759862881624 0.4688714122239254 0.8282188937639562 0.8832989619560571
4.9167025934943664 -0.0068584610025177 0.0001755835320461 0.4716385084503703 0.8275958744654252 0.8828453887607651
4.9403307025826706 -0.0069183866623550 0.0001746656727129 0.4779715423871179 0.8261760844512627 0.8818107990563860
4.9639920075994146 -0.0069785968559964 0.0001737447455383 0.4843634586739494 0.8247516012325414 0.8807714607321271
4.9877085714860696 -0.0070391483674793 0.0001728199109456 0.4908205585457133 0.8233211272199842 0.8797264066285575
5.0114801199826662 -0.0071000414237378 0.0001718911966432 0.4973431773136249 0.8218847064214448 0.8786756464941754
5.0353064571749773 -0.0071612764537555 0.0001709586276870 0.5039316695611366 0.8204423787555998 0.8776191869994946
5.0591873833646615 -0.0072228538801408 0.0001700222296725 0.5105863869609287 0.8189941849902616 0.8765570353415669
5.0831227079572781 -0.0072847741527468 0.0001690820282275 0.5173076818245862 0.8175401659570737 0.8754891986706690
5.0962724104147306 -0.0073188783665728 0.0001685647949176 0.5210221870283337 0.8167402905425306 0.8749011617285307
5.1094221128721831 -0.0073530182615779 0.0001680470764966 0.5247522540156304 0.8159396732771730 0.8743121478916489
5.1271535870436962 -0.0073991491696805 0.0001673482002810 0.5298066488392955 0.8148589351321387 0.8735163623754405
5.1512525439515642 -0.0074620225036362 0.0001663969585753 0.5367215308174937 0.8133879921658128 0.8724319832833438
5.1753946716409027 -0.0075252120448724 0.0001654424291993 0.5437013226173335 0.8119120257850625 0.8713424210888586
5.1995901327489289 -0.0075887452186767 0.0001644842313211 0.5507493255652686 0.8104304483473416 0.8702472195444432
5.2238386539538837 -0.0076526222707381 0.0001635223960863 0.5578658550368416 0.8089433092944016 0.8691463916836252
5.2481400325853151 -0.0077168436376206 0.0001625569522200 0.5650512445114434 0.8074506543398542 0.8680399477151762
5.2724940134445921 -0.0077814096230768 0.0001615879309060 0.5723058094775078 0.8059525330139297 0.8669279006084282
5.2782816559022594 -0.0077967837459711 0.0001613574305936 0.5740377315521015 0.8055961857153575 0.8666631564644296
5.2815056125112925 -0.0078053528003335 0.0001612289968061 0.5750037998414066 0.8053976321341167 0.8665156050094320
5.2847295691203255 -0.0078139193711500 0.0001611005390539 0.5759708098251185 0.8051990404244105 0.8663679978073080
5.2897966340712372 -0.0078273897083660 0.0001608985922402 0.5774925544646323 0.8048868388885708 0.8661358922874858
5.3142761370035023 -0.0078925907678353 0.0001599220958949 0.5848770362440685 0.8033772555739295 0.8650126355308287
5.3387715873742980 -0.0079580405611512 0.0001589435419788 0.5923207265006564 0.8018645587311146 0.8638854600754604
5.3633187287413078 -0.0080238351329562 0.0001579615281010 0.5998347498837455 0.8003465816999848 0.8627527308233528
5.3879171754929480 -0.0080899744524756 0.0001569760924063 0.6074193682419944 0.7988233848330677 0.8616144685771946
5.4125666759563096 -0.0081564588536784 0.0001559872680487 0.6150748810144174 0.7972950207828682 0.8604706883632900
5.4372669025872655 -0.0082232884728106 0.0001549950915840 0.6228015608181656 0.7957615474742066 0.8593214091199521
5.4486080317381136 -0.0082540431595613 0.0001545390999722 0.6263678621375568 0.7950568071027709 0.8587926683402606
5.4553335352153889 -0.0082723020078201 0.0001542685614591 0.6284882739473452 0.7946386939530018 0.8584788048117930
5.4620590386926642 -0.0082905659684486 0.0001539979316453 0.6306128020873809 0.7942204413129929 0.8581647108489455
5.4681286917185234 -0.0083070581777366 0.0001537536138205 0.6325336870204904 0.7938428565156388 0.8578810489113807
5.4929765551172931 -0.0083747040863613 0.0001527526485540 0.6404323493222278 0.7922959455741849 0.8567178517654361
5.5178397620503228 -0.0084426012761754 0.0001517498339256 0.6483921698276046 0.7907462520499368 0.8555508237453239
5.5427524826853034 -0.0085108436743218 0.0001507438191417 0.6564243334422929 0.7891916898350991 0.8543783726989675
5.5677142648658364 -0.0085794311011825 0.0001497346476207 0.6645290533692632 0.7876323275290921 0.8532005255347057
5.5927247575120429 -0.0086483636600365 0.0001487223590467 0.6727065708948623 0.7860682279739083 0.8520173048380671
5.6177836200350004 -0.0087176414909629 0.0001477069930115 0.6809571265688825 0.7844994538840955 0.8508287331091313
5.6315407620669502 -0.0087557473834642 0.0001471491032998 0.6855109854003067 0.7836375239414478 0.8501749207338075
5.6440469981624464 -0.0087904308774224 0.0001466416640788 0.6896657592151775 0.7828535557227895 0.8495797659201383
5.6692234154435512 -0.0088604118031583 0.0001456193411554 0.6980730688162128 0.7812741801354988 0.8483793789364260
5.6944277888292092 -0.0089306835294732 0.0001445948496976 0.7065476766940064 0.7796915385249102 0.8471746340505771
5.7196790330108733 -0.0090012996595919 0.0001435674491083 0.7150962134608415 0.7781044883178819 0.8459646385146635
5.7449767188030290 -0.0090722601171586 0.0001425371841848 0.7237188672023979 0.7765131003339951 0.8447494211486868
5.7703204476704162 -0.0091435649200286 0.0001415040987816 0.7324158313965167 0.7749174439496823 0.8435290097278210
5.7780273831661164 -0.0091652911553825 0.0001411897586775 0.7350721810099100 0.7744319462978042 0.8431572990072794
5.7817713795373278 -0.0091758528553515 0.0001410370233940 0.7363645826407613 0.7741960499543339 0.8429766249541270
5.7855153759085391 -0.0091864118961238 0.0001408842702370 0.7376582648830974 0.7739601251729517 0.8427958865485035
5.7901620857808771 -0.0091995214954450 0.0001406946601470 0.7392656473554228 0.7736672774775523 0.8425714809907259
5.8156180619305209 -0.0092714673771729 0.0001396553989099 0.7481063431590912 0.7720622201220234 0.8413403744622073
5.8410879833911009 -0.0093436690579375 0.0001386147052966 0.7570111363861912 0.7704550423562887 0.8401056496460934
5.8666023361654789 -0.0094162137364013 0.0001375713638994 0.7659908911253149 0.7688438687135918 0.8388658440517072
5.8921605907804793 -0.0094891010907400 0.0001365254252893 0.7750457297417016 0.7672287789986157 0.8376209938258649
5.9177622550070277 -0.0095623309128342 0.0001354769387867 0.7841757816161824 0.7656098510969115 0.8363711337518165
5.9296715080513538 -0.0095964702021031 0.0001349889553264 0.7884432596754364 0.7648564076228879 0.8357887497841366
5.9379680945526667 -0.0096202700843696 0.0001346489113962 0.7914238576105859 0.7643313900705724 0.8353826657938793
5.9462646810539797 -0.0096440839415199 0.0001343087947380 0.7944107436375618 0.7638062670854739 0.8349762822519649
5.9719834904205058 -0.0097180506584771 0.0001332539945230 0.8037098277404225 0.7621777744439449 0.8337146289432226
5.9977175039053847 -0.0097922814469303 0.0001321978950630 0.8130748781023853 0.7605473763801701 0.8324493831506548
6.0234928231421039 -0.0098668524939558 0.0001311394563786 0.8225155829306275 0.7589134690137082 0.8311792783404036
6.0493089148430004 -0.0099417635080939 0.0001300787307327 0.8320320248484515 0.7572761348246941 0.8299043535257890
6.0751651813404104 -0.0100170140197177 0.0001290157732559 0.8416242559714262 0.7556354607307779 0.8286246513382723
6.0811194961391593 -0.0100343652233360 0.0001287709133165 0.8438418479677525 0.7552575309512674 0.8283295616610241
6.0870738109379081 -0.0100517228411100 0.0001285260259978 0.8460626752856472 0.7548795624685106 0.8280343254242495
6.1130161638029241 -0.0101274858891584 0.0001274587519523 0.8557763473943535 0.7532323569352510 0.8267463083481061
6.1389692618459781 -0.0102035045698411 0.0001263905325089 0.8655554730589821 0.7515838009907105 0.8254550066563215
6.1649604950507060 -0.0102798600478095 0.0001253202723680 0.8754105260173477 0.7499322059743012 0.8241590764297310
6.1909891952971154 -0.0103565516732859 0.0001242480304492 0.8853414993513579 0.7482776646860549 0.8228585657760779
6.2007146009399250 -0.0103852649870725 0.0001238472902922 0.8890679681900060 0.7476593247357246 0.8223719497524462
6.2104400065827345 -0.0104140099550990 0.0001234464952025 0.8928030543203274 0.7470409159251516 0.8218849599205210
6.2148182434014476 -0.0104269608499429 0.0001232660455892 0.8944873485685303 0.7467624954863898 0.8216656024991057
6.2191964802201607 -0.0104399069942410 0.0001230855880500 0.8961733888543543 0.7464840616945804 0.8214461697195332
6.2453015183662153 -0.0105172305254134 0.0001220094062716 0.9062625622084346 0.7448236533036738 0.8201362543663607
6.2714420448356609 -0.0105948872762833 0.0001209314219488 0.9164276179702581 0.7431605804961290 0.8188219049047856
6.2976172127145187 -0.0106728760867424 0.0001198517020194 0.9266684469339326 0.7414949484662837 0.8175031802365634
6.3238263208760168 -0.0107511962350283 0.0001187703075424 0.9369849876881692 0.7398268533438842 0.8161801323918950
6.3349845103070326 -0.0107846100609041 0.0001183098425954 0.9413960737876433 0.7391166042109016 0.8156160748759230
6.3461426997380483 -0.0108180657692179 0.0001178493364397 0.9458184744677377 0.7384063136818666 0.8150515503887786
6.3724308516108445 -0.0108969831067225 0.0001167642745545 0.9562821485691878 0.7367327617141730 0.8137197237386434
6.3995054496062700 -0.0109785037326504 0.0001156465622689 0.9671244499030460 0.7350089813827209 0.8123453844265389
6.4258385853893865 -0.0110580286309893 0.0001145593091970 0.9777336341960350 0.7333323048392283 0.8110061122381861
6.4522026881832666 -0.0111378815716552 0.0001134706624495 0.9884182871592772 0.7316536074384529 0.8096627534899834
6.4625697856227760 -0.0111693463835923 0.0001130425519739 0.9926370456560198 0.7309934949848461 0.8091338250780885
6.4679786888738899 -0.0111857772114874 0.0001128191863163 0.9948419954930195 0.7306490908378717 0.8088577112697136
6.4719988785808278 -0.0111979959001311 0.0001126531671511 0.9964825504199666 0.7303931119461274 0.8086524211874816
6.4760190682877656 -0.0112102095089467 0.0001124871492382 0.9981245691555357 0.7301371338333569 0.8084470737724651
6.5024928626670198 -0.0112907751454851 0.0001113938611765 1.0089741549009941 0.7284515015295373 0.8070933926869377
6.5289398816770756 -0.0113714963695249 0.0001103016587811 1.0198760952907324 0.7267676764286057 0.8057386295552288
6.5554135585600299 -0.0114525369884155 0.0001092083681992 1.0308523674796539 0.7250823087496500 0.8043800746863468
6.5819128879119280 -0.0115338953823428 0.0001081140636950 1.0419026921020207 0.7233955149925200 0.8030177999208341
6.5908104845723319 -0.0115612666489145 0.0001077466483926 1.0456272441508978 0.7228292010442885 0.8025598587348953
6.5956390968406939 -0.0115761233779504 0.0001075472630493 1.0476515021383912 0.7225218824245560 0.8023112280669603
6.6003634833160483 -0.0115906630387510 0.0001073521854993 1.0496341027941696 0.7222212063657364 0.8020678881422539
6.6269590064875077 -0.0116726550375435 0.0001062540782457 1.0608325499011724 0.7205287594497484 0.8006966325978435
6.6535231990539074 -0.0117547922016293 0.0001051573981442 1.0720814556294704 0.7188386537973693 0.7993246481755674
6.6801093230415578 -0.0118372399568112 0.0001040599785858 1.0834032836527698 0.7171475520194425 0.7979492127404676
6.7067163050675411 -0.0119199964596550 0.0001029618964751 1.0947976719225447 0.7154555746568947 0.7965704036950939
6.7142674911278952 -0.0119435102223688 0.0001026503005944 1.0980430493748030 0.7149754724945891 0.7961786768496389
6.7211487352040340 -0.0119649525366184 0.0001023663669178 1.1010049595195492 0.7145380011672108 0.7958215454472626
6.7478064950775822 -0.0120481740529533 0.0001012665766618 1.1125194796344582 0.7128435907935214 0.7944366087779644
6.7744621481017049 -0.0121316353870639 0.0001001671538393 1.1240968712514396 0.7111498963808945 0.7930495468696819
6.8011346228469911 -0.0122153970219841 0.0000990673496980 1.1357453438639169 0.7094557663129646 0.7916594003260482
6.8121300310102750 -0.0122499991010301 0.0000986140670002 1.1405658417164330 0.7087575776540967 0.7910856921708661
6.8166780949503050 -0.0122643240401737 0.0000984265919235 1.1425629240347019 0.7084688185648672 0.7908482795396182
6.8212261588903349 -0.0122786482983102 0.0000982391293716 1.1445618581581207 0.7081800800359757 0.7906108039063033
6.8259738123562856 -0.0122936044252736 0.0000980434526417 1.1466504896338927 0.7078786926279368 0.7903628396933871
6.8526598459490904 -0.0123778179376745 0.0000969438005203 1.1584279788403014 0.7061850656296760 0.7889677925652595
6.8793754448667288 -0.0124623751952577 0.0000958433355600 1.1702822834961311 0.7044903437265924 0.7875690635045435
6.9061029477086882 -0.0125472220208879 0.0000947428173120 1.1822056445418041 0.7027956987846493 0.7861675995030759
6.9166872303776472 -0.0125808918715860 0.0000943071318656 1.1869449971278991 0.7021248482132583 0.7856120318935669
6.9225918027080136 -0.0125996922882538 0.0000940641119835 1.1895932435350478 0.7017506671823625 0.7853019602136739
6.9275979371572589 -0.0126156328446276 0.0000938580907803 1.1918409677961608 0.7014334560709891 0.7850389898594874
6.9324365885326626 -0.0126310441523651 0.0000936589796643 1.1940156155883905 0.7011268880313680 0.7847847485172635
6.9592006397339974 -0.0127164388996102 0.0000925579354579 1.2060819190278749 0.6994317251181112 0.7833772478888024
6.9859567106722968 -0.0128020632475236 0.0000914577494748 1.2182083385195221 0.6977380480192372 0.7819681304794643
7.0127193524798992 -0.0128879650137798 0.0000903578537329 1.2304013871682467 0.6960449841838433 0.7805566571821855
7.0216714142736532 -0.0129167564776158 0.0000899900706758 1.2344941376073331 0.6954788951194775 0.7800840776262906
7.0249648009473269 -0.0129273558756200 0.0000898547832999 1.2360016147812498 0.6952706665101319 0.7799101640349558
7.0282581876210006 -0.0129379530947762 0.0000897195066220 1.2375100542477488 0.6950624544173408 0.7797362205969183
7.0317834927038394 -0.0129492979604074 0.0000895747147839 1.2391257833166176 0.6948395986259051 0.7795499951360179
7.0584421857989907 -0.0130352338543081 0.0000884801336668 1.2513797512029909 0.6931549737780340 0.7781406412148179
7.0852161617005320 -0.0131218000209195 0.0000873814599370 1.2637500713660232 0.6914642211439279 0.7767232573721875
7.1119911390708372 -0.0132086300416754 0.0000862834169029 1.2761842741165661 0.6897746124353318 0.7753039076562617
7.1209732389958331 -0.0132378172064741 0.0000859152161975 1.2803697208693601 0.6892080844645987 0.7748273399650359
7.1273048171290752 -0.0132583993606185 0.0000856557181412 1.2833243684596163 0.6888088184036951 0.7744912752963140
7.1336363952623172 -0.0132789892057089 0.0000853962620011 1.2862825552207273 0.6884096237912016 0.7741551059673693
7.1604116328149043 -0.0133662227289684 0.0000842995158358 1.2988313600894570 0.6867222990153451 0.7727323502111988
7.1871821458502607 -0.0134537044899713 0.0000832037166822 1.3114411200135807 0.6850366096261739 0.7713080070709571
7.2139477077380691 -0.0135414351243310 0.0000821089021633 1.3241116076415222 0.6833526153292634 0.7698821160003338
7.2214871500584739 -0.0135661843270004 0.0000818006578857 1.3276920570853716 0.6828785160578466 0.7694801413279949
7.2290265923788786 -0.0135909458539592 0.0000814924807945 1.3312775007102544 0.6824045309393834 0.7690780255683981
7.2557854556646530 -0.0136789999907896 0.0000803992373870 1.3440431856961279 0.6807232091421370 0.7676497127066046
7.2825315392954346 -0.0137672798292759 0.0000793073694671 1.3568655249638408 0.6790441876951199 0.7662203394144205
7.2918314523097658 -0.0137980387392418 0.0000789279197786 1.3613386790065563 0.6784607321174396 0.7657229268703483
7.3011313653240970 -0.0138288302810641 0.0000785485777802 1.3658194033041902 0.6778774648345416 0.7652253079260773
7.3064360767423135 -0.0138464085545727 0.0000783322481092 1.3683786173287751 0.6775448516547825 0.7649413718589876
7.3117407881605301 -0.0138639855570265 0.0000781159571411 1.3709402924566527 0.6772123004027456 0.7646573691829252
7.3169637561861434 -0.0138813000835970 0.0000779030346602 1.3734648970497221 0.6768849346765180 0.7643776779719151
7.3436710032548866 -0.0139699981000059 0.0000768148225084 1.3864115242760662 0.6752119348659402 0.7629464990137480
7.3703749805241952 -0.0140589566428699 0.0000757276844778 1.3994188093169051 0.6735407771771792 0.7615138425315626
7.3797088532628043 -0.0140901147505993 0.0000753479227301 1.4039799230230907 0.6729570496379383 0.7610126993565136
7.3890427260014135 -0.0141213062995486 0.0000749682803748 1.4085486252096115 0.6723735292857574 0.7605113584801961
7.3930393005371835 -0.0141346721303339 0.0000748057620253 1.4105071698461349 0.6721237415403579 0.7602966343296461
7.3970358750729535 -0.0141480351253056 0.0000746432681915 1.4124671046831250 0.6718739920403891 0.7600818742112816
7.4014718896242426 -0.0141628730416142 0.0000744629339810 1.4146441700242174 0.6715968267059068 0.7598434582982256
7.4281094237912226 -0.0142521317249485 0.0000733806408506 1.4277530759324113 0.6699335057660282 0.7584108866678158
7.4547542482476521 -0.0143416896260956 0.0000722990721626 1.4409272277729781 0.6682714944200246 0.7569763571461950
7.4658144587447532 -0.0143789460722098 0.0000718504212691 1.4464138794783394 0.6675821253905501 0.7563804329347237
7.4723480030346181 -0.0144009768426247 0.0000715854774200 1.4496599643016193 0.6671750453043764 0.7560282814960565
7.4755772217985124 -0.0144118717681433 0.0000714545519360 1.4512657146738970 0.6669738857702368 0.7558541959933326
7.4788064405624066 -0.0144227649596345 0.0000713236436420 1.4528723683069815 0.6667727531162884 0.7556800881396867
7.4821236526259991 -0.0144339566647575 0.0000711891852495 1.4545237421369241 0.6665661679236337 0.7555012127700350
7.5086639505301722 -0.0145236543568794 0.0000701140158740 1.4677703187293825 0.6649143632849047 0.7540692274401287
7.5352342878505834 -0.0146137314301319 0.0000690387217467 1.4810928856138086 0.6632625682061773 0.7526341390887887
7.5446208696455797 -0.0146456200403173 0.0000686591153546 1.4858139588967956 0.6626794907556581 0.7521268112542031
7.5540074514405759 -0.0146775436730252 0.0000682796495978 1.4905426325537907 0.6620966548357117 0.7516193024593366
7.5594422705622977 -0.0146960353085759 0.0000680600062502 1.4932840012586319 0.6617593044667061 0.7513253731985823
7.5648770896840194 -0.0147145330456466 0.0000678404121058 1.4960279156078702 0.6614220358432646 0.7510313838157180
7.5913405098777860 -0.0148047713600620 0.0000667718451492 1.5094250316572928 0.6597809764501096 0.7495990276123758
7.6178151040242739 -0.0148953289202959 0.0000657039887082 1.5228880802101779 0.6581412145596020 0.7481646690822901
7.6290249076669578 -0.0149337577953163 0.0000652521957831 1.5286067129437606 0.6574475203707704 0.7475569213127253
7.6318739216065374 -0.0149435327497691 0.0000651374050176 1.5300618439358433 0.6572712737351311 0.7474024208800351
7.6347229355461170 -0.0149533061516553 0.0000650226294101 1.5315176713430989 0.6570950507248077 0.7472479046808610
7.6378796027656541 -0.0149641362504821 0.0000648954765722 1.5331315206844365 0.6568998258390005 0.7470766845307750
7.6643318867409587 -0.0150550494312609 0.0000638306362485 1.5466888484662151 0.6552650344147440 0.7456411374576363
7.6907050578762490 -0.0151459749350556 0.0000627702011741 1.5602652731197815 0.6536372170164959 0.7442085590279511
7.7014604228150345 -0.0151831376332718 0.0000623380954895 1.5658190105493910 0.6529739755879023 0.7436239582468727
7.7062887629536263 -0.0151998363571049 0.0000621441805343 1.5683154299509294 0.6526763460012006 0.7433614471281936
7.7111171030922181 -0.0152165329203930 0.0000619503107768 1.5708138401205796 0.6523787878880197 0.7430988929040749
7.7194606773526910 -0.0152454077507037 0.0000616153953747 1.5751358882733637 0.6518647648212542 0.7426450869804413
7.7457334104757818 -0.0153365187009888 0.0000605616261125 1.5887841887316714 0.6502475966618355 0.7412152863883469
7.7719736635245340 -0.0154278038102864 0.0000595104374218 1.6024743003555744 0.6486346039906926 0.7397860133407540
7.7766083399618804 -0.0154439569591126 0.0000593249059371 1.6048983985568341 0.6483499384092343 0.7395334413677045
7.7812430163992268 -0.0154601088492708 0.0000591394178319 1.6073243226572431 0.6480653417316936 0.7392808315540965
7.7864560594155847 -0.0154782860656013 0.0000589308314665 1.6100551618102368 0.6477453127772463 0.7389966531952340
7.8125908017328625 -0.0155695869801149 0.0000578859014251 1.6237805609610128 0.6461422324205275 0.7375712579920523
7.8387059640966239 -0.0156611082368814 0.0000568430754653 1.6375535337147422 0.6445425986096402 0.7361457588945125
7.8449275147039614 -0.0156829545427930 0.0000565948348234 1.6408432597856775 0.6441618444892274 0.7358059845018458
7.8510677984104627 -0.0157045172086730 0.0000563499155642 1.6440932264298742 0.6437861907602924 0.7354705846088295
7.8770794542633622 -0.0157960405007462 0.0000553132135656 1.6578961876379315 0.6421962479562017 0.7340490580777912
7.9030597236438247 -0.0158877439310509 0.0000542791224123 1.6717395200968723 0.6406105309731247 0.7326281397491416
7.9093960055570331 -0.0159101536239331 0.0000540271282540 1.6751243793645589 0.6402241468757379 0.7322814290974137
7.9157322874702416 -0.0159325676946060 0.0000537752199445 1.6785126211572163 0.6398379020641801 0.7319346542021827
7.9215862507312567 -0.0159532895369581 0.0000535425607981 1.6816459543561888 0.6394811827207354 0.7316142190139517
7.9474238493854878 -0.0160449278310921 0.0000525165235220 1.6955099752909044 0.6379081713805833 0.7301992703534648
7.9592181462975127 -0.0160868558488690 0.0000520486238447 1.7018572508993450 0.6371909119957655 0.7295530310524541
7.9710124432095375 -0.0161288450675463 0.0000515810175398 1.7082162061580179 0.6364741494679970 0.7289065774498681
7.9756714868148038 -0.0161454422323438 0.0000513963842994 1.7107313693068686 0.6361911476543975 0.7286511534166782
7.9803305304200700 -0.0161620449082750 0.0000512117983318 1.7132483529288514 0.6359082239107613 0.7283956963533698
8.0060403185573961 -0.0162538355404365 0.0000501940417438 1.7271704231075553 0.6343483932262454 0.7269854306564260
8.0317068858578313 -0.0163457654698465 0.0000491794214883 1.7411242677948342 0.6327935965258620 0.7255765562979337
8.0355366843034304 -0.0163595023495921 0.0000490281512218 1.7432110907842335 0.6325618082194858 0.7253662505403825
8.0393664827490294 -0.0163732428822242 0.0000488769139316 1.7452991387440739 0.6323300742647048 0.7251559234946411
8.0648989293946833 -0.0164650167457777 0.0000478694745264 1.7592509890923120 0.6307865522196940 0.7237531789122453
8.0904019971875467 -0.0165569795410957 0.0000468646436213 1.7732410243990702 0.6292472559559594 0.7223511262843202
8.1005165960618033 -0.0165935133325930 0.0000464665352481 1.7788045084566537 0.6286374501181380 0.7217948167205588
8.1096616372830237 -0.0166265843706307 0.0000461067881944 1.7838420135133641 0.6280864355630261 0.7212917122395650
8.1349985570728425 -0.0167184102417066 0.0000451110825717 1.7978350200456317 0.6265614977332327 0.7198972354226921
8.1417773231483146 -0.0167430279639751 0.0000448449364378 1.8015878098355576 0.6261539302990008 0.7195240039024178
8.1460017011444705 -0.0167583799406856 0.0000446791336778 1.8039283924205982 0.6259000338383940 0.7192913833282994
8.1502260791406265 -0.0167737322146714 0.0000445133743707 1.8062704537174601 0.6256462068728714 0.7190587391294578
8.1547656240980064 -0.0167902380088106 0.0000443352947203 1.8087888963071672 0.6253735205414722 0.7188087118665467
8.1800072673100601 -0.0168821913977975 0.0000433459782858 1.8228235306401896 0.6238587566099401 0.7174179716048432
8.1887215671710010 -0.0169140059945063 0.0000430047783855 1.8276810126695482 0.6233363923175841 0.7169376482209283
8.1974358670319418 -0.0169458562040670 0.0000426637576168 1.8325447677898763 0.6228143303054555 0.7164572279806540
8.2030563606102760 -0.0169664111117577 0.0000424439053449 1.8356850874723509 0.6224777747670340 0.7161473185637373
8.2086768541886102 -0.0169869758142072 0.0000422241294283 1.8388280139855067 0.6221413455807514 0.7158373693476501
8.2336718985339594 -0.0170786102857798 0.0000412476711128 1.8528365511112674 0.6206467425196057 0.7144585092180740
8.2428001791670997 -0.0171121493776654 0.0000408914387193 1.8579653479385032 0.6201015384192551 0.7139547527418869
8.2473263775575063 -0.0171287942327819 0.0000407148777670 1.8605109712898620 0.6198313282632633 0.7137049307794883
8.2507355341118824 -0.0171413376790215 0.0000405819238374 1.8624294608944885 0.6196278597144252 0.7135167471843389
8.2541446906662586 -0.0171538807142412 0.0000404489996813 1.8643489062495353 0.6194244384643521 0.7133285495673486
8.2579698601320395 -0.0171679599278198 0.0000402998888851 1.8665037153947550 0.6191962506666723 0.7131173699075762
8.2827197236102723 -0.0172592255887037 0.0000393359639394 1.8804749521751727 0.6177212675548449 0.7117505601930041
8.2916886092447122 -0.0172923712917405 0.0000389870259499 1.8855502760979779 0.6171873856767469 0.7112550760403848
8.2976034732921580 -0.0173142517227864 0.0000387570142365 1.8889009956817036 0.6168354801808843 0.7109282594863934
8.3001440112032121 -0.0173236549516922 0.0000386582466755 1.8903410688187909 0.6166843752765025 0.7107878736254981
8.3026845491142662 -0.0173330569770082 0.0000385594962474 1.8917816707915835 0.6165332971314836 0.7106474803281497
8.3058867305192834 -0.0173449112355971 0.0000384350507843 1.8935982082968212 0.6163429113546646 0.7104705132152724
8.3305484763129911 -0.0174363743200901 0.0000374774818645 1.9076164794254622 0.6148780850365576 0.7091072018100933
8.3395376836746120 -0.0174697864237997 0.0000371288254759 1.9127385091983133 0.6143447919970321 0.7086101046157792
8.3440275564223878 -0.0174864897205228 0.0000369547566807 1.9152993007753736 0.6140785540532240 0.7083617840212385
8.3477397741953325 -0.0175003074479422 0.0000368108752235 1.9174178014532695 0.6138584935490237 0.7081564562358624
8.3514519919682773 -0.0175141250182714 0.0000366670303573 1.9195374272579573 0.6136384912995134 0.7079511132834883
8.3571271245731573 -0.0175352617680323 0.0000364471916756 1.9227800248187898 0.6133022713115688 0.7076371616370043
8.3815422533789192 -0.0176263759689410 0.0000355023485684 1.9367600401886431 0.6118573783549413 0.7062861043070021
8.3883668928253865 -0.0176518974919764 0.0000352385125196 1.9406764896353548 0.6114539515723090 0.7059083358539824
8.3924538985970365 -0.0176671924131556 0.0000350805685656 1.9430237109543114 0.6112124512794239 0.7056820817302796
8.3965409043686865 -0.0176824896420701 0.0000349226690280 1.9453722915050575 0.6109710228476697 0.7054558100242418
8.4004093497431267 -0.0176969749965663 0.0000347732533325 1.9475965290162325 0.6107425716716713 0.7052416224896866
8.4246846184143358 -0.0177880443273590 0.0000338365192822 1.9615818306478885 0.6093104759091506 0.7038971985554910
8.4350208036689001 -0.0178269106568780 0.0000334381291765 1.9675511685187532 0.6087014818966018 0.7033245721946773
8.4394123213658343 -0.0178434335934053 0.0000332689516371 1.9700899745688716 0.6084428809457157 0.7030812487444307
8.4438038390627685 -0.0178599610547165 0.0000330998257483 1.9726303444079314 0.6081843644024622 0.7028379059391965
8.4679972211514958 -0.0179511878866660 0.0000321689954477 1.9866535525766942 0.6067616887527132 0.7014969590829361
8.4919975411555146 -0.0180419814140487 0.0000312471142130 2.0006116501845446 0.6053529272378858 0.7001661499571638
8.5158837295030754 -0.0181326370286216 0.0000303311335661 2.0145495615789937 0.6039534186781789 0.6988411271670399
8.5396536843386723 -0.0182231449425888 0.0000294211243344 2.0284653107502195 0.6025632697077432 0.6975220293022766
8.5633049398407408 -0.0183134938509366 0.0000285171703186 2.0423566970605176 0.6011826066609710 0.6962090147983163
8.5868348627832631 -0.0184036716621035 0.0000276193606900 2.0562214080692525 0.5998115639450654 0.6949022510496548
8.6102408320057009 -0.0184936661773967 0.0000267277831141 2.0700571245232231 0.5984502735328968 0.6936019044465139
8.6335204793651634 -0.0185834660214166 0.0000258425146074 2.0838616639024905 0.5970988510073026 0.6923081269724576
8.6566709544480229 -0.0186730578065479 0.0000249636495181 2.0976325450265589 0.5957574382769302 0.6910210970582886
8.6796896508952024 -0.0187624289261207 0.0000240912718772 2.1113674179788648 0.5944261613618973 0.6897409792205861
8.7025738329692324 -0.0188515661117400 0.0000232254696032 2.1250638428483004 0.5931051520783290 0.6884679448101646
8.7253205300005856 -0.0189404550109956 0.0000223663384552 2.1387192254310450 0.5917945540606711 0.6872021778915050
8.7479270489756562 -0.0190290821844889 0.0000215139626576 2.1523311245778833 0.5904944932015120 0.6859438467194787
8.7703905380133111 -0.0191174334029238 0.0000206684314186 2.1658969910424624 0.5892051028540098 0.6846931280193226
8.7927079398165855 -0.0192054934523563 0.0000198298406401 2.1794141381974010 0.5879265264297809 0.6834502095863441
8.8148762530979781 -0.0192932471570374 0.0000189982830663 2.1928798996417718 0.5866589023739457 0.6822152757302166
8.8368922046064800 -0.0193806780779042 0.0000181738605874 2.2062914300192125 0.5854023829187962 0.6809885255426776
8.8587523571765114 -0.0194677689260170 0.0000173566801320 2.2196457691856621 0.5841571278110472 0.6797701668876516
8.8804536864154553 -0.0195545038603985 0.0000165468321278 2.2329401950373033 0.5829232714916097 0.6785603842536094
8.9019926058272638 -0.0196408645992479 0.0000157444269381 2.2461716277780268 0.5817009786155549 0.6773593930870349
8.9233652946873772 -0.0197268317050245 0.0000149495825166 2.2593368278792769 0.5804904252237236 0.6761674215335894
8.9445683224932875 -0.0198123870934067 0.0000141624011882 2.2724327808573954 0.5792917633792226 0.6749846756089635
8.9655976386294967 -0.0198975099625186 0.0000133830072073 2.2854560745037511 0.5781051783636574 0.6738113955470337
8.9864488692831852 -0.0199821779615558 0.0000126115356056 2.2984030789520502 0.5769308716733977 0.6726478392570945
9.0071181722128664 -0.0200663706582988 0.0000118481005694 2.3112704774973540 0.5757690128823293 0.6714942346227092
9.0276009779579862 -0.0201500644226348 0.0000110928420073 2.3240544848297722 0.5746198105224027 0.6703508497447968
9.0478924939218324 -0.0202332344510867 0.0000103459068076 2.3367511577104123 0.5734834835383911 0.6692179648241792
9.0679874220251175 -0.0203158535918614 0.0000096074591649 2.3493562166249040 0.5723602769834941 0.6680958879319373
9.0878807773838570 -0.0203978956966175 0.0000088776504452 2.3618655580966541 0.5712504161733107 0.6669849092994131
9.1075666217175417 -0.0204793303954478 0.0000081566656650 2.3742744585784097 0.5701541773693903 0.6658853720487946
9.1270392166453931 -0.0205601278326934 0.0000074446811022 2.3865782977115164 0.5690718232994884 0.6647976077925228
9.1462919531435318 -0.0206402542212569 0.0000067419034410 2.3987718820088366 0.5680036626646672 0.6637219964316293
9.1653179688361028 -0.0207196743733489 0.0000060485470750 2.4108498318109080 0.5669500156112244 0.6626589316839369
9.1841096231855612 -0.0207983494897151 0.0000053648531571 2.4228062463546074 0.5659112426650715 0.6616088504112809
